-95.0
-213.0
-128.0
-164.0
-111.0
-130.0
-186.0
-121.0
-173.0
-171.0
-127.0
-158.0
-77.0
-119.0
-154.0
-82.0
-172.0
-134.0
-112.0
-246.0
-61.0
-141.0
-173.0
-117.0
-203.0
-166.0
-142.0
-177.0
-90.0
-122.0
-237.0
-141.0
-202.0
-175.0
-147.0
-159.0
-144.0
-127.0
-170.0
-98.0
-118.0
-91.0
-148.0
-170.0
-121.0
-158.0
-205.0
-110.0
-167.0
-170.0
-97.0
-203.0
-104.0
-147.0
-155.0
-102.0
-174.0
-73.0
-165.0
-173.0
-111.0
-137.0
-118.0
-79.0
-181.0
-135.0
-72.0
-183.0
-147.0
-118.0
-161.0
-152.0
-189.0
-170.0
-127.0
-173.0
-97.0
-107.0
-208.0
-56.0
-188.0
-155.0
-81.0
-136.0
-81.0
-121.0
-121.0
-16.0
44.0
-135.0
-73.0
-111.0
-74.0
-115.0
-123.0
-29.0
-127.0
-120.0
-47.0
-121.0
-78.0
-116.0
-166.0
-72.0
-121.0
-73.0
-25.0
-138.0
-79.0
-129.0
-166.0
-44.0
-202.0
-184.0
-129.0
-204.0
-118.0
-191.0
-203.0
-83.0
-160.0
-185.0
-79.0
-151.0
-113.0
-125.0
-139.0
-142.0
-213.0
-110.0
-15.0
-119.0
-74.0
-115.0
-140.0
-26.0
-112.0
-85.0
36.0
-154.0
-78.0
-91.0
-102.0
-24.0
-23.0
-127.0
-64.0
-106.0
-78.0
-31.0
-81.0
-6.0
-171.0
-114.0
-67.0
-181.0
-41.0
-111.0
-165.0
-45.0
-151.0
-108.0
-54.0
-172.0
-84.0
-138.0
-198.0
-87.0
-194.0
-120.0
-124.0
-178.0
-83.0
-69.0
-150.0
-64.0
-154.0
-172.0
-121.0
-190.0
-103.0
-125.0
-177.0
-114.0
-156.0
-159.0
-42.0
-209.0
-71.0
-145.0
-176.0
-98.0
-157.0
-112.0
-87.0
-241.0
-128.0
-162.0
-195.0
-129.0
-182.0
-168.0
-138.0
-134.0
-115.0
-111.0
-156.0
-71.0
-172.0
-151.0
-53.0
-189.0
-105.0
-152.0
-209.0
-78.0
-157.0
-149.0
-121.0
-149.0
-105.0
-100.0
-107.0
-63.0
-158.0
-78.0
-93.0
-153.0
-104.0
-27.0
-192.0
-77.0
-144.0
-164.0
-100.0
-137.0
-59.0
-66.0
-192.0
-88.0
-131.0
-118.0
-68.0
-208.0
-12.0
-142.0
-142.0
-18.0
-111.0
-95.0
-21.0
-165.0
-133.0
-129.0
-101.0
-99.0
-148.0
-169.0
-118.0
-138.0
-107.0
-50.0
-183.0
-21.0
-100.0
-92.0
-16.0
-126.0
-65.0
-71.0
-154.0
-76.0
-120.0
-71.0
-18.0
-90.0
-48.0
-70.0
-78.0
-16.0
-128.0
-79.0
30.0
-127.0
-48.0
-40.0
-123.0
-39.0
-125.0
-133.0
44.0
-56.0
-8.0
47.0
-129.0
4.0
-101.0
-64.0
-14.0
-128.0
-52.0
-64.0
-112.0
-18.0
-98.0
-76.0
-3.0
-91.0
16.0
-18.0
-77.0
-42.0
-82.0
-54.0
3.0
-90.0
-2.0
-39.0
-52.0
18.0
-12.0
-84.0
36.0
-56.0
22.0
-31.0
-56.0
-15.0
-46.0
-64.0
41.0
-95.0
29.0
-12.0
-43.0
10.0
-50.0
-36.0
-6.0
-33.0
18.0
-44.0
-74.0
54.0
-40.0
-46.0
5.0
-55.0
-27.0
5.0
-84.0
-1.0
-61.0
-58.0
37.0
-47.0
-19.0
-1.0
-59.0
-17.0
-48.0
-51.0
-10.0
-62.0
2.0
53.0
-62.0
44.0
-42.0
-31.0
24.0
-89.0
-70.0
-52.0
-133.0
21.0
25.0
-34.0
74.0
-93.0
-9.0
-24.0
-77.0
16.0
-54.0
-91.0
13.0
-120.0
-49.0
-21.0
-76.0
28.0
-53.0
-116.0
10.0
-137.0
-47.0
-63.0
-114.0
30.0
-23.0
-56.0
23.0
-76.0
-21.0
-18.0
-68.0
4.0
-63.0
-4.0
62.0
-98.0
40.0
-29.0
-35.0
29.0
4.0
-9.0
53.0
-42.0
37.0
6.0
-20.0
92.0
-15.0
-14.0
27.0
-22.0
10.0
9.0
-36.0
55.0
-60.0
-5.0
47.0
-64.0
-8.0
24.0
-43.0
73.0
-28.0
-43.0
48.0
-62.0
3.0
24.0
-5.0
82.0
-29.0
-21.0
17.0
-104.0
9.0
5.0
-89.0
32.0
-22.0
-40.0
62.0
3.0
46.0
56.0
10.0
27.0
-10.0
-65.0
5.0
-68.0
13.0
28.0
-48.0
53.0
0.0
2.0
18.0
-30.0
37.0
66.0
-94.0
79.0
9.0
7.0
63.0
-51.0
19.0
16.0
-44.0
19.0
-58.0
-69.0
52.0
-24.0
0.0
28.0
-58.0
26.0
-16.0
-18.0
27.0
-65.0
-40.0
-55.0
-74.0
1.0
-95.0
-50.0
47.0
-104.0
-2.0
-25.0
-72.0
8.0
-60.0
7.0
73.0
-18.0
55.0
25.0
-21.0
74.0
-77.0
-56.0
10.0
-91.0
0.0
-42.0
-60.0
43.0
20.0
43.0
73.0
53.0
41.0
49.0
-13.0
86.0
-18.0
-2.0
49.0
-29.0
39.0
65.0
-111.0
56.0
-22.0
8.0
72.0
-31.0
-6.0
15.0
-71.0
58.0
-84.0
-48.0
35.0
-46.0
45.0
68.0
-14.0
60.0
34.0
-21.0
11.0
-41.0
-1.0
36.0
-39.0
39.0
3.0
4.0
-1.0
-15.0
46.0
55.0
-3.0
80.0
-8.0
-44.0
40.0
-42.0
2.0
20.0
-34.0
27.0
-16.0
-17.0
68.0
1.0
69.0
72.0
11.0
96.0
61.0
49.0
134.0
-15.0
107.0
111.0
-14.0
110.0
46.0
54.0
43.0
8.0
53.0
21.0
-37.0
55.0
-5.0
39.0
110.0
-62.0
70.0
21.0
-31.0
62.0
-22.0
25.0
82.0
10.0
68.0
35.0
1.0
112.0
44.0
39.0
52.0
51.0
40.0
64.0
-1.0
16.0
-4.0
-26.0
90.0
9.0
48.0
40.0
-29.0
92.0
16.0
8.0
70.0
-58.0
-6.0
73.0
-59.0
32.0
31.0
-57.0
31.0
-64.0
5.0
20.0
-10.0
63.0
-5.0
44.0
97.0
-18.0
24.0
-23.0
-1.0
84.0
38.0
15.0
99.0
-15.0
96.0
101.0
1.0
56.0
26.0
13.0
87.0
-48.0
41.0
21.0
-21.0
70.0
14.0
37.0
89.0
-5.0
58.0
-22.0
-32.0
61.0
1.0
24.0
99.0
-7.0
44.0
12.0
-64.0
49.0
17.0
-24.0
76.0
-8.0
44.0
-18.0
-27.0
35.0
64.0
37.0
84.0
7.0
78.0
73.0
86.0
137.0
90.0
48.0
128.0
67.0
112.0
124.0
101.0
182.0
121.0
103.0
164.0
84.0
115.0
157.0
52.0
117.0
105.0
41.0
116.0
57.0
141.0
132.0
74.0
158.0
79.0
88.0
137.0
26.0
117.0
89.0
23.0
111.0
136.0
95.0
129.0
64.0
72.0
117.0
14.0
90.0
51.0
25.0
105.0
15.0
45.0
98.0
14.0
63.0
48.0
31.0
91.0
40.0
39.0
21.0
-23.0
80.0
-33.0
31.0
97.0
-26.0
112.0
62.0
7.0
101.0
30.0
6.0
99.0
-29.0
41.0
24.0
-4.0
91.0
50.0
29.0
96.0
40.0
87.0
93.0
25.0
64.0
23.0
58.0
110.0
10.0
102.0
27.0
64.0
164.0
47.0
82.0
81.0
66.0
62.0
76.0
10.0
122.0
38.0
101.0
108.0
58.0
69.0
122.0
56.0
159.0
76.0
39.0
142.0
58.0
91.0
123.0
12.0
108.0
56.0
82.0
113.0
30.0
74.0
109.0
48.0
84.0
20.0
6.0
134.0
3.0
102.0
93.0
4.0
107.0
15.0
44.0
121.0
51.0
83.0
48.0
52.0
100.0
55.0
48.0
97.0
27.0
59.0
142.0
9.0
112.0
56.0
26.0
89.0
8.0
89.0
57.0
22.0
113.0
73.0
63.0
87.0
1.0
80.0
134.0
17.0
160.0
42.0
58.0
119.0
1.0
92.0
96.0
14.0
97.0
37.0
35.0
144.0
30.0
83.0
68.0
-18.0
62.0
56.0
45.0
76.0
25.0
91.0
86.0
-37.0
95.0
15.0
-5.0
106.0
16.0
73.0
115.0
47.0
118.0
53.0
70.0
114.0
68.0
68.0
115.0
18.0
117.0
62.0
43.0
128.0
70.0
113.0
113.0
43.0
157.0
122.0
74.0
137.0
48.0
141.0
144.0
42.0
118.0
97.0
58.0
145.0
28.0
135.0
114.0
59.0
115.0
55.0
75.0
125.0
59.0
125.0
135.0
46.0
83.0
76.0
23.0
98.0
74.0
64.0
116.0
26.0
134.0
87.0
86.0
106.0
59.0
106.0
82.0
29.0
134.0
78.0
55.0
82.0
53.0
77.0
93.0
61.0
105.0
86.0
83.0
124.0
43.0
118.0
150.0
-13.0
165.0
51.0
78.0
110.0
32.0
131.0
28.0
43.0
134.0
55.0
26.0
173.0
51.0
75.0
155.0
74.0
128.0
84.0
25.0
126.0
14.0
102.0
96.0
1.0
107.0
80.0
65.0
169.0
62.0
95.0
130.0
46.0
134.0
82.0
54.0
114.0
70.0
53.0
184.0
58.0
114.0
79.0
54.0
107.0
69.0
87.0
152.0
23.0
118.0
58.0
64.0
131.0
73.0
67.0
166.0
67.0
88.0
85.0
64.0
83.0
-16.0
105.0
88.0
75.0
106.0
77.0
37.0
167.0
58.0
90.0
123.0
31.0
99.0
31.0
35.0
139.0
50.0
81.0
77.0
7.0
77.0
34.0
52.0
155.0
35.0
69.0
65.0
-36.0
83.0
33.0
3.0
127.0
50.0
77.0
92.0
-32.0
119.0
57.0
11.0
149.0
68.0
56.0
130.0
30.0
199.0
81.0
27.0
105.0
16.0
76.0
121.0
-29.0
117.0
20.0
36.0
82.0
21.0
37.0
64.0
9.0
96.0
63.0
63.0
155.0
40.0
101.0
130.0
17.0
73.0
45.0
23.0
139.0
18.0
112.0
140.0
35.0
121.0
67.0
42.0
158.0
51.0
142.0
62.0
37.0
137.0
91.0
7.0
128.0
23.0
100.0
69.0
-5.0
80.0
101.0
7.0
154.0
53.0
108.0
153.0
20.0
119.0
58.0
1.0
119.0
38.0
63.0
105.0
-14.0
73.0
85.0
-10.0
166.0
56.0
111.0
117.0
60.0
105.0
76.0
99.0
128.0
31.0
119.0
85.0
38.0
100.0
94.0
74.0
120.0
62.0
70.0
117.0
39.0
142.0
87.0
84.0
106.0
30.0
114.0
138.0
38.0
137.0
95.0
30.0
114.0
38.0
41.0
123.0
20.0
96.0
30.0
61.0
98.0
59.0
73.0
88.0
18.0
116.0
63.0
38.0
107.0
-2.0
36.0
48.0
67.0
124.0
110.0
96.0
196.0
111.0
211.0
193.0
123.0
185.0
176.0
124.0
213.0
90.0
140.0
174.0
45.0
190.0
130.0
134.0
184.0
161.0
159.0
180.0
141.0
227.0
184.0
194.0
274.0
213.0
232.0
216.0
108.0
199.0
159.0
125.0
200.0
46.0
147.0
154.0
59.0
125.0
134.0
1.0
157.0
15.0
41.0
92.0
12.0
73.0
34.0
21.0
82.0
9.0
14.0
54.0
48.0
69.0
1.0
4.0
72.0
-41.0
34.0
65.0
-10.0
80.0
50.0
-14.0
119.0
23.0
45.0
57.0
16.0
75.0
4.0
-8.0
80.0
3.0
81.0
43.0
18.0
102.0
54.0
65.0
120.0
51.0
82.0
112.0
13.0
71.0
51.0
13.0
122.0
75.0
60.0
98.0
10.0
79.0
109.0
41.0
118.0
-15.0
93.0
113.0
21.0
118.0
134.0
61.0
143.0
36.0
92.0
66.0
36.0
93.0
29.0
-17.0
103.0
-31.0
45.0
52.0
3.0
91.0
67.0
-14.0
86.0
-41.0
53.0
42.0
-3.0
65.0
-11.0
23.0
96.0
6.0
64.0
89.0
-16.0
48.0
63.0
22.0
105.0
11.0
76.0
47.0
28.0
59.0
7.0
-18.0
62.0
-3.0
49.0
56.0
-25.0
112.0
63.0
78.0
62.0
-32.0
-16.0
62.0
-28.0
31.0
3.0
4.0
61.0
21.0
61.0
115.0
31.0
115.0
56.0
19.0
114.0
58.0
93.0
93.0
29.0
82.0
107.0
26.0
143.0
33.0
111.0
105.0
81.0
127.0
59.0
62.0
105.0
89.0
100.0
169.0
45.0
170.0
86.0
48.0
182.0
125.0
152.0
240.0
121.0
223.0
192.0
136.0
229.0
85.0
114.0
154.0
31.0
125.0
116.0
43.0
202.0
65.0
106.0
138.0
62.0
62.0
42.0
-1.0
105.0
12.0
76.0
92.0
3.0
55.0
80.0
-26.0
86.0
-20.0
8.0
88.0
-31.0
113.0
26.0
-10.0
116.0
-7.0
49.0
35.0
-4.0
47.0
-58.0
28.0
74.0
-20.0
26.0
60.0
14.0
52.0
-5.0
-27.0
99.0
-4.0
24.0
55.0
-64.0
53.0
4.0
-18.0
58.0
-2.0
38.0
9.0
-43.0
51.0
2.0
-24.0
27.0
-42.0
-21.0
7.0
-129.0
33.0
8.0
-53.0
-8.0
-31.0
8.0
30.0
-41.0
4.0
-18.0
-104.0
29.0
-70.0
-27.0
-8.0
-97.0
-2.0
-11.0
-33.0
24.0
-54.0
-22.0
-2.0
-108.0
-18.0
-99.0
-111.0
-25.0
-78.0
-8.0
25.0
-76.0
-31.0
5.0
-73.0
62.0
-58.0
-11.0
70.0
-97.0
-5.0
5.0
-109.0
13.0
-52.0
-39.0
6.0
-117.0
17.0
7.0
-57.0
52.0
-43.0
29.0
49.0
-44.0
62.0
-12.0
-46.0
-6.0
-65.0
-52.0
-23.0
-47.0
56.0
37.0
-29.0
55.0
-7.0
5.0
59.0
-69.0
44.0
-33.0
-37.0
-6.0
-69.0
-60.0
56.0
-29.0
57.0
35.0
-25.0
106.0
-9.0
62.0
32.0
-27.0
70.0
5.0
-8.0
35.0
1.0
-3.0
49.0
-35.0
58.0
37.0
-10.0
68.0
-33.0
20.0
45.0
-36.0
36.0
25.0
-26.0
69.0
-16.0
-4.0
116.0
-47.0
87.0
86.0
83.0
114.0
58.0
122.0
130.0
64.0
139.0
80.0
68.0
184.0
86.0
74.0
64.0
46.0
103.0
82.0
103.0
101.0
88.0
134.0
56.0
-6.0
115.0
35.0
8.0
100.0
29.0
81.0
146.0
22.0
116.0
64.0
22.0
12.0
-38.0
-60.0
25.0
-6.0
65.0
26.0
0.0
81.0
35.0
43.0
76.0
-51.0
99.0
26.0
-56.0
24.0
-24.0
-8.0
30.0
-101.0
81.0
18.0
-14.0
43.0
-50.0
10.0
71.0
12.0
73.0
25.0
19.0
84.0
-22.0
26.0
52.0
-71.0
83.0
1.0
-13.0
50.0
-51.0
-1.0
-12.0
-9.0
37.0
-15.0
10.0
58.0
-26.0
33.0
-4.0
-68.0
24.0
18.0
-15.0
52.0
15.0
-37.0
95.0
17.0
11.0
35.0
3.0
36.0
2.0
36.0
51.0
-61.0
87.0
25.0
-18.0
58.0
-18.0
6.0
27.0
-15.0
35.0
2.0
-36.0
62.0
-17.0
16.0
59.0
2.0
44.0
61.0
-36.0
77.0
-40.0
7.0
43.0
-26.0
53.0
29.0
3.0
115.0
-11.0
38.0
24.0
-62.0
15.0
26.0
-31.0
92.0
-16.0
26.0
39.0
-63.0
82.0
60.0
-23.0
24.0
-35.0
70.0
55.0
-31.0
19.0
41.0
1.0
71.0
4.0
31.0
67.0
-36.0
41.0
42.0
-24.0
79.0
-19.0
31.0
73.0
-36.0
72.0
66.0
-37.0
59.0
-27.0
3.0
-11.0
-23.0
91.0
44.0
-16.0
34.0
-3.0
-67.0
73.0
-42.0
40.0
6.0
-24.0
89.0
-40.0
63.0
30.0
-57.0
17.0
-18.0
-29.0
79.0
-22.0
5.0
19.0
-36.0
0.0
-1.0
-45.0
60.0
-33.0
8.0
115.0
5.0
65.0
49.0
-30.0
41.0
-13.0
-16.0
12.0
-24.0
22.0
33.0
-17.0
68.0
21.0
-10.0
-5.0
-90.0
-36.0
10.0
-96.0
0.0
-64.0
3.0
46.0
-73.0
3.0
13.0
-83.0
-8.0
-100.0
-23.0
12.0
-44.0
-24.0
24.0
-78.0
55.0
-44.0
-21.0
58.0
-36.0
21.0
-3.0
-30.0
58.0
-16.0
11.0
44.0
-70.0
21.0
38.0
-45.0
111.0
-17.0
-10.0
14.0
14.0
54.0
56.0
-44.0
128.0
-1.0
44.0
37.0
-25.0
78.0
65.0
-7.0
74.0
-20.0
27.0
86.0
-24.0
107.0
53.0
-2.0
67.0
-6.0
-29.0
72.0
-76.0
68.0
0.0
-2.0
55.0
1.0
-4.0
40.0
-61.0
1.0
-7.0
-42.0
37.0
-24.0
-25.0
50.0
-14.0
21.0
48.0
-52.0
43.0
5.0
-32.0
73.0
-82.0
10.0
-6.0
-13.0
26.0
14.0
-1.0
58.0
-29.0
36.0
34.0
-71.0
59.0
-42.0
-14.0
42.0
21.0
16.0
33.0
29.0
52.0
-4.0
-9.0
21.0
-49.0
25.0
-23.0
-65.0
66.0
-33.0
-17.0
38.0
-87.0
22.0
-7.0
-70.0
12.0
-10.0
-16.0
3.0
-53.0
11.0
11.0
-37.0
56.0
-46.0
-17.0
-29.0
-63.0
-23.0
-31.0
-91.0
6.0
-66.0
-8.0
-2.0
-53.0
21.0
-36.0
-78.0
-7.0
-79.0
-44.0
-12.0
-95.0
0.0
-21.0
-53.0
6.0
16.0
-83.0
-5.0
-68.0
27.0
36.0
-72.0
28.0
-20.0
-23.0
30.0
-44.0
42.0
-24.0
-45.0
44.0
-42.0
-18.0
21.0
-88.0
-35.0
-12.0
-80.0
8.0
-70.0
-25.0
45.0
-40.0
-63.0
-35.0
-59.0
19.0
-102.0
-77.0
-22.0
-105.0
-5.0
-46.0
-76.0
14.0
-118.0
-64.0
-24.0
-88.0
-20.0
-32.0
-118.0
24.0
-49.0
-4.0
30.0
-80.0
1.0
48.0
3.0
92.0
49.0
-17.0
130.0
25.0
80.0
108.0
14.0
89.0
-14.0
43.0
55.0
2.0
55.0
61.0
35.0
111.0
39.0
40.0
107.0
-21.0
88.0
48.0
-39.0
149.0
67.0
41.0
81.0
-8.0
112.0
33.0
37.0
37.0
32.0
7.0
80.0
-32.0
17.0
1.0
-26.0
42.0
-44.0
-1.0
69.0
-59.0
7.0
-13.0
-73.0
25.0
-4.0
-10.0
80.0
-25.0
54.0
15.0
6.0
37.0
-35.0
16.0
49.0
-64.0
13.0
7.0
-81.0
55.0
-60.0
18.0
20.0
-60.0
-31.0
-15.0
-65.0
50.0
6.0
-22.0
18.0
-45.0
50.0
-2.0
26.0
69.0
-8.0
54.0
74.0
-48.0
43.0
78.0
1.0
97.0
2.0
49.0
67.0
2.0
93.0
6.0
-18.0
87.0
17.0
10.0
70.0
-67.0
67.0
68.0
-34.0
83.0
34.0
26.0
82.0
-1.0
-2.0
26.0
14.0
36.0
3.0
-14.0
114.0
-6.0
43.0
61.0
10.0
104.0
-13.0
36.0
76.0
5.0
62.0
72.0
-5.0
104.0
-3.0
80.0
107.0
20.0
57.0
77.0
18.0
117.0
36.0
27.0
83.0
-2.0
69.0
76.0
39.0
120.0
35.0
62.0
99.0
42.0
69.0
50.0
60.0
75.0
23.0
55.0
138.0
22.0
108.0
53.0
43.0
101.0
13.0
24.0
114.0
1.0
67.0
39.0
6.0
85.0
31.0
45.0
93.0
12.0
63.0
22.0
1.0
38.0
-35.0
15.0
99.0
-24.0
68.0
44.0
-4.0
90.0
12.0
20.0
73.0
-58.0
24.0
49.0
-31.0
75.0
31.0
-50.0
100.0
11.0
66.0
41.0
2.0
77.0
-9.0
31.0
82.0
-35.0
53.0
54.0
-1.0
45.0
20.0
36.0
84.0
-4.0
45.0
51.0
-49.0
57.0
8.0
-15.0
72.0
-21.0
71.0
61.0
-12.0
109.0
11.0
98.0
126.0
14.0
68.0
53.0
67.0
143.0
103.0
76.0
139.0
22.0
126.0
58.0
69.0
76.0
49.0
4.0
127.0
37.0
99.0
140.0
58.0
118.0
77.0
49.0
128.0
33.0
90.0
77.0
-5.0
109.0
43.0
45.0
98.0
4.0
66.0
96.0
31.0
103.0
50.0
24.0
113.0
55.0
91.0
49.0
27.0
102.0
53.0
32.0
140.0
-13.0
121.0
68.0
20.0
147.0
18.0
65.0
135.0
7.0
164.0
94.0
55.0
138.0
79.0
77.0
120.0
26.0
122.0
130.0
54.0
107.0
64.0
45.0
105.0
-10.0
119.0
106.0
47.0
142.0
103.0
79.0
159.0
43.0
114.0
129.0
70.0
167.0
110.0
52.0
199.0
73.0
96.0
112.0
56.0
135.0
85.0
79.0
139.0
72.0
180.0
124.0
107.0
109.0
65.0
82.0
62.0
40.0
149.0
112.0
56.0
116.0
74.0
77.0
129.0
44.0
117.0
137.0
21.0
137.0
54.0
76.0
55.0
89.0
136.0
91.0
44.0
116.0
74.0
99.0
130.0
85.0
126.0
82.0
91.0
97.0
29.0
40.0
151.0
86.0
95.0
121.0
51.0
131.0
92.0
33.0
130.0
56.0
53.0
89.0
-20.0
147.0
1.0
81.0
119.0
35.0
47.0
101.0
2.0
73.0
68.0
80.0
124.0
13.0
78.0
63.0
17.0
108.0
80.0
59.0
83.0
46.0
46.0
55.0
8.0
102.0
14.0
1.0
74.0
5.0
40.0
70.0
-14.0
77.0
35.0
25.0
84.0
-8.0
24.0
69.0
52.0
111.0
72.0
48.0
112.0
49.0
47.0
82.0
-6.0
100.0
80.0
-35.0
93.0
22.0
54.0
86.0
17.0
129.0
49.0
38.0
149.0
18.0
77.0
72.0
27.0
139.0
41.0
84.0
115.0
21.0
97.0
64.0
42.0
44.0
30.0
17.0
124.0
-20.0
83.0
74.0
50.0
146.0
72.0
93.0
119.0
13.0
51.0
103.0
-3.0
72.0
-5.0
-22.0
93.0
-11.0
103.0
42.0
33.0
89.0
113.0
28.0
92.0
37.0
55.0
54.0
20.0
116.0
63.0
53.0
133.0
39.0
122.0
78.0
23.0
70.0
30.0
24.0
144.0
40.0
69.0
78.0
43.0
67.0
76.0
56.0
114.0
14.0
101.0
59.0
-13.0
64.0
-24.0
-42.0
41.0
7.0
-11.0
46.0
-17.0
109.0
10.0
-26.0
82.0
-2.0
12.0
48.0
-40.0
81.0
-29.0
52.0
102.0
-30.0
99.0
58.0
-44.0
75.0
15.0
63.0
108.0
33.0
77.0
58.0
14.0
78.0
7.0
-21.0
105.0
6.0
27.0
54.0
-61.0
61.0
-13.0
5.0
83.0
-6.0
39.0
30.0
-47.0
79.0
-42.0
30.0
-11.0
-78.0
-37.0
20.0
2.0
76.0
6.0
2.0
50.0
-77.0
30.0
-7.0
-45.0
29.0
-46.0
-52.0
39.0
-69.0
27.0
22.0
-97.0
25.0
15.0
-56.0
17.0
-44.0
25.0
41.0
-41.0
64.0
-3.0
2.0
42.0
-51.0
32.0
19.0
-76.0
50.0
50.0
37.0
114.0
56.0
65.0
88.0
-25.0
13.0
29.0
17.0
29.0
-19.0
35.0
48.0
-35.0
33.0
18.0
-1.0
52.0
-76.0
9.0
25.0
-63.0
33.0
-15.0
17.0
64.0
-23.0
21.0
40.0
4.0
29.0
-57.0
-62.0
26.0
-67.0
-23.0
-9.0
-25.0
26.0
-87.0
-48.0
32.0
-34.0
4.0
-7.0
-39.0
-12.0
-35.0
-48.0
17.0
-59.0
-5.0
14.0
-51.0
8.0
-18.0
-36.0
18.0
-49.0
-1.0
-12.0
-69.0
22.0
-49.0
-26.0
7.0
-55.0
-16.0
-13.0
-71.0
36.0
-31.0
-7.0
57.0
-14.0
20.0
49.0
-32.0
94.0
-1.0
68.0
104.0
43.0
46.0
63.0
-47.0
81.0
-18.0
27.0
78.0
48.0
70.0
70.0
36.0
162.0
174.0
129.0
176.0
140.0
229.0
156.0
188.0
216.0
155.0
177.0
232.0
175.0
230.0
254.0
165.0
253.0
165.0
166.0
261.0
145.0
203.0
216.0
208.0
231.0
183.0
173.0
197.0
119.0
196.0
196.0
26.0
123.0
-4.0
65.0
43.0
30.0
49.0
2.0
-23.0
105.0
-8.0
8.0
19.0
-69.0
23.0
-71.0
-137.0
-23.0
-110.0
-74.0
-38.0
-114.0
5.0
-18.0
-55.0
31.0
-92.0
-106.0
-54.0
-182.0
-71.0
-73.0
-134.0
-10.0
-48.0
-58.0
-24.0
-34.0
-18.0
-44.0
-89.0
-23.0
-65.0
-113.0
17.0
-153.0
-83.0
-25.0
-59.0
46.0
-59.0
-24.0
-30.0
-70.0
-37.0
-23.0
-88.0
-25.0
-63.0
-79.0
25.0
-64.0
-40.0
3.0
-106.0
13.0
-48.0
-50.0
-18.0
-11.0
6.0
-11.0
-35.0
20.0
-51.0
-55.0
18.0
-91.0
10.0
-23.0
-93.0
-3.0
-26.0
-34.0
55.0
1.0
-35.0
33.0
-32.0
87.0
-14.0
-7.0
80.0
22.0
109.0
76.0
64.0
101.0
74.0
92.0
111.0
17.0
29.0
63.0
-12.0
116.0
5.0
2.0
78.0
-53.0
47.0
16.0
-54.0
32.0
-77.0
-49.0
64.0
-30.0
-58.0
-29.0
-76.0
-30.0
-67.0
-79.0
-19.0
-88.0
-4.0
-45.0
-106.0
-32.0
-71.0
-84.0
-40.0
-112.0
-70.0
-26.0
-95.0
-95.0
-49.0
-41.0
9.0
-131.0
-29.0
1.0
-76.0
-6.0
-44.0
-84.0
-30.0
-103.0
-23.0
-42.0
-51.0
30.0
-16.0
-29.0
18.0
15.0
-20.0
80.0
10.0
79.0
43.0
-10.0
55.0
7.0
0.0
17.0
-45.0
30.0
-27.0
-10.0
-32.0
-22.0
-9.0
-65.0
-31.0
-16.0
-59.0
-27.0
25.0
-43.0
0.0
15.0
-64.0
10.0
-18.0
-63.0
-7.0
-125.0
-33.0
-56.0
-105.0
-35.0
-68.0
-64.0
-11.0
-112.0
-10.0
-109.0
-66.0
-35.0
-71.0
-71.0
25.0
-123.0
-49.0
-34.0
-70.0
-26.0
-32.0
-62.0
18.0
-62.0
-4.0
21.0
-65.0
-10.0
-27.0
-44.0
-31.0
-38.0
25.0
8.0
-40.0
4.0
13.0
-47.0
-43.0
-46.0
-39.0
0.0
-49.0
80.0
-28.0
-24.0
4.0
-16.0
72.0
34.0
-42.0
30.0
-33.0
-72.0
44.0
-40.0
-24.0
37.0
-57.0
24.0
-10.0
-44.0
7.0
-96.0
42.0
30.0
-51.0
16.0
-45.0
-97.0
-5.0
-81.0
37.0
16.0
-28.0
54.0
-44.0
-46.0
23.0
-8.0
-16.0
-8.0
-89.0
50.0
-55.0
-99.0
61.0
-82.0
-3.0
2.0
-79.0
-2.0
-51.0
-99.0
18.0
-59.0
6.0
-6.0
-78.0
7.0
-51.0
-88.0
40.0
-70.0
-28.0
-14.0
-49.0
20.0
-97.0
-97.0
14.0
-92.0
-29.0
22.0
-155.0
-14.0
-63.0
-112.0
-20.0
-84.0
-66.0
-7.0
-55.0
-6.0
-88.0
-90.0
36.0
-78.0
-38.0
-51.0
-89.0
4.0
-2.0
-27.0
53.0
29.0
30.0
21.0
-7.0
-17.0
-76.0
-61.0
31.0
-57.0
15.0
-4.0
-54.0
46.0
37.0
27.0
32.0
15.0
-16.0
-34.0
-129.0
41.0
11.0
-5.0
49.0
-47.0
-3.0
14.0
-24.0
-28.0
31.0
-20.0
55.0
-60.0
-30.0
-30.0
-27.0
27.0
18.0
-40.0
43.0
-27.0
15.0
-13.0
-34.0
44.0
10.0
15.0
20.0
-17.0
24.0
22.0
-40.0
26.0
-11.0
-8.0
23.0
-53.0
35.0
10.0
-29.0
70.0
-43.0
-110.0
36.0
-37.0
-5.0
98.0
-77.0
24.0
-25.0
-5.0
12.0
-78.0
-31.0
-22.0
-60.0
30.0
-15.0
-62.0
22.0
-59.0
-21.0
14.0
-40.0
44.0
23.0
-6.0
62.0
1.0
15.0
48.0
-64.0
101.0
65.0
-44.0
26.0
-56.0
31.0
-3.0
-25.0
42.0
22.0
-17.0
9.0
-55.0
16.0
58.0
-52.0
55.0
-1.0
-87.0
-22.0
-62.0
-26.0
-1.0
-10.0
6.0
-50.0
-86.0
-2.0
-34.0
-22.0
21.0
-84.0
12.0
-4.0
-49.0
-13.0
-74.0
-70.0
15.0
-83.0
67.0
2.0
-43.0
3.0
-56.0
-69.0
66.0
-94.0
-13.0
-40.0
-59.0
-8.0
-45.0
14.0
12.0
-52.0
77.0
-8.0
-25.0
89.0
-52.0
-10.0
2.0
-26.0
46.0
1.0
-13.0
54.0
-20.0
5.0
-4.0
-72.0
20.0
-52.0
-60.0
10.0
-85.0
28.0
-34.0
-23.0
61.0
-17.0
-53.0
29.0
-101.0
-15.0
11.0
-100.0
18.0
-71.0
-19.0
12.0
-65.0
-4.0
-25.0
-87.0
66.0
-23.0
-98.0
37.0
-38.0
-17.0
41.0
-55.0
-2.0
-27.0
-19.0
102.0
-11.0
-11.0
46.0
-5.0
69.0
0.0
14.0
8.0
-80.0
-14.0
50.0
-70.0
36.0
-18.0
-46.0
72.0
-64.0
30.0
74.0
-63.0
34.0
-84.0
-72.0
13.0
4.0
80.0
76.0
-14.0
78.0
29.0
-26.0
84.0
4.0
36.0
46.0
-6.0
31.0
5.0
-9.0
67.0
-12.0
44.0
-8.0
-44.0
22.0
15.0
-33.0
35.0
-59.0
-12.0
8.0
-32.0
48.0
-13.0
-42.0
83.0
-57.0
20.0
13.0
-61.0
23.0
-30.0
-32.0
67.0
-38.0
-13.0
31.0
-24.0
76.0
7.0
-48.0
11.0
3.0
-47.0
-13.0
-42.0
51.0
20.0
-31.0
86.0
-39.0
15.0
34.0
13.0
56.0
1.0
0.0
13.0
-39.0
-6.0
63.0
27.0
42.0
14.0
17.0
63.0
-47.0
37.0
49.0
-50.0
54.0
6.0
-55.0
12.0
-5.0
7.0
46.0
-63.0
51.0
-33.0
-45.0
70.0
-18.0
12.0
60.0
-42.0
23.0
-21.0
-20.0
29.0
-35.0
64.0
66.0
-43.0
40.0
-13.0
76.0
83.0
10.0
70.0
35.0
35.0
0.0
45.0
7.0
67.0
3.0
47.0
79.0
-35.0
43.0
45.0
-10.0
73.0
-4.0
24.0
92.0
-11.0
90.0
42.0
25.0
101.0
39.0
62.0
59.0
-25.0
95.0
11.0
23.0
114.0
22.0
54.0
86.0
25.0
126.0
43.0
40.0
127.0
39.0
21.0
64.0
13.0
112.0
36.0
6.0
102.0
13.0
44.0
64.0
-10.0
116.0
48.0
46.0
99.0
-1.0
1.0
8.0
-80.0
3.0
-2.0
-22.0
94.0
-26.0
35.0
38.0
-39.0
44.0
-15.0
-44.0
79.0
-18.0
22.0
41.0
45.0
29.0
8.0
-36.0
31.0
-15.0
61.0
50.0
55.0
101.0
93.0
63.0
89.0
5.0
53.0
81.0
25.0
121.0
33.0
11.0
158.0
84.0
108.0
84.0
21.0
102.0
52.0
63.0
88.0
19.0
48.0
74.0
9.0
71.0
51.0
48.0
140.0
68.0
108.0
113.0
4.0
58.0
76.0
20.0
92.0
20.0
30.0
68.0
13.0
100.0
34.0
59.0
99.0
4.0
65.0
25.0
20.0
65.0
27.0
-5.0
90.0
-33.0
84.0
56.0
-20.0
71.0
63.0
54.0
39.0
44.0
-34.0
91.0
-27.0
120.0
-5.0
46.0
99.0
31.0
83.0
115.0
29.0
116.0
72.0
51.0
104.0
32.0
65.0
67.0
37.0
84.0
56.0
-3.0
91.0
49.0
108.0
72.0
26.0
52.0
44.0
51.0
83.0
44.0
76.0
90.0
-17.0
104.0
37.0
45.0
135.0
-21.0
129.0
120.0
27.0
113.0
35.0
50.0
135.0
5.0
70.0
119.0
54.0
91.0
79.0
59.0
91.0
74.0
115.0
84.0
18.0
95.0
67.0
53.0
112.0
11.0
65.0
152.0
8.0
128.0
43.0
27.0
100.0
40.0
95.0
160.0
63.0
157.0
96.0
22.0
162.0
46.0
136.0
48.0
-11.0
79.0
56.0
6.0
120.0
109.0
118.0
64.0
48.0
129.0
-3.0
37.0
90.0
16.0
30.0
68.0
19.0
37.0
19.0
41.0
69.0
13.0
53.0
60.0
30.0
119.0
30.0
-2.0
69.0
-14.0
41.0
46.0
-4.0
126.0
26.0
68.0
110.0
49.0
52.0
153.0
62.0
172.0
165.0
122.0
195.0
190.0
171.0
144.0
27.0
159.0
88.0
98.0
160.0
29.0
52.0
97.0
61.0
90.0
109.0
49.0
115.0
30.0
82.0
156.0
-21.0
62.0
41.0
21.0
81.0
37.0
66.0
72.0
27.0
1.0
10.0
-25.0
73.0
23.0
51.0
111.0
17.0
95.0
72.0
29.0
103.0
34.0
55.0
68.0
-1.0
80.0
67.0
47.0
91.0
29.0
34.0
83.0
-7.0
80.0
82.0
79.0
117.0
99.0
55.0
107.0
42.0
116.0
71.0
92.0
130.0
29.0
102.0
100.0
55.0
76.0
81.0
11.0
101.0
77.0
79.0
116.0
40.0
127.0
135.0
50.0
116.0
81.0
97.0
72.0
16.0
99.0
47.0
15.0
156.0
27.0
121.0
88.0
-1.0
79.0
49.0
22.0
93.0
54.0
37.0
65.0
80.0
83.0
72.0
5.0
84.0
30.0
64.0
124.0
40.0
93.0
55.0
0.0
129.0
46.0
108.0
119.0
-4.0
87.0
64.0
2.0
137.0
30.0
135.0
110.0
49.0
127.0
70.0
56.0
128.0
39.0
112.0
61.0
45.0
137.0
137.0
68.0
165.0
58.0
102.0
135.0
37.0
121.0
73.0
31.0
108.0
34.0
62.0
169.0
-29.0
115.0
40.0
-14.0
127.0
49.0
87.0
88.0
10.0
91.0
65.0
49.0
119.0
51.0
39.0
140.0
-5.0
71.0
29.0
5.0
111.0
-16.0
27.0
64.0
-33.0
50.0
-6.0
-17.0
83.0
-41.0
47.0
71.0
-14.0
56.0
17.0
-61.0
30.0
-16.0
23.0
53.0
-16.0
32.0
-33.0
6.0
51.0
-1.0
22.0
48.0
-26.0
59.0
-8.0
-32.0
50.0
-22.0
7.0
83.0
-34.0
53.0
44.0
1.0
86.0
-44.0
22.0
43.0
-33.0
93.0
5.0
-56.0
111.0
43.0
55.0
67.0
4.0
105.0
25.0
10.0
83.0
-34.0
10.0
63.0
-20.0
29.0
26.0
-20.0
92.0
-26.0
5.0
59.0
-31.0
15.0
11.0
-61.0
-6.0
-49.0
13.0
50.0
-64.0
71.0
31.0
11.0
40.0
7.0
-35.0
43.0
-88.0
9.0
-70.0
-19.0
12.0
-7.0
10.0
22.0
18.0
59.0
-1.0
-20.0
83.0
-67.0
-34.0
-2.0
-70.0
23.0
-15.0
-25.0
54.0
-29.0
-33.0
1.0
-6.0
37.0
29.0
8.0
86.0
-32.0
6.0
48.0
-18.0
-1.0
51.0
-2.0
29.0
7.0
26.0
29.0
-70.0
17.0
35.0
-29.0
21.0
20.0
6.0
106.0
-70.0
55.0
78.0
30.0
86.0
44.0
25.0
131.0
64.0
108.0
103.0
114.0
248.0
123.0
107.0
134.0
106.0
169.0
163.0
120.0
177.0
93.0
70.0
106.0
1.0
75.0
35.0
-37.0
89.0
-24.0
1.0
0.0
-46.0
72.0
24.0
1.0
54.0
-19.0
-17.0
79.0
-1.0
7.0
45.0
-58.0
87.0
-19.0
-1.0
22.0
-42.0
109.0
47.0
5.0
26.0
-20.0
-20.0
79.0
-58.0
34.0
-2.0
-17.0
64.0
-11.0
-2.0
34.0
-17.0
41.0
26.0
-67.0
49.0
-53.0
-3.0
19.0
-44.0
73.0
13.0
-40.0
56.0
-89.0
5.0
-44.0
-59.0
17.0
-18.0
-44.0
55.0
-24.0
-13.0
4.0
-133.0
-24.0
-37.0
-16.0
27.0
-93.0
-39.0
14.0
-112.0
-1.0
-27.0
-107.0
-18.0
-28.0
-30.0
3.0
-97.0
-14.0
24.0
-63.0
40.0
-73.0
-34.0
-35.0
-71.0
-13.0
-28.0
-80.0
46.0
-50.0
-46.0
55.0
-109.0
1.0
13.0
-53.0
87.0
31.0
21.0
59.0
-22.0
18.0
138.0
15.0
108.0
97.0
63.0
69.0
12.0
51.0
116.0
-51.0
173.0
64.0
97.0
181.0
130.0
139.0
153.0
29.0
215.0
90.0
99.0
152.0
46.0
41.0
49.0
-17.0
74.0
-30.0
33.0
16.0
-17.0
-5.0
4.0
-97.0
-2.0
-98.0
-28.0
-41.0
-136.0
-59.0
-37.0
-110.0
-30.0
-74.0
-58.0
-23.0
-48.0
-49.0
-36.0
-159.0
-39.0
-92.0
-89.0
-69.0
-118.0
-69.0
-91.0
-129.0
-72.0
-75.0
-90.0
-24.0
-67.0
3.0
-25.0
-82.0
30.0
-84.0
-78.0
-1.0
-111.0
-53.0
-70.0
-108.0
-24.0
-77.0
-45.0
-63.0
-33.0
-25.0
-32.0
-73.0
-23.0
-97.0
-44.0
-61.0
-41.0
-21.0
-61.0
-133.0
32.0
-101.0
-51.0
5.0
-121.0
-34.0
-59.0
-119.0
-29.0
-79.0
-89.0
-55.0
-116.0
-18.0
-31.0
-89.0
22.0
-101.0
-27.0
-11.0
-117.0
-25.0
-26.0
-63.0
5.0
-135.0
-64.0
-18.0
-97.0
-13.0
-42.0
-100.0
-39.0
-98.0
-71.0
-48.0
-102.0
-52.0
-75.0
-125.0
-13.0
-76.0
-46.0
-28.0
-87.0
10.0
-10.0
-74.0
-14.0
-67.0
-69.0
-16.0
-127.0
-32.0
-63.0
-91.0
7.0
-86.0
-25.0
-5.0
-45.0
-21.0
-15.0
-21.0
94.0
22.0
102.0
142.0
29.0
90.0
58.0
-12.0
86.0
55.0
-14.0
96.0
-63.0
78.0
-5.0
-45.0
49.0
-33.0
-21.0
3.0
-69.0
-11.0
0.0
-47.0
16.0
-50.0
-49.0
8.0
-14.0
17.0
57.0
10.0
105.0
-9.0
-12.0
3.0
-73.0
-18.0
-51.0
-94.0
-20.0
-43.0
-55.0
-12.0
-116.0
20.0
-20.0
-81.0
55.0
-19.0
-44.0
-41.0
-31.0
-7.0
-12.0
-56.0
40.0
-39.0
-45.0
-91.0
-17.0
49.0
-29.0
-59.0
53.0
-75.0
-97.0
-2.0
-69.0
-72.0
-18.0
-34.0
-17.0
-35.0
17.0
65.0
-15.0
-13.0
-6.0
-24.0
99.0
-53.0
-34.0
2.0
-46.0
-17.0
-49.0
-80.0
-4.0
-41.0
-56.0
35.0
-65.0
-75.0
30.0
-73.0
12.0
-37.0
-89.0
30.0
-76.0
-49.0
-36.0
-70.0
-46.0
-68.0
-29.0
-9.0
-102.0
12.0
-37.0
-44.0
-8.0
-52.0
-71.0
-8.0
-76.0
-58.0
-118.0
-32.0
26.0
-56.0
-3.0
35.0
-83.0
43.0
45.0
-17.0
78.0
-38.0
-115.0
-31.0
-110.0
-4.0
-46.0
-34.0
63.0
-2.0
-30.0
28.0
-38.0
15.0
35.0
-91.0
34.0
-33.0
-8.0
5.0
-69.0
12.0
-37.0
-96.0
88.0
-15.0
-27.0
95.0
2.0
40.0
11.0
-33.0
26.0
1.0
75.0
59.0
-54.0
23.0
39.0
10.0
117.0
34.0
2.0
65.0
-25.0
-8.0
-20.0
-43.0
30.0
-14.0
-18.0
59.0
-49.0
58.0
49.0
51.0
35.0
37.0
38.0
56.0
-67.0
36.0
8.0
-60.0
75.0
-19.0
-23.0
98.0
8.0
101.0
86.0
-21.0
105.0
-16.0
42.0
102.0
15.0
111.0
100.0
38.0
87.0
14.0
42.0
52.0
-35.0
76.0
82.0
34.0
163.0
100.0
103.0
176.0
144.0
137.0
112.0
77.0
107.0
63.0
3.0
100.0
35.0
36.0
48.0
-18.0
54.0
51.0
27.0
88.0
-83.0
18.0
-8.0
-82.0
14.0
7.0
-16.0
27.0
-89.0
24.0
-36.0
-72.0
-36.0
-91.0
-99.0
-8.0
-80.0
-31.0
-38.0
-45.0
-17.0
-78.0
-27.0
13.0
-41.0
-46.0
-93.0
-100.0
47.0
-42.0
-79.0
-5.0
-111.0
-49.0
-41.0
-56.0
30.0
-83.0
-57.0
3.0
-90.0
41.0
-4.0
-73.0
16.0
-69.0
-44.0
37.0
-95.0
-42.0
37.0
-43.0
15.0
-32.0
-13.0
53.0
-42.0
40.0
11.0
-47.0
-21.0
-67.0
-30.0
55.0
-83.0
36.0
14.0
-35.0
61.0
-69.0
3.0
20.0
-118.0
-27.0
14.0
-103.0
13.0
-52.0
-70.0
23.0
-95.0
-30.0
-38.0
-83.0
-16.0
-42.0
-81.0
37.0
-71.0
-13.0
-53.0
-62.0
-25.0
-66.0
-87.0
-13.0
-81.0
-95.0
-35.0
-93.0
-13.0
-114.0
-23.0
-7.0
-129.0
-72.0
-82.0
-128.0
-55.0
-134.0
-87.0
10.0
-99.0
-78.0
-54.0
-115.0
23.0
-34.0
-76.0
-47.0
-85.0
-45.0
-25.0
-98.0
52.0
-110.0
-98.0
-34.0
-76.0
-25.0
-106.0
-126.0
-35.0
-98.0
-83.0
-78.0
-82.0
-60.0
-12.0
-91.0
17.0
-36.0
-50.0
18.0
-101.0
-5.0
-79.0
-147.0
-24.0
-107.0
-126.0
-71.0
-71.0
-40.0
-36.0
-114.0
-13.0
-66.0
-80.0
3.0
-55.0
-10.0
-49.0
-138.0
-4.0
-60.0
-30.0
7.0
-127.0
-20.0
-30.0
-91.0
-4.0
-5.0
-37.0
56.0
-26.0
42.0
35.0
-55.0
18.0
-35.0
41.0
43.0
1.0
33.0
73.0
1.0
108.0
-10.0
5.0
67.0
15.0
51.0
70.0
-60.0
91.0
15.0
10.0
84.0
7.0
17.0
37.0
-44.0
72.0
20.0
-10.0
43.0
-22.0
73.0
-16.0
-60.0
36.0
-23.0
-80.0
8.0
-58.0
-32.0
-6.0
-56.0
47.0
-59.0
-27.0
7.0
-98.0
-23.0
19.0
-104.0
8.0
-36.0
-101.0
-31.0
-83.0
-15.0
-69.0
-60.0
48.0
-17.0
-96.0
-4.0
-122.0
-71.0
-74.0
-107.0
-39.0
-107.0
-76.0
26.0
-6.0
-26.0
4.0
-22.0
23.0
-25.0
-4.0
89.0
-16.0
56.0
52.0
21.0
116.0
69.0
51.0
66.0
41.0
74.0
10.0
-46.0
45.0
-10.0
6.0
56.0
-35.0
42.0
-4.0
-16.0
10.0
-20.0
-18.0
69.0
-17.0
32.0
-5.0
-85.0
36.0
-37.0
-34.0
-18.0
-72.0
-25.0
-9.0
-58.0
56.0
-48.0
-100.0
-28.0
-139.0
-11.0
-23.0
-29.0
-23.0
-79.0
-27.0
3.0
-70.0
5.0
26.0
-54.0
30.0
-48.0
-57.0
-36.0
-86.0
-44.0
-3.0
-83.0
31.0
-26.0
-39.0
19.0
-36.0
-16.0
-6.0
-91.0
12.0
-127.0
5.0
31.0
-76.0
36.0
-2.0
-78.0
6.0
-38.0
-72.0
-6.0
-26.0
-42.0
-37.0
-38.0
21.0
-26.0
-60.0
12.0
-63.0
25.0
1.0
-50.0
18.0
-30.0
-31.0
18.0
-90.0
-50.0
-5.0
-97.0
12.0
-58.0
-63.0
28.0
-77.0
-10.0
-50.0
-112.0
-72.0
-52.0
-78.0
-17.0
-33.0
-64.0
-57.0
-102.0
-64.0
-55.0
-90.0
-4.0
-77.0
-3.0
-31.0
-109.0
11.0
-50.0
-75.0
-3.0
-41.0
-36.0
-1.0
-107.0
5.0
-71.0
-83.0
31.0
-64.0
-24.0
-43.0
-92.0
3.0
-101.0
-114.0
-1.0
-103.0
-34.0
-15.0
-98.0
35.0
-51.0
-9.0
-16.0
-76.0
-11.0
-5.0
-129.0
-10.0
-45.0
-51.0
58.0
-80.0
-2.0
-33.0
-37.0
18.0
-17.0
-71.0
-30.0
-96.0
-49.0
-49.0
-129.0
-33.0
-89.0
-55.0
-22.0
-91.0
-1.0
-45.0
-100.0
-33.0
-130.0
-64.0
3.0
-75.0
-1.0
23.0
-103.0
51.0
-80.0
-90.0
23.0
-65.0
-52.0
-12.0
-35.0
-3.0
-11.0
-22.0
14.0
-42.0
-29.0
5.0
-75.0
30.0
-1.0
-77.0
45.0
-20.0
-25.0
30.0
-46.0
82.0
13.0
-25.0
31.0
-16.0
25.0
32.0
-13.0
96.0
51.0
10.0
102.0
4.0
13.0
84.0
7.0
97.0
41.0
29.0
72.0
26.0
67.0
117.0
-23.0
80.0
32.0
-5.0
108.0
-52.0
22.0
72.0
7.0
49.0
40.0
5.0
90.0
-22.0
61.0
58.0
1.0
95.0
25.0
-13.0
12.0
-47.0
-16.0
72.0
-57.0
52.0
32.0
-5.0
29.0
-48.0
-65.0
19.0
-68.0
10.0
-16.0
-67.0
31.0
37.0
61.0
47.0
35.0
82.0
-25.0
-30.0
34.0
-12.0
-13.0
-1.0
-37.0
94.0
1.0
7.0
67.0
-37.0
-17.0
37.0
-58.0
49.0
-7.0
-25.0
37.0
-3.0
101.0
62.0
24.0
62.0
13.0
26.0
95.0
-30.0
102.0
50.0
-57.0
93.0
-1.0
12.0
73.0
4.0
41.0
53.0
-62.0
148.0
-5.0
40.0
112.0
45.0
72.0
92.0
43.0
59.0
41.0
-34.0
77.0
23.0
40.0
60.0
3.0
58.0
5.0
-16.0
82.0
-26.0
32.0
48.0
11.0
49.0
50.0
-25.0
26.0
-44.0
128.0
49.0
-60.0
116.0
4.0
-27.0
70.0
-45.0
45.0
93.0
-16.0
92.0
47.0
-20.0
57.0
-9.0
48.0
51.0
-3.0
90.0
3.0
-67.0
128.0
-12.0
46.0
63.0
-81.0
6.0
63.0
-40.0
58.0
-39.0
14.0
44.0
-34.0
43.0
1.0
-32.0
59.0
-20.0
16.0
13.0
-44.0
50.0
17.0
-11.0
112.0
-73.0
0.0
42.0
-18.0
95.0
44.0
-3.0
41.0
7.0
50.0
40.0
-67.0
63.0
30.0
-31.0
84.0
-41.0
20.0
52.0
-77.0
36.0
29.0
-6.0
17.0
-40.0
-18.0
29.0
-45.0
54.0
11.0
15.0
29.0
-39.0
31.0
37.0
-39.0
15.0
45.0
-54.0
91.0
-21.0
18.0
96.0
-13.0
98.0
11.0
-18.0
84.0
-37.0
34.0
44.0
-45.0
13.0
-16.0
-76.0
8.0
-45.0
41.0
52.0
-20.0
48.0
0.0
-36.0
46.0
-47.0
10.0
101.0
-46.0
88.0
32.0
-27.0
64.0
-2.0
34.0
46.0
-47.0
36.0
28.0
1.0
99.0
5.0
48.0
30.0
-49.0
14.0
-5.0
2.0
94.0
1.0
63.0
83.0
9.0
89.0
28.0
-5.0
82.0
-13.0
90.0
79.0
-13.0
127.0
38.0
41.0
21.0
17.0
-16.0
46.0
14.0
5.0
60.0
-15.0
-20.0
-52.0
-53.0
52.0
-23.0
55.0
26.0
51.0
82.0
-63.0
10.0
106.0
-23.0
99.0
-9.0
-2.0
80.0
-6.0
37.0
37.0
-49.0
77.0
15.0
-10.0
88.0
-6.0
30.0
54.0
-25.0
120.0
55.0
37.0
79.0
-42.0
54.0
24.0
0.0
54.0
-55.0
-50.0
116.0
-35.0
44.0
1.0
-83.0
87.0
-5.0
-26.0
39.0
6.0
15.0
21.0
-21.0
80.0
6.0
27.0
70.0
-6.0
22.0
49.0
0.0
100.0
48.0
39.0
96.0
20.0
85.0
125.0
45.0
144.0
105.0
110.0
187.0
83.0
82.0
136.0
6.0
159.0
52.0
105.0
159.0
69.0
155.0
135.0
87.0
184.0
158.0
100.0
169.0
108.0
131.0
207.0
134.0
211.0
193.0
118.0
195.0
124.0
177.0
216.0
157.0
275.0
208.0
224.0
250.0
209.0
212.0
222.0
246.0
240.0
280.0
266.0
242.0
189.0
203.0
228.0
168.0
281.0
194.0
147.0
242.0
128.0
168.0
188.0
93.0
154.0
78.0
44.0
82.0
23.0
14.0
75.0
29.0
122.0
42.0
-52.0
-1.0
-34.0
27.0
56.0
-46.0
64.0
-5.0
2.0
75.0
-37.0
33.0
6.0
-39.0
-29.0
1.0
-28.0
21.0
-15.0
40.0
11.0
-4.0
94.0
-54.0
-41.0
-3.0
-106.0
-14.0
-3.0
6.0
61.0
23.0
-8.0
-26.0
-30.0
-54.0
40.0
-41.0
-8.0
-59.0
-89.0
-2.0
-35.0
17.0
91.0
13.0
56.0
-24.0
1.0
98.0
-40.0
76.0
121.0
92.0
130.0
111.0
30.0
97.0
3.0
78.0
86.0
4.0
1.0
-20.0
-64.0
35.0
-13.0
-32.0
-20.0
-31.0
86.0
36.0
-25.0
49.0
-18.0
-42.0
14.0
-125.0
29.0
-46.0
-21.0
-6.0
-18.0
32.0
18.0
-6.0
45.0
-31.0
-34.0
39.0
-51.0
5.0
-7.0
-25.0
40.0
40.0
-25.0
67.0
-26.0
-10.0
-2.0
-121.0
43.0
-42.0
-56.0
54.0
-23.0
76.0
30.0
33.0
55.0
53.0
-39.0
58.0
-17.0
46.0
58.0
1.0
50.0
55.0
-11.0
81.0
11.0
76.0
39.0
18.0
33.0
-1.0
10.0
50.0
-1.0
48.0
71.0
-42.0
69.0
0.0
-32.0
45.0
-36.0
58.0
69.0
-86.0
69.0
-52.0
-22.0
114.0
-29.0
53.0
41.0
12.0
48.0
-38.0
-47.0
41.0
5.0
62.0
120.0
30.0
88.0
49.0
39.0
49.0
-30.0
16.0
83.0
52.0
131.0
55.0
43.0
112.0
28.0
98.0
137.0
137.0
233.0
127.0
69.0
131.0
45.0
92.0
73.0
-16.0
87.0
-3.0
-15.0
33.0
-33.0
50.0
42.0
-1.0
51.0
13.0
-68.0
73.0
-50.0
42.0
43.0
-33.0
7.0
-45.0
-22.0
50.0
-30.0
-35.0
1.0
-76.0
26.0
6.0
-109.0
26.0
-43.0
25.0
26.0
-64.0
95.0
18.0
1.0
56.0
-46.0
-13.0
42.0
-76.0
13.0
-28.0
-38.0
53.0
-20.0
2.0
11.0
-53.0
26.0
-39.0
-68.0
54.0
-68.0
-29.0
16.0
-84.0
68.0
33.0
-23.0
4.0
-34.0
-7.0
4.0
-89.0
25.0
-62.0
-43.0
29.0
-15.0
38.0
68.0
-32.0
-5.0
2.0
-38.0
18.0
-30.0
29.0
6.0
-45.0
32.0
-24.0
-22.0
26.0
10.0
-47.0
95.0
-93.0
16.0
-48.0
-46.0
27.0
-63.0
20.0
106.0
-22.0
23.0
10.0
-62.0
71.0
-33.0
65.0
105.0
-98.0
27.0
-44.0
-33.0
72.0
-8.0
6.0
53.0
-37.0
38.0
4.0
-2.0
-5.0
-29.0
-20.0
1.0
-90.0
76.0
-4.0
42.0
57.0
-15.0
-32.0
-6.0
-81.0
-21.0
-72.0
-22.0
63.0
-49.0
-14.0
52.0
-6.0
61.0
46.0
-3.0
67.0
3.0
26.0
43.0
25.0
44.0
61.0
-32.0
73.0
-41.0
42.0
67.0
-34.0
-14.0
-59.0
-95.0
-24.0
-119.0
-41.0
-55.0
-108.0
41.0
12.0
-34.0
57.0
-62.0
-70.0
-18.0
-107.0
-61.0
-75.0
-121.0
-81.0
-161.0
-88.0
-67.0
-3.0
5.0
-5.0
-58.0
-45.0
-88.0
-76.0
-59.0
-133.0
-26.0
-40.0
-109.0
-13.0
-76.0
-73.0
-35.0
-98.0
35.0
-2.0
-60.0
59.0
-89.0
-40.0
17.0
-65.0
-15.0
-33.0
6.0
19.0
-8.0
60.0
-34.0
-77.0
-55.0
-30.0
-93.0
-31.0
-98.0
-72.0
17.0
-113.0
14.0
22.0
-69.0
10.0
-95.0
-25.0
-5.0
-125.0
7.0
-39.0
-102.0
-8.0
-83.0
-43.0
-6.0
-83.0
-50.0
-7.0
-50.0
18.0
-37.0
-29.0
-18.0
-91.0
56.0
-32.0
-76.0
32.0
-88.0
-52.0
-24.0
-80.0
64.0
-45.0
-55.0
11.0
-20.0
0.0
20.0
-55.0
-5.0
-77.0
-15.0
24.0
-32.0
-41.0
-7.0
-72.0
29.0
7.0
-45.0
34.0
-52.0
5.0
-17.0
-56.0
21.0
-34.0
-30.0
39.0
-52.0
-40.0
-40.0
-150.0
-11.0
-60.0
-72.0
32.0
-52.0
8.0
-12.0
-52.0
17.0
-48.0
-49.0
59.0
-114.0
-74.0
14.0
-88.0
-44.0
-30.0
-131.0
23.0
-22.0
-55.0
35.0
-107.0
-18.0
-49.0
-110.0
2.0
-96.0
-51.0
-4.0
-76.0
-9.0
-8.0
-86.0
-12.0
-91.0
-57.0
2.0
-74.0
-13.0
-8.0
-41.0
15.0
-100.0
-31.0
12.0
-106.0
42.0
-7.0
-39.0
77.0
-30.0
3.0
28.0
-31.0
-5.0
-28.0
-53.0
23.0
-60.0
-82.0
44.0
-76.0
22.0
-5.0
1.0
53.0
-79.0
-16.0
33.0
-49.0
22.0
-34.0
-35.0
25.0
-92.0
-10.0
21.0
-14.0
36.0
7.0
-21.0
77.0
21.0
11.0
1.0
-51.0
10.0
-78.0
-71.0
14.0
-45.0
-59.0
-13.0
-62.0
20.0
-5.0
-40.0
83.0
-61.0
-12.0
1.0
-56.0
22.0
5.0
-65.0
7.0
-65.0
-16.0
7.0
-60.0
58.0
16.0
-48.0
20.0
-29.0
16.0
-16.0
-37.0
-48.0
-33.0
-38.0
43.0
-50.0
1.0
56.0
-51.0
14.0
46.0
15.0
96.0
-25.0
57.0
64.0
-40.0
74.0
-25.0
37.0
2.0
-33.0
-50.0
30.0
-36.0
14.0
-5.0
-37.0
41.0
-6.0
-14.0
30.0
-100.0
-11.0
-3.0
-74.0
58.0
-72.0
-30.0
-17.0
-13.0
71.0
-4.0
-51.0
11.0
-34.0
-50.0
35.0
-110.0
-23.0
-49.0
-73.0
-1.0
-43.0
-10.0
-16.0
-85.0
30.0
1.0
-80.0
-33.0
-102.0
-36.0
-41.0
-109.0
-21.0
-49.0
-70.0
-2.0
-88.0
-81.0
-52.0
-145.0
-92.0
-101.0
-99.0
-84.0
-78.0
-83.0
-33.0
-86.0
-49.0
-27.0
-90.0
71.0
-73.0
-25.0
-24.0
-74.0
-7.0
-32.0
-61.0
49.0
-66.0
8.0
73.0
-93.0
22.0
-32.0
-84.0
70.0
-60.0
1.0
-8.0
-76.0
56.0
-6.0
-63.0
51.0
-91.0
-32.0
35.0
-56.0
31.0
3.0
-49.0
91.0
-43.0
-33.0
10.0
-41.0
6.0
-8.0
-21.0
18.0
-25.0
0.0
83.0
-33.0
59.0
13.0
-38.0
46.0
-12.0
8.0
37.0
6.0
76.0
-50.0
-58.0
39.0
-22.0
-8.0
-18.0
-64.0
61.0
33.0
-55.0
24.0
-5.0
5.0
-13.0
-57.0
6.0
30.0
22.0
55.0
-62.0
-19.0
29.0
-92.0
72.0
-27.0
-9.0
78.0
-42.0
-11.0
-8.0
-40.0
-22.0
6.0
-33.0
24.0
-44.0
-6.0
42.0
-105.0
14.0
-7.0
-53.0
-22.0
-14.0
-16.0
30.0
5.0
25.0
-12.0
-61.0
23.0
-86.0
-19.0
-55.0
-76.0
-7.0
-37.0
-22.0
31.0
-39.0
-33.0
-3.0
-49.0
-10.0
-29.0
-57.0
33.0
-78.0
1.0
29.0
-18.0
21.0
-34.0
-15.0
73.0
-35.0
-10.0
61.0
-49.0
44.0
8.0
-30.0
54.0
-40.0
17.0
76.0
-25.0
61.0
19.0
-23.0
52.0
-36.0
15.0
51.0
-8.0
62.0
-9.0
-19.0
54.0
-25.0
-57.0
8.0
-61.0
24.0
-70.0
-58.0
3.0
-11.0
13.0
41.0
-35.0
33.0
31.0
-50.0
36.0
-44.0
-10.0
48.0
-32.0
24.0
36.0
-13.0
116.0
31.0
14.0
59.0
-42.0
29.0
8.0
-66.0
68.0
-48.0
16.0
50.0
-43.0
50.0
2.0
-27.0
55.0
-68.0
54.0
-4.0
-82.0
20.0
12.0
-50.0
-6.0
-7.0
-16.0
37.0
-44.0
81.0
6.0
-27.0
52.0
0.0
-7.0
8.0
-85.0
29.0
23.0
-59.0
7.0
26.0
25.0
86.0
-27.0
11.0
-3.0
-7.0
93.0
41.0
43.0
128.0
-111.0
27.0
-1.0
-44.0
19.0
-21.0
37.0
28.0
-61.0
26.0
16.0
-23.0
43.0
-29.0
40.0
22.0
-74.0
-20.0
-12.0
-53.0
38.0
3.0
81.0
55.0
-33.0
15.0
42.0
-70.0
49.0
-57.0
-30.0
-22.0
-12.0
46.0
35.0
56.0
89.0
34.0
73.0
22.0
6.0
70.0
26.0
-7.0
48.0
-59.0
52.0
61.0
-37.0
114.0
35.0
-2.0
120.0
28.0
4.0
83.0
16.0
65.0
5.0
-13.0
89.0
37.0
62.0
54.0
-31.0
57.0
51.0
21.0
73.0
-31.0
63.0
92.0
-18.0
88.0
45.0
-6.0
103.0
-5.0
62.0
30.0
-4.0
98.0
7.0
27.0
53.0
4.0
70.0
119.0
4.0
95.0
69.0
31.0
98.0
34.0
51.0
93.0
-55.0
105.0
72.0
-34.0
112.0
4.0
34.0
135.0
-26.0
50.0
62.0
-59.0
63.0
-29.0
15.0
82.0
1.0
70.0
23.0
-54.0
93.0
-39.0
5.0
41.0
-16.0
-39.0
10.0
-49.0
43.0
-24.0
-63.0
40.0
-86.0
56.0
33.0
-39.0
73.0
8.0
-46.0
23.0
-54.0
32.0
-15.0
-69.0
-10.0
-68.0
-31.0
17.0
-139.0
21.0
-17.0
-59.0
15.0
-83.0
-73.0
5.0
-109.0
-1.0
22.0
-56.0
-6.0
-56.0
-67.0
-12.0
-26.0
7.0
-2.0
-75.0
40.0
-20.0
-16.0
14.0
-80.0
-2.0
-22.0
-51.0
59.0
-39.0
21.0
60.0
9.0
27.0
51.0
-46.0
26.0
-5.0
34.0
49.0
-11.0
45.0
12.0
-62.0
43.0
19.0
53.0
84.0
10.0
72.0
80.0
34.0
55.0
-8.0
-9.0
41.0
-45.0
36.0
-7.0
4.0
39.0
-56.0
48.0
31.0
-48.0
91.0
50.0
-1.0
76.0
6.0
40.0
53.0
-59.0
39.0
44.0
-7.0
87.0
-32.0
21.0
58.0
-22.0
83.0
85.0
32.0
73.0
33.0
30.0
73.0
70.0
63.0
107.0
32.0
83.0
-35.0
72.0
76.0
-31.0
80.0
-1.0
-26.0
134.0
12.0
39.0
78.0
73.0
97.0
79.0
25.0
93.0
33.0
32.0
102.0
-19.0
35.0
68.0
-39.0
97.0
46.0
35.0
50.0
53.0
63.0
18.0
-25.0
29.0
-17.0
-16.0
64.0
12.0
96.0
76.0
24.0
42.0
67.0
-8.0
62.0
-62.0
41.0
-10.0
-17.0
29.0
-29.0
4.0
106.0
-11.0
99.0
66.0
108.0
95.0
19.0
8.0
80.0
-60.0
66.0
4.0
-30.0
100.0
-15.0
49.0
108.0
-69.0
98.0
27.0
31.0
130.0
87.0
72.0
83.0
60.0
59.0
46.0
18.0
111.0
1.0
21.0
50.0
-13.0
49.0
6.0
28.0
74.0
7.0
-1.0
81.0
9.0
8.0
19.0
-20.0
105.0
-2.0
46.0
63.0
30.0
113.0
90.0
47.0
162.0
26.0
72.0
138.0
45.0
127.0
97.0
56.0
140.0
96.0
146.0
195.0
122.0
171.0
168.0
100.0
211.0
120.0
77.0
109.0
72.0
169.0
75.0
91.0
141.0
31.0
73.0
121.0
12.0
89.0
69.0
16.0
58.0
-41.0
-24.0
50.0
-78.0
81.0
35.0
12.0
95.0
27.0
1.0
32.0
-70.0
9.0
-56.0
-93.0
21.0
-55.0
41.0
-32.0
-48.0
45.0
-69.0
-85.0
23.0
-43.0
-45.0
9.0
-84.0
-37.0
-51.0
-101.0
23.0
-125.0
-56.0
-17.0
-118.0
-2.0
-52.0
-96.0
-28.0
-53.0
-96.0
-79.0
-154.0
-1.0
-26.0
-76.0
40.0
-117.0
33.0
-1.0
-72.0
-56.0
-15.0
-88.0
-4.0
-62.0
-67.0
44.0
-79.0
2.0
15.0
-91.0
-3.0
-74.0
-53.0
-21.0
-119.0
-58.0
-21.0
-113.0
5.0
-54.0
12.0
8.0
-106.0
-39.0
-45.0
-48.0
85.0
35.0
-44.0
39.0
-6.0
118.0
88.0
8.0
72.0
-9.0
23.0
71.0
-48.0
36.0
1.0
-70.0
35.0
-46.0
-25.0
-1.0
-86.0
-16.0
-39.0
-81.0
-87.0
-111.0
-63.0
-68.0
-91.0
-17.0
-2.0
-90.0
-89.0
-109.0
-64.0
-42.0
-98.0
-86.0
-83.0
-65.0
-21.0
-99.0
-42.0
-24.0
-123.0
-31.0
-50.0
-84.0
4.0
-31.0
-65.0
-15.0
-131.0
-48.0
-68.0
-81.0
-22.0
-77.0
-122.0
-108.0
-125.0
-34.0
-33.0
-69.0
21.0
-78.0
-16.0
-14.0
-101.0
-17.0
-44.0
-90.0
26.0
-25.0
-10.0
51.0
21.0
89.0
48.0
-29.0
87.0
43.0
57.0
78.0
-23.0
48.0
-10.0
-34.0
62.0
10.0
-62.0
39.0
-70.0
21.0
-35.0
-109.0
9.0
-86.0
-12.0
36.0
-70.0
8.0
-59.0
-95.0
36.0
-90.0
-102.0
-5.0
-86.0
-84.0
-46.0
-125.0
-6.0
-86.0
-68.0
-14.0
-67.0
34.0
-39.0
-97.0
-25.0
-68.0
-90.0
23.0
-41.0
-49.0
-3.0
-98.0
64.0
-100.0
-42.0
-51.0
-77.0
-62.0
23.0
-95.0
7.0
-14.0
-69.0
16.0
-109.0
5.0
-41.0
-55.0
-11.0
-84.0
-55.0
-24.0
-113.0
14.0
-33.0
-79.0
37.0
-101.0
-102.0
-42.0
-72.0
1.0
-40.0
-94.0
-28.0
-86.0
-40.0
-6.0
-116.0
-27.0
-61.0
-96.0
-45.0
-150.0
-116.0
-29.0
-109.0
-73.0
-49.0
-72.0
21.0
-81.0
-86.0
-17.0
-124.0
-5.0
-39.0
-128.0
0.0
-117.0
-17.0
18.0
-80.0
-64.0
-52.0
-149.0
-60.0
-127.0
-119.0
21.0
-126.0
-62.0
-92.0
-120.0
36.0
-56.0
-44.0
-10.0
-138.0
-62.0
-46.0
-144.0
-44.0
-112.0
-43.0
33.0
-50.0
-15.0
-48.0
-98.0
26.0
-139.0
-90.0
-77.0
-99.0
-56.0
-80.0
-92.0
-24.0
-76.0
-75.0
-3.0
-46.0
-62.0
-76.0
-107.0
-49.0
-69.0
-46.0
-19.0
-53.0
-9.0
-12.0
-48.0
-10.0
-25.0
-80.0
-12.0
-76.0
-50.0
0.0
-121.0
-13.0
-61.0
-116.0
39.0
-47.0
25.0
6.0
-49.0
44.0
-33.0
-65.0
29.0
-117.0
-1.0
-13.0
-42.0
5.0
-93.0
-55.0
40.0
-106.0
-3.0
69.0
-65.0
25.0
-106.0
-43.0
5.0
-55.0
23.0
-1.0
-63.0
37.0
40.0
44.0
54.0
-43.0
12.0
-29.0
-41.0
-15.0
-97.0
-111.0
31.0
-51.0
31.0
5.0
-41.0
38.0
-68.0
-73.0
-27.0
-115.0
-39.0
-22.0
-101.0
13.0
-60.0
-34.0
25.0
-93.0
17.0
-11.0
-51.0
3.0
-82.0
-80.0
35.0
-53.0
30.0
58.0
-29.0
83.0
-14.0
-46.0
11.0
-87.0
5.0
-56.0
-95.0
-3.0
-9.0
-14.0
69.0
-29.0
30.0
1.0
-32.0
28.0
-58.0
-53.0
15.0
-74.0
7.0
-10.0
-15.0
38.0
15.0
22.0
42.0
-93.0
-15.0
2.0
-99.0
42.0
-50.0
-12.0
32.0
-82.0
53.0
-3.0
-6.0
-2.0
-50.0
-77.0
31.0
-60.0
-15.0
5.0
-61.0
31.0
-32.0
-18.0
58.0
-40.0
-1.0
4.0
-54.0
3.0
-41.0
-66.0
-5.0
-43.0
-2.0
-2.0
-31.0
24.0
-15.0
23.0
34.0
-63.0
-33.0
18.0
-100.0
23.0
-25.0
-55.0
43.0
-70.0
12.0
1.0
-12.0
-7.0
-49.0
-67.0
40.0
-98.0
-39.0
-38.0
-115.0
21.0
-22.0
-25.0
-27.0
-32.0
50.0
22.0
-73.0
33.0
-108.0
-64.0
-32.0
-114.0
0.0
28.0
16.0
97.0
5.0
70.0
137.0
31.0
99.0
120.0
-3.0
98.0
-1.0
48.0
138.0
51.0
106.0
133.0
39.0
105.0
-4.0
-31.0
78.0
-64.0
64.0
24.0
-52.0
16.0
-7.0
-62.0
54.0
1.0
10.0
14.0
-71.0
48.0
-96.0
-36.0
-22.0
-71.0
-30.0
-33.0
-35.0
-3.0
-27.0
-17.0
131.0
-21.0
62.0
29.0
-36.0
39.0
-82.0
-95.0
-32.0
-119.0
-17.0
17.0
-40.0
39.0
-26.0
-45.0
61.0
-1.0
61.0
-8.0
-61.0
23.0
-105.0
-140.0
-67.0
-149.0
-84.0
-55.0
-75.0
14.0
-65.0
-120.0
25.0
-139.0
-90.0
-54.0
-132.0
-51.0
-84.0
-87.0
18.0
-87.0
20.0
-42.0
-41.0
24.0
-91.0
-67.0
-20.0
-11.0
5.0
25.0
-31.0
22.0
-2.0
-81.0
53.0
-55.0
33.0
-29.0
-43.0
64.0
-12.0
23.0
44.0
-114.0
5.0
-9.0
-22.0
35.0
-49.0
-73.0
23.0
-63.0
1.0
12.0
-73.0
17.0
-40.0
-79.0
-6.0
-93.0
-8.0
17.0
-41.0
94.0
-30.0
4.0
109.0
36.0
72.0
26.0
-40.0
60.0
4.0
-48.0
28.0
-35.0
-10.0
34.0
-64.0
23.0
-68.0
-60.0
37.0
-43.0
61.0
-8.0
-53.0
34.0
-36.0
-67.0
7.0
-66.0
-30.0
-3.0
-93.0
71.0
-25.0
-40.0
16.0
-98.0
-2.0
-38.0
-69.0
48.0
-34.0
14.0
14.0
-12.0
22.0
-12.0
-33.0
18.0
-50.0
-31.0
12.0
-38.0
7.0
5.0
-69.0
49.0
11.0
-3.0
78.0
-32.0
40.0
-53.0
-30.0
29.0
-28.0
18.0
41.0
-73.0
38.0
-11.0
-30.0
72.0
-7.0
82.0
15.0
-75.0
-1.0
-42.0
-24.0
39.0
-31.0
12.0
26.0
-20.0
5.0
33.0
-3.0
30.0
-59.0
-39.0
75.0
-84.0
-10.0
-20.0
20.0
32.0
-2.0
-29.0
64.0
-53.0
-13.0
14.0
-35.0
78.0
-14.0
22.0
62.0
-33.0
58.0
2.0
-19.0
40.0
-15.0
-27.0
34.0
-56.0
33.0
73.0
-79.0
62.0
31.0
-20.0
47.0
6.0
33.0
25.0
-36.0
-8.0
-2.0
8.0
49.0
-46.0
100.0
61.0
11.0
106.0
13.0
-17.0
39.0
-11.0
30.0
7.0
-49.0
8.0
-26.0
10.0
47.0
-25.0
68.0
36.0
-40.0
68.0
-5.0
-20.0
19.0
-48.0
-14.0
22.0
-41.0
64.0
13.0
68.0
56.0
-34.0
120.0
29.0
1.0
96.0
-44.0
24.0
18.0
-26.0
58.0
42.0
-46.0
60.0
5.0
-11.0
50.0
-46.0
30.0
10.0
-32.0
97.0
9.0
-41.0
47.0
-56.0
31.0
36.0
14.0
57.0
18.0
-4.0
10.0
-84.0
-1.0
23.0
-8.0
47.0
10.0
-10.0
95.0
-42.0
50.0
13.0
-59.0
52.0
70.0
6.0
29.0
-17.0
30.0
64.0
35.0
99.0
3.0
68.0
70.0
10.0
22.0
159.0
-95.0
20.0
-3.0
0.0
90.0
-88.0
45.0
42.0
-20.0
105.0
42.0
21.0
92.0
28.0
36.0
4.0
-59.0
23.0
-5.0
-62.0
41.0
-49.0
56.0
-2.0
13.0
113.0
40.0
78.0
157.0
92.0
96.0
79.0
-18.0
42.0
21.0
3.0
90.0
33.0
22.0
48.0
23.0
155.0
11.0
39.0
118.0
-21.0
24.0
80.0
-70.0
30.0
34.0
27.0
24.0
-26.0
-24.0
35.0
-25.0
95.0
40.0
13.0
118.0
-44.0
38.0
79.0
-36.0
60.0
8.0
-23.0
37.0
-53.0
31.0
-9.0
-60.0
57.0
51.0
27.0
97.0
56.0
79.0
57.0
-36.0
34.0
-3.0
-43.0
71.0
-2.0
-7.0
31.0
-36.0
70.0
64.0
22.0
107.0
-15.0
39.0
70.0
3.0
79.0
42.0
29.0
77.0
7.0
56.0
57.0
-6.0
44.0
41.0
20.0
83.0
-5.0
58.0
35.0
45.0
73.0
46.0
69.0
58.0
-43.0
78.0
41.0
-10.0
83.0
-18.0
-22.0
51.0
-17.0
44.0
70.0
-32.0
83.0
10.0
1.0
49.0
-13.0
44.0
116.0
-25.0
68.0
50.0
23.0
102.0
14.0
74.0
83.0
29.0
127.0
37.0
12.0
96.0
3.0
74.0
68.0
2.0
122.0
76.0
29.0
100.0
4.0
49.0
66.0
17.0
119.0
39.0
28.0
43.0
18.0
102.0
97.0
-51.0
88.0
31.0
55.0
156.0
0.0
68.0
74.0
-11.0
67.0
4.0
8.0
48.0
7.0
40.0
13.0
3.0
93.0
-29.0
56.0
61.0
33.0
56.0
55.0
-8.0
80.0
3.0
30.0
80.0
-11.0
42.0
80.0
15.0
56.0
51.0
-24.0
69.0
19.0
31.0
5.0
-3.0
45.0
-22.0
-11.0
43.0
-17.0
56.0
9.0
-26.0
-8.0
30.0
-46.0
65.0
23.0
-2.0
58.0
-15.0
115.0
32.0
2.0
61.0
-18.0
20.0
51.0
-79.0
65.0
-10.0
-60.0
67.0
-29.0
17.0
22.0
-46.0
3.0
-20.0
-56.0
14.0
-115.0
25.0
6.0
-93.0
20.0
27.0
-79.0
59.0
-33.0
7.0
-35.0
-56.0
30.0
16.0
-46.0
26.0
-55.0
0.0
-16.0
-86.0
50.0
-25.0
-42.0
23.0
10.0
-63.0
51.0
-52.0
54.0
4.0
-87.0
43.0
-45.0
54.0
77.0
4.0
82.0
18.0
18.0
37.0
-5.0
16.0
29.0
-37.0
0.0
26.0
46.0
8.0
-23.0
5.0
76.0
-65.0
13.0
-19.0
-32.0
23.0
-67.0
8.0
29.0
-18.0
65.0
-33.0
-38.0
18.0
-92.0
-32.0
-20.0
-64.0
38.0
-27.0
-12.0
39.0
-37.0
16.0
-7.0
-44.0
24.0
-54.0
-23.0
-8.0
-43.0
14.0
21.0
-36.0
37.0
-23.0
-25.0
83.0
-79.0
38.0
24.0
-23.0
78.0
-52.0
-7.0
66.0
-19.0
9.0
69.0
-55.0
2.0
-28.0
-29.0
42.0
40.0
36.0
95.0
61.0
59.0
77.0
-81.0
36.0
-12.0
-1.0
1.0
-13.0
42.0
32.0
68.0
63.0
-13.0
27.0
-13.0
-11.0
39.0
-39.0
-72.0
65.0
-53.0
40.0
65.0
-22.0
45.0
-1.0
-11.0
26.0
-14.0
-10.0
-20.0
-66.0
33.0
-24.0
-21.0
54.0
-12.0
18.0
96.0
-47.0
58.0
14.0
-35.0
21.0
-80.0
9.0
-15.0
-14.0
50.0
49.0
18.0
144.0
4.0
28.0
39.0
-30.0
-3.0
-14.0
-48.0
25.0
2.0
2.0
74.0
-8.0
39.0
6.0
-16.0
26.0
-78.0
-4.0
-17.0
-107.0
4.0
-2.0
-39.0
22.0
-23.0
22.0
11.0
29.0
49.0
-7.0
-67.0
33.0
-116.0
-16.0
29.0
-82.0
17.0
-19.0
-10.0
43.0
-33.0
48.0
38.0
7.0
91.0
103.0
68.0
108.0
81.0
164.0
147.0
71.0
176.0
84.0
91.0
161.0
86.0
121.0
180.0
63.0
173.0
129.0
113.0
222.0
164.0
173.0
132.0
112.0
166.0
121.0
142.0
186.0
110.0
149.0
172.0
148.0
204.0
117.0
101.0
148.0
101.0
162.0
210.0
116.0
193.0
149.0
106.0
137.0
11.0
37.0
107.0
-2.0
70.0
22.0
2.0
106.0
-37.0
34.0
-10.0
-150.0
-8.0
-79.0
-103.0
-39.0
-160.0
-128.0
-31.0
-90.0
-28.0
-90.0
-108.0
-27.0
-125.0
-158.0
-120.0
-171.0
-95.0
-137.0
-109.0
-33.0
-83.0
-87.0
-72.0
-121.0
-25.0
-107.0
-96.0
-48.0
-172.0
-91.0
-142.0
-218.0
-98.0
-124.0
-133.0
-53.0
-126.0
-100.0
-104.0
-110.0
-105.0
-134.0
-140.0
-128.0
-190.0
-131.0
-119.0
-196.0
-80.0
-103.0
-116.0
37.0
-117.0
-78.0
-37.0
-109.0
-44.0
-71.0
-135.0
-40.0
-147.0
-85.0
-78.0
-117.0
-51.0
-81.0
-68.0
-31.0
-125.0
-37.0
-52.0
-136.0
-15.0
-51.0
-117.0
-26.0
-102.0
-72.0
-51.0
-135.0
-43.0
-103.0
-90.0
-51.0
-108.0
-43.0
-25.0
-79.0
19.0
-42.0
-20.0
0.0
-151.0
-73.0
-70.0
-157.0
-28.0
-68.0
-82.0
3.0
-73.0
7.0
14.0
-65.0
42.0
-141.0
-96.0
-54.0
-119.0
-59.0
0.0
-116.0
-20.0
-68.0
-49.0
-10.0
-51.0
-88.0
-98.0
-206.0
-77.0
-83.0
-159.0
-60.0
-92.0
-25.0
-26.0
-143.0
56.0
-70.0
-63.0
-51.0
-158.0
-123.0
-80.0
-188.0
-69.0
-104.0
-18.0
68.0
-9.0
88.0
161.0
-20.0
103.0
21.0
-82.0
26.0
-116.0
-33.0
-63.0
-119.0
8.0
-15.0
-86.0
-6.0
-16.0
-8.0
-48.0
-135.0
-72.0
-124.0
-167.0
-61.0
-217.0
-118.0
-42.0
-140.0
-37.0
-90.0
-89.0
-83.0
-96.0
-123.0
-70.0
-213.0
-128.0
-122.0
-164.0
-29.0
-138.0
-111.0
-25.0
-121.0
-12.0
-119.0
-119.0
-87.0
-202.0
-128.0
-147.0
-167.0
-83.0
-177.0
-158.0
-37.0
-155.0
-48.0
-90.0
-159.0
-74.0
-134.0
-194.0
-73.0
-177.0
-150.0
-148.0
-161.0
-64.0
-108.0
-154.0
-37.0
-105.0
-89.0
-53.0
-150.0
-96.0
-123.0
-141.0
-90.0
-150.0
-79.0
-143.0
-149.0
-64.0
-142.0
-154.0
-83.0
-191.0
-123.0
-103.0
-174.0
-133.0
-157.0
-194.0
-111.0
-202.0
-108.0
-144.0
-187.0
-170.0
-137.0
-234.0
-133.0
-212.0
-178.0
-129.0
-193.0
-97.0
-133.0
-173.0
-131.0
-153.0
-110.0
-86.0
-186.0
-73.0
-190.0
-131.0
-98.0
-184.0
-113.0
-102.0
-237.0
-135.0
-159.0
-178.0
-143.0
-152.0
-93.0
-121.0
-202.0
-89.0
-145.0
-185.0
-75.0
-172.0
-92.0
-60.0
-178.0
-58.0
-143.0
-224.0
-25.0
-152.0
-100.0
-95.0
-203.0
-70.0
-168.0
-150.0
-46.0
-206.0
-169.0
-100.0
-220.0
-105.0
-121.0
-165.0
-111.0
-197.0
-150.0
-128.0
-177.0
-117.0
-128.0
-194.0
-124.0
-168.0
-130.0
-139.0
-129.0
-90.0
-129.0
-132.0
-93.0
-164.0
-84.0
-84.0
-150.0
-52.0
-102.0
-147.0
-52.0
-127.0
-125.0
-77.0
-182.0
-73.0
-220.0
-154.0
-102.0
-180.0
-90.0
-84.0
-93.0
-76.0
-136.0
-115.0
-50.0
-154.0
-86.0
-116.0
-186.0
-113.0
-61.0
-74.0
26.0
-117.0
-49.0
-86.0
-207.0
-117.0
-74.0
-125.0
-54.0
-103.0
40.0
-17.0
-64.0
-1.0
-94.0
-95.0
-39.0
-133.0
-93.0
-53.0
-146.0
-6.0
-29.0
-83.0
-31.0
-68.0
-45.0
-7.0
-59.0
-52.0
-30.0
-97.0
20.0
-95.0
-88.0
7.0
-62.0
-53.0
-36.0
-124.0
-57.0
-138.0
-168.0
-56.0
-150.0
-101.0
-65.0
-129.0
-52.0
-124.0
-107.0
-114.0
-152.0
-84.0
-145.0
-157.0
-82.0
-206.0
-131.0
-111.0
-182.0
-156.0
-196.0
-159.0
-89.0
-105.0
-96.0
-55.0
-143.0
-61.0
-111.0
-146.0
-142.0
-209.0
-145.0
-148.0
-183.0
-128.0
-95.0
-202.0
-119.0
-131.0
-77.0
-46.0
-142.0
-93.0
-61.0
-147.0
-93.0
-176.0
-33.0
-112.0
-127.0
-85.0
-53.0
-157.0
-100.0
-159.0
-115.0
-86.0
-205.0
-119.0
-138.0
-205.0
-76.0
-177.0
-81.0
-144.0
-159.0
-82.0
-107.0
-100.0
-140.0
-143.0
-137.0
-98.0
-184.0
-87.0
-146.0
-192.0
-57.0
-155.0
-96.0
-111.0
-153.0
-54.0
-159.0
-125.0
-85.0
-115.0
-108.0
-137.0
-175.0
-100.0
-182.0
-150.0
-98.0
-179.0
-120.0
-117.0
-197.0
-51.0
-58.0
-129.0
-58.0
-153.0
-111.0
-93.0
-139.0
-99.0
-155.0
-140.0
-49.0
-128.0
-65.0
-52.0
-124.0
-113.0
-58.0
-117.0
-10.0
-106.0
-61.0
-73.0
-107.0
-28.0
-88.0
-82.0
-55.0
-166.0
-135.0
-58.0
-142.0
-105.0
-111.0
-139.0
-39.0
-93.0
-97.0
-34.0
-108.0
-4.0
-134.0
-135.0
-81.0
-185.0
-62.0
-120.0
-124.0
-56.0
-67.0
-91.0
-30.0
-142.0
-117.0
-61.0
-210.0
-60.0
-123.0
-107.0
-78.0
-133.0
-149.0
-57.0
-142.0
-63.0
-231.0
-122.0
-114.0
-143.0
-89.0
-95.0
-134.0
-34.0
-135.0
-124.0
-47.0
-115.0
-59.0
-81.0
-156.0
-15.0
-134.0
-103.0
-25.0
-146.0
-95.0
-54.0
-97.0
-51.0
-108.0
-110.0
-24.0
-179.0
-64.0
-67.0
-150.0
-8.0
-103.0
-122.0
-31.0
-62.0
-21.0
-59.0
-53.0
-39.0
-100.0
-108.0
-23.0
-96.0
-111.0
-52.0
-131.0
-58.0
-94.0
-129.0
-80.0
-87.0
-145.0
-59.0
-133.0
-8.0
-117.0
-158.0
-76.0
-132.0
-74.0
-63.0
-132.0
-70.0
-102.0
-167.0
3.0
-127.0
-92.0
-83.0
-154.0
-98.0
-121.0
-140.0
-35.0
-138.0
-120.0
-81.0
-156.0
-55.0
-165.0
-146.0
-44.0
-196.0
-93.0
-117.0
-127.0
-78.0
-108.0
-109.0
-95.0
-130.0
-82.0
-71.0
-145.0
-89.0
-92.0
-159.0
-41.0
-200.0
-53.0
-108.0
-146.0
-44.0
-114.0
-84.0
-32.0
-165.0
-87.0
-116.0
-116.0
-46.0
-107.0
-133.0
-24.0
-126.0
-124.0
-61.0
-90.0
-53.0
-126.0
-177.0
-41.0
-153.0
-82.0
-93.0
-168.0
-71.0
-122.0
-153.0
-100.0
-101.0
-94.0
-97.0
-132.0
-55.0
-110.0
-122.0
-60.0
-155.0
-77.0
-34.0
-121.0
-85.0
-131.0
-136.0
-100.0
-107.0
-125.0
-81.0
-184.0
-1.0
-106.0
-107.0
-88.0
-143.0
-91.0
-74.0
-177.0
-67.0
-135.0
-112.0
-98.0
-153.0
-126.0
-76.0
-169.0
-78.0
-120.0
-135.0
-52.0
-154.0
-129.0
-82.0
-129.0
-41.0
-103.0
-120.0
-51.0
-129.0
-100.0
-88.0
-136.0
-13.0
-128.0
-67.0
6.0
-104.0
-20.0
-35.0
-157.0
18.0
-151.0
-159.0
-95.0
-186.0
-130.0
-87.0
-155.0
-54.0
-102.0
-146.0
-30.0
-111.0
-128.0
-140.0
-193.0
-69.0
-155.0
-146.0
-93.0
-203.0
-146.0
-110.0
-167.0
4.0
-152.0
-143.0
-68.0
-143.0
-129.0
-69.0
-191.0
-85.0
-137.0
-128.0
-77.0
-123.0
-80.0
-75.0
-159.0
-83.0
-78.0
-112.0
-60.0
-152.0
-132.0
-95.0
-180.0
-99.0
-103.0
-172.0
-110.0
-91.0
-75.0
-92.0
-148.0
-38.0
-72.0
-145.0
-35.0
-111.0
-92.0
-34.0
-146.0
-41.0
-85.0
-125.0
-31.0
-115.0
-36.0
-72.0
-123.0
-90.0
-111.0
-117.0
-34.0
-99.0
-18.0
5.0
-62.0
20.0
-44.0
-129.0
40.0
-137.0
-105.0
-43.0
-190.0
-82.0
-85.0
-66.0
-81.0
-124.0
-100.0
-32.0
-82.0
-30.0
-41.0
-75.0
-4.0
-122.0
6.0
-22.0
-152.0
-65.0
-125.0
-120.0
-72.0
-167.0
-54.0
-58.0
-65.0
-62.0
-103.0
-78.0
51.0
-65.0
-39.0
-46.0
-101.0
-44.0
-115.0
-147.0
-78.0
-96.0
-123.0
6.0
-95.0
-31.0
-63.0
-73.0
4.0
-65.0
-12.0
62.0
-72.0
52.0
-39.0
-46.0
37.0
-63.0
-67.0
19.0
-71.0
40.0
-10.0
-80.0
36.0
-89.0
-31.0
-11.0
-67.0
5.0
-22.0
-39.0
-11.0
-67.0
-56.0
-10.0
-79.0
23.0
-53.0
-46.0
-6.0
-50.0
3.0
13.0
-47.0
56.0
3.0
-12.0
121.0
-1.0
20.0
47.0
-110.0
53.0
-43.0
-49.0
15.0
-65.0
9.0
20.0
-50.0
48.0
-1.0
-21.0
61.0
-100.0
-14.0
34.0
-20.0
49.0
-33.0
-64.0
49.0
-100.0
-42.0
6.0
-77.0
-24.0
-18.0
-30.0
57.0
-38.0
-12.0
39.0
-4.0
40.0
-65.0
-20.0
44.0
-29.0
26.0
37.0
-45.0
31.0
27.0
-65.0
-8.0
-49.0
4.0
18.0
-70.0
10.0
6.0
-61.0
13.0
-44.0
25.0
73.0
-39.0
33.0
17.0
11.0
49.0
-53.0
-20.0
39.0
-81.0
27.0
-86.0
-15.0
-8.0
-54.0
-92.0
13.0
-81.0
48.0
-59.0
-50.0
41.0
-79.0
-78.0
-8.0
-119.0
-39.0
-59.0
-56.0
18.0
-68.0
-42.0
50.0
-47.0
31.0
-48.0
-33.0
12.0
-63.0
-56.0
5.0
-94.0
45.0
21.0
-41.0
52.0
-54.0
18.0
-6.0
-31.0
-25.0
-44.0
-88.0
89.0
-133.0
-62.0
-14.0
-61.0
39.0
-51.0
-77.0
7.0
-6.0
66.0
16.0
21.0
54.0
-78.0
-70.0
-14.0
-67.0
-65.0
0.0
-70.0
29.0
-1.0
-42.0
49.0
-5.0
22.0
25.0
-42.0
42.0
7.0
-42.0
29.0
-53.0
-6.0
-12.0
-77.0
37.0
-4.0
-56.0
85.0
-40.0
-6.0
-12.0
5.0
-13.0
-13.0
27.0
51.0
-21.0
-2.0
68.0
-31.0
49.0
-26.0
10.0
50.0
-14.0
-20.0
69.0
34.0
11.0
5.0
-16.0
74.0
-34.0
-22.0
11.0
-58.0
18.0
-7.0
-25.0
75.0
-9.0
48.0
24.0
-40.0
-9.0
15.0
14.0
6.0
-43.0
24.0
59.0
-33.0
52.0
15.0
29.0
81.0
-14.0
-41.0
12.0
-84.0
24.0
24.0
-31.0
73.0
-48.0
-3.0
-2.0
-51.0
-6.0
21.0
-66.0
31.0
-65.0
-22.0
-17.0
-49.0
36.0
-43.0
-64.0
-5.0
22.0
54.0
17.0
-29.0
4.0
6.0
-28.0
53.0
-71.0
-68.0
10.0
-29.0
18.0
15.0
-14.0
63.0
-73.0
-56.0
18.0
-92.0
-15.0
-65.0
-73.0
14.0
-83.0
-12.0
72.0
-2.0
97.0
70.0
9.0
59.0
-34.0
-21.0
-53.0
-43.0
35.0
-30.0
-31.0
33.0
-70.0
-7.0
70.0
-12.0
57.0
-11.0
-37.0
62.0
-49.0
-7.0
-6.0
-42.0
79.0
-13.0
-14.0
48.0
-7.0
50.0
39.0
15.0
79.0
63.0
23.0
115.0
68.0
8.0
78.0
-63.0
28.0
1.0
-59.0
41.0
-35.0
1.0
29.0
-30.0
50.0
10.0
1.0
105.0
81.0
45.0
45.0
-34.0
18.0
-22.0
-40.0
54.0
-53.0
46.0
84.0
19.0
114.0
78.0
-4.0
82.0
-33.0
51.0
65.0
-42.0
25.0
-1.0
-15.0
54.0
0.0
-18.0
144.0
-22.0
82.0
73.0
27.0
173.0
52.0
166.0
177.0
27.0
126.0
101.0
26.0
109.0
18.0
78.0
115.0
37.0
144.0
9.0
-29.0
92.0
-12.0
37.0
3.0
-64.0
30.0
-13.0
-71.0
46.0
-15.0
2.0
-14.0
-62.0
7.0
-31.0
-21.0
8.0
-43.0
-76.0
-28.0
-119.0
-46.0
-50.0
6.0
67.0
-2.0
22.0
110.0
56.0
88.0
12.0
-28.0
49.0
-33.0
-56.0
15.0
5.0
63.0
-34.0
22.0
49.0
1.0
36.0
37.0
-34.0
50.0
-60.0
-76.0
-20.0
-93.0
-88.0
16.0
-127.0
26.0
-15.0
-83.0
40.0
-94.0
-45.0
-37.0
-153.0
3.0
-79.0
-62.0
-30.0
-50.0
-20.0
2.0
-29.0
-1.0
-39.0
-115.0
15.0
-136.0
-88.0
-40.0
-75.0
-31.0
-44.0
-65.0
-65.0
-116.0
-16.0
-23.0
-65.0
12.0
-47.0
29.0
27.0
-29.0
-27.0
-5.0
-111.0
-35.0
-11.0
-65.0
-6.0
-97.0
-35.0
29.0
-99.0
37.0
-27.0
-34.0
-21.0
-83.0
-42.0
-15.0
-132.0
-14.0
-42.0
-111.0
-17.0
-100.0
-25.0
-14.0
-78.0
2.0
-3.0
-90.0
20.0
-53.0
-31.0
25.0
-132.0
21.0
-28.0
-82.0
20.0
-107.0
-25.0
-28.0
-48.0
-11.0
-14.0
-57.0
15.0
-94.0
-51.0
-9.0
-75.0
44.0
-8.0
-60.0
46.0
-60.0
-59.0
0.0
-119.0
7.0
-30.0
-73.0
24.0
-52.0
-93.0
58.0
-96.0
67.0
-49.0
-92.0
1.0
-54.0
-24.0
-10.0
-84.0
34.0
11.0
-25.0
91.0
-41.0
-13.0
39.0
-72.0
-2.0
-40.0
-82.0
-7.0
-89.0
-50.0
-8.0
0.0
-3.0
-29.0
-17.0
33.0
-13.0
13.0
-14.0
-64.0
-41.0
-62.0
-70.0
6.0
-108.0
-18.0
1.0
-105.0
105.0
18.0
15.0
97.0
50.0
117.0
129.0
69.0
64.0
40.0
-35.0
48.0
-51.0
4.0
59.0
-3.0
32.0
4.0
32.0
83.0
-16.0
69.0
25.0
-62.0
10.0
-52.0
-57.0
-27.0
-92.0
-25.0
11.0
-14.0
78.0
-39.0
11.0
46.0
-95.0
-79.0
-13.0
-31.0
7.0
-6.0
-13.0
47.0
-38.0
-3.0
60.0
-56.0
-14.0
-59.0
-128.0
1.0
-34.0
-66.0
-9.0
-19.0
57.0
40.0
-50.0
-5.0
-13.0
-95.0
-41.0
-88.0
-5.0
-90.0
-103.0
10.0
-27.0
-10.0
48.0
-135.0
-1.0
-80.0
-121.0
33.0
-78.0
-43.0
11.0
-61.0
77.0
25.0
19.0
63.0
-42.0
-25.0
-12.0
-117.0
4.0
-69.0
-71.0
2.0
-38.0
-11.0
29.0
-33.0
26.0
35.0
-58.0
62.0
-78.0
-57.0
7.0
-92.0
-1.0
-46.0
-26.0
60.0
-32.0
-8.0
80.0
-126.0
0.0
-42.0
-30.0
-40.0
-92.0
-44.0
-22.0
-36.0
-32.0
32.0
-1.0
51.0
-43.0
-16.0
25.0
-46.0
30.0
-22.0
-63.0
-12.0
-60.0
-58.0
-3.0
-22.0
16.0
5.0
-2.0
-12.0
-97.0
-16.0
-43.0
-107.0
15.0
-63.0
-97.0
42.0
-62.0
10.0
88.0
-5.0
79.0
-10.0
-26.0
-18.0
-100.0
-33.0
-10.0
-60.0
14.0
-24.0
-15.0
39.0
-55.0
-39.0
69.0
-17.0
-33.0
-57.0
-93.0
-15.0
-45.0
12.0
55.0
-55.0
84.0
70.0
45.0
157.0
88.0
77.0
109.0
56.0
81.0
10.0
31.0
54.0
-18.0
132.0
144.0
87.0
164.0
53.0
25.0
68.0
-48.0
-30.0
-5.0
-69.0
77.0
1.0
-1.0
73.0
14.0
84.0
83.0
33.0
101.0
-45.0
16.0
63.0
-122.0
-104.0
-100.0
-94.0
45.0
-30.0
21.0
44.0
54.0
59.0
50.0
-1.0
48.0
-19.0
-35.0
9.0
-64.0
-52.0
19.0
-71.0
6.0
0.0
6.0
24.0
-6.0
52.0
-19.0
-44.0
21.0
-23.0
-44.0
24.0
-71.0
-32.0
-7.0
-54.0
31.0
-34.0
5.0
96.0
4.0
-18.0
3.0
-93.0
-13.0
-67.0
-87.0
20.0
21.0
15.0
87.0
36.0
71.0
-15.0
-39.0
44.0
-42.0
-7.0
17.0
-19.0
67.0
70.0
53.0
116.0
27.0
101.0
105.0
55.0
70.0
29.0
-54.0
-4.0
-53.0
2.0
64.0
-2.0
23.0
-17.0
-2.0
25.0
-67.0
7.0
4.0
-54.0
-11.0
-96.0
-117.0
-8.0
-11.0
2.0
37.0
-28.0
126.0
34.0
-49.0
6.0
-53.0
-23.0
-23.0
-90.0
13.0
-83.0
-27.0
55.0
12.0
7.0
62.0
-44.0
82.0
-22.0
-7.0
6.0
-89.0
7.0
18.0
-78.0
77.0
45.0
12.0
42.0
-26.0
14.0
-10.0
-74.0
-10.0
-13.0
-63.0
88.0
-100.0
-52.0
94.0
19.0
52.0
-3.0
-40.0
28.0
-58.0
-71.0
44.0
-44.0
21.0
-22.0
23.0
79.0
50.0
43.0
67.0
8.0
81.0
43.0
-20.0
65.0
-51.0
-12.0
1.0
-41.0
45.0
55.0
70.0
95.0
75.0
104.0
46.0
-39.0
62.0
-5.0
-5.0
80.0
-26.0
83.0
61.0
20.0
89.0
95.0
84.0
83.0
-27.0
42.0
102.0
-55.0
50.0
-12.0
-43.0
68.0
-37.0
2.0
68.0
4.0
137.0
-5.0
65.0
22.0
-46.0
-11.0
-13.0
-63.0
21.0
73.0
7.0
130.0
-35.0
20.0
-4.0
-57.0
0.0
-3.0
-54.0
-4.0
-23.0
15.0
-16.0
-7.0
103.0
88.0
1.0
109.0
1.0
80.0
114.0
14.0
68.0
33.0
10.0
106.0
35.0
55.0
50.0
-10.0
67.0
-22.0
34.0
82.0
3.0
48.0
143.0
-35.0
108.0
55.0
30.0
89.0
52.0
80.0
106.0
-42.0
76.0
26.0
-30.0
34.0
54.0
90.0
26.0
-10.0
69.0
35.0
-13.0
105.0
-2.0
37.0
32.0
21.0
89.0
13.0
-1.0
44.0
-36.0
18.0
40.0
-81.0
-27.0
-22.0
70.0
65.0
18.0
1.0
22.0
39.0
73.0
12.0
24.0
82.0
34.0
62.0
69.0
33.0
70.0
5.0
60.0
86.0
30.0
63.0
73.0
89.0
27.0
8.0
18.0
102.0
83.0
91.0
94.0
-18.0
125.0
108.0
56.0
156.0
59.0
100.0
96.0
19.0
114.0
116.0
76.0
145.0
52.0
116.0
102.0
98.0
112.0
135.0
64.0
163.0
69.0
109.0
90.0
3.0
93.0
29.0
18.0
124.0
7.0
110.0
80.0
72.0
87.0
82.0
52.0
135.0
21.0
31.0
70.0
1.0
99.0
64.0
35.0
87.0
36.0
81.0
93.0
-6.0
79.0
19.0
35.0
80.0
67.0
74.0
130.0
57.0
139.0
71.0
78.0
143.0
80.0
148.0
144.0
55.0
137.0
77.0
100.0
102.0
101.0
108.0
168.0
49.0
151.0
94.0
61.0
145.0
80.0
114.0
98.0
101.0
95.0
111.0
54.0
127.0
73.0
144.0
167.0
54.0
181.0
120.0
93.0
140.0
50.0
118.0
161.0
13.0
167.0
106.0
75.0
121.0
45.0
101.0
215.0
76.0
116.0
91.0
29.0
133.0
16.0
74.0
88.0
33.0
137.0
84.0
33.0
134.0
47.0
107.0
96.0
68.0
148.0
91.0
-14.0
136.0
11.0
92.0
112.0
-17.0
100.0
151.0
90.0
160.0
49.0
108.0
133.0
8.0
120.0
55.0
-24.0
81.0
60.0
76.0
128.0
74.0
72.0
47.0
72.0
135.0
60.0
110.0
151.0
60.0
172.0
83.0
37.0
150.0
95.0
49.0
126.0
53.0
149.0
147.0
82.0
186.0
59.0
100.0
136.0
67.0
152.0
71.0
55.0
140.0
62.0
99.0
109.0
68.0
103.0
58.0
20.0
118.0
64.0
103.0
78.0
33.0
95.0
91.0
44.0
84.0
58.0
27.0
131.0
64.0
146.0
95.0
45.0
162.0
72.0
93.0
97.0
14.0
139.0
124.0
65.0
137.0
61.0
106.0
181.0
56.0
148.0
114.0
136.0
251.0
127.0
158.0
205.0
99.0
154.0
141.0
91.0
171.0
99.0
110.0
169.0
98.0
199.0
201.0
159.0
225.0
143.0
183.0
246.0
199.0
268.0
197.0
188.0
241.0
131.0
201.0
246.0
173.0
238.0
178.0
131.0
168.0
130.0
208.0
182.0
60.0
220.0
92.0
134.0
168.0
-6.0
77.0
111.0
65.0
110.0
140.0
58.0
127.0
48.0
52.0
67.0
-35.0
44.0
-64.0
-34.0
46.0
-7.0
41.0
35.0
-13.0
97.0
16.0
21.0
34.0
-29.0
76.0
57.0
-16.0
67.0
8.0
8.0
68.0
21.0
116.0
133.0
-19.0
130.0
96.0
122.0
208.0
82.0
118.0
109.0
56.0
142.0
58.0
44.0
130.0
10.0
-2.0
70.0
-92.0
82.0
25.0
48.0
56.0
5.0
17.0
25.0
-11.0
74.0
44.0
4.0
59.0
-64.0
-3.0
5.0
-61.0
46.0
-72.0
-27.0
48.0
-92.0
-1.0
-5.0
-53.0
45.0
-19.0
-47.0
100.0
-100.0
-39.0
82.0
-70.0
39.0
-9.0
-24.0
93.0
-16.0
18.0
32.0
-24.0
54.0
59.0
-36.0
92.0
-3.0
59.0
58.0
-35.0
53.0
49.0
-30.0
50.0
-73.0
16.0
52.0
-69.0
39.0
-13.0
-10.0
50.0
-37.0
-8.0
54.0
-17.0
75.0
-22.0
24.0
12.0
-42.0
16.0
-26.0
-12.0
24.0
11.0
4.0
98.0
45.0
45.0
13.0
-75.0
61.0
-59.0
-35.0
45.0
-16.0
-31.0
54.0
-44.0
13.0
55.0
-31.0
59.0
-47.0
24.0
47.0
-50.0
15.0
-24.0
-53.0
34.0
-60.0
15.0
17.0
-6.0
103.0
46.0
-17.0
59.0
-52.0
93.0
78.0
-68.0
24.0
8.0
-48.0
47.0
-21.0
78.0
62.0
5.0
105.0
8.0
66.0
50.0
20.0
40.0
59.0
-27.0
110.0
11.0
-12.0
88.0
-53.0
-30.0
39.0
-60.0
81.0
12.0
6.0
20.0
-37.0
-2.0
102.0
18.0
20.0
12.0
-52.0
45.0
-43.0
48.0
58.0
-4.0
62.0
81.0
29.0
119.0
-33.0
32.0
71.0
-107.0
86.0
47.0
-7.0
63.0
-15.0
2.0
24.0
-29.0
10.0
-19.0
-37.0
-1.0
-75.0
-11.0
82.0
-74.0
26.0
-17.0
-30.0
26.0
-78.0
-29.0
87.0
-67.0
83.0
-38.0
-22.0
40.0
-63.0
-2.0
-19.0
-72.0
3.0
-12.0
-39.0
0.0
-10.0
-37.0
70.0
-30.0
76.0
29.0
-45.0
62.0
-63.0
3.0
-18.0
-69.0
84.0
39.0
-25.0
15.0
-58.0
26.0
43.0
-53.0
87.0
9.0
-9.0
30.0
5.0
40.0
10.0
-14.0
9.0
26.0
28.0
115.0
26.0
61.0
43.0
-2.0
51.0
67.0
1.0
82.0
-56.0
41.0
56.0
-17.0
8.0
83.0
13.0
116.0
-3.0
19.0
87.0
-11.0
100.0
-2.0
8.0
35.0
35.0
22.0
37.0
-44.0
48.0
-52.0
-11.0
88.0
48.0
65.0
64.0
-7.0
72.0
39.0
28.0
96.0
5.0
83.0
31.0
-10.0
67.0
4.0
-16.0
49.0
-35.0
-5.0
16.0
-56.0
21.0
-18.0
-38.0
67.0
-27.0
57.0
20.0
-48.0
71.0
-56.0
-48.0
36.0
9.0
-42.0
33.0
-53.0
75.0
-35.0
15.0
46.0
-12.0
50.0
11.0
-41.0
60.0
44.0
-24.0
95.0
16.0
92.0
149.0
38.0
149.0
107.0
79.0
196.0
83.0
142.0
180.0
98.0
183.0
80.0
82.0
129.0
62.0
49.0
114.0
15.0
102.0
89.0
7.0
40.0
12.0
1.0
39.0
42.0
86.0
42.0
-33.0
74.0
-16.0
5.0
30.0
-76.0
4.0
-49.0
-10.0
47.0
6.0
44.0
6.0
-42.0
8.0
-17.0
-36.0
62.0
7.0
30.0
32.0
-1.0
20.0
25.0
-33.0
52.0
-56.0
-14.0
-18.0
-37.0
34.0
-21.0
-7.0
25.0
-49.0
34.0
50.0
-13.0
75.0
-20.0
-11.0
58.0
-59.0
32.0
29.0
-24.0
101.0
29.0
41.0
97.0
20.0
18.0
20.0
-50.0
16.0
41.0
12.0
97.0
20.0
52.0
37.0
-31.0
54.0
33.0
11.0
80.0
-36.0
2.0
34.0
20.0
114.0
8.0
24.0
83.0
36.0
29.0
41.0
-41.0
94.0
16.0
8.0
92.0
-25.0
8.0
-11.0
-37.0
25.0
21.0
-21.0
49.0
-44.0
8.0
26.0
-68.0
22.0
1.0
-37.0
45.0
-72.0
-7.0
72.0
-16.0
115.0
14.0
97.0
52.0
45.0
3.0
106.0
25.0
120.0
61.0
39.0
117.0
49.0
101.0
143.0
85.0
137.0
89.0
74.0
91.0
82.0
67.0
128.0
-4.0
143.0
69.0
98.0
160.0
26.0
43.0
93.0
-17.0
86.0
-9.0
2.0
92.0
4.0
25.0
88.0
-15.0
74.0
53.0
-51.0
92.0
-62.0
-12.0
42.0
-82.0
44.0
-3.0
-10.0
93.0
-16.0
67.0
60.0
-4.0
110.0
43.0
-42.0
50.0
5.0
17.0
78.0
-16.0
96.0
-4.0
29.0
77.0
-13.0
31.0
58.0
-29.0
79.0
0.0
50.0
46.0
-25.0
35.0
76.0
-4.0
34.0
18.0
30.0
47.0
-27.0
8.0
20.0
-35.0
100.0
1.0
-8.0
16.0
10.0
33.0
69.0
27.0
106.0
30.0
39.0
86.0
62.0
108.0
60.0
-10.0
43.0
33.0
-21.0
76.0
2.0
51.0
123.0
14.0
159.0
114.0
-44.0
46.0
-21.0
-5.0
59.0
-2.0
84.0
89.0
100.0
168.0
73.0
118.0
87.0
-67.0
88.0
29.0
35.0
58.0
-46.0
71.0
61.0
48.0
66.0
144.0
22.0
53.0
-47.0
-43.0
65.0
-76.0
-51.0
-64.0
-24.0
71.0
-25.0
56.0
129.0
54.0
128.0
88.0
25.0
40.0
-24.0
-53.0
15.0
-52.0
50.0
21.0
14.0
116.0
22.0
69.0
61.0
-31.0
71.0
8.0
5.0
57.0
-14.0
24.0
60.0
2.0
115.0
51.0
60.0
165.0
-6.0
77.0
102.0
-70.0
63.0
-62.0
-52.0
62.0
-81.0
64.0
90.0
45.0
110.0
121.0
16.0
113.0
29.0
84.0
50.0
-27.0
34.0
-38.0
-2.0
100.0
-5.0
83.0
166.0
43.0
107.0
37.0
23.0
77.0
-9.0
-26.0
-1.0
-91.0
50.0
-22.0
35.0
110.0
90.0
162.0
160.0
135.0
168.0
92.0
22.0
76.0
-57.0
-29.0
-35.0
-124.0
31.0
56.0
61.0
208.0
94.0
162.0
149.0
14.0
93.0
65.0
-17.0
8.0
-54.0
-37.0
31.0
12.0
162.0
171.0
225.0
305.0
192.0
212.0
267.0
127.0
163.0
122.0
74.0
88.0
-13.0
21.0
86.0
15.0
162.0
70.0
85.0
179.0
100.0
44.0
93.0
-66.0
49.0
6.0
-70.0
40.0
26.0
63.0
92.0
-2.0
125.0
79.0
12.0
105.0
-67.0
16.0
40.0
-51.0
38.0
55.0
-1.0
45.0
55.0
55.0
123.0
61.0
80.0
26.0
-34.0
64.0
-13.0
28.0
74.0
1.0
133.0
40.0
-5.0
103.0
-25.0
17.0
8.0
-68.0
3.0
-70.0
-85.0
-15.0
-55.0
8.0
68.0
0.0
59.0
84.0
-2.0
86.0
-4.0
-6.0
16.0
-8.0
94.0
21.0
-21.0
81.0
15.0
99.0
35.0
13.0
70.0
-7.0
15.0
48.0
-39.0
-15.0
25.0
-74.0
58.0
-4.0
27.0
91.0
2.0
89.0
65.0
-32.0
6.0
3.0
-5.0
107.0
3.0
46.0
86.0
-13.0
139.0
6.0
31.0
38.0
15.0
-3.0
25.0
-103.0
11.0
-44.0
21.0
63.0
35.0
69.0
100.0
18.0
102.0
40.0
-29.0
86.0
-43.0
13.0
29.0
4.0
75.0
51.0
44.0
101.0
56.0
71.0
66.0
-9.0
31.0
41.0
-29.0
44.0
-69.0
82.0
84.0
95.0
153.0
110.0
79.0
137.0
40.0
48.0
29.0
-46.0
-3.0
4.0
-84.0
17.0
-70.0
45.0
137.0
29.0
117.0
21.0
-2.0
88.0
-100.0
-33.0
-43.0
-124.0
19.0
-32.0
-27.0
97.0
-2.0
53.0
58.0
-42.0
54.0
-56.0
-59.0
56.0
-54.0
-11.0
47.0
-58.0
36.0
-75.0
-67.0
11.0
-61.0
-29.0
-33.0
-82.0
33.0
-37.0
-20.0
-22.0
-2.0
-26.0
6.0
-13.0
33.0
-41.0
-49.0
58.0
-44.0
-23.0
-42.0
-94.0
-28.0
-88.0
-115.0
40.0
-52.0
-62.0
32.0
-120.0
-18.0
-33.0
-87.0
56.0
-48.0
31.0
-1.0
-16.0
97.0
35.0
4.0
22.0
-12.0
26.0
67.0
-29.0
57.0
1.0
-8.0
48.0
3.0
33.0
56.0
-53.0
82.0
-38.0
-18.0
48.0
-82.0
-40.0
-13.0
-4.0
77.0
17.0
11.0
52.0
-11.0
19.0
41.0
-25.0
46.0
-23.0
-47.0
42.0
-25.0
57.0
8.0
-32.0
65.0
-7.0
1.0
44.0
-73.0
-15.0
11.0
-61.0
77.0
36.0
-83.0
66.0
-52.0
25.0
33.0
-44.0
45.0
-12.0
40.0
16.0
15.0
-18.0
8.0
-69.0
50.0
-5.0
-21.0
29.0
-61.0
30.0
45.0
-23.0
67.0
-8.0
32.0
86.0
34.0
1.0
70.0
-18.0
87.0
14.0
-4.0
85.0
-7.0
37.0
46.0
-59.0
51.0
-1.0
-27.0
101.0
-29.0
6.0
72.0
-17.0
36.0
-14.0
-51.0
88.0
10.0
75.0
29.0
-41.0
67.0
2.0
8.0
118.0
-11.0
54.0
76.0
-15.0
50.0
65.0
4.0
23.0
-42.0
21.0
12.0
-28.0
91.0
22.0
12.0
65.0
-8.0
6.0
71.0
19.0
130.0
18.0
10.0
14.0
-49.0
52.0
34.0
-59.0
46.0
28.0
42.0
97.0
-27.0
62.0
32.0
-35.0
86.0
44.0
55.0
80.0
43.0
31.0
38.0
-11.0
62.0
13.0
37.0
74.0
-33.0
81.0
69.0
12.0
116.0
51.0
30.0
82.0
74.0
48.0
73.0
11.0
34.0
37.0
-7.0
81.0
21.0
88.0
89.0
7.0
74.0
-12.0
-25.0
24.0
-52.0
34.0
26.0
-2.0
64.0
57.0
56.0
48.0
22.0
52.0
51.0
6.0
60.0
30.0
29.0
117.0
23.0
70.0
69.0
12.0
73.0
42.0
12.0
119.0
-2.0
49.0
71.0
-14.0
92.0
-6.0
45.0
137.0
43.0
134.0
74.0
11.0
105.0
56.0
24.0
109.0
17.0
35.0
59.0
-9.0
88.0
45.0
-33.0
94.0
7.0
119.0
105.0
46.0
99.0
137.0
87.0
122.0
47.0
64.0
30.0
-23.0
72.0
8.0
35.0
73.0
-5.0
82.0
83.0
26.0
134.0
103.0
36.0
133.0
42.0
115.0
88.0
33.0
54.0
39.0
31.0
85.0
72.0
-5.0
103.0
54.0
125.0
20.0
43.0
124.0
42.0
73.0
102.0
24.0
103.0
20.0
42.0
52.0
-39.0
94.0
59.0
-6.0
49.0
58.0
41.0
91.0
37.0
93.0
115.0
-36.0
68.0
-59.0
-49.0
24.0
-26.0
17.0
31.0
-49.0
33.0
26.0
8.0
78.0
-9.0
73.0
26.0
-4.0
62.0
28.0
4.0
107.0
74.0
-5.0
126.0
-6.0
116.0
39.0
79.0
129.0
-55.0
72.0
70.0
-8.0
80.0
42.0
4.0
60.0
-20.0
53.0
55.0
-44.0
48.0
88.0
14.0
53.0
-19.0
54.0
54.0
-37.0
53.0
11.0
39.0
73.0
-18.0
67.0
70.0
10.0
79.0
0.0
16.0
96.0
-87.0
60.0
56.0
21.0
110.0
98.0
13.0
91.0
53.0
44.0
13.0
59.0
95.0
39.0
36.0
75.0
-40.0
6.0
82.0
8.0
17.0
6.0
-5.0
108.0
-5.0
37.0
59.0
15.0
58.0
3.0
68.0
65.0
16.0
43.0
71.0
-27.0
107.0
87.0
32.0
100.0
37.0
90.0
108.0
11.0
83.0
35.0
97.0
127.0
16.0
90.0
108.0
71.0
74.0
18.0
32.0
92.0
-14.0
48.0
58.0
9.0
116.0
54.0
59.0
96.0
58.0
87.0
65.0
-6.0
120.0
22.0
21.0
140.0
-57.0
66.0
25.0
8.0
85.0
72.0
34.0
142.0
12.0
81.0
88.0
-6.0
94.0
64.0
-15.0
44.0
-18.0
42.0
66.0
10.0
64.0
27.0
15.0
96.0
-29.0
85.0
161.0
-23.0
77.0
7.0
30.0
82.0
11.0
97.0
45.0
11.0
69.0
56.0
-8.0
49.0
37.0
63.0
101.0
37.0
124.0
49.0
119.0
121.0
-2.0
55.0
40.0
-32.0
39.0
3.0
-26.0
84.0
30.0
30.0
46.0
-15.0
90.0
12.0
44.0
34.0
-4.0
-22.0
102.0
-16.0
72.0
-20.0
-17.0
37.0
-41.0
-8.0
98.0
-3.0
110.0
-1.0
25.0
62.0
-19.0
39.0
69.0
-23.0
16.0
-43.0
0.0
56.0
-59.0
-9.0
59.0
15.0
55.0
54.0
24.0
58.0
-43.0
23.0
44.0
-51.0
29.0
4.0
10.0
11.0
-49.0
-23.0
-18.0
-52.0
-5.0
-44.0
-31.0
33.0
-97.0
40.0
-6.0
42.0
18.0
-18.0
-74.0
44.0
-51.0
24.0
-6.0
-91.0
45.0
-24.0
-4.0
-22.0
-109.0
13.0
-1.0
-94.0
-33.0
-54.0
-92.0
-14.0
-64.0
20.0
3.0
-55.0
32.0
-33.0
-64.0
34.0
-60.0
29.0
37.0
-44.0
33.0
-61.0
-37.0
20.0
-77.0
-55.0
-7.0
-130.0
30.0
-73.0
-28.0
55.0
-38.0
51.0
58.0
-40.0
75.0
-49.0
-56.0
18.0
-62.0
-14.0
43.0
-48.0
53.0
3.0
-16.0
71.0
1.0
82.0
13.0
-57.0
53.0
-7.0
-23.0
5.0
-44.0
-49.0
-59.0
-73.0
52.0
-71.0
-31.0
70.0
-74.0
20.0
59.0
24.0
96.0
-22.0
-23.0
21.0
-35.0
-8.0
-5.0
-38.0
14.0
25.0
-37.0
74.0
10.0
19.0
51.0
-66.0
31.0
18.0
-60.0
50.0
-56.0
16.0
16.0
-69.0
30.0
-61.0
-30.0
-25.0
-84.0
-16.0
55.0
-84.0
37.0
-49.0
-34.0
60.0
-63.0
-21.0
50.0
-44.0
8.0
-40.0
-76.0
45.0
-48.0
-50.0
27.0
-45.0
14.0
-39.0
-14.0
20.0
-81.0
-25.0
-7.0
-78.0
-21.0
-40.0
-89.0
55.0
-24.0
-12.0
-7.0
-69.0
62.0
39.0
-26.0
46.0
-20.0
46.0
76.0
-22.0
54.0
13.0
-26.0
61.0
26.0
42.0
74.0
-45.0
159.0
84.0
110.0
182.0
158.0
158.0
213.0
134.0
222.0
69.0
74.0
124.0
29.0
96.0
106.0
120.0
187.0
117.0
100.0
135.0
103.0
95.0
81.0
111.0
32.0
2.0
-3.0
62.0
-37.0
-7.0
-17.0
-66.0
-6.0
-51.0
-29.0
25.0
-89.0
-92.0
-78.0
-130.0
-102.0
-133.0
-90.0
-32.0
-82.0
-16.0
-43.0
-146.0
-39.0
-57.0
-91.0
23.0
-139.0
-41.0
-111.0
-118.0
-9.0
-105.0
-34.0
26.0
-44.0
-34.0
30.0
-77.0
-24.0
-35.0
-71.0
-44.0
-122.0
-27.0
-14.0
-78.0
15.0
-34.0
-6.0
14.0
-66.0
-2.0
-11.0
-57.0
61.0
-77.0
-86.0
78.0
-40.0
13.0
18.0
-104.0
53.0
-62.0
-18.0
10.0
-35.0
5.0
31.0
-25.0
59.0
25.0
-52.0
1.0
-36.0
-20.0
-23.0
-103.0
10.0
-49.0
-49.0
62.0
-60.0
40.0
40.0
-73.0
61.0
-33.0
-64.0
-3.0
3.0
-30.0
20.0
-73.0
67.0
-67.0
-29.0
-23.0
-25.0
-13.0
8.0
-78.0
24.0
17.0
-53.0
62.0
-44.0
22.0
-12.0
-54.0
2.0
-31.0
-51.0
2.0
-102.0
22.0
-85.0
-52.0
29.0
-17.0
-38.0
16.0
-37.0
34.0
-8.0
-59.0
44.0
-21.0
-7.0
84.0
-31.0
93.0
4.0
-25.0
207.0
90.0
61.0
159.0
44.0
56.0
89.0
14.0
39.0
-13.0
-14.0
28.0
-44.0
47.0
29.0
-26.0
-7.0
-29.0
-79.0
1.0
-43.0
-15.0
-7.0
-45.0
32.0
-27.0
-43.0
38.0
-50.0
14.0
0.0
-101.0
5.0
-62.0
-54.0
64.0
-16.0
31.0
33.0
-21.0
77.0
-50.0
-101.0
-1.0
-81.0
-51.0
-14.0
-46.0
49.0
-32.0
-11.0
45.0
-7.0
-68.0
-32.0
-136.0
34.0
-44.0
-68.0
18.0
-33.0
13.0
16.0
-31.0
56.0
23.0
18.0
62.0
-118.0
-24.0
15.0
-44.0
9.0
-10.0
-23.0
4.0
-27.0
20.0
58.0
8.0
85.0
21.0
-52.0
-5.0
-70.0
-5.0
5.0
-59.0
32.0
-37.0
1.0
44.0
-7.0
26.0
29.0
-24.0
22.0
-56.0
-23.0
7.0
-33.0
20.0
36.0
-13.0
59.0
-29.0
-39.0
61.0
-43.0
-49.0
5.0
-53.0
60.0
-17.0
5.0
53.0
3.0
28.0
81.0
38.0
80.0
0.0
-62.0
15.0
-67.0
-49.0
-22.0
-73.0
5.0
-16.0
17.0
91.0
-2.0
46.0
41.0
-20.0
68.0
37.0
8.0
36.0
-18.0
82.0
68.0
21.0
119.0
63.0
21.0
133.0
14.0
30.0
78.0
-64.0
104.0
2.0
15.0
70.0
45.0
170.0
162.0
99.0
163.0
111.0
77.0
125.0
-52.0
43.0
38.0
-11.0
117.0
25.0
-34.0
120.0
25.0
117.0
116.0
51.0
61.0
5.0
-5.0
40.0
-43.0
25.0
-46.0
-22.0
40.0
44.0
36.0
97.0
32.0
103.0
61.0
65.0
81.0
-36.0
-10.0
80.0
-45.0
-14.0
113.0
-30.0
68.0
60.0
-15.0
84.0
17.0
65.0
73.0
-67.0
18.0
-52.0
-59.0
32.0
-75.0
38.0
43.0
-61.0
108.0
-12.0
47.0
75.0
52.0
100.0
82.0
-16.0
23.0
-10.0
-58.0
2.0
-53.0
30.0
76.0
17.0
114.0
62.0
61.0
24.0
19.0
64.0
-16.0
-95.0
14.0
20.0
4.0
67.0
27.0
83.0
77.0
1.0
111.0
46.0
39.0
60.0
-43.0
5.0
25.0
-91.0
52.0
-22.0
55.0
117.0
-22.0
106.0
46.0
-26.0
102.0
-59.0
35.0
31.0
-35.0
46.0
128.0
-23.0
200.0
44.0
74.0
114.0
67.0
85.0
64.0
47.0
79.0
31.0
16.0
116.0
70.0
119.0
133.0
39.0
161.0
61.0
58.0
169.0
34.0
131.0
89.0
32.0
105.0
119.0
67.0
129.0
59.0
86.0
87.0
48.0
109.0
39.0
90.0
103.0
11.0
90.0
134.0
85.0
129.0
67.0
87.0
193.0
-4.0
69.0
101.0
59.0
152.0
69.0
93.0
169.0
92.0
106.0
120.0
43.0
139.0
106.0
62.0
134.0
56.0
111.0
111.0
78.0
140.0
122.0
112.0
122.0
87.0
72.0
93.0
59.0
150.0
42.0
73.0
146.0
56.0
135.0
159.0
77.0
132.0
69.0
113.0
150.0
40.0
134.0
63.0
94.0
135.0
103.0
126.0
163.0
62.0
99.0
131.0
53.0
190.0
65.0
147.0
126.0
67.0
149.0
109.0
131.0
136.0
164.0
106.0
118.0
55.0
124.0
99.0
42.0
136.0
102.0
46.0
192.0
46.0
124.0
81.0
103.0
149.0
75.0
139.0
110.0
109.0
118.0
128.0
21.0
136.0
83.0
73.0
148.0
48.0
112.0
143.0
46.0
134.0
33.0
77.0
110.0
57.0
135.0
72.0
114.0
127.0
96.0
125.0
184.0
137.0
175.0
99.0
21.0
80.0
35.0
68.0
145.0
92.0
181.0
156.0
116.0
179.0
73.0
106.0
101.0
67.0
103.0
99.0
121.0
187.0
109.0
92.0
154.0
25.0
104.0
106.0
65.0
178.0
96.0
78.0
135.0
24.0
156.0
149.0
97.0
170.0
69.0
153.0
149.0
80.0
175.0
165.0
75.0
176.0
176.0
142.0
144.0
129.0
205.0
162.0
97.0
143.0
169.0
127.0
192.0
95.0
164.0
173.0
111.0
193.0
90.0
95.0
136.0
13.0
80.0
71.0
81.0
133.0
53.0
56.0
131.0
56.0
125.0
115.0
97.0
202.0
159.0
111.0
182.0
91.0
150.0
148.0
156.0
155.0
132.0
127.0
197.0
126.0
198.0
158.0
114.0
184.0
81.0
115.0
189.0
106.0
136.0
158.0
58.0
173.0
146.0
150.0
181.0
80.0
112.0
186.0
56.0
211.0
147.0
107.0
196.0
116.0
127.0
108.0
91.0
226.0
108.0
100.0
182.0
35.0
183.0
119.0
91.0
189.0
68.0
146.0
177.0
118.0
124.0
106.0
62.0
158.0
55.0
101.0
157.0
56.0
127.0
98.0
67.0
207.0
70.0
100.0
163.0
93.0
118.0
157.0
81.0
234.0
135.0
112.0
153.0
117.0
172.0
137.0
67.0
167.0
110.0
79.0
244.0
108.0
183.0
155.0
63.0
143.0
51.0
130.0
172.0
115.0
164.0
166.0
117.0
166.0
112.0
69.0
147.0
87.0
118.0
102.0
78.0
195.0
96.0
85.0
164.0
97.0
177.0
129.0
51.0
133.0
39.0
50.0
80.0
80.0
108.0
164.0
33.0
175.0
152.0
145.0
137.0
89.0
129.0
133.0
61.0
206.0
88.0
77.0
168.0
41.0
135.0
138.0
82.0
191.0
75.0
146.0
124.0
46.0
104.0
166.0
50.0
154.0
99.0
62.0
126.0
55.0
154.0
96.0
78.0
206.0
48.0
91.0
125.0
98.0
123.0
152.0
106.0
164.0
83.0
68.0
147.0
15.0
95.0
110.0
5.0
128.0
68.0
57.0
104.0
61.0
131.0
71.0
106.0
139.0
133.0
87.0
134.0
25.0
78.0
75.0
17.0
70.0
101.0
-10.0
157.0
15.0
165.0
169.0
66.0
177.0
116.0
76.0
153.0
60.0
79.0
97.0
-33.0
67.0
42.0
65.0
98.0
56.0
91.0
111.0
39.0
71.0
65.0
41.0
107.0
-9.0
52.0
52.0
70.0
74.0
10.0
53.0
146.0
87.0
112.0
110.0
63.0
191.0
74.0
54.0
71.0
43.0
69.0
17.0
6.0
59.0
17.0
40.0
98.0
64.0
84.0
118.0
-11.0
124.0
29.0
20.0
107.0
21.0
108.0
110.0
44.0
146.0
108.0
98.0
175.0
43.0
153.0
136.0
9.0
118.0
37.0
74.0
106.0
6.0
80.0
91.0
51.0
93.0
41.0
81.0
125.0
61.0
90.0
60.0
33.0
93.0
25.0
51.0
127.0
43.0
92.0
61.0
21.0
132.0
80.0
54.0
171.0
66.0
100.0
55.0
55.0
115.0
-4.0
-7.0
80.0
-36.0
63.0
57.0
9.0
131.0
96.0
30.0
125.0
37.0
65.0
102.0
31.0
142.0
45.0
59.0
74.0
25.0
77.0
87.0
43.0
95.0
48.0
34.0
113.0
70.0
124.0
95.0
69.0
106.0
78.0
78.0
125.0
58.0
61.0
96.0
-11.0
148.0
45.0
40.0
101.0
-16.0
88.0
71.0
51.0
116.0
112.0
21.0
77.0
91.0
8.0
115.0
1.0
161.0
39.0
77.0
74.0
-37.0
92.0
50.0
17.0
133.0
81.0
73.0
76.0
81.0
66.0
44.0
-6.0
83.0
54.0
7.0
89.0
-21.0
101.0
72.0
-10.0
49.0
20.0
56.0
76.0
-19.0
52.0
98.0
3.0
80.0
10.0
23.0
89.0
29.0
61.0
93.0
36.0
33.0
106.0
2.0
131.0
-40.0
53.0
23.0
-7.0
52.0
2.0
58.0
71.0
35.0
121.0
49.0
44.0
124.0
46.0
59.0
116.0
17.0
72.0
86.0
10.0
108.0
30.0
36.0
89.0
26.0
75.0
78.0
3.0
84.0
-11.0
69.0
80.0
-2.0
75.0
92.0
-80.0
40.0
-20.0
-23.0
71.0
-43.0
72.0
58.0
15.0
118.0
37.0
37.0
69.0
-42.0
49.0
-16.0
-62.0
75.0
-65.0
73.0
78.0
8.0
44.0
73.0
-23.0
77.0
-7.0
22.0
84.0
-13.0
16.0
30.0
-11.0
46.0
-6.0
-43.0
32.0
-54.0
-4.0
24.0
-15.0
26.0
-12.0
18.0
101.0
-17.0
43.0
41.0
-22.0
35.0
-62.0
-20.0
55.0
-58.0
13.0
32.0
18.0
45.0
-59.0
-58.0
11.0
-124.0
61.0
-60.0
-96.0
22.0
-33.0
-19.0
106.0
-44.0
105.0
-3.0
-87.0
-22.0
-76.0
-82.0
15.0
-106.0
-16.0
1.0
-53.0
45.0
14.0
13.0
11.0
-26.0
-67.0
-32.0
-116.0
-22.0
-87.0
-110.0
-9.0
-22.0
17.0
16.0
-86.0
31.0
-2.0
-70.0
-35.0
-138.0
-92.0
-68.0
-98.0
2.0
-30.0
56.0
54.0
-27.0
8.0
-33.0
-36.0
20.0
-91.0
-36.0
5.0
-58.0
24.0
1.0
-69.0
36.0
-43.0
-31.0
22.0
-39.0
-11.0
-29.0
-69.0
7.0
-28.0
-59.0
-10.0
-37.0
-12.0
5.0
-83.0
46.0
-63.0
-68.0
46.0
-117.0
-4.0
-91.0
-127.0
72.0
-68.0
-70.0
-17.0
-129.0
-39.0
-44.0
-133.0
-53.0
-77.0
-87.0
2.0
-83.0
30.0
6.0
-108.0
-21.0
-71.0
-36.0
5.0
-68.0
-26.0
-10.0
-65.0
17.0
11.0
-49.0
20.0
-45.0
-8.0
-11.0
-99.0
5.0
-34.0
-47.0
-39.0
-113.0
-32.0
42.0
-80.0
-36.0
-51.0
-36.0
28.0
-83.0
-1.0
-8.0
-58.0
-32.0
-36.0
-46.0
-61.0
-72.0
-25.0
-20.0
2.0
41.0
18.0
12.0
27.0
-72.0
39.0
46.0
1.0
66.0
21.0
1.0
72.0
-23.0
52.0
82.0
22.0
-12.0
19.0
-77.0
70.0
-148.0
11.0
-32.0
-111.0
10.0
-72.0
-46.0
18.0
-47.0
29.0
39.0
-95.0
74.0
-66.0
-45.0
29.0
-75.0
20.0
43.0
-18.0
96.0
11.0
-22.0
98.0
-30.0
42.0
58.0
-7.0
102.0
-36.0
-14.0
-9.0
-73.0
-31.0
-67.0
-100.0
-97.0
-192.0
-65.0
-41.0
-111.0
-55.0
-75.0
-158.0
-49.0
-103.0
-90.0
-110.0
-163.0
-124.0
-110.0
-165.0
-136.0
-170.0
-141.0
-155.0
-169.0
-126.0
-125.0
-211.0
-97.0
-184.0
-156.0
-57.0
-129.0
-33.0
-94.0
-199.0
-33.0
-150.0
-173.0
-76.0
-211.0
-109.0
-157.0
-231.0
-58.0
-115.0
-73.0
-55.0
-127.0
-22.0
-36.0
-93.0
-58.0
-113.0
-101.0
-83.0
-139.0
-120.0
-131.0
-152.0
-86.0
-188.0
-153.0
-84.0
-176.0
-37.0
-89.0
-141.0
-61.0
-130.0
-198.0
-77.0
-176.0
-89.0
-76.0
-130.0
-34.0
-121.0
-99.0
-9.0
-146.0
-42.0
-60.0
-77.0
14.0
-91.0
-81.0
34.0
-64.0
-18.0
67.0
-35.0
25.0
-34.0
-72.0
14.0
-166.0
-34.0
-67.0
-130.0
18.0
-90.0
-107.0
-3.0
-140.0
-24.0
-78.0
-154.0
29.0
-160.0
-63.0
-102.0
-146.0
15.0
-52.0
-142.0
23.0
-120.0
-70.0
21.0
-90.0
6.0
-6.0
-83.0
22.0
-98.0
-98.0
-52.0
-150.0
-99.0
-80.0
-148.0
-41.0
-88.0
-37.0
-53.0
-130.0
-21.0
-99.0
-139.0
-52.0
-125.0
-120.0
-80.0
-184.0
-11.0
-7.0
-150.0
-65.0
-134.0
-51.0
-57.0
-103.0
-106.0
-67.0
-190.0
-62.0
-155.0
-50.0
-60.0
-119.0
-37.0
-114.0
-121.0
-29.0
-116.0
-52.0
-40.0
-124.0
-122.0
-89.0
-118.0
-30.0
-109.0
-70.0
-13.0
-93.0
-3.0
-30.0
-61.0
-11.0
-62.0
-72.0
1.0
-98.0
8.0
-50.0
-77.0
23.0
-43.0
-81.0
6.0
-94.0
-42.0
-121.0
-79.0
1.0
-55.0
-73.0
-73.0
-120.0
-70.0
-78.0
-89.0
-27.0
-87.0
-77.0
-19.0
-152.0
-83.0
-22.0
-126.0
5.0
-101.0
-118.0
-18.0
-150.0
-39.0
-35.0
-112.0
8.0
-69.0
-73.0
-53.0
-87.0
-53.0
-31.0
-96.0
5.0
-110.0
-137.0
18.0
-152.0
-42.0
-32.0
-69.0
44.0
-88.0
-51.0
6.0
-56.0
48.0
45.0
-23.0
71.0
-20.0
-16.0
17.0
-57.0
30.0
33.0
-110.0
8.0
-26.0
15.0
34.0
-30.0
25.0
-33.0
-32.0
-1.0
-106.0
-36.0
-26.0
-121.0
-64.0
-89.0
-89.0
-24.0
-114.0
-82.0
-17.0
-93.0
21.0
-26.0
-93.0
-32.0
-61.0
-114.0
-44.0
-182.0
-64.0
-79.0
-156.0
14.0
-103.0
-71.0
20.0
-117.0
-100.0
-78.0
-149.0
-34.0
-114.0
-98.0
-57.0
-90.0
-20.0
-103.0
-72.0
14.0
-85.0
-45.0
-52.0
-107.0
-45.0
-43.0
-139.0
-37.0
-95.0
-79.0
-77.0
-97.0
-50.0
-81.0
-106.0
-30.0
-75.0
-74.0
-68.0
-125.0
-41.0
-34.0
-86.0
-39.0
-115.0
-85.0
-73.0
-187.0
-5.0
-84.0
-115.0
-66.0
-140.0
-99.0
-48.0
-175.0
-97.0
-105.0
-180.0
-60.0
-115.0
-102.0
-83.0
-128.0
-109.0
-93.0
-117.0
22.0
-79.0
-6.0
13.0
-55.0
27.0
-37.0
-45.0
42.0
-51.0
-52.0
33.0
-35.0
-52.0
-48.0
-41.0
-45.0
-61.0
-76.0
-3.0
-90.0
-27.0
-62.0
-118.0
-62.0
-126.0
-48.0
-24.0
-85.0
-58.0
-84.0
-119.0
-79.0
-113.0
-135.0
-71.0
-193.0
-32.0
-79.0
-126.0
-25.0
-17.0
-91.0
-44.0
-129.0
-26.0
-110.0
-52.0
-42.0
-109.0
-44.0
-43.0
-51.0
-10.0
-41.0
-82.0
20.0
-100.0
-61.0
-48.0
-169.0
-40.0
-57.0
-154.0
-33.0
-96.0
-70.0
-62.0
-31.0
-20.0
-31.0
-111.0
-48.0
-121.0
-162.0
-79.0
-179.0
-88.0
-17.0
-151.0
-1.0
-45.0
-120.0
-10.0
-148.0
-45.0
-43.0
-165.0
-67.0
-118.0
-86.0
-20.0
-50.0
-12.0
-30.0
-49.0
17.0
-96.0
-55.0
-20.0
-68.0
-43.0
-59.0
-68.0
-36.0
-67.0
-45.0
-33.0
-76.0
-6.0
-10.0
-77.0
-48.0
-88.0
-108.0
-8.0
-79.0
-26.0
-55.0
-105.0
-21.0
-61.0
-93.0
-4.0
-48.0
-32.0
-49.0
-71.0
33.0
-55.0
-71.0
-3.0
-97.0
-46.0
-9.0
-114.0
16.0
-67.0
-66.0
-9.0
-107.0
-13.0
-50.0
-116.0
-45.0
-92.0
-39.0
-46.0
-114.0
29.0
-23.0
-64.0
-2.0
-34.0
-65.0
-76.0
-110.0
-23.0
-64.0
-97.0
37.0
-60.0
-23.0
2.0
-101.0
-96.0
-78.0
-109.0
-19.0
-29.0
-100.0
10.0
-125.0
-14.0
-59.0
-81.0
5.0
-73.0
-46.0
-40.0
-100.0
-6.0
-97.0
-61.0
-51.0
-79.0
-97.0
-31.0
-87.0
-16.0
-64.0
-103.0
-41.0
-128.0
-91.0
-18.0
-109.0
6.0
-55.0
-55.0
6.0
-24.0
-43.0
6.0
-44.0
5.0
-44.0
-93.0
24.0
-6.0
-63.0
-35.0
-131.0
-22.0
-76.0
-132.0
-5.0
-52.0
25.0
30.0
-81.0
0.0
4.0
-68.0
30.0
-70.0
-77.0
-28.0
-125.0
12.0
-60.0
-80.0
59.0
-111.0
-24.0
40.0
-91.0
-8.0
-52.0
-84.0
8.0
-43.0
-61.0
7.0
-66.0
-22.0
-2.0
-53.0
109.0
-44.0
40.0
59.0
-3.0
26.0
27.0
-31.0
63.0
-33.0
-4.0
34.0
-15.0
65.0
25.0
48.0
77.0
-22.0
0.0
95.0
-7.0
63.0
24.0
-8.0
93.0
22.0
16.0
40.0
9.0
77.0
21.0
-22.0
71.0
13.0
12.0
56.0
-32.0
46.0
-20.0
-50.0
-21.0
-28.0
-51.0
7.0
-41.0
48.0
36.0
5.0
70.0
13.0
23.0
-10.0
-40.0
0.0
-33.0
-35.0
25.0
24.0
44.0
77.0
-59.0
53.0
30.0
-56.0
109.0
-51.0
-41.0
64.0
-56.0
15.0
10.0
11.0
102.0
17.0
30.0
39.0
-35.0
87.0
14.0
24.0
88.0
-11.0
4.0
60.0
-11.0
97.0
95.0
3.0
94.0
20.0
36.0
74.0
-60.0
60.0
-49.0
-51.0
56.0
-25.0
55.0
51.0
-21.0
61.0
88.0
-18.0
87.0
-14.0
18.0
-32.0
-52.0
43.0
42.0
4.0
111.0
60.0
-24.0
58.0
-37.0
44.0
63.0
-51.0
83.0
-23.0
-14.0
60.0
1.0
63.0
21.0
4.0
51.0
-22.0
-33.0
131.0
-19.0
2.0
40.0
-41.0
61.0
-11.0
36.0
83.0
-45.0
53.0
55.0
-26.0
16.0
42.0
-52.0
15.0
-41.0
14.0
41.0
-3.0
68.0
1.0
-31.0
59.0
-46.0
29.0
-32.0
-49.0
44.0
-44.0
40.0
33.0
-71.0
29.0
7.0
-27.0
74.0
4.0
-26.0
9.0
-55.0
-18.0
-17.0
-62.0
-9.0
22.0
39.0
61.0
-22.0
93.0
27.0
-22.0
94.0
-16.0
-6.0
50.0
-66.0
103.0
-3.0
20.0
87.0
12.0
-27.0
57.0
-38.0
11.0
56.0
-49.0
29.0
-54.0
-82.0
34.0
-48.0
12.0
-6.0
-52.0
67.0
32.0
19.0
53.0
-14.0
23.0
25.0
-49.0
32.0
-48.0
-18.0
31.0
-59.0
6.0
-14.0
-43.0
20.0
6.0
12.0
56.0
-4.0
-13.0
72.0
-50.0
101.0
-25.0
-4.0
77.0
-48.0
14.0
4.0
-24.0
53.0
29.0
23.0
97.0
-12.0
41.0
18.0
16.0
56.0
-1.0
65.0
76.0
-48.0
56.0
48.0
-33.0
95.0
-30.0
13.0
32.0
-34.0
14.0
71.0
-10.0
14.0
-64.0
27.0
4.0
0.0
23.0
13.0
-56.0
35.0
14.0
32.0
48.0
-29.0
1.0
34.0
-83.0
47.0
-65.0
-7.0
60.0
-4.0
60.0
67.0
2.0
83.0
14.0
55.0
67.0
-27.0
49.0
38.0
-17.0
80.0
21.0
41.0
87.0
34.0
69.0
23.0
3.0
89.0
-5.0
59.0
73.0
-49.0
79.0
42.0
34.0
106.0
30.0
-16.0
107.0
32.0
122.0
60.0
-52.0
79.0
-53.0
44.0
55.0
-55.0
29.0
33.0
-44.0
48.0
47.0
40.0
134.0
43.0
130.0
11.0
54.0
110.0
63.0
13.0
80.0
5.0
69.0
48.0
-28.0
101.0
2.0
18.0
117.0
-27.0
111.0
83.0
10.0
109.0
9.0
-11.0
37.0
29.0
129.0
28.0
-29.0
56.0
34.0
54.0
69.0
-54.0
1.0
-8.0
-98.0
49.0
11.0
38.0
39.0
16.0
66.0
4.0
-44.0
55.0
-32.0
-4.0
46.0
7.0
61.0
83.0
16.0
49.0
27.0
48.0
93.0
34.0
68.0
75.0
2.0
98.0
42.0
125.0
109.0
-39.0
91.0
52.0
21.0
117.0
40.0
-4.0
73.0
-5.0
60.0
45.0
-13.0
105.0
13.0
26.0
149.0
61.0
114.0
62.0
42.0
76.0
20.0
54.0
33.0
29.0
66.0
90.0
43.0
98.0
17.0
80.0
104.0
39.0
106.0
81.0
2.0
97.0
-3.0
-31.0
60.0
6.0
68.0
43.0
-51.0
137.0
-45.0
54.0
87.0
32.0
65.0
46.0
62.0
15.0
7.0
47.0
46.0
-30.0
23.0
11.0
72.0
36.0
40.0
49.0
97.0
-44.0
81.0
8.0
-52.0
40.0
8.0
-3.0
79.0
-10.0
48.0
52.0
-67.0
34.0
20.0
16.0
83.0
-22.0
76.0
27.0
6.0
67.0
68.0
31.0
108.0
-21.0
-13.0
31.0
-30.0
71.0
-7.0
-5.0
38.0
-71.0
96.0
44.0
11.0
70.0
31.0
32.0
75.0
-32.0
63.0
-4.0
-55.0
59.0
-43.0
13.0
28.0
-62.0
20.0
78.0
17.0
80.0
-1.0
82.0
44.0
-63.0
3.0
45.0
-29.0
12.0
-22.0
54.0
-11.0
-11.0
10.0
-5.0
-44.0
34.0
-24.0
22.0
136.0
-12.0
101.0
-11.0
17.0
8.0
-35.0
46.0
26.0
-4.0
65.0
33.0
-1.0
79.0
11.0
27.0
100.0
-17.0
57.0
50.0
-34.0
50.0
26.0
35.0
78.0
-30.0
90.0
119.0
-30.0
74.0
-16.0
42.0
69.0
-46.0
-23.0
38.0
-45.0
21.0
-12.0
20.0
140.0
-63.0
-12.0
59.0
17.0
131.0
30.0
43.0
96.0
-31.0
32.0
-21.0
11.0
99.0
-4.0
2.0
61.0
-37.0
91.0
118.0
41.0
128.0
54.0
62.0
95.0
4.0
69.0
49.0
-15.0
71.0
-26.0
-41.0
82.0
-86.0
95.0
54.0
58.0
112.0
34.0
26.0
60.0
-26.0
43.0
54.0
-16.0
68.0
16.0
42.0
59.0
28.0
133.0
53.0
-2.0
95.0
8.0
64.0
69.0
-27.0
67.0
58.0
-1.0
147.0
39.0
91.0
114.0
-11.0
92.0
110.0
-13.0
108.0
14.0
65.0
62.0
-24.0
10.0
13.0
-36.0
142.0
11.0
35.0
94.0
20.0
77.0
82.0
45.0
127.0
63.0
80.0
142.0
99.0
185.0
168.0
108.0
201.0
152.0
212.0
243.0
101.0
200.0
199.0
109.0
122.0
116.0
133.0
232.0
66.0
155.0
122.0
79.0
152.0
92.0
99.0
138.0
52.0
105.0
54.0
-22.0
145.0
21.0
71.0
146.0
-2.0
107.0
-23.0
-51.0
65.0
-39.0
-41.0
42.0
-15.0
-6.0
-17.0
28.0
33.0
3.0
35.0
54.0
-70.0
22.0
-15.0
-75.0
12.0
-35.0
-50.0
28.0
-37.0
90.0
127.0
-26.0
84.0
-5.0
11.0
-1.0
-46.0
65.0
81.0
16.0
49.0
-2.0
25.0
98.0
52.0
151.0
61.0
58.0
101.0
36.0
-18.0
16.0
-24.0
39.0
44.0
-5.0
142.0
36.0
-8.0
89.0
-10.0
32.0
44.0
0.0
3.0
17.0
22.0
116.0
44.0
129.0
58.0
1.0
107.0
48.0
30.0
73.0
-23.0
68.0
45.0
-7.0
115.0
36.0
56.0
108.0
48.0
101.0
139.0
56.0
135.0
97.0
165.0
95.0
87.0
117.0
136.0
97.0
193.0
72.0
116.0
133.0
-18.0
120.0
90.0
-21.0
161.0
30.0
53.0
38.0
4.0
57.0
80.0
-59.0
131.0
-13.0
-21.0
48.0
-49.0
42.0
42.0
-10.0
73.0
-17.0
2.0
43.0
-30.0
-10.0
43.0
-90.0
70.0
-34.0
12.0
53.0
-29.0
31.0
45.0
-75.0
63.0
-13.0
-52.0
11.0
-68.0
33.0
40.0
-35.0
58.0
-27.0
-17.0
81.0
-15.0
79.0
88.0
-43.0
92.0
13.0
-11.0
92.0
95.0
133.0
121.0
60.0
82.0
55.0
132.0
72.0
55.0
82.0
61.0
-6.0
119.0
70.0
14.0
41.0
-116.0
115.0
24.0
1.0
78.0
8.0
58.0
113.0
-51.0
41.0
34.0
1.0
46.0
-2.0
-45.0
-50.0
-34.0
41.0
78.0
7.0
56.0
-14.0
18.0
76.0
-64.0
-18.0
24.0
-17.0
68.0
-24.0
-14.0
34.0
-29.0
78.0
2.0
47.0
86.0
7.0
-16.0
40.0
-96.0
39.0
-32.0
-17.0
23.0
-44.0
54.0
63.0
-45.0
69.0
-18.0
-30.0
-1.0
-63.0
-23.0
-1.0
-58.0
54.0
-4.0
-54.0
13.0
-20.0
-2.0
4.0
-88.0
13.0
-15.0
-30.0
-10.0
38.0
-89.0
5.0
-8.0
20.0
-14.0
-39.0
66.0
-42.0
8.0
56.0
-29.0
0.0
18.0
-78.0
28.0
-14.0
-77.0
-7.0
-84.0
-29.0
-20.0
-35.0
17.0
-10.0
21.0
76.0
-61.0
31.0
40.0
-92.0
27.0
-53.0
-50.0
69.0
-21.0
15.0
4.0
18.0
78.0
-37.0
33.0
24.0
-56.0
-10.0
155.0
-53.0
54.0
-6.0
-13.0
35.0
-60.0
-8.0
-23.0
-55.0
63.0
-39.0
-7.0
-26.0
-15.0
65.0
10.0
-48.0
26.0
-57.0
1.0
4.0
-43.0
30.0
-50.0
-25.0
53.0
-18.0
60.0
31.0
-67.0
13.0
-6.0
36.0
39.0
5.0
36.0
67.0
18.0
36.0
13.0
-20.0
-18.0
-65.0
-45.0
32.0
-56.0
-1.0
20.0
-73.0
95.0
-15.0
-28.0
13.0
-68.0
14.0
-10.0
-56.0
0.0
-9.0
-1.0
79.0
-1.0
22.0
-21.0
-56.0
14.0
-21.0
1.0
41.0
-72.0
28.0
-30.0
-17.0
7.0
26.0
20.0
-4.0
21.0
-2.0
63.0
-89.0
76.0
-7.0
23.0
76.0
-4.0
41.0
1.0
22.0
56.0
36.0
3.0
33.0
-3.0
30.0
9.0
-12.0
35.0
-31.0
-3.0
118.0
-22.0
76.0
61.0
-5.0
86.0
51.0
4.0
80.0
-64.0
64.0
3.0
-49.0
36.0
-36.0
-28.0
67.0
-88.0
58.0
-7.0
10.0
36.0
24.0
-16.0
68.0
-80.0
79.0
8.0
-114.0
38.0
-31.0
4.0
11.0
-58.0
-4.0
30.0
12.0
-6.0
22.0
-50.0
92.0
-65.0
11.0
27.0
-35.0
68.0
-22.0
-4.0
95.0
18.0
72.0
15.0
15.0
80.0
5.0
53.0
64.0
-52.0
46.0
72.0
-60.0
35.0
-31.0
16.0
26.0
8.0
74.0
31.0
-10.0
78.0
33.0
30.0
88.0
15.0
21.0
43.0
-8.0
77.0
-3.0
21.0
30.0
27.0
58.0
49.0
35.0
62.0
12.0
60.0
20.0
-36.0
16.0
15.0
-11.0
56.0
11.0
16.0
91.0
22.0
95.0
92.0
13.0
156.0
21.0
100.0
114.0
27.0
48.0
94.0
-24.0
97.0
6.0
114.0
174.0
75.0
165.0
180.0
89.0
169.0
68.0
78.0
95.0
-31.0
68.0
77.0
-34.0
50.0
54.0
38.0
69.0
-7.0
54.0
48.0
-14.0
143.0
49.0
24.0
90.0
3.0
1.0
19.0
-16.0
76.0
-12.0
-96.0
48.0
-29.0
37.0
50.0
25.0
71.0
52.0
42.0
49.0
33.0
64.0
35.0
-42.0
50.0
0.0
-13.0
72.0
-31.0
45.0
80.0
4.0
31.0
-1.0
45.0
105.0
-1.0
47.0
0.0
-22.0
44.0
13.0
-21.0
-4.0
11.0
-17.0
37.0
-57.0
38.0
-23.0
-3.0
25.0
-30.0
27.0
6.0
-50.0
12.0
-5.0
-19.0
14.0
32.0
17.0
53.0
-36.0
43.0
-10.0
-3.0
24.0
-25.0
43.0
-1.0
1.0
108.0
31.0
55.0
94.0
-67.0
1.0
73.0
-14.0
68.0
-34.0
-26.0
67.0
68.0
59.0
115.0
-7.0
109.0
-49.0
9.0
47.0
-49.0
50.0
-1.0
-3.0
89.0
-3.0
60.0
73.0
-31.0
65.0
46.0
-6.0
70.0
69.0
76.0
106.0
22.0
89.0
77.0
53.0
95.0
78.0
39.0
104.0
20.0
96.0
49.0
37.0
36.0
92.0
56.0
88.0
-18.0
24.0
33.0
-48.0
48.0
-13.0
-7.0
31.0
-43.0
88.0
50.0
-37.0
109.0
21.0
-31.0
33.0
-35.0
65.0
60.0
2.0
56.0
8.0
44.0
24.0
-16.0
12.0
-1.0
21.0
110.0
58.0
-40.0
96.0
-35.0
64.0
64.0
-31.0
89.0
1.0
13.0
30.0
-20.0
25.0
107.0
32.0
73.0
8.0
-31.0
76.0
3.0
68.0
51.0
-6.0
38.0
52.0
8.0
181.0
2.0
89.0
64.0
57.0
162.0
56.0
55.0
84.0
-15.0
95.0
28.0
-48.0
111.0
13.0
-11.0
106.0
39.0
120.0
195.0
57.0
126.0
39.0
32.0
57.0
-28.0
19.0
-6.0
-39.0
39.0
-10.0
36.0
134.0
81.0
87.0
107.0
7.0
135.0
4.0
31.0
71.0
-41.0
21.0
44.0
-22.0
82.0
104.0
53.0
184.0
32.0
94.0
87.0
42.0
115.0
22.0
0.0
56.0
22.0
37.0
60.0
-4.0
95.0
88.0
10.0
144.0
32.0
79.0
62.0
26.0
79.0
23.0
103.0
76.0
-70.0
47.0
58.0
14.0
130.0
29.0
25.0
51.0
24.0
31.0
95.0
26.0
99.0
45.0
97.0
161.0
48.0
73.0
51.0
42.0
48.0
32.0
25.0
49.0
-20.0
114.0
97.0
65.0
132.0
62.0
27.0
133.0
105.0
96.0
98.0
2.0
61.0
-17.0
24.0
56.0
-10.0
54.0
119.0
34.0
189.0
5.0
63.0
75.0
-28.0
34.0
40.0
-14.0
56.0
-21.0
-5.0
88.0
26.0
79.0
64.0
4.0
121.0
34.0
72.0
51.0
10.0
23.0
68.0
71.0
50.0
17.0
12.0
105.0
18.0
60.0
99.0
37.0
153.0
32.0
47.0
98.0
-31.0
34.0
34.0
-5.0
116.0
17.0
63.0
138.0
55.0
79.0
83.0
38.0
87.0
34.0
9.0
76.0
-6.0
42.0
51.0
-12.0
50.0
83.0
26.0
129.0
74.0
119.0
64.0
8.0
200.0
42.0
63.0
110.0
35.0
45.0
31.0
-24.0
88.0
36.0
46.0
4.0
-37.0
20.0
66.0
11.0
61.0
30.0
50.0
130.0
-12.0
23.0
46.0
-25.0
110.0
12.0
53.0
87.0
69.0
67.0
31.0
24.0
73.0
45.0
29.0
82.0
-41.0
80.0
19.0
-104.0
35.0
-3.0
48.0
37.0
-13.0
56.0
54.0
-7.0
105.0
12.0
22.0
-2.0
-14.0
20.0
16.0
-32.0
115.0
-1.0
23.0
129.0
-56.0
0.0
-18.0
-72.0
40.0
-20.0
-49.0
34.0
-73.0
23.0
41.0
-47.0
45.0
-41.0
-6.0
68.0
-58.0
68.0
-15.0
-11.0
53.0
-5.0
21.0
74.0
-17.0
63.0
16.0
-14.0
139.0
-29.0
25.0
81.0
-63.0
62.0
45.0
-3.0
120.0
17.0
73.0
103.0
12.0
70.0
51.0
17.0
24.0
9.0
74.0
21.0
-13.0
15.0
30.0
10.0
108.0
26.0
49.0
18.0
-29.0
36.0
31.0
-30.0
24.0
-61.0
4.0
30.0
-51.0
12.0
40.0
-5.0
80.0
53.0
38.0
55.0
5.0
50.0
25.0
-53.0
33.0
12.0
3.0
53.0
-59.0
8.0
1.0
-12.0
45.0
12.0
37.0
29.0
-40.0
108.0
52.0
20.0
103.0
-5.0
-35.0
74.0
-82.0
-23.0
-24.0
-61.0
47.0
-18.0
30.0
68.0
18.0
57.0
51.0
26.0
97.0
44.0
10.0
51.0
-32.0
-10.0
-21.0
-16.0
23.0
-57.0
-59.0
46.0
-29.0
69.0
71.0
-47.0
49.0
-25.0
-63.0
20.0
-15.0
1.0
-7.0
-36.0
17.0
-23.0
-1.0
0.0
-56.0
76.0
35.0
-12.0
68.0
-48.0
6.0
19.0
-56.0
87.0
36.0
12.0
84.0
31.0
78.0
105.0
10.0
63.0
26.0
-48.0
15.0
-2.0
-11.0
12.0
-32.0
48.0
-2.0
-42.0
5.0
1.0
4.0
120.0
15.0
24.0
29.0
-9.0
-31.0
-71.0
-44.0
79.0
-32.0
-58.0
-83.0
-72.0
122.0
-62.0
30.0
37.0
-7.0
10.0
70.0
-55.0
-15.0
-65.0
-49.0
5.0
-70.0
-24.0
-20.0
-48.0
-36.0
-45.0
-64.0
24.0
-42.0
44.0
1.0
-64.0
13.0
-83.0
-59.0
27.0
-20.0
-47.0
20.0
-61.0
-11.0
-43.0
-31.0
47.0
-20.0
-29.0
17.0
-64.0
12.0
-67.0
-37.0
-6.0
-102.0
-37.0
24.0
-52.0
-3.0
-36.0
-18.0
-18.0
-75.0
-30.0
-10.0
-101.0
32.0
-54.0
-11.0
4.0
-114.0
61.0
-6.0
-69.0
61.0
-33.0
-38.0
45.0
-38.0
5.0
8.0
-42.0
37.0
45.0
-41.0
71.0
-61.0
-1.0
8.0
-53.0
-3.0
-69.0
-103.0
-9.0
-88.0
-15.0
-1.0
-21.0
38.0
-12.0
1.0
53.0
-40.0
65.0
43.0
-46.0
38.0
-41.0
-43.0
9.0
-74.0
-8.0
21.0
-58.0
59.0
-44.0
23.0
51.0
-8.0
17.0
