4 0.477532
5 0.466251
7 0.465035
9 0.476001
11 0.493740
13 0.516624
16 0.556919
20 0.612516
23 0.648391
28 0.692263
33 0.722132
38 0.744371
45 0.767067
52 0.783255
60 0.796010
69 0.805471
79 0.812045
91 0.816566
104 0.819124
119 0.820448
135 0.820668
154 0.819665
174 0.817346
198 0.813018
223 0.806853
252 0.797929
285 0.785850
321 0.770939
362 0.752452
407 0.730502
457 0.704733
513 0.675211
575 0.642762
645 0.607701
723 0.571397
809 0.538610
905 0.511779
1011 0.492511
1130 0.482346
1261 0.480790
1407 0.486454
1570 0.495985
1750 0.506700
