4 0.255879
5 0.262800
7 0.305480
9 0.391813
11 0.491872
13 0.585469
16 0.697323
20 0.793922
23 0.838561
28 0.882674
33 0.906381
38 0.919963
45 0.930419
52 0.935619
60 0.938169
69 0.938618
79 0.937388
91 0.934473
104 0.930205
119 0.924288
135 0.917081
154 0.907598
174 0.896741
198 0.882786
223 0.867604
252 0.849895
285 0.830577
321 0.811116
362 0.790826
407 0.770653
457 0.750961
513 0.731716
575 0.712938
645 0.694648
723 0.677855
809 0.663139
905 0.650368
1011 0.640216
1130 0.633168
1261 0.630442
1407 0.632467
1570 0.638382
