4 0.558855
5 0.549633
7 0.558915
9 0.578362
11 0.595602
13 0.610888
16 0.634691
20 0.672818
23 0.703157
28 0.745473
33 0.777323
38 0.803062
45 0.830462
52 0.850693
60 0.867798
69 0.881996
79 0.893484
91 0.903344
104 0.910968
119 0.917269
135 0.922391
154 0.927115
174 0.930943
198 0.934249
223 0.936303
252 0.937475
285 0.937692
321 0.936930
362 0.934796
407 0.930788
457 0.924431
513 0.915206
575 0.902856
645 0.886257
723 0.864445
809 0.836912
905 0.803625
1011 0.765959
1130 0.724970
1261 0.683367
1407 0.643287
1570 0.609549
