4 0.571060
5 0.572543
7 0.595980
9 0.633199
11 0.668069
13 0.698169
16 0.737181
20 0.781847
23 0.809115
28 0.842035
33 0.863901
38 0.878659
45 0.891303
52 0.898748
60 0.903566
69 0.906000
79 0.906228
91 0.904111
104 0.899519
119 0.891811
135 0.881275
154 0.866151
174 0.847414
198 0.821512
223 0.791007
252 0.752187
285 0.705523
321 0.655022
362 0.600818
407 0.546006
457 0.491385
513 0.438280
575 0.389830
645 0.345576
723 0.306811
809 0.274308
905 0.248446
1011 0.230152
1130 0.217507
1261 0.208410
1407 0.200415
1570 0.191902
1750 0.182350
