-59.0
-106.0
-78.0
-32.0
-84.0
-71.0
-60.0
-65.0
-18.0
-52.0
-16.0
-30.0
-84.0
-11.0
-71.0
-111.0
-63.0
-98.0
-97.0
-77.0
-140.0
-134.0
-88.0
-141.0
-39.0
-101.0
-122.0
-76.0
-98.0
-45.0
-63.0
-131.0
-62.0
-119.0
-108.0
-59.0
-135.0
-68.0
-95.0
-131.0
-107.0
-153.0
-118.0
-116.0
-156.0
-99.0
-129.0
-146.0
-139.0
-134.0
-153.0
-111.0
-206.0
-92.0
-115.0
-140.0
-48.0
-141.0
-125.0
-88.0
-164.0
-112.0
-82.0
-182.0
-94.0
-137.0
-130.0
-16.0
-116.0
-72.0
-85.0
-125.0
-58.0
-92.0
-92.0
-22.0
-107.0
-64.0
-29.0
-116.0
-36.0
-55.0
-7.0
-15.0
-42.0
-3.0
-59.0
-74.0
-42.0
-68.0
-57.0
-12.0
-116.0
-73.0
-68.0
-73.0
-35.0
-5.0
-121.0
-30.0
-82.0
-1.0
-3.0
-99.0
13.0
-61.0
-45.0
-1.0
-134.0
-77.0
-70.0
-122.0
-59.0
-80.0
-84.0
-42.0
-92.0
-57.0
28.0
-88.0
24.0
-75.0
-79.0
-87.0
-111.0
-96.0
-95.0
-130.0
-56.0
-56.0
-77.0
-64.0
-146.0
-86.0
-36.0
-89.0
-45.0
-86.0
-74.0
-44.0
-122.0
-21.0
-42.0
-99.0
-39.0
-54.0
-106.0
-12.0
-76.0
-36.0
-43.0
-112.0
-16.0
-82.0
-89.0
-55.0
-92.0
-90.0
-63.0
-85.0
-44.0
-65.0
-48.0
-93.0
-99.0
-33.0
-66.0
-96.0
-37.0
-90.0
-44.0
-35.0
-96.0
-71.0
12.0
-124.0
-25.0
-72.0
-60.0
10.0
-98.0
-21.0
-56.0
-102.0
-33.0
-37.0
-88.0
3.0
-107.0
-61.0
-44.0
-111.0
-59.0
-87.0
-159.0
-84.0
-112.0
-59.0
3.0
-108.0
-19.0
-94.0
-63.0
-34.0
-84.0
-74.0
-53.0
-90.0
-27.0
-53.0
-61.0
-41.0
-150.0
-90.0
-80.0
-114.0
-29.0
-73.0
-92.0
-46.0
-120.0
-48.0
-24.0
-138.0
-53.0
-77.0
-70.0
-22.0
-84.0
-42.0
-23.0
-139.0
-39.0
-58.0
-120.0
-47.0
-103.0
-73.0
-108.0
-142.0
-89.0
-96.0
-146.0
-23.0
-156.0
-111.0
-88.0
-132.0
-87.0
-87.0
-103.0
-49.0
-147.0
-31.0
-80.0
-92.0
-15.0
-78.0
-102.0
-73.0
-87.0
-70.0
-64.0
-86.0
-23.0
-150.0
-99.0
-41.0
-107.0
-81.0
-73.0
-115.0
-53.0
-58.0
-129.0
-73.0
-147.0
-76.0
-124.0
-182.0
-115.0
-172.0
-169.0
-114.0
-176.0
-138.0
-96.0
-176.0
-109.0
-139.0
-135.0
-124.0
-139.0
-105.0
-128.0
-128.0
-41.0
-102.0
-99.0
-72.0
-190.0
-163.0
-134.0
-228.0
-153.0
-203.0
-186.0
-109.0
-228.0
-163.0
-176.0
-214.0
-167.0
-172.0
-165.0
-111.0
-208.0
-100.0
-133.0
-156.0
-122.0
-176.0
-154.0
-103.0
-192.0
-167.0
-112.0
-184.0
-166.0
-137.0
-158.0
-117.0
-161.0
-122.0
-113.0
-139.0
-101.0
-137.0
-97.0
-81.0
-150.0
-86.0
-121.0
-133.0
-46.0
-110.0
-90.0
-59.0
-81.0
-111.0
-54.0
-135.0
-40.0
-115.0
-98.0
-41.0
-92.0
-54.0
-18.0
-72.0
-30.0
-76.0
-95.0
-51.0
-92.0
-38.0
-37.0
-96.0
3.0
-63.0
-52.0
-30.0
-72.0
-56.0
-26.0
-106.0
-23.0
-62.0
-76.0
-52.0
-97.0
-11.0
-51.0
-67.0
-13.0
-80.0
-52.0
-2.0
-88.0
-41.0
-27.0
-78.0
22.0
0.0
-22.0
-13.0
-24.0
-14.0
-17.0
-60.0
13.0
-27.0
-27.0
31.0
-76.0
-13.0
11.0
-53.0
17.0
-45.0
-17.0
15.0
-92.0
-19.0
20.0
-76.0
24.0
-61.0
-41.0
-9.0
-48.0
-14.0
-18.0
-20.0
31.0
36.0
-45.0
40.0
-11.0
-13.0
-14.0
-34.0
-28.0
12.0
-106.0
-5.0
-77.0
-46.0
-65.0
-73.0
12.0
12.0
-92.0
8.0
-43.0
-23.0
-51.0
-33.0
-52.0
-43.0
-53.0
1.0
-32.0
-34.0
-7.0
-102.0
-10.0
-75.0
-47.0
-2.0
-60.0
-49.0
-37.0
-142.0
3.0
-107.0
-10.0
21.0
-67.0
-28.0
-88.0
-75.0
-28.0
-52.0
-91.0
-42.0
-113.0
-67.0
-58.0
-108.0
-54.0
-105.0
-121.0
-116.0
-111.0
-107.0
-146.0
-150.0
-82.0
-129.0
-138.0
-31.0
-136.0
-103.0
-96.0
-135.0
-95.0
-131.0
-128.0
-32.0
-140.0
-103.0
-105.0
-134.0
-91.0
-155.0
-94.0
-102.0
-105.0
-76.0
-35.0
-145.0
-74.0
-107.0
-85.0
-33.0
-64.0
-41.0
-44.0
-63.0
-37.0
-65.0
-48.0
7.0
-60.0
-60.0
2.0
-80.0
-40.0
-42.0
-91.0
-3.0
-60.0
-57.0
-20.0
-92.0
-39.0
-78.0
-117.0
20.0
-117.0
-13.0
-34.0
-42.0
63.0
-27.0
-19.0
4.0
-55.0
33.0
16.0
-74.0
21.0
-23.0
-12.0
29.0
5.0
32.0
50.0
31.0
3.0
16.0
1.0
74.0
33.0
53.0
45.0
12.0
54.0
62.0
-1.0
61.0
17.0
44.0
82.0
-16.0
74.0
25.0
41.0
82.0
-11.0
33.0
58.0
47.0
100.0
34.0
67.0
25.0
39.0
64.0
46.0
34.0
55.0
5.0
37.0
30.0
-8.0
7.0
13.0
-22.0
22.0
7.0
-15.0
37.0
-3.0
40.0
70.0
-31.0
63.0
7.0
-21.0
33.0
-6.0
40.0
33.0
-7.0
82.0
-1.0
31.0
88.0
12.0
49.0
69.0
-16.0
79.0
39.0
42.0
43.0
18.0
43.0
77.0
-64.0
69.0
3.0
18.0
51.0
-8.0
60.0
50.0
52.0
129.0
78.0
73.0
84.0
4.0
73.0
43.0
28.0
29.0
24.0
-16.0
41.0
-23.0
31.0
29.0
-31.0
56.0
16.0
31.0
86.0
-25.0
40.0
46.0
40.0
51.0
42.0
-13.0
98.0
-7.0
8.0
47.0
-21.0
91.0
44.0
18.0
92.0
-7.0
40.0
89.0
57.0
93.0
39.0
40.0
51.0
18.0
15.0
21.0
-10.0
52.0
12.0
-10.0
74.0
14.0
99.0
59.0
57.0
137.0
87.0
79.0
68.0
51.0
83.0
65.0
42.0
28.0
12.0
31.0
80.0
12.0
19.0
53.0
11.0
45.0
36.0
25.0
52.0
-18.0
16.0
41.0
-33.0
17.0
-10.0
-15.0
32.0
-1.0
17.0
27.0
-23.0
56.0
-56.0
-33.0
31.0
-34.0
34.0
42.0
-5.0
56.0
12.0
-5.0
39.0
-35.0
24.0
57.0
22.0
73.0
96.0
-26.0
88.0
26.0
48.0
85.0
62.0
141.0
84.0
51.0
117.0
42.0
60.0
87.0
13.0
60.0
25.0
3.0
76.0
-20.0
22.0
7.0
22.0
50.0
14.0
15.0
74.0
-20.0
13.0
60.0
-41.0
88.0
1.0
6.0
40.0
-8.0
21.0
37.0
16.0
88.0
-35.0
48.0
64.0
5.0
18.0
28.0
-10.0
62.0
-3.0
17.0
39.0
-10.0
41.0
30.0
-34.0
53.0
2.0
-22.0
34.0
-37.0
57.0
-27.0
-32.0
37.0
-39.0
-33.0
13.0
-1.0
2.0
20.0
-26.0
8.0
-1.0
-24.0
48.0
-4.0
80.0
73.0
4.0
16.0
-34.0
-17.0
4.0
-56.0
29.0
28.0
-62.0
20.0
-3.0
-10.0
51.0
-63.0
15.0
-19.0
-64.0
53.0
-41.0
53.0
1.0
-48.0
-34.0
-4.0
-42.0
-7.0
-44.0
-71.0
-13.0
-80.0
8.0
-21.0
-39.0
21.0
-38.0
-43.0
48.0
13.0
20.0
31.0
6.0
77.0
36.0
70.0
45.0
26.0
72.0
55.0
61.0
132.0
62.0
19.0
99.0
-43.0
3.0
68.0
7.0
29.0
6.0
-40.0
-4.0
-4.0
10.0
14.0
-55.0
48.0
11.0
-34.0
39.0
-23.0
46.0
56.0
-30.0
56.0
-34.0
-10.0
31.0
16.0
22.0
42.0
-38.0
47.0
33.0
27.0
30.0
-54.0
-5.0
-10.0
-42.0
40.0
-29.0
-4.0
16.0
-67.0
-49.0
-11.0
-65.0
21.0
-25.0
5.0
-12.0
-35.0
-17.0
21.0
-7.0
46.0
68.0
-1.0
81.0
2.0
30.0
77.0
-21.0
93.0
41.0
15.0
126.0
23.0
118.0
67.0
-24.0
63.0
11.0
4.0
100.0
46.0
27.0
56.0
-10.0
89.0
72.0
36.0
130.0
76.0
84.0
128.0
75.0
167.0
122.0
59.0
113.0
55.0
104.0
44.0
39.0
161.0
111.0
95.0
129.0
38.0
90.0
91.0
51.0
69.0
79.0
53.0
100.0
25.0
63.0
60.0
14.0
64.0
61.0
57.0
67.0
-22.0
22.0
43.0
35.0
97.0
43.0
32.0
121.0
-32.0
41.0
42.0
-15.0
61.0
-10.0
11.0
93.0
11.0
29.0
44.0
-12.0
40.0
28.0
13.0
44.0
-4.0
52.0
-21.0
-39.0
58.0
-2.0
14.0
46.0
-4.0
34.0
1.0
-47.0
48.0
-3.0
-34.0
53.0
-50.0
10.0
31.0
-33.0
15.0
-30.0
-45.0
1.0
-52.0
0.0
45.0
35.0
58.0
27.0
4.0
11.0
-8.0
-11.0
40.0
-46.0
50.0
-15.0
-78.0
5.0
-63.0
2.0
-13.0
-75.0
52.0
-3.0
15.0
24.0
30.0
-77.0
48.0
-74.0
45.0
-60.0
26.0
34.0
-22.0
79.0
82.0
51.0
139.0
43.0
79.0
102.0
52.0
81.0
58.0
21.0
70.0
-10.0
-9.0
26.0
22.0
31.0
8.0
-41.0
7.0
22.0
-36.0
63.0
-5.0
43.0
3.0
6.0
46.0
44.0
57.0
89.0
-5.0
59.0
45.0
-4.0
58.0
-22.0
-15.0
64.0
-13.0
-5.0
46.0
0.0
43.0
16.0
20.0
95.0
34.0
32.0
67.0
39.0
43.0
-11.0
3.0
48.0
-12.0
68.0
53.0
39.0
49.0
24.0
32.0
29.0
3.0
14.0
41.0
-18.0
59.0
-6.0
-23.0
-13.0
-18.0
25.0
69.0
-8.0
88.0
30.0
8.0
90.0
-21.0
9.0
-11.0
-5.0
145.0
44.0
61.0
113.0
52.0
58.0
43.0
18.0
121.0
61.0
82.0
77.0
56.0
23.0
68.0
10.0
42.0
51.0
15.0
62.0
-16.0
18.0
65.0
-7.0
44.0
9.0
-12.0
26.0
-31.0
55.0
56.0
-22.0
94.0
-30.0
-31.0
38.0
-21.0
27.0
49.0
-12.0
36.0
40.0
18.0
11.0
-56.0
-29.0
1.0
-46.0
20.0
-44.0
25.0
3.0
-29.0
43.0
22.0
-2.0
80.0
30.0
-13.0
43.0
-46.0
13.0
16.0
-46.0
19.0
-37.0
-55.0
5.0
-70.0
-49.0
3.0
-93.0
-23.0
-36.0
-94.0
-31.0
-52.0
-81.0
-51.0
-71.0
-2.0
-60.0
-50.0
8.0
-68.0
34.0
-30.0
-67.0
-13.0
-61.0
-63.0
11.0
-76.0
20.0
10.0
-74.0
29.0
-45.0
-65.0
10.0
-62.0
1.0
38.0
-24.0
-8.0
4.0
-50.0
-14.0
-68.0
-18.0
-5.0
-21.0
-3.0
-58.0
-80.0
-6.0
-31.0
-13.0
11.0
-23.0
-12.0
-7.0
-29.0
16.0
-71.0
-6.0
-17.0
-144.0
-30.0
-78.0
-118.0
-5.0
-73.0
-2.0
-34.0
-90.0
-22.0
-5.0
-45.0
6.0
-35.0
-30.0
-20.0
-53.0
-51.0
-68.0
-52.0
26.0
-41.0
-55.0
-16.0
-79.0
1.0
-52.0
-45.0
-21.0
-83.0
10.0
-7.0
-83.0
5.0
-42.0
-59.0
-1.0
-98.0
-52.0
24.0
-44.0
58.0
19.0
4.0
46.0
-1.0
29.0
51.0
34.0
92.0
39.0
14.0
118.0
17.0
55.0
43.0
-13.0
67.0
-11.0
4.0
20.0
-2.0
-8.0
32.0
-27.0
78.0
-34.0
8.0
10.0
-21.0
-20.0
20.0
-22.0
39.0
-15.0
1.0
80.0
-4.0
19.0
2.0
-76.0
16.0
5.0
-5.0
41.0
-44.0
3.0
-15.0
-67.0
-11.0
-56.0
-53.0
-20.0
-75.0
-32.0
-34.0
-50.0
15.0
-54.0
4.0
1.0
-38.0
-25.0
-28.0
-74.0
-5.0
-22.0
-37.0
18.0
-109.0
-60.0
-79.0
-109.0
-49.0
-56.0
-42.0
62.0
-76.0
-39.0
44.0
-13.0
54.0
23.0
0.0
30.0
-67.0
2.0
7.0
-49.0
-42.0
-33.0
-73.0
-16.0
-110.0
-85.0
-68.0
-102.0
42.0
-69.0
-71.0
-23.0
-88.0
20.0
8.0
-59.0
27.0
-86.0
-36.0
-23.0
-89.0
-27.0
7.0
-31.0
3.0
30.0
-60.0
63.0
-14.0
32.0
27.0
-42.0
35.0
-8.0
-37.0
43.0
-58.0
7.0
-21.0
-45.0
-7.0
-9.0
-25.0
33.0
-22.0
-69.0
-2.0
-83.0
5.0
-78.0
-25.0
-7.0
-15.0
-50.0
45.0
-90.0
1.0
-60.0
-64.0
1.0
-79.0
-8.0
-25.0
-59.0
-59.0
-31.0
-86.0
-6.0
-94.0
-36.0
-21.0
3.0
24.0
-40.0
-15.0
-8.0
-27.0
-13.0
-4.0
-52.0
20.0
8.0
33.0
80.0
-101.0
-58.0
-39.0
-66.0
27.0
-53.0
-61.0
-10.0
-101.0
15.0
11.0
-56.0
-14.0
-64.0
-75.0
-33.0
-75.0
-75.0
1.0
-119.0
-15.0
-76.0
-52.0
13.0
-66.0
35.0
-30.0
-23.0
-6.0
-28.0
-43.0
54.0
5.0
63.0
60.0
-21.0
62.0
52.0
-40.0
89.0
-3.0
16.0
56.0
32.0
5.0
-19.0
-34.0
24.0
1.0
13.0
25.0
-22.0
0.0
-27.0
4.0
2.0
-9.0
-1.0
-12.0
-51.0
2.0
-33.0
-15.0
65.0
-73.0
-41.0
22.0
3.0
54.0
-6.0
16.0
25.0
-16.0
27.0
49.0
-78.0
-1.0
-41.0
-20.0
21.0
-37.0
-13.0
-15.0
-89.0
53.0
-36.0
-18.0
28.0
-87.0
-37.0
-31.0
-42.0
-10.0
-36.0
-21.0
22.0
-62.0
-52.0
-6.0
-53.0
27.0
7.0
-58.0
71.0
-18.0
6.0
48.0
35.0
91.0
21.0
1.0
86.0
-4.0
82.0
42.0
48.0
92.0
39.0
33.0
65.0
25.0
92.0
41.0
10.0
30.0
-6.0
18.0
41.0
-5.0
24.0
106.0
-1.0
7.0
2.0
22.0
41.0
-12.0
24.0
37.0
-31.0
42.0
-32.0
-28.0
-11.0
-44.0
-16.0
-20.0
-53.0
-32.0
-25.0
-43.0
-42.0
3.0
-45.0
-27.0
-67.0
-40.0
-47.0
-59.0
87.0
-55.0
28.0
-15.0
-116.0
-24.0
-95.0
-125.0
-20.0
-60.0
-101.0
-44.0
-93.0
-11.0
-50.0
-106.0
13.0
-91.0
-34.0
-46.0
-77.0
7.0
-47.0
-94.0
-44.0
-101.0
-76.0
-37.0
-107.0
14.0
-44.0
-59.0
26.0
-100.0
-63.0
-36.0
-110.0
-22.0
-44.0
-97.0
-50.0
-102.0
-27.0
-46.0
-83.0
-12.0
-77.0
-23.0
-34.0
-88.0
-24.0
-10.0
-55.0
-22.0
-20.0
-73.0
1.0
-13.0
-72.0
-41.0
-65.0
-29.0
-89.0
-97.0
-1.0
-46.0
12.0
-18.0
-71.0
23.0
-49.0
-68.0
27.0
-65.0
-25.0
-7.0
-105.0
-34.0
-66.0
-26.0
-16.0
-68.0
-21.0
-21.0
-90.0
-50.0
-83.0
-83.0
-35.0
-86.0
-72.0
-58.0
-64.0
-5.0
-31.0
-59.0
-13.0
-92.0
-24.0
-30.0
-39.0
-6.0
-48.0
-61.0
29.0
-49.0
2.0
-40.0
-74.0
-13.0
-53.0
-83.0
-33.0
-111.0
-35.0
-43.0
-73.0
-2.0
-52.0
-76.0
-10.0
-78.0
-65.0
-54.0
-145.0
-70.0
-69.0
-105.0
-25.0
-80.0
-63.0
-1.0
-77.0
-15.0
-63.0
-73.0
26.0
-60.0
-26.0
-50.0
-122.0
-50.0
-115.0
-122.0
-30.0
-149.0
-55.0
-38.0
-70.0
-95.0
-71.0
-114.0
-16.0
-108.0
-27.0
-34.0
-59.0
-2.0
-93.0
-142.0
-52.0
-114.0
-44.0
-1.0
-105.0
-21.0
-46.0
-42.0
-56.0
-63.0
-36.0
-27.0
-63.0
-32.0
-41.0
-38.0
-10.0
-51.0
-59.0
-65.0
-111.0
-75.0
-65.0
-94.0
-56.0
-92.0
-87.0
-106.0
-155.0
-43.0
-85.0
-111.0
-33.0
-74.0
-71.0
-80.0
-85.0
-111.0
-112.0
-116.0
-63.0
-124.0
-85.0
-107.0
-145.0
-106.0
-110.0
-132.0
-105.0
-136.0
-139.0
-108.0
-167.0
-97.0
-150.0
-179.0
-55.0
-135.0
-124.0
-43.0
-118.0
-75.0
-96.0
-44.0
-66.0
-68.0
-134.0
-65.0
-106.0
-50.0
-81.0
-79.0
6.0
-76.0
-44.0
12.0
-83.0
-24.0
-37.0
-107.0
-2.0
-81.0
-53.0
-22.0
-76.0
-3.0
-3.0
-101.0
21.0
-71.0
17.0
33.0
-68.0
16.0
-70.0
-56.0
-39.0
-65.0
-25.0
-28.0
-64.0
-29.0
-18.0
-24.0
14.0
-45.0
-3.0
-15.0
-96.0
-26.0
-54.0
-36.0
-17.0
-72.0
-31.0
-12.0
-36.0
10.0
-21.0
-13.0
7.0
-46.0
-35.0
-13.0
-64.0
-34.0
-37.0
-17.0
-4.0
-11.0
15.0
58.0
-26.0
129.0
86.0
49.0
52.0
-14.0
35.0
97.0
-43.0
79.0
46.0
31.0
41.0
7.0
4.0
74.0
-47.0
48.0
-1.0
-34.0
4.0
-21.0
-6.0
-7.0
-43.0
14.0
-14.0
-57.0
21.0
-27.0
-11.0
40.0
-53.0
8.0
-3.0
-30.0
-10.0
-63.0
-12.0
-27.0
-30.0
4.0
-57.0
-62.0
42.0
-44.0
-3.0
8.0
-63.0
-10.0
-32.0
-63.0
-8.0
-74.0
-44.0
3.0
-95.0
-8.0
-80.0
-59.0
-14.0
-98.0
-63.0
-36.0
-48.0
16.0
-17.0
-55.0
-30.0
-53.0
-78.0
-3.0
-42.0
52.0
95.0
-43.0
60.0
-24.0
-37.0
18.0
-126.0
-16.0
-53.0
-29.0
-9.0
-56.0
-35.0
-6.0
-68.0
-12.0
-48.0
-27.0
56.0
-113.0
-6.0
8.0
-35.0
20.0
-5.0
-10.0
33.0
-39.0
29.0
9.0
-14.0
38.0
-60.0
-48.0
13.0
-34.0
-6.0
40.0
-40.0
47.0
39.0
-21.0
23.0
6.0
-19.0
22.0
-70.0
64.0
-26.0
-9.0
20.0
-17.0
1.0
16.0
-34.0
36.0
-6.0
72.0
37.0
-1.0
69.0
33.0
-12.0
21.0
7.0
-30.0
13.0
-44.0
28.0
43.0
-1.0
101.0
12.0
27.0
45.0
1.0
40.0
71.0
-13.0
59.0
33.0
15.0
88.0
3.0
58.0
122.0
4.0
61.0
45.0
4.0
75.0
-2.0
35.0
114.0
11.0
64.0
30.0
-23.0
78.0
-4.0
12.0
88.0
-7.0
70.0
16.0
62.0
77.0
37.0
52.0
70.0
-11.0
39.0
29.0
-27.0
82.0
-5.0
3.0
50.0
36.0
54.0
16.0
31.0
76.0
-11.0
50.0
75.0
-21.0
72.0
28.0
40.0
59.0
20.0
76.0
98.0
-21.0
98.0
23.0
42.0
121.0
-24.0
82.0
80.0
37.0
76.0
62.0
102.0
111.0
43.0
82.0
155.0
59.0
145.0
74.0
73.0
181.0
67.0
157.0
121.0
128.0
133.0
157.0
116.0
100.0
76.0
44.0
88.0
42.0
115.0
105.0
32.0
92.0
11.0
80.0
70.0
93.0
98.0
76.0
82.0
93.0
52.0
76.0
84.0
19.0
50.0
48.0
55.0
50.0
62.0
42.0
54.0
78.0
72.0
19.0
7.0
56.0
48.0
44.0
82.0
50.0
74.0
28.0
31.0
102.0
65.0
79.0
93.0
18.0
71.0
69.0
70.0
114.0
67.0
83.0
130.0
90.0
125.0
103.0
75.0
110.0
52.0
88.0
68.0
2.0
77.0
29.0
61.0
100.0
90.0
82.0
152.0
31.0
109.0
60.0
58.0
136.0
76.0
116.0
113.0
64.0
159.0
164.0
53.0
136.0
91.0
95.0
142.0
58.0
148.0
116.0
92.0
169.0
97.0
103.0
130.0
71.0
144.0
113.0
91.0
136.0
122.0
121.0
153.0
122.0
191.0
76.0
120.0
178.0
88.0
176.0
156.0
120.0
157.0
182.0
119.0
223.0
147.0
186.0
197.0
114.0
240.0
123.0
185.0
167.0
159.0
178.0
243.0
109.0
214.0
199.0
170.0
187.0
136.0
166.0
168.0
115.0
208.0
129.0
123.0
164.0
77.0
130.0
146.0
53.0
135.0
67.0
91.0
145.0
117.0
130.0
168.0
90.0
188.0
117.0
91.0
163.0
70.0
159.0
137.0
136.0
132.0
119.0
62.0
125.0
-4.0
74.0
81.0
39.0
127.0
42.0
89.0
186.0
89.0
168.0
187.0
115.0
95.0
73.0
94.0
69.0
53.0
90.0
108.0
51.0
115.0
117.0
73.0
110.0
76.0
111.0
84.0
98.0
97.0
86.0
66.0
126.0
88.0
84.0
124.0
66.0
105.0
103.0
60.0
123.0
76.0
152.0
94.0
95.0
134.0
96.0
74.0
121.0
80.0
123.0
121.0
103.0
130.0
88.0
94.0
127.0
83.0
123.0
117.0
82.0
191.0
64.0
79.0
172.0
100.0
127.0
155.0
108.0
168.0
167.0
127.0
156.0
108.0
76.0
111.0
88.0
129.0
126.0
114.0
175.0
134.0
193.0
174.0
167.0
160.0
144.0
112.0
236.0
64.0
139.0
143.0
100.0
141.0
137.0
130.0
131.0
100.0
121.0
127.0
107.0
144.0
99.0
103.0
174.0
69.0
106.0
159.0
60.0
117.0
133.0
103.0
159.0
121.0
199.0
105.0
107.0
84.0
48.0
-3.0
100.0
31.0
76.0
84.0
-12.0
118.0
15.0
26.0
89.0
4.0
45.0
149.0
34.0
55.0
71.0
21.0
92.0
11.0
60.0
38.0
24.0
61.0
55.0
35.0
99.0
85.0
111.0
60.0
76.0
119.0
111.0
81.0
178.0
93.0
81.0
153.0
60.0
100.0
39.0
46.0
95.0
68.0
-8.0
60.0
-21.0
62.0
52.0
18.0
89.0
15.0
65.0
95.0
52.0
78.0
27.0
18.0
101.0
88.0
62.0
121.0
27.0
78.0
54.0
1.0
106.0
2.0
63.0
42.0
19.0
119.0
-5.0
27.0
36.0
-33.0
10.0
53.0
10.0
68.0
15.0
14.0
80.0
-4.0
77.0
93.0
-48.0
82.0
43.0
-40.0
104.0
51.0
43.0
72.0
17.0
67.0
72.0
37.0
90.0
13.0
63.0
92.0
-11.0
73.0
53.0
28.0
35.0
-24.0
23.0
43.0
-38.0
83.0
12.0
48.0
80.0
61.0
33.0
68.0
0.0
78.0
64.0
84.0
115.0
61.0
113.0
66.0
42.0
122.0
44.0
64.0
102.0
113.0
64.0
110.0
77.0
98.0
95.0
37.0
161.0
46.0
120.0
115.0
71.0
130.0
77.0
123.0
120.0
144.0
131.0
155.0
87.0
135.0
109.0
53.0
148.0
115.0
137.0
56.0
33.0
105.0
82.0
84.0
161.0
54.0
93.0
91.0
52.0
86.0
36.0
74.0
64.0
31.0
4.0
54.0
15.0
88.0
28.0
81.0
113.0
100.0
72.0
84.0
21.0
57.0
73.0
28.0
84.0
18.0
80.0
71.0
-20.0
84.0
24.0
1.0
52.0
54.0
-6.0
41.0
-27.0
37.0
20.0
23.0
91.0
-21.0
20.0
53.0
-11.0
50.0
-28.0
-38.0
54.0
7.0
-5.0
47.0
-11.0
27.0
30.0
-15.0
83.0
-4.0
15.0
63.0
-28.0
64.0
56.0
100.0
140.0
95.0
87.0
77.0
49.0
116.0
69.0
30.0
105.0
37.0
51.0
62.0
-26.0
35.0
53.0
25.0
32.0
-11.0
26.0
44.0
-4.0
37.0
26.0
9.0
114.0
35.0
88.0
82.0
31.0
109.0
51.0
19.0
80.0
-25.0
28.0
54.0
12.0
68.0
49.0
14.0
66.0
22.0
54.0
39.0
15.0
55.0
48.0
90.0
50.0
-22.0
51.0
61.0
-10.0
69.0
23.0
13.0
21.0
-2.0
34.0
6.0
-14.0
-21.0
-51.0
-10.0
-11.0
-59.0
-21.0
-17.0
-3.0
-7.0
-46.0
-44.0
7.0
-63.0
-4.0
0.0
-72.0
-5.0
-61.0
-72.0
-65.0
-93.0
-69.0
-39.0
-96.0
-1.0
-41.0
-77.0
-16.0
-74.0
-39.0
-23.0
-109.0
-33.0
-38.0
-74.0
-2.0
-58.0
-64.0
25.0
-87.0
-28.0
-122.0
-65.0
-8.0
-55.0
-28.0
-22.0
-53.0
47.0
-56.0
-23.0
-30.0
-43.0
-15.0
4.0
-44.0
29.0
42.0
-30.0
100.0
21.0
-27.0
21.0
-34.0
13.0
-26.0
-32.0
40.0
26.0
-7.0
-25.0
-52.0
10.0
17.0
-22.0
62.0
-17.0
9.0
27.0
-48.0
45.0
-9.0
1.0
16.0
-68.0
-32.0
-13.0
-33.0
38.0
4.0
-4.0
52.0
-56.0
-22.0
2.0
-74.0
-34.0
-68.0
-79.0
-1.0
-119.0
-65.0
-48.0
-148.0
-32.0
-55.0
-75.0
-5.0
-78.0
-13.0
-22.0
-36.0
12.0
50.0
-104.0
-36.0
-123.0
-58.0
-62.0
-63.0
-37.0
-55.0
-89.0
12.0
-136.0
-49.0
-13.0
-69.0
-43.0
-86.0
-101.0
-14.0
-64.0
-56.0
-29.0
-62.0
-25.0
-62.0
-72.0
12.0
-80.0
-40.0
-20.0
-70.0
-60.0
-66.0
-41.0
-53.0
-100.0
-89.0
-30.0
-84.0
-60.0
-65.0
-80.0
-22.0
-102.0
-29.0
-31.0
-87.0
-31.0
-35.0
-43.0
29.0
-52.0
-14.0
53.0
-21.0
21.0
-6.0
-22.0
43.0
-45.0
-10.0
-19.0
-84.0
-10.0
-6.0
-85.0
46.0
-80.0
-31.0
0.0
-42.0
40.0
-48.0
-47.0
5.0
-40.0
-30.0
26.0
-91.0
-7.0
6.0
-22.0
26.0
-40.0
20.0
35.0
-1.0
88.0
35.0
-53.0
60.0
1.0
40.0
61.0
-10.0
64.0
36.0
11.0
82.0
13.0
35.0
67.0
-8.0
79.0
-17.0
11.0
36.0
-31.0
-30.0
13.0
-52.0
13.0
-5.0
-21.0
53.0
-47.0
29.0
50.0
-21.0
67.0
-15.0
-17.0
14.0
37.0
5.0
29.0
3.0
54.0
-47.0
-61.0
2.0
-8.0
17.0
19.0
-69.0
-14.0
30.0
20.0
55.0
2.0
-25.0
-10.0
-56.0
-4.0
-4.0
-64.0
52.0
-26.0
-45.0
22.0
-49.0
-6.0
-4.0
-46.0
25.0
-29.0
-28.0
6.0
-52.0
-33.0
-60.0
-50.0
2.0
-98.0
-51.0
-29.0
-83.0
-6.0
-21.0
-87.0
-41.0
-92.0
-18.0
-29.0
-103.0
-25.0
-31.0
-40.0
-45.0
-111.0
-33.0
-18.0
-129.0
-22.0
-65.0
-91.0
-2.0
-83.0
-90.0
-39.0
-107.0
-21.0
-79.0
-98.0
-25.0
-86.0
-73.0
-33.0
-114.0
-83.0
-73.0
-95.0
19.0
-81.0
-86.0
-28.0
-68.0
-25.0
-62.0
-93.0
-30.0
-48.0
-116.0
-24.0
-67.0
0.0
-52.0
-106.0
-18.0
-84.0
-56.0
-22.0
-109.0
-51.0
-60.0
-99.0
-62.0
-112.0
-57.0
-38.0
-109.0
31.0
-86.0
-69.0
6.0
-136.0
-43.0
-52.0
-63.0
-72.0
-56.0
-101.0
-10.0
-97.0
-78.0
-103.0
-121.0
-78.0
-80.0
-93.0
-66.0
-98.0
-77.0
-48.0
-104.0
-55.0
-84.0
-38.0
23.0
-112.0
-57.0
-7.0
-69.0
-51.0
-11.0
-84.0
4.0
-119.0
-67.0
1.0
-125.0
-13.0
-47.0
-81.0
-3.0
-61.0
-70.0
-40.0
-102.0
-27.0
-91.0
-122.0
-53.0
-64.0
-86.0
-12.0
-105.0
31.0
-108.0
-58.0
-74.0
-100.0
-72.0
-14.0
-76.0
-30.0
-69.0
-87.0
-24.0
-42.0
-39.0
-17.0
-104.0
11.0
-81.0
-12.0
-46.0
-52.0
-65.0
-22.0
-98.0
-2.0
-32.0
-99.0
-46.0
-94.0
-82.0
-14.0
-96.0
-36.0
-24.0
-84.0
15.0
-90.0
-52.0
-33.0
-90.0
3.0
-6.0
-58.0
8.0
-71.0
-40.0
-21.0
-23.0
-2.0
-61.0
-74.0
-73.0
-81.0
-35.0
-33.0
-71.0
-50.0
-58.0
-87.0
-36.0
-89.0
-56.0
-29.0
-73.0
-14.0
-46.0
-126.0
-13.0
-122.0
-84.0
-33.0
-105.0
-42.0
-61.0
-128.0
-54.0
-105.0
-47.0
-60.0
-70.0
-23.0
-20.0
-61.0
-50.0
-61.0
-2.0
-4.0
-36.0
-6.0
-39.0
-73.0
-9.0
-49.0
-68.0
6.0
-123.0
-16.0
-74.0
-64.0
-12.0
-53.0
-28.0
15.0
-47.0
-1.0
-11.0
-49.0
9.0
-19.0
-65.0
-24.0
-124.0
-62.0
-53.0
-102.0
-8.0
-41.0
-45.0
20.0
17.0
-17.0
-5.0
4.0
40.0
-4.0
5.0
4.0
-56.0
-1.0
-41.0
-103.0
-42.0
-95.0
6.0
14.0
-43.0
-1.0
10.0
-15.0
49.0
32.0
-21.0
12.0
-29.0
51.0
20.0
12.0
40.0
-53.0
-10.0
9.0
-27.0
14.0
33.0
-10.0
23.0
-34.0
-21.0
9.0
-58.0
-11.0
-6.0
-88.0
-48.0
-78.0
-69.0
-18.0
-80.0
-25.0
-31.0
-30.0
54.0
-40.0
-13.0
17.0
-26.0
42.0
2.0
-18.0
55.0
46.0
-34.0
35.0
-38.0
-21.0
-74.0
-82.0
-35.0
-42.0
-70.0
-25.0
-72.0
-41.0
-49.0
-79.0
-43.0
-87.0
-75.0
-40.0
-83.0
-23.0
-51.0
-47.0
11.0
-9.0
-26.0
51.0
-40.0
30.0
-43.0
-72.0
-11.0
-99.0
-65.0
-58.0
-87.0
-23.0
-74.0
-83.0
22.0
-69.0
-42.0
46.0
-39.0
64.0
23.0
20.0
28.0
-55.0
-74.0
-14.0
-79.0
-55.0
-74.0
-98.0
-54.0
-71.0
-50.0
-9.0
-131.0
-31.0
-45.0
-80.0
-51.0
-118.0
-37.0
-96.0
-126.0
-35.0
-28.0
-104.0
-29.0
-56.0
-63.0
-33.0
-81.0
14.0
-8.0
-21.0
38.0
-10.0
5.0
12.0
-48.0
12.0
-14.0
-53.0
17.0
-44.0
-48.0
10.0
-60.0
-1.0
10.0
-105.0
-4.0
-39.0
-37.0
-47.0
-58.0
-42.0
-13.0
-61.0
30.0
-89.0
-41.0
-1.0
-57.0
-5.0
-31.0
-52.0
-9.0
-92.0
-76.0
-53.0
-103.0
-56.0
-44.0
-103.0
-5.0
-33.0
-88.0
-66.0
-114.0
-61.0
-25.0
-121.0
-16.0
-67.0
-51.0
-25.0
-72.0
-46.0
-40.0
-13.0
-39.0
-97.0
-84.0
2.0
-127.0
-38.0
-51.0
-69.0
19.0
-69.0
-20.0
-20.0
-74.0
-24.0
-32.0
-92.0
-4.0
-105.0
-45.0
-1.0
-98.0
-26.0
-24.0
-73.0
-18.0
-78.0
-30.0
-68.0
-99.0
-49.0
-33.0
-104.0
-30.0
-104.0
-94.0
-44.0
-104.0
-56.0
-67.0
-82.0
-43.0
-64.0
-61.0
-8.0
-31.0
-54.0
-74.0
-109.0
-35.0
-62.0
-62.0
4.0
-100.0
-63.0
-5.0
-63.0
-32.0
-56.0
-76.0
6.0
-74.0
-36.0
-51.0
-77.0
-21.0
-51.0
-33.0
-27.0
-114.0
-64.0
-32.0
-85.0
-2.0
-58.0
-42.0
-26.0
-64.0
-3.0
-42.0
-65.0
25.0
-71.0
-12.0
-1.0
-61.0
40.0
14.0
-40.0
49.0
-63.0
-50.0
40.0
-65.0
-12.0
-10.0
-54.0
-12.0
-43.0
-30.0
-14.0
-11.0
-40.0
-27.0
-33.0
12.0
-57.0
-6.0
18.0
-36.0
11.0
-6.0
33.0
90.0
-7.0
31.0
31.0
-12.0
45.0
29.0
4.0
94.0
48.0
51.0
95.0
11.0
108.0
44.0
-14.0
62.0
8.0
23.0
66.0
19.0
36.0
-3.0
-41.0
21.0
-17.0
-30.0
30.0
-4.0
29.0
19.0
-21.0
43.0
60.0
16.0
107.0
40.0
16.0
25.0
-42.0
76.0
-22.0
-30.0
22.0
-63.0
-18.0
-38.0
-41.0
28.0
-31.0
-19.0
19.0
-34.0
10.0
-33.0
-25.0
-12.0
-27.0
-35.0
-6.0
-10.0
-18.0
-14.0
-44.0
36.0
-54.0
-6.0
23.0
-24.0
-14.0
64.0
-77.0
20.0
-25.0
-13.0
34.0
-51.0
40.0
45.0
12.0
-13.0
-32.0
16.0
46.0
-4.0
42.0
57.0
-10.0
37.0
12.0
29.0
41.0
-12.0
29.0
-21.0
-27.0
43.0
-20.0
10.0
59.0
8.0
31.0
23.0
-6.0
53.0
-13.0
11.0
45.0
-28.0
42.0
-11.0
-18.0
53.0
-12.0
-6.0
4.0
-3.0
43.0
55.0
45.0
106.0
18.0
31.0
33.0
11.0
23.0
140.0
-28.0
59.0
20.0
16.0
72.0
15.0
56.0
9.0
-15.0
3.0
-57.0
-3.0
67.0
15.0
70.0
52.0
-21.0
50.0
25.0
-32.0
45.0
-12.0
52.0
29.0
27.0
52.0
37.0
16.0
35.0
41.0
61.0
51.0
37.0
61.0
-23.0
-18.0
45.0
-27.0
65.0
-3.0
-46.0
38.0
-42.0
18.0
10.0
-66.0
-23.0
11.0
-71.0
17.0
-1.0
-53.0
-14.0
-40.0
-4.0
4.0
-103.0
-10.0
-14.0
-24.0
31.0
-25.0
6.0
22.0
-41.0
-11.0
-5.0
-39.0
3.0
-91.0
-37.0
-63.0
-109.0
-47.0
-44.0
-21.0
13.0
-47.0
7.0
-26.0
-35.0
40.0
-34.0
0.0
8.0
-87.0
-4.0
-24.0
-64.0
-2.0
7.0
-78.0
2.0
-67.0
33.0
18.0
-45.0
28.0
-7.0
9.0
35.0
3.0
40.0
117.0
-24.0
60.0
44.0
-21.0
73.0
5.0
98.0
45.0
21.0
86.0
20.0
55.0
95.0
53.0
97.0
67.0
6.0
65.0
-6.0
33.0
67.0
49.0
45.0
51.0
14.0
78.0
89.0
48.0
107.0
46.0
118.0
83.0
86.0
64.0
101.0
82.0
125.0
39.0
111.0
102.0
98.0
136.0
26.0
102.0
103.0
41.0
124.0
119.0
100.0
136.0
54.0
84.0
173.0
74.0
116.0
89.0
80.0
134.0
130.0
114.0
124.0
49.0
140.0
100.0
84.0
110.0
50.0
60.0
109.0
48.0
105.0
88.0
25.0
138.0
47.0
38.0
70.0
31.0
82.0
115.0
75.0
152.0
137.0
130.0
110.0
47.0
82.0
74.0
62.0
116.0
80.0
45.0
118.0
18.0
138.0
73.0
61.0
81.0
64.0
65.0
67.0
14.0
57.0
48.0
4.0
49.0
20.0
33.0
89.0
54.0
42.0
27.0
-12.0
16.0
-21.0
-14.0
41.0
-33.0
-1.0
27.0
-33.0
83.0
-70.0
-12.0
52.0
1.0
29.0
29.0
-12.0
72.0
40.0
53.0
76.0
33.0
93.0
12.0
-31.0
28.0
4.0
14.0
64.0
2.0
43.0
70.0
10.0
70.0
64.0
60.0
103.0
-9.0
63.0
54.0
42.0
64.0
64.0
74.0
88.0
75.0
93.0
39.0
44.0
84.0
64.0
22.0
92.0
13.0
77.0
83.0
28.0
117.0
48.0
22.0
140.0
47.0
135.0
65.0
46.0
116.0
36.0
68.0
91.0
41.0
121.0
104.0
43.0
125.0
54.0
74.0
78.0
68.0
143.0
106.0
150.0
117.0
84.0
82.0
136.0
15.0
118.0
70.0
8.0
90.0
92.0
43.0
84.0
69.0
61.0
122.0
24.0
107.0
116.0
33.0
98.0
51.0
50.0
118.0
49.0
136.0
64.0
103.0
153.0
110.0
119.0
195.0
83.0
140.0
139.0
90.0
166.0
78.0
135.0
121.0
74.0
168.0
121.0
91.0
182.0
94.0
122.0
167.0
66.0
125.0
93.0
88.0
99.0
74.0
149.0
98.0
96.0
168.0
119.0
143.0
217.0
143.0
173.0
84.0
43.0
117.0
112.0
81.0
129.0
87.0
104.0
117.0
72.0
145.0
28.0
86.0
93.0
62.0
81.0
87.0
31.0
83.0
45.0
29.0
72.0
16.0
79.0
96.0
11.0
134.0
91.0
52.0
103.0
41.0
96.0
86.0
70.0
60.0
56.0
46.0
100.0
53.0
107.0
122.0
54.0
140.0
84.0
106.0
152.0
55.0
124.0
88.0
41.0
106.0
56.0
59.0
109.0
29.0
122.0
73.0
96.0
116.0
97.0
113.0
170.0
80.0
105.0
105.0
77.0
127.0
121.0
72.0
134.0
2.0
92.0
108.0
29.0
136.0
60.0
51.0
138.0
49.0
97.0
140.0
105.0
124.0
68.0
68.0
138.0
72.0
77.0
111.0
56.0
125.0
113.0
89.0
159.0
102.0
139.0
140.0
58.0
134.0
25.0
120.0
166.0
112.0
207.0
100.0
48.0
119.0
84.0
102.0
154.0
78.0
133.0
90.0
43.0
90.0
86.0
78.0
147.0
107.0
138.0
125.0
98.0
152.0
115.0
110.0
183.0
42.0
129.0
138.0
90.0
109.0
118.0
81.0
151.0
81.0
132.0
108.0
62.0
146.0
112.0
138.0
116.0
84.0
127.0
108.0
54.0
147.0
51.0
79.0
122.0
59.0
100.0
89.0
106.0
115.0
136.0
115.0
175.0
110.0
143.0
91.0
61.0
123.0
53.0
73.0
87.0
52.0
118.0
72.0
14.0
95.0
39.0
67.0
166.0
32.0
90.0
59.0
7.0
93.0
66.0
62.0
136.0
46.0
109.0
148.0
89.0
159.0
92.0
107.0
86.0
62.0
69.0
86.0
33.0
86.0
96.0
81.0
136.0
73.0
95.0
84.0
35.0
119.0
95.0
101.0
159.0
109.0
143.0
111.0
91.0
140.0
59.0
73.0
135.0
42.0
135.0
157.0
52.0
126.0
124.0
102.0
150.0
108.0
164.0
145.0
79.0
141.0
46.0
73.0
92.0
65.0
30.0
63.0
12.0
86.0
21.0
41.0
93.0
33.0
63.0
73.0
41.0
87.0
34.0
14.0
42.0
-8.0
34.0
38.0
-5.0
35.0
-38.0
-33.0
20.0
-49.0
9.0
3.0
-20.0
61.0
-13.0
5.0
59.0
-41.0
37.0
11.0
-43.0
46.0
-5.0
-32.0
40.0
-68.0
-2.0
-20.0
-111.0
-15.0
-39.0
-88.0
-61.0
-99.0
-71.0
-43.0
-73.0
-29.0
-61.0
-67.0
11.0
-93.0
-33.0
-49.0
-64.0
-25.0
-71.0
-93.0
-82.0
-102.0
-43.0
-88.0
-97.0
-53.0
-65.0
-58.0
-51.0
-75.0
-39.0
-14.0
-60.0
30.0
26.0
-29.0
72.0
-22.0
2.0
18.0
7.0
23.0
17.0
14.0
39.0
-21.0
37.0
49.0
-26.0
54.0
-24.0
-30.0
29.0
4.0
43.0
67.0
12.0
25.0
-12.0
-42.0
24.0
-70.0
-19.0
-38.0
-76.0
4.0
-11.0
-12.0
-17.0
-77.0
-45.0
-59.0
-76.0
-26.0
-56.0
-81.0
-54.0
-81.0
-55.0
-10.0
-107.0
2.0
-49.0
-73.0
-4.0
-65.0
-34.0
-33.0
-111.0
-22.0
-86.0
-103.0
-47.0
-87.0
-59.0
-35.0
-59.0
14.0
-50.0
-48.0
1.0
-52.0
-22.0
-15.0
-39.0
-10.0
-40.0
-74.0
6.0
-34.0
7.0
-8.0
-56.0
30.0
6.0
13.0
-14.0
-22.0
-16.0
-4.0
-84.0
11.0
-8.0
22.0
3.0
-23.0
26.0
-5.0
-14.0
43.0
23.0
-34.0
31.0
-15.0
-2.0
1.0
-50.0
32.0
-37.0
31.0
2.0
-84.0
16.0
-67.0
-53.0
14.0
24.0
-29.0
31.0
-50.0
1.0
-3.0
-22.0
72.0
24.0
9.0
83.0
-5.0
20.0
-7.0
-33.0
23.0
-4.0
-20.0
53.0
-83.0
-13.0
58.0
-41.0
10.0
8.0
-29.0
35.0
-59.0
-5.0
-38.0
-63.0
42.0
-57.0
-33.0
-3.0
-54.0
-7.0
-44.0
-89.0
-18.0
-40.0
-1.0
1.0
-42.0
15.0
1.0
-56.0
47.0
27.0
-30.0
89.0
3.0
30.0
-2.0
-22.0
-4.0
-21.0
-56.0
-1.0
-20.0
-5.0
6.0
1.0
7.0
35.0
12.0
41.0
-26.0
5.0
2.0
-2.0
4.0
-20.0
-18.0
12.0
-35.0
-8.0
10.0
-17.0
31.0
-16.0
-1.0
65.0
10.0
32.0
26.0
-62.0
-30.0
-49.0
-50.0
4.0
-16.0
4.0
-4.0
-83.0
3.0
-38.0
-35.0
32.0
-60.0
-30.0
-5.0
-56.0
-6.0
-58.0
-14.0
7.0
-35.0
54.0
20.0
-2.0
20.0
7.0
-27.0
25.0
-45.0
13.0
-22.0
-71.0
4.0
-33.0
15.0
72.0
25.0
6.0
34.0
-16.0
26.0
6.0
-11.0
54.0
8.0
62.0
64.0
44.0
82.0
31.0
18.0
30.0
5.0
48.0
49.0
-20.0
35.0
52.0
45.0
30.0
-10.0
68.0
57.0
4.0
38.0
1.0
10.0
-21.0
-64.0
-17.0
2.0
-39.0
33.0
-7.0
-13.0
-10.0
-31.0
6.0
22.0
-8.0
67.0
8.0
10.0
34.0
24.0
48.0
61.0
6.0
76.0
25.0
8.0
78.0
-8.0
27.0
52.0
-1.0
49.0
15.0
37.0
88.0
54.0
2.0
80.0
50.0
122.0
102.0
76.0
191.0
71.0
109.0
98.0
45.0
124.0
55.0
73.0
113.0
19.0
76.0
29.0
11.0
62.0
37.0
21.0
81.0
4.0
13.0
41.0
-44.0
17.0
2.0
-39.0
67.0
-20.0
11.0
26.0
-27.0
61.0
22.0
-38.0
74.0
6.0
27.0
62.0
-18.0
49.0
20.0
-3.0
63.0
43.0
21.0
63.0
-33.0
17.0
33.0
-20.0
38.0
-14.0
34.0
4.0
-9.0
80.0
-11.0
4.0
65.0
-42.0
52.0
81.0
37.0
83.0
32.0
5.0
68.0
-69.0
-13.0
-5.0
-35.0
17.0
-36.0
-36.0
-29.0
-59.0
-40.0
33.0
-65.0
28.0
-29.0
-81.0
-31.0
-39.0
-78.0
-22.0
-89.0
8.0
-40.0
-29.0
-2.0
-39.0
-18.0
-20.0
-70.0
16.0
-31.0
-21.0
-2.0
-24.0
-5.0
-10.0
-50.0
48.0
-2.0
5.0
60.0
-31.0
33.0
63.0
-10.0
101.0
32.0
54.0
120.0
68.0
64.0
45.0
-13.0
91.0
27.0
25.0
58.0
-11.0
51.0
108.0
-38.0
73.0
49.0
15.0
37.0
15.0
9.0
36.0
-12.0
47.0
11.0
-9.0
31.0
-69.0
-3.0
16.0
-41.0
8.0
-43.0
-14.0
-9.0
-64.0
-41.0
0.0
-49.0
-6.0
-47.0
-60.0
21.0
-16.0
-42.0
-38.0
-75.0
26.0
-59.0
-20.0
-9.0
-33.0
-24.0
14.0
-16.0
43.0
15.0
-31.0
31.0
-10.0
-14.0
-17.0
-37.0
15.0
-20.0
-7.0
6.0
-29.0
5.0
-22.0
-50.0
4.0
-44.0
-70.0
4.0
-76.0
-25.0
54.0
-67.0
23.0
30.0
-21.0
17.0
-10.0
-48.0
30.0
-23.0
11.0
20.0
-2.0
21.0
-79.0
-13.0
-42.0
-76.0
26.0
-63.0
-35.0
27.0
-60.0
5.0
-13.0
-27.0
26.0
-7.0
14.0
68.0
-20.0
19.0
47.0
-16.0
64.0
35.0
26.0
20.0
-21.0
6.0
12.0
-36.0
53.0
5.0
-52.0
-25.0
-55.0
-67.0
23.0
-45.0
71.0
-17.0
-63.0
12.0
-76.0
-31.0
-4.0
-58.0
-2.0
-25.0
-22.0
39.0
-26.0
24.0
-40.0
-46.0
-10.0
1.0
-64.0
5.0
-23.0
-46.0
-14.0
-53.0
18.0
-46.0
-21.0
14.0
-56.0
-4.0
-1.0
-58.0
-15.0
11.0
-71.0
11.0
-81.0
-18.0
16.0
-80.0
-9.0
-22.0
17.0
20.0
-21.0
-12.0
80.0
-34.0
70.0
37.0
19.0
86.0
29.0
48.0
54.0
-17.0
14.0
-1.0
-25.0
13.0
-37.0
23.0
15.0
-41.0
31.0
34.0
-41.0
51.0
-18.0
16.0
50.0
-30.0
86.0
-26.0
-49.0
20.0
-30.0
10.0
37.0
13.0
51.0
18.0
-12.0
46.0
4.0
65.0
27.0
-5.0
43.0
26.0
7.0
70.0
-5.0
66.0
27.0
11.0
49.0
53.0
22.0
135.0
43.0
31.0
77.0
62.0
60.0
29.0
78.0
61.0
52.0
94.0
70.0
6.0
54.0
26.0
56.0
79.0
55.0
78.0
98.0
-7.0
85.0
70.0
18.0
70.0
56.0
65.0
134.0
-4.0
46.0
51.0
23.0
81.0
-2.0
45.0
62.0
-18.0
74.0
28.0
5.0
98.0
30.0
52.0
108.0
14.0
74.0
60.0
88.0
74.0
25.0
59.0
60.0
-3.0
41.0
-18.0
-30.0
50.0
42.0
10.0
67.0
-20.0
78.0
21.0
2.0
95.0
-22.0
53.0
41.0
-5.0
37.0
51.0
-44.0
71.0
5.0
-10.0
-11.0
-39.0
15.0
-13.0
-26.0
16.0
-30.0
26.0
2.0
-60.0
4.0
-44.0
-22.0
14.0
15.0
5.0
49.0
-24.0
58.0
2.0
36.0
70.0
69.0
69.0
82.0
18.0
81.0
65.0
39.0
108.0
36.0
92.0
91.0
8.0
110.0
41.0
39.0
91.0
10.0
69.0
54.0
54.0
52.0
51.0
-6.0
77.0
49.0
100.0
166.0
79.0
117.0
56.0
-11.0
86.0
22.0
90.0
79.0
-21.0
78.0
4.0
25.0
53.0
40.0
20.0
61.0
18.0
60.0
29.0
-13.0
79.0
19.0
63.0
44.0
20.0
53.0
4.0
28.0
79.0
15.0
44.0
8.0
-69.0
29.0
5.0
29.0
19.0
8.0
39.0
27.0
-10.0
52.0
31.0
39.0
64.0
43.0
77.0
48.0
37.0
40.0
14.0
60.0
72.0
8.0
9.0
67.0
23.0
88.0
43.0
55.0
79.0
4.0
65.0
32.0
47.0
91.0
38.0
23.0
91.0
10.0
51.0
58.0
37.0
64.0
43.0
44.0
88.0
42.0
90.0
79.0
21.0
106.0
55.0
63.0
108.0
55.0
87.0
80.0
79.0
97.0
99.0
67.0
98.0
80.0
59.0
69.0
26.0
83.0
49.0
53.0
94.0
29.0
50.0
101.0
-4.0
54.0
69.0
106.0
97.0
86.0
70.0
40.0
0.0
82.0
6.0
42.0
87.0
63.0
99.0
98.0
68.0
115.0
73.0
30.0
147.0
18.0
108.0
102.0
89.0
128.0
73.0
48.0
145.0
93.0
92.0
127.0
38.0
124.0
109.0
79.0
169.0
93.0
100.0
116.0
93.0
155.0
162.0
107.0
187.0
96.0
144.0
154.0
56.0
139.0
91.0
91.0
77.0
70.0
81.0
126.0
72.0
148.0
85.0
79.0
115.0
42.0
101.0
120.0
74.0
152.0
142.0
83.0
146.0
72.0
109.0
140.0
72.0
169.0
111.0
84.0
170.0
69.0
131.0
149.0
60.0
130.0
112.0
127.0
159.0
91.0
161.0
118.0
43.0
166.0
143.0
92.0
161.0
105.0
93.0
119.0
82.0
124.0
133.0
86.0
156.0
73.0
61.0
90.0
67.0
119.0
130.0
77.0
146.0
112.0
66.0
149.0
95.0
122.0
96.0
48.0
139.0
110.0
78.0
122.0
54.0
86.0
87.0
60.0
176.0
124.0
139.0
172.0
90.0
125.0
123.0
83.0
162.0
98.0
147.0
169.0
106.0
194.0
191.0
154.0
195.0
145.0
180.0
187.0
159.0
156.0
197.0
127.0
220.0
86.0
159.0
164.0
132.0
142.0
130.0
72.0
175.0
83.0
124.0
102.0
56.0
87.0
84.0
65.0
94.0
69.0
77.0
153.0
86.0
158.0
125.0
17.0
99.0
27.0
73.0
79.0
30.0
72.0
93.0
7.0
121.0
31.0
78.0
69.0
27.0
59.0
54.0
8.0
95.0
13.0
86.0
87.0
-8.0
58.0
84.0
65.0
124.0
54.0
92.0
75.0
39.0
47.0
24.0
13.0
89.0
24.0
45.0
59.0
-17.0
86.0
17.0
-24.0
86.0
30.0
64.0
45.0
-17.0
44.0
32.0
30.0
30.0
25.0
55.0
64.0
15.0
72.0
113.0
-22.0
94.0
20.0
55.0
81.0
21.0
80.0
70.0
50.0
98.0
80.0
113.0
101.0
67.0
56.0
68.0
-11.0
88.0
27.0
84.0
131.0
6.0
72.0
-22.0
-64.0
62.0
16.0
69.0
26.0
6.0
12.0
-3.0
-18.0
68.0
13.0
33.0
21.0
3.0
16.0
51.0
3.0
82.0
11.0
17.0
59.0
-54.0
21.0
70.0
31.0
105.0
-8.0
44.0
43.0
-2.0
53.0
60.0
-3.0
72.0
-22.0
58.0
58.0
-16.0
29.0
-6.0
-37.0
61.0
-73.0
-18.0
-6.0
-22.0
55.0
-17.0
-28.0
39.0
-22.0
14.0
72.0
-8.0
1.0
17.0
-53.0
29.0
27.0
-5.0
31.0
-25.0
-6.0
-29.0
-49.0
-20.0
-17.0
-71.0
14.0
-112.0
45.0
-75.0
-34.0
0.0
-32.0
-47.0
-32.0
-55.0
-4.0
5.0
-42.0
49.0
-87.0
-9.0
18.0
-22.0
18.0
-44.0
-63.0
8.0
-14.0
-36.0
-36.0
-79.0
-49.0
-27.0
-59.0
31.0
-35.0
-6.0
35.0
-90.0
21.0
-41.0
-60.0
46.0
-65.0
-14.0
17.0
-13.0
19.0
-24.0
-39.0
4.0
-13.0
23.0
39.0
-32.0
-2.0
-20.0
-36.0
60.0
-18.0
15.0
40.0
-13.0
4.0
4.0
-30.0
31.0
-23.0
24.0
-10.0
-37.0
31.0
21.0
-1.0
53.0
-24.0
21.0
75.0
-15.0
14.0
13.0
-36.0
32.0
17.0
17.0
31.0
-30.0
5.0
33.0
-12.0
30.0
-7.0
23.0
55.0
-8.0
58.0
37.0
-37.0
13.0
-33.0
0.0
39.0
-9.0
23.0
16.0
-23.0
45.0
-41.0
12.0
51.0
-56.0
13.0
-23.0
-33.0
46.0
-2.0
10.0
18.0
-41.0
-14.0
-3.0
-35.0
58.0
-39.0
-6.0
39.0
-39.0
34.0
26.0
-16.0
39.0
-14.0
-8.0
12.0
-2.0
7.0
-29.0
-32.0
43.0
-42.0
-36.0
57.0
-28.0
-16.0
-3.0
-22.0
-34.0
-68.0
-51.0
13.0
-67.0
-2.0
-7.0
-39.0
78.0
20.0
-7.0
61.0
-26.0
24.0
-5.0
-37.0
25.0
-34.0
8.0
55.0
-51.0
16.0
10.0
-42.0
36.0
-6.0
71.0
127.0
-6.0
90.0
-25.0
-45.0
-6.0
-16.0
-20.0
22.0
-92.0
22.0
-48.0
-50.0
42.0
-46.0
-8.0
4.0
-61.0
27.0
25.0
-31.0
-17.0
-44.0
-24.0
15.0
-54.0
-18.0
-33.0
-16.0
32.0
-10.0
-53.0
18.0
-68.0
-12.0
17.0
-43.0
47.0
-21.0
-31.0
42.0
-54.0
25.0
-24.0
-68.0
29.0
-23.0
-43.0
33.0
-1.0
58.0
41.0
-6.0
52.0
-27.0
-9.0
-5.0
-69.0
-24.0
-20.0
-85.0
36.0
-22.0
12.0
7.0
-51.0
7.0
-8.0
-56.0
36.0
-10.0
12.0
34.0
-69.0
-7.0
5.0
-84.0
-11.0
-67.0
-32.0
0.0
-63.0
7.0
-31.0
-54.0
43.0
-39.0
-31.0
5.0
-35.0
-23.0
-22.0
-63.0
10.0
-56.0
-78.0
1.0
-86.0
22.0
-23.0
-40.0
1.0
-39.0
-4.0
11.0
-53.0
-10.0
-27.0
-68.0
2.0
-86.0
-62.0
-29.0
-54.0
-1.0
1.0
-12.0
58.0
6.0
-1.0
45.0
0.0
69.0
28.0
-2.0
58.0
-5.0
-23.0
33.0
-46.0
32.0
-37.0
-17.0
35.0
-17.0
17.0
76.0
-22.0
13.0
13.0
-79.0
-3.0
-55.0
-21.0
2.0
-44.0
20.0
-29.0
-52.0
-3.0
-12.0
-7.0
16.0
-4.0
-21.0
18.0
-55.0
9.0
-12.0
-48.0
3.0
-86.0
-35.0
-26.0
-81.0
-38.0
-44.0
-62.0
35.0
-47.0
1.0
4.0
-28.0
19.0
-7.0
-16.0
-11.0
-86.0
-36.0
-22.0
-59.0
31.0
-108.0
-25.0
-30.0
-57.0
21.0
-1.0
-40.0
-22.0
-69.0
-43.0
-16.0
-84.0
-42.0
-54.0
-84.0
20.0
-7.0
-67.0
15.0
-48.0
-17.0
-39.0
-65.0
-18.0
-81.0
-64.0
-46.0
-119.0
-97.0
-98.0
-180.0
-94.0
-129.0
-113.0
-64.0
-117.0
-69.0
-26.0
-38.0
27.0
-57.0
-14.0
9.0
-30.0
50.0
-3.0
-79.0
-12.0
-89.0
-103.0
-32.0
-127.0
-33.0
-18.0
-115.0
3.0
-28.0
-47.0
-29.0
-89.0
-58.0
-93.0
-115.0
-55.0
-67.0
-76.0
-41.0
-38.0
-44.0
-38.0
-93.0
-36.0
-69.0
-63.0
-42.0
-122.0
-40.0
-60.0
-150.0
-34.0
-78.0
-36.0
-5.0
-48.0
-3.0
-25.0
-40.0
49.0
53.0
26.0
93.0
-19.0
50.0
55.0
-16.0
61.0
19.0
10.0
66.0
-35.0
3.0
4.0
-10.0
82.0
11.0
34.0
59.0
-13.0
36.0
62.0
20.0
42.0
-37.0
-1.0
43.0
-45.0
-2.0
50.0
-4.0
61.0
34.0
11.0
89.0
-10.0
91.0
10.0
1.0
37.0
-8.0
-41.0
12.0
-40.0
13.0
16.0
-25.0
30.0
-26.0
20.0
14.0
-50.0
-14.0
26.0
-59.0
38.0
-9.0
-15.0
45.0
16.0
33.0
74.0
-25.0
80.0
48.0
53.0
92.0
25.0
52.0
35.0
-13.0
83.0
51.0
36.0
94.0
37.0
79.0
67.0
32.0
92.0
34.0
29.0
119.0
71.0
128.0
64.0
5.0
112.0
-5.0
58.0
99.0
-21.0
76.0
65.0
-26.0
77.0
52.0
53.0
88.0
33.0
89.0
55.0
48.0
135.0
64.0
110.0
166.0
67.0
102.0
127.0
84.0
129.0
77.0
128.0
83.0
70.0
65.0
92.0
40.0
139.0
71.0
65.0
108.0
64.0
53.0
60.0
18.0
69.0
-1.0
56.0
93.0
92.0
52.0
116.0
29.0
143.0
87.0
112.0
139.0
98.0
146.0
162.0
116.0
128.0
118.0
116.0
136.0
106.0
125.0
145.0
125.0
145.0
103.0
121.0
165.0
111.0
135.0
133.0
88.0
144.0
142.0
102.0
163.0
88.0
148.0
122.0
149.0
128.0
80.0
116.0
146.0
68.0
162.0
144.0
94.0
166.0
118.0
145.0
143.0
83.0
137.0
166.0
94.0
149.0
150.0
144.0
205.0
93.0
152.0
135.0
102.0
166.0
90.0
150.0
153.0
126.0
146.0
174.0
107.0
221.0
114.0
128.0
178.0
44.0
105.0
103.0
79.0
150.0
92.0
87.0
176.0
54.0
124.0
139.0
49.0
119.0
136.0
79.0
155.0
16.0
76.0
43.0
38.0
98.0
37.0
25.0
69.0
98.0
50.0
96.0
53.0
145.0
55.0
36.0
99.0
10.0
23.0
25.0
-11.0
15.0
22.0
-22.0
31.0
-27.0
82.0
46.0
50.0
171.0
73.0
34.0
89.0
38.0
68.0
89.0
26.0
117.0
52.0
27.0
102.0
23.0
87.0
43.0
62.0
116.0
89.0
39.0
126.0
26.0
105.0
87.0
52.0
84.0
109.0
-11.0
85.0
0.0
27.0
35.0
18.0
50.0
36.0
80.0
83.0
9.0
34.0
41.0
40.0
69.0
12.0
31.0
130.0
-21.0
17.0
57.0
1.0
58.0
-9.0
40.0
53.0
31.0
35.0
60.0
11.0
55.0
53.0
1.0
42.0
19.0
41.0
34.0
-14.0
38.0
-27.0
-5.0
23.0
-80.0
-14.0
48.0
-54.0
101.0
-2.0
-28.0
45.0
-65.0
-18.0
-5.0
-6.0
5.0
-22.0
-77.0
20.0
-39.0
-10.0
15.0
-52.0
39.0
-15.0
-22.0
4.0
-13.0
-5.0
57.0
-66.0
58.0
-28.0
-6.0
8.0
-39.0
-2.0
25.0
-63.0
-31.0
-57.0
-49.0
-5.0
-63.0
9.0
-12.0
-83.0
-12.0
-74.0
-30.0
-6.0
-71.0
-23.0
-11.0
-86.0
-21.0
-101.0
-61.0
-23.0
-73.0
-60.0
-87.0
-88.0
-39.0
-79.0
-99.0
-43.0
-125.0
-65.0
-53.0
-99.0
-49.0
-59.0
-80.0
-18.0
-70.0
-31.0
-40.0
-48.0
-10.0
-68.0
-74.0
-41.0
-103.0
-72.0
-71.0
-157.0
-59.0
-105.0
-105.0
-27.0
-44.0
-69.0
-45.0
-77.0
-27.0
-78.0
-78.0
-40.0
-117.0
-78.0
-101.0
-107.0
-13.0
-36.0
-47.0
-17.0
-91.0
-42.0
-56.0
-40.0
-15.0
-48.0
-14.0
-44.0
-72.0
-47.0
-34.0
-81.0
-25.0
-48.0
-68.0
-5.0
-84.0
-60.0
-57.0
-89.0
-58.0
-77.0
-85.0
-26.0
-93.0
-101.0
-64.0
-133.0
-24.0
-106.0
-71.0
1.0
-90.0
-46.0
-30.0
-71.0
-6.0
-47.0
-86.0
-24.0
-121.0
-59.0
-79.0
-103.0
-56.0
-78.0
-80.0
-26.0
-92.0
-2.0
-46.0
-73.0
0.0
-20.0
-31.0
1.0
-74.0
-45.0
-48.0
-95.0
-37.0
-68.0
-61.0
-43.0
-69.0
-51.0
-26.0
-97.0
-64.0
-56.0
-79.0
-6.0
-61.0
-13.0
-22.0
-97.0
-12.0
-44.0
-48.0
15.0
-36.0
-26.0
-8.0
-77.0
-21.0
-51.0
-18.0
-33.0
-88.0
-23.0
-35.0
-74.0
-1.0
-53.0
-40.0
24.0
-69.0
22.0
-31.0
-62.0
31.0
-54.0
-42.0
-41.0
-53.0
-76.0
26.0
-116.0
-29.0
-69.0
-63.0
-50.0
-76.0
-38.0
-28.0
-80.0
1.0
-41.0
-77.0
-15.0
-10.0
-25.0
-18.0
-93.0
-22.0
-70.0
-62.0
-69.0
-102.0
-65.0
-74.0
-101.0
-74.0
-124.0
-128.0
-73.0
-128.0
-96.0
-134.0
-182.0
-70.0
-122.0
-171.0
-100.0
-141.0
-99.0
-38.0
-134.0
-79.0
-95.0
-115.0
-103.0
-129.0
-119.0
-102.0
-207.0
-119.0
-164.0
-129.0
-55.0
-108.0
-72.0
-84.0
-131.0
-107.0
-65.0
-135.0
-53.0
-118.0
-21.0
-70.0
-127.0
-46.0
-62.0
-64.0
-18.0
-140.0
-114.0
-97.0
-150.0
-128.0
-129.0
-145.0
-107.0
-130.0
-140.0
-121.0
-162.0
-104.0
-148.0
-112.0
-90.0
-118.0
-90.0
-97.0
-117.0
-76.0
-115.0
-114.0
-44.0
-107.0
-65.0
-59.0
-83.0
-77.0
-33.0
-114.0
-21.0
-100.0
-70.0
-42.0
-95.0
-51.0
-101.0
-110.0
-97.0
-119.0
-46.0
-46.0
-91.0
-58.0
-107.0
-112.0
-74.0
-70.0
-50.0
-65.0
-72.0
-63.0
-54.0
-84.0
-39.0
-124.0
-39.0
-50.0
-105.0
-58.0
-74.0
-93.0
-25.0
-111.0
-37.0
11.0
-119.0
-50.0
-31.0
-88.0
49.0
-71.0
-54.0
-48.0
-127.0
-20.0
-62.0
-80.0
-39.0
-108.0
-69.0
-46.0
-33.0
-60.0
-81.0
-69.0
-27.0
-138.0
-92.0
-49.0
-157.0
-88.0
-158.0
-147.0
-172.0
-176.0
-149.0
-124.0
-193.0
-122.0
-168.0
-203.0
-134.0
-137.0
-99.0
-59.0
-153.0
-103.0
-119.0
-209.0
-105.0
-176.0
-83.0
-105.0
-193.0
-105.0
-138.0
-154.0
-119.0
-190.0
-112.0
-97.0
-172.0
-80.0
-147.0
-144.0
-148.0
-190.0
-109.0
-102.0
-162.0
-114.0
-161.0
-190.0
-83.0
-169.0
-182.0
-146.0
-184.0
-126.0
-143.0
-192.0
-156.0
-228.0
-178.0
-142.0
-211.0
-176.0
-135.0
-251.0
-147.0
-197.0
-134.0
-105.0
-176.0
-115.0
-200.0
-186.0
-130.0
-196.0
-169.0
-148.0
-193.0
-136.0
-154.0
-140.0
-85.0
-146.0
-48.0
-105.0
-122.0
-61.0
-99.0
-112.0
-32.0
-100.0
-32.0
-50.0
-124.0
-58.0
-88.0
-92.0
3.0
-22.0
-33.0
29.0
-3.0
50.0
34.0
-14.0
65.0
-21.0
38.0
49.0
-7.0
63.0
16.0
-7.0
17.0
-1.0
-5.0
21.0
-75.0
-15.0
-41.0
-61.0
39.0
-4.0
34.0
58.0
-34.0
13.0
-1.0
8.0
80.0
-12.0
20.0
16.0
-12.0
35.0
24.0
50.0
61.0
7.0
29.0
11.0
-34.0
14.0
-60.0
-23.0
22.0
7.0
-61.0
-16.0
-43.0
24.0
39.0
-85.0
25.0
-37.0
2.0
18.0
-5.0
7.0
15.0
-14.0
65.0
-29.0
-6.0
24.0
-47.0
22.0
46.0
22.0
97.0
-5.0
-15.0
20.0
-15.0
58.0
41.0
-2.0
115.0
2.0
80.0
61.0
12.0
83.0
21.0
25.0
56.0
51.0
44.0
91.0
30.0
88.0
61.0
19.0
92.0
43.0
58.0
92.0
-28.0
13.0
3.0
-21.0
79.0
40.0
37.0
51.0
-12.0
53.0
23.0
11.0
24.0
1.0
-12.0
79.0
-15.0
41.0
37.0
-23.0
70.0
5.0
52.0
41.0
-25.0
10.0
-19.0
-18.0
-3.0
-32.0
-12.0
38.0
-61.0
37.0
32.0
-24.0
40.0
-20.0
46.0
108.0
17.0
69.0
28.0
-40.0
55.0
-14.0
15.0
-6.0
-20.0
56.0
-17.0
-3.0
39.0
-2.0
-9.0
16.0
-7.0
42.0
-8.0
-22.0
14.0
-35.0
14.0
20.0
8.0
76.0
29.0
-23.0
41.0
-28.0
43.0
102.0
4.0
119.0
32.0
36.0
103.0
18.0
83.0
102.0
18.0
36.0
35.0
-15.0
111.0
81.0
54.0
121.0
60.0
75.0
120.0
40.0
168.0
31.0
83.0
78.0
-6.0
91.0
64.0
32.0
70.0
-4.0
34.0
61.0
-31.0
125.0
-19.0
22.0
62.0
13.0
7.0
41.0
-31.0
18.0
18.0
-9.0
29.0
13.0
-15.0
34.0
36.0
26.0
7.0
14.0
24.0
5.0
14.0
34.0
-52.0
-21.0
-7.0
-35.0
2.0
20.0
-50.0
19.0
-43.0
25.0
13.0
-38.0
52.0
-20.0
15.0
28.0
-36.0
6.0
52.0
3.0
74.0
22.0
34.0
71.0
-6.0
22.0
9.0
-30.0
29.0
-9.0
13.0
69.0
1.0
79.0
41.0
-20.0
49.0
-33.0
-23.0
9.0
-57.0
-14.0
-17.0
-17.0
64.0
3.0
20.0
49.0
-20.0
36.0
54.0
-28.0
65.0
-39.0
37.0
36.0
-22.0
43.0
-22.0
-48.0
33.0
-41.0
-16.0
43.0
-35.0
8.0
-14.0
-18.0
46.0
17.0
17.0
74.0
-38.0
24.0
5.0
-20.0
74.0
20.0
44.0
-13.0
-73.0
-9.0
0.0
-33.0
84.0
-17.0
-7.0
37.0
-45.0
44.0
21.0
44.0
55.0
31.0
52.0
66.0
54.0
62.0
60.0
68.0
117.0
59.0
61.0
138.0
-4.0
86.0
73.0
39.0
117.0
28.0
93.0
101.0
39.0
70.0
65.0
61.0
79.0
39.0
93.0
97.0
11.0
72.0
54.0
30.0
115.0
42.0
72.0
64.0
16.0
60.0
36.0
9.0
69.0
22.0
40.0
36.0
-2.0
45.0
18.0
-17.0
26.0
-17.0
0.0
18.0
-33.0
57.0
26.0
-20.0
79.0
-41.0
10.0
50.0
10.0
32.0
34.0
-11.0
37.0
-26.0
-9.0
22.0
-49.0
-4.0
-44.0
-59.0
1.0
-68.0
-59.0
-10.0
-73.0
-2.0
-35.0
-61.0
-17.0
-45.0
-13.0
12.0
-58.0
56.0
57.0
-5.0
41.0
-1.0
8.0
23.0
-46.0
-20.0
-46.0
-81.0
-56.0
-64.0
-48.0
-56.0
-78.0
-20.0
3.0
-24.0
-24.0
-49.0
-55.0
-5.0
-72.0
23.0
-71.0
-87.0
-13.0
-78.0
-1.0
-23.0
-27.0
-44.0
-71.0
-70.0
-21.0
-51.0
-58.0
-5.0
-92.0
-27.0
-82.0
-80.0
-45.0
-97.0
-74.0
-63.0
-61.0
35.0
-58.0
-20.0
-18.0
-62.0
-50.0
-10.0
-73.0
-54.0
-64.0
-96.0
-15.0
-68.0
-24.0
-11.0
-103.0
-52.0
-34.0
-89.0
-17.0
-45.0
-77.0
-12.0
-91.0
-20.0
-1.0
-75.0
-7.0
-101.0
-71.0
-56.0
-135.0
-69.0
-41.0
-97.0
-5.0
-48.0
-47.0
-45.0
-111.0
-36.0
-27.0
-80.0
-12.0
-79.0
-47.0
17.0
-29.0
16.0
25.0
-31.0
36.0
-44.0
-31.0
15.0
-78.0
-23.0
-21.0
-87.0
19.0
3.0
20.0
51.0
-23.0
66.0
32.0
6.0
64.0
45.0
49.0
139.0
21.0
98.0
78.0
63.0
134.0
76.0
98.0
160.0
98.0
159.0
130.0
127.0
153.0
95.0
102.0
172.0
101.0
134.0
105.0
54.0
82.0
54.0
74.0
99.0
13.0
62.0
69.0
24.0
81.0
59.0
-4.0
52.0
-14.0
20.0
34.0
8.0
81.0
43.0
7.0
48.0
2.0
39.0
1.0
-30.0
14.0
-37.0
26.0
-39.0
-63.0
-72.0
-23.0
-43.0
-43.0
-61.0
-68.0
-31.0
-87.0
-55.0
-27.0
-101.0
-3.0
-59.0
-42.0
-16.0
-79.0
7.0
-21.0
-74.0
-21.0
-59.0
-37.0
-18.0
-58.0
-48.0
-69.0
-60.0
-35.0
-79.0
-14.0
6.0
-78.0
-48.0
-10.0
-85.0
11.0
-93.0
-72.0
-6.0
-51.0
0.0
-31.0
59.0
-37.0
-64.0
-39.0
-27.0
-54.0
-73.0
-14.0
-96.0
-25.0
-10.0
-114.0
-39.0
-84.0
-1.0
-40.0
-73.0
-6.0
-86.0
-86.0
21.0
-54.0
-32.0
0.0
-64.0
33.0
-14.0
-102.0
-5.0
-97.0
-56.0
-42.0
-126.0
-7.0
-115.0
-122.0
-39.0
-80.0
-32.0
-62.0
-72.0
26.0
-36.0
-9.0
-17.0
-70.0
-7.0
-12.0
-25.0
37.0
-9.0
-8.0
15.0
-63.0
18.0
-51.0
-59.0
36.0
-19.0
-19.0
21.0
-85.0
25.0
-53.0
-65.0
27.0
-2.0
-22.0
19.0
-59.0
22.0
-4.0
-41.0
13.0
22.0
-74.0
0.0
-30.0
24.0
8.0
-14.0
30.0
-47.0
32.0
51.0
-74.0
-17.0
-45.0
-40.0
-34.0
-51.0
-13.0
-51.0
-73.0
-48.0
-66.0
-83.0
-56.0
-64.0
-56.0
-34.0
-141.0
-56.0
-91.0
-76.0
-34.0
-78.0
-45.0
-10.0
-100.0
-32.0
-60.0
-124.0
-11.0
-101.0
-84.0
-56.0
-108.0
-68.0
-120.0
-136.0
-72.0
-125.0
-118.0
-73.0
-103.0
-86.0
-69.0
-43.0
-26.0
-101.0
-97.0
-65.0
-110.0
-110.0
-65.0
-117.0
21.0
-87.0
-109.0
-8.0
-97.0
-14.0
-15.0
-15.0
-6.0
-23.0
-56.0
-9.0
-93.0
-6.0
-22.0
-44.0
54.0
-39.0
-12.0
25.0
-22.0
21.0
42.0
-16.0
104.0
35.0
-21.0
24.0
-32.0
-44.0
-11.0
-62.0
-22.0
-52.0
2.0
-17.0
-61.0
-32.0
11.0
-87.0
-13.0
-110.0
-100.0
-49.0
-88.0
-45.0
-90.0
-143.0
-99.0
-129.0
-93.0
-33.0
-63.0
60.0
-101.0
-127.0
-24.0
-35.0
-39.0
4.0
-100.0
-97.0
-161.0
-193.0
-122.0
-143.0
-100.0
-63.0
-91.0
-41.0
-14.0
-95.0
-15.0
-52.0
-45.0
-32.0
-137.0
-70.0
-69.0
-95.0
-44.0
-85.0
-116.0
-50.0
-137.0
-53.0
-65.0
-77.0
-45.0
-87.0
-54.0
-69.0
-98.0
-34.0
-9.0
-97.0
-49.0
-115.0
-101.0
-56.0
-87.0
-52.0
-60.0
-78.0
-50.0
-32.0
-31.0
-84.0
-117.0
-51.0
-59.0
-127.0
-35.0
-99.0
-82.0
-26.0
-122.0
-64.0
-49.0
-114.0
-33.0
-145.0
-115.0
-69.0
-133.0
-54.0
-90.0
-139.0
-83.0
-101.0
-133.0
-27.0
-179.0
-59.0
-106.0
-118.0
-52.0
-127.0
-109.0
-104.0
-142.0
-76.0
-118.0
-169.0
-39.0
-119.0
-92.0
-82.0
-129.0
-125.0
-76.0
-124.0
-25.0
-109.0
-105.0
-85.0
-178.0
-43.0
-152.0
-166.0
-16.0
-90.0
-87.0
-69.0
-109.0
-82.0
-70.0
-91.0
-76.0
-120.0
-82.0
-71.0
-110.0
-72.0
-95.0
-122.0
-48.0
-89.0
-75.0
-41.0
-108.0
-54.0
-83.0
-70.0
-22.0
-69.0
-49.0
7.0
-102.0
-37.0
-6.0
-112.0
-12.0
-44.0
-82.0
-110.0
-152.0
-109.0
-110.0
-164.0
-112.0
-80.0
-160.0
-119.0
-186.0
-85.0
-121.0
-100.0
-99.0
-114.0
-131.0
-107.0
-137.0
-63.0
-83.0
-101.0
-63.0
-80.0
-80.0
-51.0
-120.0
-111.0
-98.0
-128.0
-60.0
-165.0
-100.0
-115.0
-155.0
-98.0
-65.0
-146.0
-70.0
-126.0
-115.0
-115.0
-183.0
-112.0
-104.0
-178.0
-31.0
-171.0
-126.0
-111.0
-172.0
-126.0
-121.0
-166.0
-99.0
-146.0
-139.0
-115.0
-187.0
-135.0
-122.0
-188.0
-100.0
-159.0
-118.0
-77.0
-96.0
-108.0
-95.0
-140.0
-63.0
-134.0
-111.0
-47.0
-88.0
-88.0
-74.0
-107.0
-85.0
-126.0
-166.0
-77.0
-120.0
-41.0
-106.0
-93.0
-53.0
-98.0
-101.0
-52.0
-121.0
-55.0
-119.0
-116.0
-90.0
-82.0
-87.0
-80.0
-87.0
-56.0
-31.0
-111.0
-76.0
-102.0
-77.0
-29.0
-157.0
-31.0
-116.0
-81.0
-54.0
-123.0
-124.0
9.0
-150.0
-48.0
-89.0
-110.0
-43.0
-85.0
-99.0
-25.0
-67.0
-95.0
-48.0
-124.0
-27.0
-93.0
-112.0
-26.0
-169.0
-93.0
-69.0
-134.0
-83.0
-99.0
-112.0
-81.0
-130.0
-84.0
-35.0
-127.0
-39.0
-103.0
-62.0
-23.0
-112.0
-47.0
-42.0
-132.0
-60.0
-99.0
-107.0
-90.0
-102.0
-63.0
-53.0
-107.0
-53.0
-84.0
-81.0
-64.0
-135.0
-56.0
-48.0
-113.0
-54.0
-102.0
-139.0
-80.0
-133.0
-121.0
-90.0
-72.0
-67.0
-116.0
-107.0
-80.0
-140.0
-110.0
-100.0
-139.0
-41.0
-143.0
-95.0
-42.0
-105.0
-107.0
-68.0
-112.0
-57.0
-76.0
-125.0
-81.0
-183.0
-76.0
-103.0
-118.0
-81.0
-73.0
-91.0
-43.0
-110.0
-70.0
-40.0
-149.0
-75.0
-120.0
-102.0
-39.0
-99.0
-31.0
-106.0
-109.0
-37.0
-162.0
-131.0
-59.0
-134.0
-62.0
0.0
-133.0
-11.0
-46.0
-48.0
-27.0
-102.0
-19.0
-55.0
-39.0
-35.0
2.0
-56.0
-5.0
-49.0
33.0
-13.0
-35.0
24.0
26.0
-26.0
75.0
-29.0
35.0
13.0
-13.0
91.0
16.0
22.0
70.0
12.0
82.0
12.0
-39.0
37.0
-39.0
-2.0
31.0
-51.0
2.0
16.0
-21.0
19.0
-32.0
-80.0
-29.0
-64.0
-29.0
1.0
-58.0
15.0
-7.0
-17.0
-40.0
-80.0
-53.0
-39.0
-26.0
0.0
-24.0
-60.0
-15.0
-101.0
-103.0
-86.0
-135.0
-78.0
-114.0
-132.0
-43.0
-162.0
-41.0
-83.0
-76.0
-78.0
-118.0
-96.0
-36.0
-146.0
-78.0
-97.0
-96.0
-26.0
-91.0
-81.0
-41.0
-108.0
-44.0
-60.0
-111.0
-27.0
-56.0
-93.0
-12.0
-100.0
-21.0
-51.0
-128.0
-62.0
-136.0
-127.0
-109.0
-129.0
-64.0
-115.0
-181.0
-131.0
-131.0
-137.0
-109.0
-145.0
-169.0
-155.0
-216.0
-129.0
-218.0
-195.0
-148.0
-207.0
-147.0
-177.0
-208.0
-147.0
-202.0
-192.0
-123.0
-186.0
-146.0
-105.0
-200.0
-93.0
-145.0
-118.0
-65.0
-159.0
-50.0
-109.0
-183.0
-89.0
-160.0
-182.0
-106.0
-155.0
-146.0
-120.0
-197.0
-73.0
-167.0
-148.0
-78.0
-155.0
-100.0
-82.0
-131.0
-71.0
-114.0
-105.0
-60.0
-145.0
-62.0
-86.0
-139.0
-78.0
-111.0
-92.0
-44.0
-73.0
-65.0
-49.0
-45.0
-42.0
-22.0
-51.0
-33.0
-45.0
7.0
21.0
-48.0
76.0
42.0
39.0
36.0
-24.0
57.0
44.0
23.0
26.0
-6.0
-56.0
-8.0
-25.0
35.0
37.0
11.0
33.0
-29.0
-3.0
-6.0
-35.0
17.0
30.0
-10.0
29.0
23.0
20.0
31.0
-43.0
-20.0
-13.0
-59.0
-5.0
-56.0
-25.0
-22.0
-41.0
-50.0
30.0
-37.0
33.0
-50.0
-33.0
41.0
-41.0
7.0
-43.0
-73.0
4.0
-63.0
-56.0
4.0
-36.0
-51.0
-18.0
-18.0
-52.0
9.0
-34.0
35.0
-69.0
-8.0
8.0
-86.0
27.0
-3.0
-24.0
20.0
-22.0
64.0
-3.0
-13.0
25.0
-11.0
-30.0
64.0
-34.0
-14.0
-3.0
-33.0
-37.0
-2.0
7.0
8.0
-2.0
11.0
55.0
-7.0
61.0
-4.0
-20.0
87.0
-12.0
54.0
-10.0
-33.0
40.0
27.0
-29.0
26.0
-1.0
27.0
49.0
19.0
39.0
-31.0
39.0
-12.0
-26.0
10.0
36.0
-23.0
68.0
12.0
17.0
41.0
-18.0
4.0
3.0
10.0
13.0
20.0
-34.0
23.0
17.0
17.0
8.0
-26.0
62.0
-13.0
-45.0
56.0
29.0
27.0
-20.0
-41.0
31.0
24.0
4.0
74.0
-5.0
63.0
87.0
-31.0
13.0
3.0
-1.0
55.0
5.0
76.0
24.0
32.0
47.0
13.0
22.0
36.0
-6.0
43.0
35.0
1.0
52.0
30.0
-13.0
-1.0
-3.0
43.0
63.0
-56.0
73.0
27.0
-10.0
58.0
-9.0
20.0
91.0
-11.0
56.0
55.0
22.0
44.0
-41.0
-14.0
43.0
-21.0
48.0
-14.0
-23.0
-1.0
-9.0
30.0
31.0
-35.0
81.0
-31.0
-1.0
1.0
-22.0
47.0
100.0
15.0
63.0
33.0
51.0
43.0
17.0
69.0
39.0
13.0
62.0
11.0
13.0
80.0
15.0
44.0
95.0
23.0
85.0
84.0
34.0
112.0
-22.0
57.0
14.0
11.0
111.0
48.0
74.0
125.0
59.0
61.0
82.0
37.0
110.0
81.0
20.0
77.0
13.0
98.0
77.0
50.0
111.0
36.0
36.0
96.0
9.0
60.0
99.0
41.0
96.0
29.0
57.0
69.0
18.0
57.0
95.0
37.0
117.0
72.0
76.0
79.0
91.0
70.0
77.0
16.0
136.0
35.0
24.0
58.0
-8.0
103.0
51.0
28.0
105.0
103.0
42.0
130.0
62.0
106.0
127.0
69.0
197.0
112.0
180.0
139.0
114.0
107.0
103.0
93.0
133.0
111.0
143.0
121.0
92.0
71.0
101.0
60.0
93.0
81.0
64.0
120.0
68.0
90.0
146.0
38.0
172.0
64.0
105.0
148.0
93.0
102.0
99.0
66.0
156.0
82.0
56.0
107.0
63.0
87.0
150.0
39.0
124.0
80.0
84.0
136.0
88.0
113.0
164.0
28.0
116.0
107.0
105.0
181.0
69.0
194.0
86.0
83.0
119.0
118.0
72.0
137.0
96.0
116.0
157.0
112.0
117.0
83.0
79.0
115.0
43.0
80.0
104.0
49.0
149.0
114.0
107.0
153.0
120.0
127.0
149.0
59.0
142.0
124.0
73.0
199.0
52.0
113.0
115.0
73.0
125.0
71.0
89.0
80.0
37.0
142.0
55.0
80.0
82.0
58.0
70.0
127.0
73.0
101.0
139.0
138.0
84.0
108.0
66.0
122.0
54.0
102.0
120.0
48.0
132.0
87.0
63.0
121.0
54.0
120.0
130.0
103.0
132.0
126.0
107.0
182.0
71.0
147.0
130.0
89.0
123.0
133.0
84.0
154.0
71.0
129.0
130.0
144.0
135.0
87.0
127.0
120.0
75.0
144.0
132.0
85.0
158.0
142.0
59.0
158.0
87.0
78.0
84.0
40.0
117.0
72.0
93.0
140.0
111.0
148.0
149.0
115.0
152.0
117.0
98.0
135.0
35.0
74.0
78.0
28.0
105.0
12.0
70.0
92.0
53.0
63.0
103.0
67.0
117.0
119.0
70.0
153.0
120.0
117.0
117.0
30.0
72.0
69.0
53.0
146.0
111.0
115.0
125.0
76.0
174.0
128.0
103.0
225.0
114.0
162.0
159.0
70.0
152.0
148.0
154.0
169.0
124.0
185.0
224.0
86.0
179.0
129.0
117.0
168.0
97.0
72.0
90.0
86.0
145.0
95.0
46.0
136.0
96.0
158.0
191.0
122.0
109.0
93.0
69.0
139.0
21.0
86.0
111.0
38.0
116.0
80.0
67.0
122.0
48.0
73.0
79.0
29.0
94.0
47.0
61.0
108.0
20.0
105.0
46.0
15.0
85.0
11.0
39.0
64.0
5.0
33.0
63.0
-26.0
56.0
18.0
-16.0
77.0
-17.0
34.0
53.0
24.0
67.0
63.0
3.0
78.0
1.0
60.0
19.0
-16.0
66.0
13.0
-11.0
84.0
-71.0
55.0
28.0
10.0
57.0
17.0
-17.0
64.0
-2.0
39.0
50.0
44.0
67.0
32.0
44.0
95.0
13.0
65.0
64.0
-6.0
69.0
24.0
20.0
96.0
-21.0
64.0
55.0
-6.0
124.0
4.0
46.0
56.0
21.0
7.0
36.0
10.0
107.0
22.0
5.0
66.0
-22.0
37.0
45.0
24.0
39.0
20.0
-23.0
58.0
6.0
42.0
59.0
73.0
69.0
10.0
1.0
44.0
-32.0
18.0
-6.0
1.0
14.0
-12.0
-28.0
28.0
-58.0
24.0
43.0
-15.0
60.0
-50.0
-62.0
23.0
-21.0
60.0
37.0
7.0
17.0
7.0
6.0
29.0
-18.0
1.0
-1.0
-28.0
5.0
-2.0
-11.0
97.0
1.0
32.0
36.0
20.0
64.0
63.0
-12.0
87.0
-10.0
52.0
61.0
-20.0
110.0
32.0
-12.0
51.0
32.0
51.0
84.0
32.0
103.0
42.0
73.0
83.0
34.0
32.0
78.0
22.0
40.0
40.0
-34.0
97.0
9.0
68.0
72.0
22.0
118.0
158.0
84.0
192.0
110.0
131.0
148.0
68.0
156.0
133.0
99.0
126.0
89.0
101.0
114.0
105.0
149.0
136.0
72.0
144.0
26.0
104.0
85.0
32.0
165.0
35.0
78.0
124.0
56.0
84.0
98.0
15.0
117.0
15.0
65.0
91.0
69.0
43.0
96.0
10.0
90.0
92.0
91.0
170.0
23.0
92.0
78.0
23.0
92.0
44.0
33.0
86.0
40.0
-2.0
49.0
13.0
115.0
48.0
32.0
135.0
48.0
90.0
128.0
59.0
105.0
35.0
56.0
72.0
15.0
55.0
19.0
-36.0
77.0
63.0
4.0
12.0
-7.0
-35.0
59.0
-3.0
76.0
17.0
-1.0
79.0
-65.0
-13.0
24.0
-60.0
32.0
27.0
6.0
52.0
10.0
-15.0
70.0
-3.0
54.0
78.0
13.0
97.0
9.0
29.0
49.0
-28.0
69.0
5.0
40.0
71.0
23.0
24.0
60.0
-1.0
116.0
37.0
11.0
117.0
-7.0
77.0
84.0
67.0
109.0
43.0
-17.0
74.0
-46.0
-11.0
48.0
-33.0
35.0
21.0
-35.0
35.0
-21.0
15.0
83.0
9.0
95.0
21.0
38.0
45.0
1.0
-18.0
40.0
-22.0
56.0
-20.0
-25.0
-11.0
-13.0
-8.0
49.0
-46.0
24.0
-47.0
-36.0
22.0
-4.0
63.0
69.0
-75.0
27.0
-31.0
-49.0
51.0
-35.0
4.0
30.0
-40.0
43.0
20.0
-5.0
50.0
-7.0
0.0
41.0
3.0
19.0
-5.0
-28.0
25.0
-26.0
-42.0
25.0
-15.0
29.0
63.0
-37.0
70.0
19.0
29.0
96.0
-1.0
84.0
71.0
13.0
101.0
3.0
86.0
105.0
37.0
42.0
58.0
38.0
101.0
76.0
65.0
71.0
25.0
79.0
69.0
63.0
76.0
22.0
47.0
24.0
-6.0
53.0
36.0
-30.0
79.0
8.0
97.0
65.0
21.0
69.0
52.0
44.0
44.0
-24.0
8.0
66.0
-39.0
1.0
-33.0
-40.0
22.0
-15.0
-46.0
-13.0
-47.0
20.0
-8.0
14.0
57.0
5.0
18.0
60.0
-16.0
46.0
20.0
9.0
39.0
-19.0
5.0
71.0
-24.0
79.0
23.0
18.0
59.0
-26.0
19.0
25.0
-40.0
-11.0
-22.0
-4.0
-38.0
-70.0
-7.0
-55.0
-98.0
-27.0
-27.0
-35.0
10.0
-55.0
17.0
50.0
-3.0
62.0
-27.0
-90.0
-30.0
-81.0
-83.0
-17.0
-99.0
-40.0
-47.0
-111.0
-13.0
-78.0
-54.0
-17.0
-81.0
-74.0
-63.0
-65.0
-43.0
-80.0
-87.0
-36.0
-67.0
-53.0
-45.0
-78.0
-25.0
-59.0
-49.0
-16.0
-81.0
-32.0
-88.0
-94.0
-56.0
-121.0
-60.0
-59.0
-89.0
-31.0
-70.0
-85.0
-31.0
-87.0
-24.0
-15.0
-55.0
34.0
-40.0
-76.0
8.0
-83.0
-43.0
-29.0
-91.0
-19.0
-40.0
-20.0
-63.0
-114.0
-80.0
-25.0
-95.0
-21.0
-50.0
-77.0
-26.0
-67.0
-70.0
-70.0
-80.0
-23.0
-83.0
-92.0
-34.0
-88.0
-83.0
-40.0
-151.0
-74.0
-78.0
-120.0
-70.0
-105.0
-101.0
-86.0
-67.0
-86.0
-36.0
-84.0
-22.0
-92.0
-112.0
-14.0
-102.0
-37.0
-46.0
-86.0
-13.0
-78.0
-53.0
3.0
-124.0
32.0
-27.0
-14.0
33.0
-50.0
-27.0
-48.0
-101.0
-15.0
-90.0
-57.0
-10.0
-41.0
-21.0
-54.0
-60.0
-32.0
-32.0
-50.0
12.0
-53.0
-13.0
12.0
23.0
-6.0
22.0
2.0
22.0
-10.0
18.0
82.0
-39.0
-40.0
-40.0
-61.0
-30.0
-79.0
-62.0
-5.0
-52.0
26.0
-61.0
-85.0
-20.0
-42.0
-68.0
-1.0
-46.0
-16.0
-30.0
-20.0
52.0
-44.0
-34.0
-7.0
-69.0
-55.0
-37.0
-78.0
5.0
-55.0
-42.0
-31.0
-135.0
-30.0
-36.0
-55.0
-8.0
-78.0
-55.0
-18.0
-72.0
10.0
-71.0
-80.0
-4.0
-40.0
-17.0
6.0
-76.0
6.0
14.0
-36.0
56.0
27.0
-2.0
23.0
-2.0
41.0
32.0
-10.0
69.0
6.0
69.0
22.0
6.0
66.0
42.0
10.0
86.0
68.0
-2.0
37.0
-44.0
22.0
-21.0
-4.0
-4.0
-55.0
-27.0
-32.0
-104.0
-78.0
-29.0
-36.0
-4.0
-45.0
-40.0
-36.0
-96.0
-12.0
-4.0
-36.0
27.0
-43.0
-71.0
-40.0
-169.0
-45.0
-26.0
-61.0
-22.0
-59.0
-57.0
-31.0
-124.0
-93.0
-52.0
-108.0
-60.0
-115.0
-68.0
-7.0
-73.0
-59.0
-35.0
-96.0
-6.0
-68.0
-24.0
-3.0
-50.0
7.0
-27.0
-85.0
-6.0
-67.0
-62.0
-46.0
-92.0
-35.0
-79.0
-58.0
-29.0
-17.0
-51.0
0.0
-75.0
-61.0
-61.0
-100.0
-43.0
-51.0
-70.0
-36.0
-43.0
-104.0
-74.0
-74.0
-54.0
-60.0
-71.0
-29.0
-82.0
-7.0
-117.0
-104.0
-77.0
-87.0
-64.0
-63.0
-85.0
-53.0
-119.0
-79.0
-79.0
-104.0
-124.0
-85.0
-139.0
-105.0
-88.0
-137.0
-69.0
-89.0
-93.0
-75.0
-105.0
-86.0
-78.0
-122.0
-61.0
-100.0
-70.0
-13.0
-67.0
-34.0
-121.0
-100.0
-44.0
-114.0
-92.0
-53.0
-124.0
-120.0
-98.0
-156.0
7.0
-101.0
-59.0
-72.0
-125.0
-25.0
-68.0
-41.0
-10.0
-51.0
-64.0
3.0
-39.0
-2.0
42.0
12.0
64.0
-45.0
-37.0
23.0
-61.0
4.0
-43.0
-102.0
-37.0
-66.0
-78.0
-49.0
-98.0
-57.0
-91.0
-117.0
-36.0
-71.0
-54.0
-30.0
-100.0
-68.0
-65.0
-81.0
-25.0
-99.0
-91.0
-64.0
-118.0
-48.0
-52.0
-61.0
-6.0
-69.0
-109.0
-56.0
-136.0
-64.0
-101.0
-104.0
-58.0
-109.0
-104.0
-40.0
-81.0
-56.0
-61.0
-78.0
-49.0
-96.0
-77.0
-62.0
-96.0
-41.0
-64.0
-108.0
-23.0
-139.0
-124.0
-88.0
-168.0
-65.0
-136.0
-163.0
-128.0
-186.0
-178.0
-91.0
-171.0
-93.0
-112.0
-102.0
-98.0
-137.0
-86.0
-73.0
-166.0
-85.0
-129.0
-128.0
-104.0
-157.0
-152.0
-122.0
-143.0
-111.0
-123.0
-108.0
-67.0
-93.0
-113.0
-95.0
-119.0
-90.0
-106.0
-80.0
-73.0
-76.0
-118.0
-77.0
-154.0
-81.0
-79.0
-86.0
1.0
-107.0
-100.0
-97.0
-86.0
-59.0
-59.0
-138.0
-56.0
-102.0
-83.0
-64.0
-97.0
-60.0
-61.0
-126.0
-59.0
-102.0
-85.0
-59.0
-146.0
-77.0
-104.0
-124.0
-80.0
-118.0
-87.0
-62.0
-137.0
-88.0
-76.0
-147.0
-39.0
-71.0
-78.0
-86.0
-112.0
-76.0
-56.0
-100.0
-46.0
-87.0
-33.0
-54.0
-115.0
-56.0
-33.0
-95.0
-15.0
-86.0
-68.0
-70.0
-70.0
-26.0
-84.0
-109.0
-57.0
-123.0
-93.0
-52.0
-90.0
-53.0
-68.0
-122.0
-55.0
-81.0
-98.0
-48.0
-74.0
-69.0
-80.0
-115.0
-49.0
-83.0
-90.0
-24.0
-51.0
-39.0
-21.0
-77.0
-51.0
-25.0
-40.0
-17.0
-40.0
-1.0
23.0
-59.0
17.0
-92.0
-61.0
-29.0
-103.0
-44.0
-69.0
-99.0
-48.0
-96.0
-46.0
-62.0
-107.0
-28.0
-96.0
-127.0
-42.0
-96.0
-66.0
-58.0
-84.0
-33.0
-61.0
-129.0
-66.0
-106.0
-93.0
-59.0
-126.0
-107.0
-76.0
-143.0
-61.0
-113.0
-99.0
-31.0
-131.0
-16.0
-91.0
-115.0
-44.0
-78.0
-48.0
-65.0
-117.0
-81.0
-118.0
-111.0
-75.0
-136.0
-111.0
-108.0
-121.0
-73.0
-61.0
-116.0
-12.0
-87.0
-98.0
-83.0
-121.0
-63.0
-68.0
-129.0
-28.0
-134.0
-110.0
-106.0
-128.0
-96.0
-116.0
-131.0
-81.0
-123.0
-125.0
-175.0
-147.0
-92.0
-65.0
-116.0
-13.0
-28.0
-45.0
-5.0
-90.0
-85.0
-52.0
-74.0
-4.0
-90.0
-72.0
12.0
-127.0
-45.0
-13.0
-131.0
-7.0
-83.0
-74.0
-15.0
-44.0
-45.0
-33.0
-56.0
-53.0
-82.0
-71.0
27.0
-30.0
-33.0
-63.0
-141.0
-45.0
-62.0
-109.0
-10.0
-119.0
-67.0
-63.0
-133.0
7.0
-53.0
-78.0
-3.0
-54.0
-88.0
-51.0
-45.0
-61.0
-105.0
-79.0
-17.0
-122.0
-42.0
-30.0
-108.0
-39.0
-81.0
-120.0
-46.0
-142.0
-52.0
-66.0
-101.0
-27.0
-87.0
-65.0
-45.0
-111.0
-63.0
-28.0
-87.0
-7.0
-107.0
-62.0
-10.0
-67.0
-61.0
-48.0
-79.0
-18.0
-69.0
-62.0
-25.0
-75.0
-51.0
-39.0
-57.0
-53.0
-47.0
-67.0
-20.0
-86.0
-17.0
-41.0
-78.0
-22.0
-4.0
-76.0
17.0
-56.0
-14.0
3.0
-70.0
32.0
-45.0
-30.0
-24.0
-88.0
-55.0
-33.0
-88.0
-15.0
-52.0
7.0
50.0
-83.0
45.0
13.0
-36.0
22.0
-6.0
-18.0
39.0
-78.0
-7.0
-10.0
-35.0
8.0
-33.0
-39.0
15.0
-32.0
67.0
56.0
15.0
30.0
3.0
-33.0
11.0
-55.0
23.0
-20.0
-35.0
10.0
-32.0
-31.0
3.0
-40.0
16.0
18.0
-55.0
-14.0
-39.0
-31.0
13.0
-44.0
26.0
-23.0
-59.0
-14.0
-4.0
-25.0
6.0
-8.0
-31.0
-8.0
-49.0
1.0
-3.0
35.0
50.0
16.0
4.0
0.0
-32.0
21.0
-52.0
-53.0
-10.0
-49.0
-36.0
-18.0
-34.0
-13.0
-23.0
-45.0
-7.0
-62.0
-22.0
-73.0
-68.0
-27.0
-40.0
-42.0
-29.0
-13.0
12.0
18.0
-13.0
49.0
-8.0
61.0
27.0
-78.0
29.0
1.0
-45.0
3.0
-62.0
-68.0
-10.0
-100.0
-79.0
-85.0
-90.0
-48.0
-88.0
-101.0
-54.0
-82.0
-33.0
29.0
-68.0
34.0
-42.0
-32.0
1.0
-74.0
-38.0
-11.0
-92.0
-16.0
-4.0
-50.0
-5.0
-68.0
-20.0
-17.0
-66.0
52.0
-48.0
-11.0
40.0
-53.0
-23.0
-11.0
-61.0
6.0
-19.0
-4.0
4.0
-72.0
-41.0
-21.0
-86.0
9.0
-103.0
-64.0
-17.0
-83.0
29.0
-20.0
-59.0
11.0
-32.0
-68.0
27.0
-63.0
8.0
-24.0
-86.0
-13.0
-61.0
-67.0
-34.0
-63.0
12.0
-31.0
-31.0
5.0
-58.0
-33.0
15.0
-75.0
33.0
-26.0
-37.0
14.0
-74.0
-71.0
-8.0
-61.0
-8.0
-28.0
-65.0
12.0
-18.0
-27.0
-13.0
-88.0
-45.0
-36.0
-88.0
-35.0
-67.0
-61.0
-9.0
-67.0
-19.0
13.0
-46.0
-16.0
-34.0
-46.0
30.0
-52.0
-20.0
-41.0
-35.0
55.0
-5.0
-9.0
38.0
-35.0
-8.0
-13.0
-60.0
10.0
-20.0
-47.0
-18.0
-62.0
-31.0
-1.0
-34.0
48.0
-15.0
-28.0
46.0
-25.0
18.0
4.0
-46.0
8.0
-29.0
-35.0
38.0
-88.0
7.0
-6.0
-40.0
42.0
-23.0
4.0
27.0
-42.0
30.0
34.0
-52.0
35.0
4.0
-39.0
32.0
4.0
-16.0
13.0
-42.0
50.0
-28.0
-30.0
3.0
8.0
-44.0
23.0
-19.0
66.0
24.0
-3.0
6.0
-25.0
-18.0
-2.0
-53.0
-7.0
-45.0
-49.0
8.0
-81.0
11.0
-16.0
-45.0
39.0
-14.0
-29.0
-31.0
-46.0
18.0
60.0
-76.0
73.0
0.0
44.0
56.0
8.0
46.0
9.0
54.0
42.0
-1.0
13.0
68.0
-15.0
58.0
52.0
23.0
69.0
73.0
7.0
73.0
30.0
54.0
76.0
18.0
89.0
71.0
99.0
100.0
30.0
59.0
55.0
36.0
75.0
37.0
37.0
99.0
12.0
57.0
128.0
18.0
88.0
52.0
39.0
61.0
24.0
76.0
55.0
-10.0
56.0
11.0
7.0
90.0
-15.0
72.0
51.0
-2.0
65.0
10.0
-26.0
67.0
-31.0
80.0
35.0
8.0
60.0
36.0
15.0
44.0
10.0
33.0
47.0
-16.0
93.0
36.0
26.0
130.0
39.0
75.0
79.0
13.0
90.0
42.0
56.0
91.0
41.0
146.0
101.0
76.0
111.0
71.0
74.0
88.0
70.0
107.0
113.0
92.0
147.0
105.0
110.0
158.0
55.0
97.0
72.0
60.0
134.0
105.0
66.0
127.0
68.0
128.0
61.0
74.0
87.0
58.0
39.0
108.0
51.0
112.0
67.0
41.0
133.0
48.0
71.0
141.0
78.0
88.0
96.0
69.0
65.0
66.0
68.0
105.0
48.0
67.0
80.0
23.0
88.0
82.0
68.0
103.0
76.0
93.0
68.0
76.0
56.0
32.0
10.0
71.0
2.0
30.0
58.0
-24.0
65.0
30.0
31.0
81.0
3.0
65.0
97.0
38.0
56.0
-9.0
-13.0
82.0
5.0
64.0
65.0
-14.0
97.0
-6.0
65.0
93.0
33.0
109.0
115.0
87.0
92.0
94.0
73.0
122.0
22.0
88.0
91.0
20.0
102.0
58.0
52.0
91.0
34.0
106.0
72.0
59.0
126.0
135.0
46.0
126.0
33.0
67.0
99.0
51.0
106.0
60.0
103.0
108.0
61.0
99.0
54.0
41.0
63.0
11.0
-29.0
53.0
-12.0
0.0
52.0
-30.0
99.0
5.0
14.0
95.0
-23.0
67.0
79.0
37.0
112.0
36.0
8.0
81.0
8.0
45.0
101.0
21.0
61.0
23.0
11.0
49.0
-54.0
36.0
49.0
-27.0
21.0
0.0
-3.0
111.0
-53.0
38.0
27.0
-10.0
89.0
62.0
33.0
86.0
21.0
63.0
116.0
-26.0
96.0
7.0
46.0
54.0
18.0
46.0
68.0
-33.0
62.0
20.0
22.0
64.0
27.0
89.0
28.0
22.0
64.0
64.0
17.0
52.0
-12.0
10.0
49.0
9.0
72.0
60.0
27.0
74.0
48.0
93.0
112.0
63.0
152.0
70.0
48.0
83.0
-2.0
83.0
27.0
16.0
86.0
62.0
46.0
110.0
9.0
60.0
72.0
60.0
92.0
50.0
65.0
108.0
62.0
107.0
189.0
166.0
111.0
52.0
44.0
107.0
39.0
110.0
129.0
76.0
134.0
57.0
71.0
125.0
122.0
65.0
93.0
22.0
134.0
43.0
46.0
63.0
27.0
15.0
71.0
23.0
90.0
46.0
70.0
98.0
95.0
49.0
104.0
54.0
112.0
39.0
48.0
118.0
27.0
92.0
44.0
28.0
105.0
73.0
63.0
103.0
24.0
107.0
86.0
61.0
129.0
105.0
80.0
160.0
74.0
144.0
138.0
67.0
125.0
73.0
76.0
121.0
65.0
120.0
90.0
31.0
119.0
93.0
31.0
144.0
52.0
85.0
82.0
64.0
65.0
11.0
48.0
33.0
34.0
73.0
55.0
23.0
105.0
35.0
18.0
95.0
21.0
43.0
33.0
5.0
82.0
29.0
22.0
73.0
14.0
43.0
8.0
-11.0
-11.0
-48.0
-53.0
53.0
-56.0
69.0
-4.0
-33.0
23.0
0.0
-5.0
13.0
2.0
-13.0
7.0
-17.0
-8.0
-13.0
-43.0
43.0
-92.0
-59.0
-16.0
-65.0
8.0
-26.0
-55.0
11.0
-77.0
-37.0
-36.0
-100.0
-26.0
-83.0
-79.0
-24.0
-140.0
-90.0
-44.0
-90.0
-12.0
-44.0
-22.0
46.0
-37.0
-24.0
7.0
-58.0
21.0
-38.0
5.0
-27.0
-64.0
-43.0
-22.0
-83.0
15.0
-77.0
-10.0
-22.0
-40.0
8.0
-32.0
-49.0
32.0
-23.0
-53.0
33.0
13.0
23.0
10.0
-91.0
-13.0
-53.0
-52.0
-7.0
-39.0
-21.0
-43.0
-86.0
-19.0
-30.0
-54.0
17.0
-96.0
-7.0
-50.0
-88.0
-8.0
-70.0
-85.0
-40.0
-98.0
-50.0
50.0
-83.0
-30.0
-51.0
-64.0
-22.0
-52.0
25.0
-1.0
-44.0
-23.0
-21.0
-80.0
5.0
-55.0
-30.0
12.0
-32.0
25.0
-81.0
-10.0
42.0
-52.0
33.0
37.0
-5.0
59.0
77.0
-2.0
84.0
-2.0
78.0
22.0
26.0
69.0
59.0
22.0
58.0
6.0
9.0
26.0
-39.0
37.0
-14.0
-43.0
17.0
-39.0
20.0
4.0
-15.0
41.0
0.0
22.0
131.0
64.0
80.0
75.0
19.0
99.0
34.0
39.0
54.0
-1.0
32.0
10.0
-51.0
2.0
-8.0
-43.0
9.0
-40.0
1.0
20.0
22.0
27.0
1.0
2.0
55.0
6.0
-17.0
25.0
-45.0
59.0
10.0
-39.0
31.0
-72.0
-34.0
-7.0
-61.0
-6.0
-60.0
-78.0
-13.0
-60.0
-41.0
22.0
-73.0
34.0
-19.0
-42.0
-22.0
-87.0
2.0
-33.0
-74.0
7.0
-16.0
30.0
-37.0
-80.0
-53.0
-57.0
-106.0
-49.0
-95.0
-107.0
-42.0
-122.0
-103.0
-67.0
-200.0
-136.0
-133.0
-191.0
-134.0
-232.0
-182.0
-149.0
-182.0
-87.0
-127.0
-137.0
-114.0
-187.0
-169.0
-137.0
-185.0
-115.0
-206.0
-200.0
-87.0
-203.0
-112.0
-101.0
-173.0
-101.0
-171.0
-164.0
-97.0
-194.0
-134.0
-129.0
-225.0
-129.0
-167.0
-188.0
-91.0
-153.0
-93.0
-78.0
-158.0
-93.0
-125.0
-156.0
-56.0
-129.0
-64.0
-83.0
-157.0
-91.0
-127.0
-149.0
-79.0
-118.0
-149.0
-103.0
-176.0
-67.0
-105.0
-72.0
-32.0
-122.0
-57.0
-32.0
-131.0
-37.0
-120.0
-127.0
-103.0
-144.0
-93.0
-72.0
-145.0
-121.0
-152.0
-159.0
-111.0
-112.0
-97.0
-67.0
-153.0
-96.0
-163.0
-158.0
-104.0
-146.0
-127.0
-110.0
-130.0
-129.0
-143.0
-187.0
-90.0
-74.0
-56.0
-27.0
-125.0
-71.0
-146.0
-134.0
-39.0
-136.0
-58.0
-86.0
-80.0
-93.0
-118.0
-173.0
-57.0
-128.0
-40.0
-28.0
-146.0
-59.0
-152.0
-97.0
-76.0
-141.0
-67.0
-79.0
-155.0
-102.0
-205.0
-188.0
-73.0
-141.0
-162.0
-97.0
-155.0
-66.0
-99.0
-52.0
-71.0
-99.0
-77.0
-99.0
-158.0
-82.0
-69.0
-139.0
-36.0
-101.0
-95.0
-97.0
-135.0
-90.0
-111.0
-114.0
-48.0
-98.0
-53.0
-62.0
-76.0
-46.0
-42.0
-107.0
-68.0
-121.0
-99.0
-89.0
-125.0
-40.0
-126.0
-118.0
-69.0
-116.0
-110.0
-84.0
-121.0
-29.0
-46.0
-67.0
-10.0
-68.0
-71.0
-27.0
-142.0
-67.0
-59.0
-80.0
-5.0
-15.0
-34.0
-51.0
-95.0
1.0
-16.0
-39.0
2.0
-53.0
-17.0
20.0
-65.0
-13.0
-49.0
-91.0
-31.0
-61.0
-25.0
-35.0
-42.0
34.0
-8.0
-21.0
87.0
-14.0
29.0
41.0
-32.0
47.0
22.0
25.0
43.0
-46.0
19.0
27.0
-7.0
32.0
7.0
-6.0
40.0
-23.0
4.0
66.0
-8.0
59.0
26.0
26.0
74.0
2.0
33.0
62.0
24.0
34.0
22.0
5.0
33.0
-1.0
1.0
26.0
-16.0
60.0
-12.0
-5.0
68.0
5.0
73.0
22.0
-34.0
18.0
-21.0
-27.0
45.0
-20.0
21.0
55.0
-78.0
48.0
-42.0
-24.0
17.0
-25.0
6.0
-14.0
-15.0
30.0
-10.0
-10.0
-8.0
-11.0
12.0
-15.0
-30.0
29.0
5.0
-11.0
50.0
-45.0
-8.0
-5.0
-50.0
11.0
-20.0
8.0
5.0
-40.0
-17.0
-12.0
-74.0
-32.0
-22.0
-63.0
-2.0
-54.0
4.0
27.0
-56.0
43.0
-19.0
-42.0
20.0
-58.0
11.0
34.0
-73.0
10.0
-40.0
-32.0
38.0
-62.0
4.0
13.0
-39.0
12.0
0.0
-58.0
42.0
-40.0
17.0
-2.0
-59.0
59.0
-4.0
-37.0
13.0
-12.0
54.0
22.0
-41.0
15.0
-21.0
-30.0
39.0
-22.0
-49.0
9.0
-13.0
60.0
58.0
4.0
73.0
-43.0
-26.0
40.0
-8.0
72.0
17.0
1.0
84.0
30.0
71.0
58.0
13.0
64.0
33.0
15.0
84.0
23.0
47.0
86.0
41.0
76.0
49.0
-13.0
59.0
23.0
15.0
46.0
7.0
37.0
54.0
7.0
86.0
6.0
46.0
51.0
-18.0
55.0
3.0
-3.0
54.0
-9.0
14.0
30.0
10.0
59.0
44.0
-14.0
63.0
6.0
25.0
25.0
-25.0
47.0
16.0
22.0
103.0
-15.0
17.0
42.0
3.0
26.0
8.0
-5.0
63.0
-20.0
5.0
20.0
-3.0
37.0
-13.0
-18.0
45.0
-7.0
39.0
51.0
19.0
77.0
5.0
-13.0
54.0
-27.0
12.0
27.0
1.0
15.0
29.0
-21.0
25.0
-22.0
20.0
99.0
8.0
46.0
43.0
6.0
51.0
-30.0
64.0
21.0
-16.0
23.0
-2.0
20.0
36.0
45.0
-28.0
0.0
-32.0
21.0
35.0
-42.0
43.0
-15.0
16.0
63.0
28.0
74.0
79.0
48.0
100.0
-3.0
62.0
84.0
19.0
63.0
52.0
-2.0
61.0
23.0
51.0
80.0
-8.0
76.0
48.0
45.0
125.0
26.0
87.0
63.0
32.0
141.0
32.0
46.0
67.0
-13.0
51.0
53.0
-15.0
34.0
17.0
1.0
60.0
4.0
8.0
54.0
-6.0
74.0
62.0
48.0
70.0
59.0
111.0
131.0
59.0
111.0
31.0
-2.0
75.0
50.0
43.0
49.0
-33.0
54.0
30.0
30.0
74.0
-6.0
27.0
44.0
-20.0
54.0
41.0
-21.0
95.0
-23.0
20.0
73.0
11.0
44.0
64.0
8.0
108.0
25.0
36.0
61.0
2.0
64.0
41.0
-11.0
80.0
30.0
49.0
83.0
49.0
50.0
65.0
39.0
100.0
42.0
22.0
99.0
43.0
137.0
70.0
26.0
78.0
15.0
55.0
73.0
-22.0
29.0
33.0
2.0
56.0
-4.0
2.0
29.0
-3.0
69.0
40.0
9.0
27.0
-20.0
12.0
7.0
-53.0
18.0
-21.0
-54.0
22.0
-85.0
-20.0
-68.0
-93.0
13.0
3.0
-25.0
34.0
-20.0
3.0
18.0
-39.0
23.0
-4.0
18.0
43.0
-44.0
-3.0
17.0
-62.0
-24.0
-13.0
-54.0
-11.0
-33.0
-80.0
-22.0
-76.0
-29.0
5.0
-67.0
62.0
-40.0
-35.0
-4.0
-35.0
-3.0
0.0
-41.0
-3.0
-61.0
-17.0
21.0
-93.0
-17.0
-28.0
-5.0
-3.0
-39.0
-64.0
-25.0
-76.0
-29.0
-16.0
-9.0
-22.0
-73.0
-56.0
-7.0
-86.0
-34.0
-43.0
-80.0
-7.0
-39.0
-54.0
-37.0
-83.0
-25.0
-44.0
-92.0
22.0
-57.0
-53.0
-69.0
-100.0
-85.0
-82.0
-83.0
-34.0
-67.0
-94.0
-26.0
-125.0
-82.0
-76.0
-118.0
-80.0
-116.0
-81.0
-7.0
-61.0
-34.0
-51.0
-130.0
-36.0
-82.0
-35.0
-35.0
-82.0
-25.0
-37.0
-77.0
-44.0
-17.0
-61.0
29.0
-14.0
52.0
-20.0
-36.0
29.0
-30.0
10.0
10.0
-2.0
45.0
15.0
-54.0
33.0
-14.0
27.0
33.0
-32.0
35.0
5.0
-78.0
16.0
-40.0
-23.0
-9.0
-100.0
-38.0
-49.0
-79.0
-25.0
-58.0
-25.0
-16.0
-87.0
-55.0
-72.0
-84.0
-41.0
-82.0
-56.0
-67.0
-114.0
-29.0
-69.0
-65.0
-40.0
-83.0
-86.0
-83.0
-120.0
-60.0
-84.0
-150.0
-61.0
-135.0
-99.0
-60.0
-133.0
-28.0
-100.0
-115.0
-54.0
-146.0
-133.0
-72.0
-121.0
-89.0
-116.0
-134.0
-42.0
-136.0
-88.0
-75.0
-133.0
-102.0
-119.0
-184.0
-87.0
-99.0
-131.0
-77.0
-129.0
-103.0
-142.0
-161.0
-103.0
-113.0
-98.0
-78.0
-167.0
-98.0
-105.0
-125.0
-75.0
-149.0
-85.0
-30.0
-91.0
-61.0
-67.0
-105.0
-101.0
-95.0
-109.0
-45.0
-134.0
-84.0
-90.0
-105.0
-27.0
-76.0
-74.0
-34.0
-124.0
-129.0
-81.0
-147.0
-44.0
-118.0
-109.0
-97.0
-102.0
-46.0
-44.0
-79.0
-14.0
-88.0
-66.0
-43.0
-43.0
-18.0
-34.0
-61.0
-17.0
-65.0
-80.0
-42.0
-103.0
-20.0
-89.0
-95.0
-63.0
-75.0
-102.0
-49.0
-93.0
-40.0
-18.0
-56.0
83.0
-15.0
68.0
22.0
-54.0
17.0
-31.0
6.0
16.0
-13.0
-4.0
7.0
-53.0
4.0
3.0
-70.0
-17.0
-70.0
-34.0
30.0
-56.0
66.0
-47.0
-59.0
11.0
-13.0
-53.0
14.0
-97.0
-27.0
-79.0
-67.0
-23.0
-31.0
-62.0
-39.0
-84.0
-83.0
-75.0
-116.0
-19.0
-97.0
-66.0
-12.0
-73.0
-46.0
-84.0
-67.0
-32.0
-74.0
-96.0
1.0
-145.0
-28.0
-49.0
-40.0
-32.0
-50.0
-70.0
4.0
-72.0
-16.0
-53.0
-94.0
-47.0
-136.0
-105.0
-56.0
-120.0
-41.0
-44.0
-70.0
-1.0
-60.0
-67.0
-13.0
-107.0
-27.0
-40.0
-82.0
-12.0
-88.0
-103.0
-71.0
-109.0
-74.0
-45.0
-67.0
-28.0
-59.0
-42.0
-14.0
-78.0
-34.0
-30.0
-97.0
5.0
-37.0
-99.0
-43.0
-90.0
-52.0
-22.0
-108.0
-20.0
-61.0
-84.0
-6.0
-55.0
-18.0
1.0
-60.0
37.0
-39.0
-40.0
4.0
-80.0
12.0
25.0
-88.0
-12.0
-97.0
-22.0
21.0
-49.0
-22.0
8.0
-41.0
15.0
-7.0
-16.0
50.0
-50.0
24.0
-6.0
-37.0
-15.0
-59.0
-24.0
-33.0
-92.0
-10.0
-38.0
-42.0
-19.0
-61.0
-60.0
17.0
-54.0
-14.0
-5.0
-92.0
29.0
-30.0
18.0
60.0
45.0
-18.0
7.0
-46.0
12.0
-32.0
-37.0
48.0
12.0
9.0
25.0
-65.0
23.0
-24.0
-1.0
37.0
-18.0
24.0
8.0
-20.0
33.0
-24.0
1.0
22.0
-43.0
53.0
20.0
14.0
74.0
-14.0
37.0
54.0
-30.0
50.0
62.0
-15.0
50.0
-26.0
63.0
59.0
-7.0
41.0
-13.0
-14.0
31.0
7.0
30.0
45.0
-45.0
37.0
15.0
-11.0
52.0
-41.0
-31.0
-12.0
-15.0
-36.0
-11.0
-53.0
51.0
-6.0
1.0
48.0
-35.0
53.0
35.0
12.0
108.0
35.0
-5.0
21.0
-41.0
7.0
-1.0
-29.0
49.0
-30.0
25.0
64.0
-17.0
11.0
27.0
-54.0
29.0
-4.0
4.0
44.0
3.0
-2.0
14.0
-7.0
61.0
-20.0
-27.0
32.0
-37.0
14.0
10.0
-20.0
85.0
13.0
45.0
127.0
33.0
64.0
43.0
-5.0
61.0
50.0
21.0
62.0
15.0
17.0
59.0
20.0
93.0
27.0
70.0
78.0
4.0
83.0
87.0
-12.0
104.0
16.0
20.0
100.0
25.0
68.0
62.0
-12.0
81.0
36.0
33.0
84.0
53.0
69.0
62.0
12.0
82.0
51.0
89.0
82.0
22.0
57.0
93.0
34.0
115.0
5.0
45.0
80.0
56.0
134.0
110.0
111.0
209.0
119.0
124.0
134.0
72.0
124.0
121.0
23.0
118.0
51.0
61.0
118.0
19.0
101.0
62.0
42.0
89.0
49.0
69.0
105.0
5.0
116.0
48.0
37.0
93.0
90.0
43.0
79.0
19.0
81.0
92.0
41.0
90.0
49.0
45.0
90.0
29.0
83.0
64.0
36.0
95.0
14.0
10.0
61.0
-15.0
60.0
67.0
24.0
121.0
42.0
46.0
142.0
24.0
93.0
95.0
18.0
124.0
22.0
70.0
92.0
30.0
124.0
86.0
60.0
122.0
71.0
100.0
170.0
127.0
107.0
119.0
78.0
127.0
92.0
124.0
157.0
119.0
176.0
136.0
110.0
189.0
130.0
137.0
127.0
46.0
133.0
155.0
49.0
104.0
101.0
65.0
124.0
75.0
118.0
89.0
40.0
138.0
116.0
49.0
114.0
40.0
95.0
101.0
52.0
142.0
81.0
79.0
127.0
80.0
69.0
59.0
54.0
117.0
86.0
53.0
129.0
57.0
110.0
142.0
40.0
122.0
77.0
80.0
82.0
47.0
100.0
73.0
27.0
83.0
44.0
69.0
94.0
58.0
102.0
120.0
54.0
121.0
85.0
64.0
122.0
45.0
114.0
121.0
23.0
129.0
69.0
89.0
160.0
89.0
135.0
117.0
91.0
170.0
111.0
121.0
97.0
63.0
105.0
133.0
111.0
154.0
103.0
71.0
96.0
30.0
121.0
138.0
90.0
134.0
62.0
55.0
107.0
-2.0
68.0
97.0
46.0
140.0
74.0
92.0
138.0
52.0
89.0
127.0
88.0
140.0
119.0
97.0
186.0
80.0
122.0
148.0
44.0
133.0
104.0
115.0
172.0
106.0
166.0
146.0
49.0
137.0
100.0
125.0
167.0
86.0
137.0
147.0
67.0
166.0
135.0
106.0
177.0
136.0
197.0
188.0
128.0
185.0
130.0
172.0
226.0
99.0
166.0
192.0
138.0
187.0
142.0
109.0
136.0
77.0
133.0
148.0
106.0
152.0
77.0
130.0
121.0
42.0
111.0
115.0
115.0
180.0
89.0
99.0
150.0
107.0
97.0
155.0
83.0
156.0
121.0
83.0
122.0
46.0
91.0
64.0
55.0
127.0
83.0
103.0
168.0
83.0
102.0
172.0
123.0
133.0
97.0
92.0
143.0
95.0
105.0
157.0
66.0
135.0
106.0
75.0
156.0
92.0
142.0
126.0
116.0
158.0
98.0
109.0
148.0
38.0
115.0
128.0
84.0
137.0
101.0
115.0
155.0
121.0
130.0
134.0
95.0
180.0
82.0
102.0
116.0
79.0
131.0
109.0
67.0
142.0
96.0
92.0
156.0
91.0
105.0
167.0
116.0
190.0
154.0
131.0
180.0
108.0
176.0
142.0
94.0
187.0
136.0
155.0
212.0
173.0
193.0
158.0
78.0
117.0
72.0
68.0
152.0
118.0
142.0
138.0
101.0
163.0
137.0
89.0
133.0
92.0
101.0
81.0
19.0
114.0
84.0
54.0
137.0
31.0
120.0
116.0
37.0
135.0
83.0
65.0
116.0
117.0
163.0
110.0
79.0
135.0
95.0
119.0
142.0
70.0
129.0
156.0
76.0
173.0
97.0
103.0
147.0
51.0
95.0
86.0
45.0
114.0
94.0
92.0
132.0
109.0
92.0
127.0
80.0
123.0
122.0
116.0
141.0
107.0
93.0
139.0
95.0
97.0
93.0
70.0
137.0
84.0
103.0
134.0
72.0
163.0
94.0
89.0
145.0
60.0
116.0
150.0
96.0
138.0
117.0
64.0
127.0
106.0
124.0
126.0
118.0
135.0
85.0
87.0
155.0
43.0
127.0
104.0
78.0
152.0
74.0
66.0
109.0
98.0
162.0
107.0
79.0
92.0
59.0
72.0
144.0
39.0
155.0
71.0
80.0
105.0
34.0
29.0
107.0
20.0
111.0
76.0
28.0
68.0
55.0
65.0
93.0
67.0
77.0
118.0
-2.0
89.0
86.0
53.0
91.0
23.0
110.0
13.0
12.0
77.0
25.0
49.0
33.0
30.0
32.0
84.0
18.0
70.0
34.0
48.0
73.0
65.0
69.0
64.0
7.0
55.0
8.0
33.0
49.0
18.0
45.0
64.0
23.0
70.0
41.0
63.0
99.0
29.0
69.0
65.0
18.0
113.0
70.0
62.0
86.0
50.0
51.0
37.0
-13.0
61.0
72.0
59.0
100.0
31.0
99.0
119.0
98.0
106.0
100.0
68.0
106.0
46.0
88.0
119.0
40.0
112.0
33.0
30.0
139.0
17.0
62.0
91.0
55.0
102.0
139.0
84.0
88.0
57.0
61.0
73.0
56.0
123.0
56.0
18.0
90.0
62.0
87.0
114.0
14.0
116.0
76.0
70.0
108.0
44.0
130.0
88.0
19.0
105.0
45.0
62.0
115.0
62.0
83.0
96.0
-6.0
84.0
38.0
39.0
63.0
33.0
68.0
86.0
23.0
62.0
17.0
3.0
67.0
38.0
95.0
72.0
57.0
102.0
60.0
37.0
86.0
31.0
34.0
56.0
-24.0
65.0
0.0
3.0
68.0
2.0
46.0
54.0
-12.0
98.0
26.0
26.0
48.0
-8.0
36.0
54.0
17.0
67.0
12.0
4.0
41.0
-35.0
22.0
20.0
43.0
49.0
32.0
45.0
73.0
58.0
29.0
43.0
14.0
83.0
22.0
45.0
34.0
-12.0
30.0
35.0
10.0
58.0
1.0
-5.0
102.0
33.0
39.0
71.0
-34.0
63.0
26.0
-17.0
43.0
-68.0
2.0
5.0
-64.0
31.0
-33.0
-27.0
14.0
-7.0
10.0
64.0
36.0
124.0
39.0
28.0
73.0
-22.0
13.0
26.0
-11.0
22.0
-13.0
-27.0
59.0
43.0
106.0
92.0
25.0
21.0
-2.0
18.0
111.0
-50.0
-12.0
-2.0
-39.0
1.0
-30.0
-36.0
12.0
-7.0
-24.0
26.0
-24.0
14.0
-7.0
-51.0
13.0
-72.0
-44.0
-76.0
-112.0
-34.0
-64.0
-64.0
-66.0
-76.0
-42.0
-54.0
-60.0
-39.0
-53.0
-64.0
-30.0
-109.0
-13.0
-9.0
-75.0
35.0
-42.0
-35.0
26.0
2.0
10.0
23.0
-12.0
69.0
-35.0
-27.0
52.0
-82.0
-12.0
38.0
-16.0
56.0
21.0
-40.0
16.0
-41.0
-60.0
-39.0
-76.0
50.0
4.0
-20.0
6.0
-57.0
-78.0
-59.0
-80.0
-6.0
-49.0
-22.0
-24.0
-39.0
-21.0
12.0
-77.0
2.0
-12.0
-63.0
-2.0
-65.0
-69.0
-27.0
-110.0
-32.0
-122.0
-131.0
-77.0
-156.0
-104.0
-116.0
-130.0
-94.0
-88.0
-138.0
-68.0
-124.0
-98.0
-83.0
-128.0
-70.0
-87.0
-103.0
-75.0
-100.0
-67.0
-95.0
-101.0
-87.0
-109.0
-105.0
-42.0
-116.0
-62.0
-92.0
-116.0
-66.0
-88.0
-124.0
-12.0
-130.0
-70.0
-74.0
-136.0
-51.0
-114.0
-148.0
-73.0
-155.0
-74.0
-80.0
-127.0
-90.0
-65.0
-123.0
-31.0
-84.0
-34.0
-58.0
-103.0
-27.0
-80.0
-76.0
-20.0
-82.0
-55.0
-40.0
-87.0
-61.0
-89.0
-110.0
-65.0
-127.0
-103.0
-97.0
-125.0
-62.0
-20.0
-33.0
12.0
-84.0
-51.0
-39.0
-111.0
-40.0
-70.0
-58.0
33.0
-101.0
-38.0
-30.0
-78.0
-26.0
-76.0
-96.0
3.0
-86.0
-69.0
-36.0
-103.0
-60.0
-46.0
-89.0
-24.0
-62.0
-56.0
-34.0
-84.0
-5.0
-15.0
-70.0
26.0
-69.0
4.0
-43.0
-101.0
-70.0
-21.0
-56.0
-45.0
-113.0
-62.0
-90.0
-76.0
-43.0
-37.0
-61.0
-31.0
-95.0
-60.0
-26.0
-69.0
3.0
-85.0
-61.0
-22.0
-95.0
-65.0
-54.0
-96.0
-30.0
-83.0
-87.0
-49.0
-81.0
-41.0
-53.0
-107.0
-39.0
-77.0
-78.0
-35.0
-95.0
-29.0
-16.0
-75.0
-34.0
-48.0
-73.0
-34.0
-49.0
-25.0
-5.0
-72.0
-30.0
-62.0
-84.0
-31.0
-82.0
-30.0
-23.0
-62.0
26.0
-53.0
-59.0
1.0
-95.0
-36.0
-8.0
-86.0
-31.0
-38.0
-75.0
-13.0
-89.0
-81.0
-6.0
-70.0
-34.0
-46.0
-81.0
-18.0
-67.0
-44.0
11.0
-111.0
-44.0
-46.0
-72.0
-7.0
-41.0
-50.0
-60.0
-96.0
-27.0
-78.0
-61.0
-34.0
-83.0
-26.0
-48.0
-87.0
-15.0
-82.0
-67.0
10.0
-43.0
-37.0
-49.0
-72.0
-16.0
-40.0
-54.0
28.0
-44.0
22.0
-11.0
-49.0
9.0
-37.0
-37.0
-27.0
-47.0
-31.0
-5.0
-34.0
37.0
-6.0
17.0
89.0
5.0
-13.0
13.0
-60.0
10.0
-11.0
-30.0
5.0
-20.0
-49.0
7.0
-58.0
-4.0
-15.0
-46.0
26.0
-34.0
-5.0
-5.0
-39.0
19.0
-20.0
-47.0
19.0
-14.0
-24.0
17.0
-54.0
26.0
17.0
6.0
43.0
-41.0
35.0
25.0
26.0
-10.0
15.0
-20.0
27.0
-49.0
-31.0
-8.0
-28.0
48.0
50.0
-49.0
5.0
-22.0
-3.0
15.0
-46.0
10.0
-23.0
-24.0
-1.0
-30.0
-10.0
49.0
-62.0
3.0
-16.0
-23.0
8.0
-40.0
-21.0
6.0
-77.0
8.0
-7.0
-43.0
2.0
-82.0
-44.0
-21.0
-99.0
-15.0
-50.0
-46.0
1.0
-37.0
4.0
5.0
-66.0
5.0
-40.0
-25.0
6.0
-51.0
-35.0
-5.0
-63.0
-6.0
-28.0
-41.0
-1.0
-44.0
-33.0
-15.0
-70.0
-30.0
-77.0
-111.0
-22.0
-116.0
-53.0
-15.0
-62.0
-12.0
-1.0
-51.0
27.0
-17.0
-14.0
48.0
-29.0
54.0
15.0
-21.0
78.0
-18.0
-13.0
29.0
-19.0
79.0
19.0
-11.0
74.0
-26.0
20.0
76.0
14.0
76.0
68.0
40.0
115.0
22.0
58.0
84.0
-15.0
5.0
-7.0
-35.0
40.0
-32.0
10.0
51.0
-27.0
12.0
16.0
9.0
64.0
-1.0
-12.0
38.0
-26.0
13.0
5.0
-41.0
-18.0
-32.0
-6.0
27.0
-23.0
3.0
-33.0
-74.0
-22.0
-12.0
-15.0
36.0
-80.0
14.0
-43.0
-61.0
-4.0
-90.0
-40.0
-4.0
-68.0
5.0
-40.0
-40.0
30.0
-3.0
-20.0
-13.0
1.0
-7.0
-2.0
-57.0
34.0
-42.0
-33.0
43.0
-72.0
18.0
7.0
-15.0
45.0
-5.0
-40.0
7.0
-58.0
-32.0
-41.0
-65.0
-16.0
-65.0
-51.0
-24.0
-119.0
-62.0
-34.0
-70.0
12.0
-49.0
-15.0
20.0
-74.0
-24.0
-57.0
-64.0
-32.0
-101.0
-76.0
-90.0
-147.0
-105.0
-79.0
-156.0
-90.0
-87.0
-101.0
-81.0
-111.0
-74.0
-64.0
-81.0
-18.0
-52.0
-77.0
-40.0
-110.0
-42.0
-60.0
-114.0
-51.0
-118.0
-102.0
-72.0
-125.0
-33.0
-87.0
-120.0
-51.0
-110.0
-62.0
-23.0
-59.0
4.0
-84.0
-82.0
-23.0
-134.0
-78.0
-56.0
-128.0
-46.0
-69.0
-90.0
-86.0
-106.0
-92.0
-57.0
-122.0
-61.0
-37.0
-125.0
-37.0
-123.0
-93.0
-60.0
-127.0
-80.0
-100.0
-108.0
-87.0
-129.0
-88.0
-46.0
-111.0
-66.0
-101.0
-113.0
-45.0
-102.0
-71.0
-46.0
-120.0
-79.0
-97.0
-140.0
-70.0
-89.0
-134.0
-86.0
-150.0
-97.0
-106.0
-166.0
-92.0
-140.0
-95.0
-40.0
-167.0
-69.0
-131.0
-162.0
-59.0
-139.0
-155.0
-88.0
-126.0
-22.0
-42.0
-86.0
-17.0
-80.0
-92.0
-25.0
-81.0
-59.0
-84.0
-158.0
-70.0
-119.0
-115.0
-96.0
-149.0
-114.0
-93.0
-150.0
-78.0
-136.0
-100.0
-81.0
-143.0
-45.0
-79.0
-87.0
-22.0
-67.0
-79.0
-58.0
-107.0
-46.0
-13.0
-103.0
16.0
-81.0
-61.0
-47.0
-139.0
-77.0
-39.0
-98.0
-32.0
-58.0
-69.0
-34.0
-75.0
-12.0
-31.0
-46.0
-11.0
-65.0
-29.0
26.0
-119.0
-26.0
-58.0
-77.0
23.0
-55.0
-49.0
-89.0
-112.0
-73.0
-53.0
-75.0
10.0
-41.0
-39.0
-18.0
-47.0
26.0
21.0
13.0
20.0
-24.0
-24.0
-24.0
-87.0
21.0
-14.0
-52.0
-29.0
-73.0
-47.0
-1.0
-32.0
17.0
-36.0
-5.0
-15.0
-63.0
-14.0
53.0
-44.0
5.0
-7.0
-16.0
81.0
5.0
88.0
15.0
6.0
13.0
17.0
28.0
88.0
38.0
78.0
68.0
28.0
70.0
44.0
45.0
144.0
34.0
84.0
72.0
12.0
69.0
45.0
34.0
103.0
-14.0
26.0
39.0
-25.0
77.0
43.0
-2.0
61.0
-63.0
-9.0
47.0
7.0
26.0
6.0
-8.0
59.0
30.0
39.0
27.0
-43.0
2.0
-26.0
-46.0
10.0
-30.0
-20.0
33.0
-29.0
20.0
-12.0
-50.0
-6.0
-5.0
25.0
33.0
-22.0
29.0
-33.0
-66.0
25.0
-10.0
1.0
46.0
-37.0
-21.0
10.0
2.0
54.0
-52.0
-58.0
-39.0
-73.0
-7.0
-62.0
-75.0
-2.0
-21.0
-19.0
-7.0
-58.0
-20.0
-2.0
-57.0
3.0
-66.0
-20.0
-32.0
-62.0
-23.0
-16.0
-44.0
-3.0
-71.0
-36.0
-4.0
-90.0
-16.0
-27.0
-78.0
8.0
-31.0
-31.0
-2.0
-76.0
10.0
18.0
-36.0
39.0
1.0
-10.0
8.0
-53.0
11.0
-14.0
-49.0
-12.0
-43.0
-16.0
37.0
-28.0
34.0
-19.0
-77.0
-12.0
-54.0
-43.0
18.0
-30.0
1.0
4.0
-19.0
22.0
-19.0
-6.0
62.0
-53.0
-41.0
-17.0
-76.0
26.0
-32.0
-16.0
40.0
-63.0
68.0
33.0
-3.0
101.0
5.0
6.0
82.0
-14.0
26.0
-4.0
-62.0
1.0
-51.0
-32.0
2.0
-61.0
-13.0
-34.0
-51.0
17.0
-39.0
-48.0
8.0
-64.0
11.0
3.0
-70.0
15.0
-21.0
-49.0
-13.0
-41.0
2.0
19.0
-34.0
11.0
-37.0
-35.0
-24.0
-76.0
-42.0
-18.0
-38.0
24.0
-68.0
-25.0
34.0
-68.0
10.0
-17.0
-16.0
34.0
-7.0
18.0
85.0
11.0
7.0
17.0
-16.0
57.0
-10.0
33.0
54.0
1.0
33.0
64.0
49.0
83.0
34.0
68.0
122.0
39.0
92.0
72.0
39.0
87.0
30.0
71.0
67.0
6.0
39.0
31.0
-26.0
46.0
18.0
16.0
54.0
36.0
89.0
59.0
-4.0
96.0
28.0
46.0
93.0
-21.0
70.0
53.0
32.0
64.0
-15.0
-13.0
84.0
-2.0
67.0
36.0
-14.0
37.0
-5.0
-12.0
83.0
7.0
58.0
16.0
-24.0
52.0
19.0
18.0
88.0
48.0
58.0
71.0
-1.0
106.0
57.0
20.0
70.0
37.0
91.0
72.0
49.0
104.0
20.0
124.0
85.0
40.0
43.0
36.0
37.0
88.0
24.0
59.0
88.0
41.0
86.0
76.0
3.0
79.0
36.0
46.0
69.0
-40.0
27.0
49.0
-13.0
107.0
-7.0
22.0
103.0
35.0
76.0
90.0
27.0
95.0
36.0
46.0
87.0
45.0
74.0
70.0
0.0
64.0
17.0
19.0
30.0
-16.0
54.0
56.0
28.0
93.0
63.0
53.0
115.0
52.0
92.0
95.0
41.0
157.0
69.0
95.0
136.0
7.0
71.0
55.0
48.0
109.0
79.0
58.0
124.0
-6.0
101.0
96.0
-24.0
73.0
7.0
23.0
30.0
-29.0
58.0
74.0
-8.0
83.0
62.0
31.0
88.0
49.0
73.0
97.0
16.0
122.0
50.0
58.0
103.0
24.0
46.0
80.0
-6.0
90.0
41.0
42.0
88.0
13.0
27.0
71.0
23.0
104.0
91.0
64.0
79.0
44.0
68.0
72.0
43.0
100.0
60.0
49.0
116.0
61.0
106.0
134.0
58.0
90.0
24.0
14.0
65.0
10.0
12.0
26.0
9.0
54.0
3.0
0.0
69.0
6.0
62.0
56.0
17.0
93.0
59.0
84.0
105.0
80.0
71.0
79.0
103.0
76.0
43.0
40.0
50.0
21.0
99.0
89.0
39.0
81.0
43.0
89.0
102.0
52.0
79.0
93.0
12.0
103.0
65.0
28.0
110.0
69.0
115.0
121.0
60.0
114.0
69.0
68.0
88.0
57.0
87.0
125.0
51.0
136.0
67.0
77.0
95.0
32.0
54.0
60.0
85.0
131.0
79.0
78.0
154.0
43.0
88.0
124.0
62.0
122.0
48.0
40.0
73.0
47.0
29.0
36.0
16.0
96.0
67.0
61.0
147.0
44.0
108.0
134.0
109.0
116.0
63.0
99.0
115.0
56.0
75.0
70.0
19.0
66.0
59.0
42.0
126.0
11.0
61.0
71.0
29.0
159.0
83.0
95.0
182.0
110.0
164.0
151.0
87.0
134.0
88.0
110.0
136.0
83.0
80.0
89.0
26.0
114.0
59.0
100.0
131.0
90.0
102.0
130.0
107.0
186.0
107.0
67.0
147.0
119.0
158.0
56.0
57.0
102.0
32.0
-3.0
42.0
39.0
62.0
111.0
97.0
117.0
85.0
66.0
161.0
52.0
98.0
115.0
86.0
148.0
107.0
107.0
169.0
120.0
147.0
176.0
145.0
208.0
157.0
75.0
110.0
30.0
87.0
63.0
48.0
121.0
19.0
23.0
71.0
1.0
35.0
65.0
51.0
60.0
23.0
11.0
35.0
10.0
52.0
49.0
27.0
34.0
51.0
8.0
66.0
-6.0
55.0
47.0
-37.0
24.0
-15.0
-12.0
27.0
-11.0
18.0
49.0
-17.0
44.0
18.0
11.0
40.0
-25.0
24.0
22.0
-53.0
-22.0
-58.0
-20.0
17.0
10.0
61.0
46.0
9.0
26.0
-13.0
-3.0
37.0
-22.0
-1.0
25.0
-66.0
48.0
11.0
4.0
39.0
1.0
-30.0
35.0
-64.0
25.0
1.0
-56.0
-7.0
-70.0
-53.0
-6.0
-78.0
24.0
-20.0
-17.0
43.0
-16.0
-5.0
13.0
-47.0
53.0
-3.0
-16.0
53.0
-28.0
24.0
32.0
-3.0
68.0
-8.0
-10.0
67.0
-45.0
1.0
24.0
-43.0
60.0
-26.0
-60.0
-18.0
-48.0
-19.0
-26.0
-78.0
3.0
-28.0
-24.0
-40.0
-33.0
-48.0
-30.0
-81.0
-24.0
-119.0
-91.0
-23.0
-106.0
-46.0
-36.0
-95.0
-50.0
-73.0
-87.0
-37.0
-97.0
-29.0
15.0
-61.0
2.0
-37.0
-83.0
-16.0
-73.0
-48.0
-52.0
-73.0
-11.0
-79.0
-77.0
-18.0
-62.0
-29.0
-36.0
-109.0
10.0
-84.0
-43.0
-24.0
-59.0
-9.0
-32.0
-48.0
12.0
-50.0
-97.0
-24.0
-71.0
12.0
-20.0
-44.0
5.0
-54.0
-45.0
13.0
24.0
73.0
80.0
-30.0
42.0
29.0
13.0
43.0
-3.0
29.0
27.0
17.0
68.0
37.0
-7.0
96.0
-3.0
73.0
73.0
3.0
62.0
31.0
-47.0
61.0
3.0
53.0
21.0
10.0
1.0
46.0
-38.0
24.0
-12.0
-14.0
-5.0
-22.0
10.0
5.0
-18.0
37.0
-41.0
-33.0
30.0
-49.0
48.0
6.0
-64.0
13.0
-76.0
-32.0
-22.0
-69.0
-44.0
-37.0
-54.0
-22.0
-70.0
-63.0
27.0
-82.0
-3.0
-37.0
-59.0
32.0
-102.0
-38.0
-5.0
-82.0
-11.0
-61.0
-43.0
2.0
-87.0
-60.0
-5.0
-133.0
-50.0
-69.0
-111.0
-43.0
-91.0
-37.0
-26.0
-60.0
-35.0
-20.0
-40.0
23.0
-55.0
-33.0
-35.0
-52.0
-3.0
-54.0
-40.0
25.0
-44.0
-43.0
41.0
-17.0
56.0
3.0
23.0
15.0
-31.0
3.0
39.0
-63.0
60.0
-27.0
-42.0
16.0
-111.0
-12.0
12.0
-73.0
11.0
13.0
-36.0
33.0
-40.0
-22.0
-1.0
-64.0
31.0
-14.0
-16.0
-12.0
10.0
-39.0
-17.0
-71.0
28.0
-9.0
-36.0
13.0
-21.0
4.0
-10.0
-44.0
12.0
-68.0
-82.0
-39.0
-65.0
-21.0
-20.0
-81.0
7.0
-65.0
-50.0
22.0
-60.0
-41.0
16.0
-19.0
29.0
11.0
-49.0
44.0
-28.0
27.0
33.0
-65.0
12.0
-70.0
-43.0
22.0
-67.0
-9.0
7.0
-48.0
33.0
43.0
-7.0
8.0
-61.0
-36.0
56.0
19.0
81.0
73.0
-5.0
25.0
-29.0
20.0
7.0
-3.0
41.0
19.0
20.0
63.0
-18.0
19.0
65.0
2.0
37.0
34.0
11.0
91.0
17.0
20.0
76.0
-20.0
35.0
31.0
2.0
55.0
16.0
10.0
43.0
-34.0
51.0
33.0
-10.0
75.0
-34.0
38.0
88.0
-17.0
71.0
2.0
18.0
11.0
-14.0
6.0
13.0
-69.0
55.0
2.0
-29.0
28.0
-40.0
-1.0
-6.0
-54.0
18.0
-6.0
-30.0
6.0
-18.0
-14.0
20.0
-41.0
52.0
26.0
-27.0
7.0
-59.0
-5.0
34.0
1.0
15.0
11.0
-41.0
56.0
-42.0
-35.0
-6.0
-69.0
26.0
10.0
-1.0
46.0
-54.0
22.0
7.0
-30.0
12.0
-19.0
-40.0
24.0
-30.0
7.0
36.0
-12.0
8.0
24.0
6.0
16.0
34.0
1.0
49.0
-9.0
32.0
27.0
-11.0
45.0
-13.0
18.0
-4.0
-55.0
6.0
-21.0
-63.0
45.0
-65.0
6.0
-4.0
-41.0
-19.0
-7.0
-37.0
55.0
-25.0
-22.0
21.0
-49.0
4.0
-9.0
-19.0
53.0
-13.0
15.0
47.0
-26.0
35.0
34.0
-11.0
41.0
-35.0
-20.0
8.0
-70.0
8.0
-30.0
-23.0
5.0
-49.0
-1.0
27.0
-55.0
-4.0
-29.0
-63.0
10.0
-34.0
-17.0
4.0
-86.0
-12.0
4.0
-16.0
2.0
-29.0
-64.0
-33.0
-98.0
-41.0
-24.0
-81.0
-22.0
-74.0
-74.0
-5.0
-60.0
-50.0
-77.0
-90.0
-12.0
-52.0
-86.0
5.0
-99.0
5.0
-44.0
-82.0
-42.0
-64.0
-38.0
-15.0
-87.0
-35.0
-26.0
-36.0
33.0
-27.0
-5.0
67.0
-39.0
73.0
26.0
-34.0
59.0
-33.0
21.0
45.0
-30.0
-17.0
41.0
-25.0
54.0
-44.0
2.0
36.0
-2.0
61.0
36.0
-17.0
25.0
-25.0
-14.0
-29.0
-95.0
-11.0
-58.0
-19.0
1.0
-49.0
7.0
-27.0
-70.0
-52.0
-33.0
-83.0
-1.0
-63.0
-64.0
-8.0
-99.0
-94.0
-62.0
-101.0
-24.0
-69.0
-74.0
-15.0
-83.0
-45.0
-46.0
-86.0
13.0
-91.0
-80.0
-44.0
-116.0
-45.0
-70.0
-116.0
-52.0
-95.0
-89.0
-19.0
-136.0
-7.0
-110.0
-74.0
-41.0
-91.0
-56.0
-36.0
-113.0
-43.0
-112.0
-128.0
-65.0
-130.0
-105.0
-43.0
-169.0
-84.0
-124.0
-164.0
-34.0
-138.0
-107.0
-45.0
-103.0
-31.0
-91.0
-95.0
-7.0
-49.0
-68.0
-44.0
-96.0
-42.0
-33.0
-68.0
14.0
-33.0
-29.0
-34.0
-45.0
-1.0
-27.0
-94.0
-16.0
-87.0
-45.0
-14.0
-122.0
-79.0
-74.0
-86.0
-24.0
-109.0
-90.0
-51.0
-107.0
-55.0
-81.0
-93.0
-58.0
-95.0
-107.0
-77.0
-103.0
-74.0
-86.0
-124.0
-32.0
-74.0
-79.0
-71.0
-118.0
-31.0
-68.0
-60.0
-4.0
-74.0
-64.0
-70.0
-91.0
-67.0
-69.0
-102.0
-68.0
-66.0
-139.0
-51.0
-134.0
-13.0
-96.0
-73.0
-41.0
-62.0
-44.0
14.0
-70.0
-2.0
-39.0
-63.0
-1.0
-64.0
-41.0
-23.0
-63.0
-30.0
-45.0
-102.0
-67.0
-112.0
-78.0
3.0
-101.0
-73.0
-92.0
-122.0
-81.0
-79.0
-113.0
-41.0
-112.0
-92.0
-69.0
-142.0
-61.0
-83.0
-75.0
-4.0
-67.0
-26.0
-43.0
-99.0
-64.0
-83.0
-116.0
-56.0
-138.0
-91.0
-51.0
-144.0
-40.0
-95.0
-58.0
-26.0
-130.0
-41.0
-46.0
-106.0
-30.0
-120.0
-94.0
-96.0
-136.0
-77.0
-89.0
-130.0
-50.0
-112.0
-87.0
-62.0
-138.0
-67.0
-62.0
-93.0
-18.0
-125.0
-101.0
-23.0
-87.0
-20.0
-42.0
-29.0
-14.0
-53.0
-54.0
1.0
-90.0
-34.0
-69.0
-99.0
-22.0
-107.0
-77.0
-27.0
-90.0
-97.0
-78.0
-108.0
-37.0
-50.0
-86.0
-53.0
-116.0
-67.0
-57.0
-94.0
-34.0
-71.0
-79.0
-56.0
-99.0
-63.0
-40.0
-63.0
13.0
-56.0
-108.0
-30.0
-68.0
-57.0
-43.0
-69.0
41.0
-41.0
-8.0
-30.0
-35.0
1.0
-1.0
-42.0
67.0
-29.0
1.0
68.0
5.0
79.0
13.0
-13.0
16.0
-12.0
-24.0
39.0
-36.0
28.0
32.0
7.0
65.0
17.0
-7.0
-8.0
-43.0
-34.0
4.0
-24.0
73.0
2.0
10.0
61.0
-63.0
3.0
-16.0
-46.0
31.0
18.0
-23.0
45.0
-56.0
21.0
-37.0
-10.0
-1.0
-27.0
-8.0
-16.0
-88.0
-24.0
-39.0
-109.0
-52.0
-82.0
-31.0
1.0
-61.0
3.0
7.0
1.0
17.0
-20.0
-8.0
13.0
-43.0
-34.0
-8.0
-102.0
-1.0
-87.0
-93.0
-35.0
-118.0
-102.0
-52.0
-97.0
10.0
-67.0
-54.0
-50.0
-86.0
-41.0
-42.0
-115.0
2.0
-49.0
-78.0
-7.0
-97.0
-42.0
-36.0
-100.0
-10.0
-39.0
-58.0
14.0
-90.0
-42.0
1.0
-75.0
17.0
-57.0
-26.0
-8.0
-60.0
-35.0
-12.0
-67.0
-16.0
-27.0
-38.0
18.0
-35.0
-1.0
-3.0
-71.0
-1.0
-40.0
-50.0
19.0
-30.0
-29.0
-25.0
-57.0
-31.0
-21.0
-27.0
18.0
-1.0
-59.0
-3.0
-65.0
-12.0
-6.0
-41.0
9.0
-51.0
18.0
89.0
-7.0
26.0
-21.0
-27.0
-25.0
-70.0
-23.0
-21.0
-78.0
23.0
-68.0
-17.0
-11.0
-52.0
-14.0
-33.0
-80.0
7.0
-51.0
-85.0
-29.0
-51.0
15.0
-39.0
-70.0
7.0
-60.0
-43.0
2.0
-44.0
-25.0
-36.0
-68.0
-30.0
-35.0
-44.0
29.0
-47.0
-27.0
-27.0
-122.0
-94.0
-118.0
-118.0
-46.0
-148.0
-83.0
-125.0
-109.0
-3.0
-20.0
-86.0
-40.0
-97.0
-55.0
-38.0
-100.0
-25.0
-23.0
-55.0
23.0
-39.0
21.0
-16.0
-50.0
43.0
16.0
-11.0
36.0
-62.0
-8.0
-7.0
-39.0
44.0
-26.0
13.0
42.0
-40.0
-19.0
-3.0
-61.0
-15.0
-62.0
-73.0
-43.0
-79.0
-74.0
-7.0
-79.0
1.0
-57.0
5.0
2.0
-26.0
24.0
-10.0
-65.0
-4.0
-94.0
-72.0
-27.0
-71.0
-45.0
-48.0
-89.0
-24.0
-69.0
-93.0
-37.0
-130.0
-61.0
-63.0
-107.0
-54.0
-55.0
-63.0
-47.0
-79.0
-96.0
-40.0
-129.0
-81.0
-88.0
-86.0
-84.0
-124.0
-96.0
-83.0
-137.0
-34.0
-108.0
-102.0
-44.0
-134.0
-72.0
-43.0
-136.0
-74.0
-87.0
-68.0
-58.0
-96.0
-79.0
-65.0
-101.0
-73.0
-110.0
-107.0
-7.0
-131.0
-67.0
-78.0
-134.0
-91.0
-95.0
-89.0
-31.0
-111.0
-79.0
-70.0
-120.0
-68.0
-97.0
-136.0
-90.0
-161.0
-114.0
-72.0
-147.0
-68.0
-76.0
-102.0
-2.0
-129.0
-80.0
-66.0
-126.0
-83.0
-88.0
-87.0
-48.0
-87.0
-75.0
-49.0
-76.0
-10.0
-56.0
-83.0
-13.0
-72.0
-26.0
-40.0
-63.0
9.0
-47.0
-63.0
24.0
-108.0
-56.0
-26.0
-19.0
1.0
-23.0
-66.0
-72.0
-52.0
-111.0
-24.0
-81.0
-26.0
-66.0
-129.0
10.0
-86.0
-84.0
-52.0
-77.0
-43.0
-64.0
-75.0
1.0
-91.0
-54.0
-52.0
-111.0
-48.0
-114.0
-93.0
-62.0
-124.0
-91.0
-25.0
-121.0
-25.0
-76.0
-59.0
-16.0
-65.0
-86.0
-73.0
-112.0
-32.0
-59.0
-62.0
-17.0
-78.0
-62.0
-20.0
-78.0
-35.0
-67.0
-86.0
-27.0
-107.0
-42.0
-30.0
-64.0
-9.0
-20.0
-40.0
-37.0
-49.0
-32.0
-12.0
-53.0
-11.0
-49.0
-37.0
43.0
-49.0
-52.0
-27.0
-58.0
-5.0
-37.0
-24.0
-11.0
-82.0
-18.0
-45.0
-51.0
-40.0
-77.0
-68.0
-39.0
-115.0
-79.0
-39.0
-88.0
-28.0
-61.0
-70.0
15.0
-78.0
-59.0
-4.0
-131.0
-67.0
-59.0
-77.0
-30.0
-59.0
-19.0
2.0
-76.0
-3.0
-37.0
-54.0
2.0
-79.0
-59.0
-33.0
-88.0
4.0
-20.0
-34.0
29.0
-59.0
8.0
-22.0
-63.0
-46.0
-80.0
-58.0
-26.0
-90.0
-33.0
-36.0
-88.0
-25.0
-25.0
-51.0
-27.0
-53.0
13.0
18.0
-42.0
4.0
-36.0
-48.0
-4.0
-17.0
-20.0
22.0
-39.0
17.0
-31.0
-31.0
3.0
-45.0
-20.0
31.0
-37.0
67.0
16.0
-19.0
60.0
-22.0
-15.0
46.0
-12.0
37.0
25.0
-42.0
43.0
-37.0
-32.0
18.0
-4.0
46.0
39.0
21.0
43.0
-58.0
14.0
-5.0
-52.0
-11.0
-33.0
-67.0
25.0
-63.0
-2.0
-29.0
-24.0
13.0
18.0
-8.0
6.0
-21.0
20.0
69.0
20.0
49.0
40.0
19.0
78.0
18.0
12.0
44.0
-5.0
11.0
-37.0
-49.0
5.0
-40.0
-16.0
-20.0
-80.0
-52.0
-63.0
-40.0
-21.0
-48.0
-26.0
6.0
-79.0
-18.0
-52.0
-76.0
-12.0
-82.0
-71.0
-2.0
-81.0
-39.0
-50.0
-71.0
-42.0
-57.0
-53.0
-68.0
-103.0
-48.0
-90.0
-102.0
-51.0
-136.0
-90.0
-78.0
-148.0
-51.0
-88.0
-88.0
-38.0
-134.0
-121.0
-62.0
-117.0
-101.0
-135.0
-172.0
-100.0
-158.0
-103.0
-84.0
-167.0
-98.0
-83.0
-154.0
3.0
-147.0
-79.0
-73.0
-110.0
-37.0
-83.0
-41.0
-41.0
-65.0
-64.0
-38.0
-91.0
-62.0
-101.0
-86.0
-32.0
-69.0
-33.0
-8.0
-73.0
42.0
27.0
-57.0
34.0
-54.0
-5.0
2.0
-43.0
-22.0
-48.0
-54.0
3.0
-77.0
-14.0
-7.0
-32.0
-33.0
-23.0
-74.0
22.0
-61.0
-34.0
-6.0
-44.0
29.0
-2.0
-29.0
26.0
-46.0
-14.0
22.0
-3.0
59.0
0.0
-4.0
37.0
-25.0
-31.0
6.0
-24.0
77.0
-36.0
-23.0
39.0
-26.0
-22.0
22.0
-2.0
25.0
10.0
-53.0
-7.0
-79.0
-37.0
-29.0
-104.0
-58.0
-87.0
-104.0
-43.0
-69.0
-82.0
-39.0
-89.0
-32.0
-46.0
-108.0
-21.0
-148.0
-99.0
-56.0
-115.0
-101.0
-102.0
-132.0
-58.0
-117.0
-121.0
-65.0
-129.0
-76.0
-67.0
-115.0
-81.0
-101.0
-112.0
-91.0
-164.0
-52.0
-99.0
-125.0
-90.0
-120.0
-98.0
-62.0
-122.0
-67.0
-92.0
-58.0
-54.0
-79.0
-31.0
-60.0
-113.0
-46.0
-23.0
-106.0
-21.0
-68.0
-67.0
-60.0
-82.0
-71.0
-41.0
-112.0
-35.0
-87.0
-91.0
-22.0
-72.0
-53.0
-27.0
-67.0
36.0
-39.0
-37.0
33.0
-91.0
-39.0
-73.0
-74.0
27.0
-102.0
-31.0
22.0
-50.0
34.0
14.0
-41.0
27.0
-69.0
-39.0
-25.0
-45.0
-29.0
26.0
-45.0
14.0
-43.0
-34.0
11.0
-17.0
64.0
52.0
29.0
89.0
46.0
60.0
125.0
67.0
111.0
109.0
20.0
78.0
-26.0
6.0
70.0
-3.0
34.0
16.0
13.0
38.0
-22.0
10.0
25.0
17.0
25.0
-5.0
34.0
84.0
31.0
-17.0
34.0
-6.0
49.0
45.0
15.0
65.0
21.0
44.0
53.0
-3.0
89.0
29.0
-35.0
39.0
-12.0
-27.0
49.0
-12.0
7.0
4.0
-31.0
83.0
10.0
16.0
58.0
-3.0
71.0
53.0
2.0
58.0
8.0
-30.0
29.0
-43.0
-10.0
1.0
-34.0
59.0
-13.0
-8.0
9.0
-23.0
17.0
-7.0
-34.0
44.0
21.0
12.0
45.0
-41.0
51.0
34.0
-29.0
67.0
44.0
-19.0
66.0
-1.0
26.0
5.0
-3.0
59.0
-11.0
3.0
31.0
-17.0
59.0
41.0
-2.0
55.0
51.0
-7.0
56.0
-44.0
56.0
59.0
-10.0
65.0
78.0
53.0
100.0
40.0
50.0
63.0
11.0
65.0
43.0
53.0
87.0
6.0
61.0
30.0
-22.0
26.0
-46.0
-3.0
64.0
-50.0
56.0
61.0
16.0
76.0
16.0
33.0
48.0
-23.0
29.0
21.0
-1.0
83.0
43.0
-4.0
65.0
-8.0
27.0
30.0
12.0
47.0
36.0
37.0
54.0
-21.0
52.0
16.0
11.0
35.0
25.0
1.0
86.0
27.0
53.0
57.0
-2.0
90.0
21.0
31.0
76.0
33.0
53.0
68.0
35.0
102.0
55.0
31.0
62.0
-10.0
41.0
52.0
3.0
63.0
16.0
61.0
61.0
37.0
81.0
79.0
52.0
110.0
58.0
78.0
122.0
73.0
131.0
96.0
55.0
65.0
80.0
69.0
137.0
74.0
115.0
121.0
32.0
92.0
67.0
58.0
103.0
46.0
87.0
74.0
17.0
111.0
11.0
49.0
87.0
-12.0
10.0
2.0
-38.0
36.0
-10.0
27.0
62.0
23.0
11.0
42.0
-30.0
44.0
36.0
1.0
76.0
1.0
28.0
38.0
-11.0
75.0
10.0
18.0
59.0
26.0
35.0
20.0
-58.0
52.0
-47.0
-17.0
38.0
-2.0
21.0
24.0
-44.0
45.0
15.0
17.0
78.0
16.0
58.0
10.0
7.0
55.0
33.0
-1.0
44.0
9.0
82.0
48.0
-8.0
34.0
-17.0
-1.0
28.0
-2.0
48.0
-2.0
-30.0
13.0
-25.0
-23.0
-8.0
-12.0
-41.0
1.0
-18.0
4.0
-47.0
-43.0
44.0
-81.0
22.0
22.0
-27.0
31.0
-23.0
8.0
41.0
-52.0
4.0
-12.0
-18.0
18.0
5.0
-13.0
40.0
-72.0
12.0
