4 0.689451
5 0.649139
7 0.590955
9 0.570246
11 0.564209
13 0.564437
16 0.570210
20 0.578048
23 0.581728
28 0.583287
33 0.580834
38 0.575587
45 0.564331
52 0.550137
60 0.532757
69 0.514386
79 0.497316
91 0.480937
104 0.465965
119 0.450473
135 0.435506
154 0.419376
174 0.404014
198 0.387257
223 0.371414
252 0.355015
285 0.339087
321 0.324733
362 0.311166
407 0.298520
457 0.286557
513 0.275347
575 0.265966
645 0.260596
723 0.261005
809 0.267390
905 0.279510
1011 0.296282
1130 0.318449
1261 0.343979
1407 0.370805
1570 0.395373
