4 0.685935
5 0.667243
7 0.655268
9 0.664897
11 0.682660
13 0.701837
16 0.729081
20 0.762028
23 0.783136
28 0.810566
33 0.830391
38 0.845160
45 0.860388
52 0.870731
60 0.877907
69 0.881897
79 0.883277
91 0.882637
104 0.880450
119 0.877109
135 0.873586
154 0.869951
174 0.866594
198 0.862413
223 0.857478
252 0.851509
285 0.844716
321 0.837124
362 0.827923
407 0.817249
457 0.804999
513 0.791909
575 0.779070
645 0.768182
723 0.759479
809 0.752948
905 0.748992
1011 0.746951
1130 0.744128
1261 0.738667
1407 0.731047
1570 0.720528
