4 0.240773
5 0.245365
7 0.272862
9 0.318402
11 0.370372
13 0.425570
16 0.509051
20 0.604666
23 0.660397
28 0.726753
33 0.770163
38 0.799102
45 0.824993
52 0.840713
60 0.851425
69 0.857926
79 0.861293
91 0.862595
104 0.862295
119 0.860856
135 0.858772
154 0.856025
174 0.853032
198 0.849280
223 0.844790
252 0.838863
285 0.831950
321 0.824863
362 0.817421
407 0.809290
457 0.800043
513 0.790135
575 0.780096
645 0.771024
723 0.764659
809 0.763219
905 0.767594
1011 0.776723
1130 0.788824
1261 0.800753
1407 0.813282
1570 0.826480
