4 0.926990
5 0.894962
7 0.817886
9 0.756284
11 0.709116
13 0.672591
16 0.635812
20 0.602667
23 0.585278
28 0.564281
33 0.548762
38 0.535659
45 0.520435
52 0.508446
60 0.497042
69 0.486141
79 0.476391
91 0.468201
104 0.463412
119 0.461517
135 0.462221
154 0.465328
174 0.470193
198 0.476994
223 0.483294
252 0.488014
285 0.490697
321 0.491841
362 0.492258
407 0.493076
457 0.496369
513 0.503232
575 0.512685
645 0.523414
723 0.533365
809 0.540784
905 0.547648
1011 0.556842
1130 0.570892
1261 0.587856
1407 0.607742
1570 0.628725
1750 0.646707
