4 0.560293
5 0.559395
7 0.567202
9 0.577440
11 0.585931
13 0.591709
16 0.595629
20 0.594062
23 0.588885
28 0.576339
33 0.563150
38 0.550855
45 0.534634
52 0.518777
60 0.501102
69 0.482453
79 0.463814
91 0.445140
104 0.429993
119 0.418617
135 0.412874
154 0.414092
174 0.423214
198 0.439506
223 0.454949
252 0.466848
285 0.476257
321 0.484068
362 0.487319
407 0.485876
457 0.483776
513 0.481439
575 0.480101
645 0.479772
723 0.481077
809 0.484890
905 0.492922
1011 0.503793
1130 0.515586
1261 0.527246
1407 0.539391
1570 0.549718
