4 0.594018
5 0.553391
7 0.499390
9 0.473921
11 0.454257
13 0.437125
16 0.416481
20 0.395976
23 0.384688
28 0.371064
33 0.362323
38 0.357091
45 0.353394
52 0.352440
60 0.353965
69 0.357977
79 0.364795
91 0.375455
104 0.388957
119 0.406486
135 0.427123
154 0.453110
174 0.480012
198 0.509666
223 0.536370
252 0.561800
285 0.584370
321 0.602946
362 0.618580
407 0.630671
457 0.638818
513 0.642280
575 0.641029
645 0.636381
723 0.629915
809 0.623076
905 0.617090
1011 0.614916
1130 0.619768
1261 0.634009
1407 0.657779
1570 0.686959
