4 0.641177
5 0.683699
7 0.751085
9 0.797186
11 0.827583
13 0.847082
16 0.864945
20 0.879384
23 0.887078
28 0.896786
33 0.903765
38 0.908580
45 0.912519
52 0.914263
60 0.914848
69 0.914711
79 0.914043
91 0.912800
104 0.911160
119 0.909050
135 0.906469
154 0.902822
174 0.898208
198 0.891636
223 0.884019
252 0.874918
285 0.865020
321 0.855618
362 0.846976
407 0.839316
457 0.832316
513 0.825695
575 0.819269
645 0.813098
723 0.807504
809 0.802499
905 0.798269
1011 0.795039
1130 0.793188
1261 0.791822
1407 0.789752
1570 0.785762
