4 0.383146
5 0.358622
7 0.345185
9 0.357492
11 0.382894
13 0.414589
16 0.465856
20 0.534907
23 0.585944
28 0.661282
33 0.719051
38 0.762967
45 0.808063
52 0.839405
60 0.864327
69 0.883418
79 0.897552
91 0.908353
104 0.915445
119 0.920068
135 0.922334
154 0.922833
174 0.921962
198 0.919977
223 0.917225
252 0.913327
285 0.908684
321 0.904690
362 0.901833
407 0.899815
457 0.897842
513 0.895632
575 0.892800
645 0.888588
723 0.883226
809 0.877212
905 0.870773
1011 0.864205
1130 0.857689
1261 0.852626
1407 0.850208
1570 0.850766
1750 0.853006
