4 0.577486
5 0.602829
7 0.646035
9 0.685346
11 0.718421
13 0.741620
16 0.760712
20 0.770115
23 0.771263
28 0.772137
33 0.774847
38 0.776580
45 0.777412
52 0.776900
60 0.773216
69 0.766201
79 0.756232
91 0.743532
104 0.730111
119 0.715784
135 0.701958
154 0.687258
174 0.673394
198 0.658319
223 0.644067
252 0.629515
285 0.616158
321 0.605495
362 0.597118
407 0.590899
457 0.586494
513 0.583636
575 0.582634
645 0.583758
723 0.586798
809 0.591316
905 0.597628
1011 0.605874
1130 0.614043
1261 0.619983
1407 0.622709
1570 0.620651
