4 0.294784
5 0.346493
7 0.425536
9 0.497650
11 0.569248
13 0.628251
16 0.686857
20 0.728784
23 0.745525
28 0.764923
33 0.783380
38 0.801375
45 0.821461
52 0.834801
60 0.844099
69 0.849260
79 0.850433
91 0.847717
104 0.841245
119 0.830443
135 0.815840
154 0.795315
174 0.771085
198 0.739853
223 0.706187
252 0.667352
285 0.625139
321 0.582999
362 0.540939
407 0.502174
457 0.467898
513 0.439652
575 0.419229
645 0.405828
723 0.398883
809 0.397298
905 0.399762
1011 0.405009
1130 0.411567
1261 0.417656
1407 0.421547
1570 0.419939
1750 0.408908
