4 0.449678
5 0.455914
7 0.472561
9 0.488800
11 0.502402
13 0.514074
16 0.531182
20 0.558039
23 0.580669
28 0.615016
33 0.643876
38 0.669765
45 0.699676
52 0.723593
60 0.744242
69 0.761252
79 0.774700
91 0.785929
104 0.794351
119 0.800912
135 0.805198
154 0.807512
174 0.807243
198 0.803926
223 0.797983
252 0.788602
285 0.775439
321 0.759357
362 0.740379
407 0.720005
457 0.698738
513 0.676874
575 0.654545
645 0.631950
723 0.609878
809 0.588255
905 0.567443
1011 0.548649
1130 0.531913
1261 0.517255
1407 0.504412
1570 0.493465
1750 0.485005
