4 0.451445
5 0.451370
7 0.484326
9 0.546877
11 0.616141
13 0.679201
16 0.754556
20 0.821417
23 0.853149
28 0.885445
33 0.903764
38 0.914890
45 0.924115
52 0.929416
60 0.933015
69 0.935393
79 0.936882
91 0.937710
104 0.937870
119 0.937433
135 0.936479
154 0.934951
174 0.933042
198 0.930493
223 0.927447
252 0.923083
285 0.917375
321 0.911119
362 0.904182
407 0.896830
457 0.889233
513 0.882243
575 0.876044
645 0.870356
723 0.865616
809 0.862049
905 0.859566
1011 0.858134
1130 0.857289
1261 0.856814
1407 0.856169
1570 0.854208
