4 0.381428
5 0.446106
7 0.555756
9 0.640011
11 0.695705
13 0.729403
16 0.757089
20 0.773906
23 0.780081
28 0.786956
33 0.795306
38 0.806464
45 0.822735
52 0.836167
60 0.848278
69 0.858648
79 0.866748
91 0.873224
104 0.877601
119 0.880190
135 0.880889
154 0.879986
174 0.877901
198 0.874724
223 0.871236
252 0.867323
285 0.863266
321 0.859467
362 0.856022
407 0.853453
457 0.852042
513 0.852115
575 0.853343
645 0.854788
723 0.855414
809 0.854825
905 0.853531
1011 0.852189
1130 0.851165
1261 0.850178
1407 0.847843
1570 0.843816
