4 0.091407
5 0.097994
7 0.107271
9 0.117596
11 0.131540
13 0.149145
16 0.181370
20 0.231037
23 0.270029
28 0.330141
33 0.379019
38 0.416346
45 0.452917
52 0.476686
60 0.493660
69 0.504700
79 0.511144
91 0.514325
104 0.514839
119 0.513410
135 0.510791
154 0.507551
174 0.504237
198 0.500734
223 0.498858
252 0.500134
285 0.505261
321 0.513835
362 0.526274
407 0.542149
457 0.561260
513 0.583512
575 0.608179
645 0.634251
723 0.658951
809 0.680401
905 0.698378
1011 0.712188
1130 0.722438
1261 0.729177
1407 0.732460
1570 0.734321
1750 0.735691
