4 0.474778
5 0.495955
7 0.548949
9 0.606573
11 0.660059
13 0.706280
16 0.760679
20 0.810189
23 0.835301
28 0.862513
33 0.878806
38 0.889352
45 0.899188
52 0.905856
60 0.911271
69 0.915661
79 0.919049
91 0.921494
104 0.922451
119 0.921536
135 0.918249
154 0.911835
174 0.903569
198 0.894109
223 0.886709
252 0.880443
285 0.873470
321 0.865750
362 0.857867
407 0.848287
457 0.835987
513 0.822081
575 0.806671
645 0.791092
723 0.775923
809 0.760914
905 0.746376
1011 0.734347
1130 0.724477
1261 0.715065
1407 0.705544
1570 0.697672
1750 0.690389
