4 0.659547
5 0.665644
7 0.685504
9 0.710623
11 0.738307
13 0.767320
16 0.810777
20 0.862693
23 0.893312
28 0.927950
33 0.948803
38 0.961839
45 0.972868
52 0.979321
60 0.983779
69 0.986819
79 0.988837
91 0.990207
104 0.990953
119 0.991208
135 0.990950
154 0.990103
174 0.988823
198 0.987180
223 0.985769
252 0.984428
285 0.982676
321 0.980503
362 0.978117
407 0.975114
457 0.971066
513 0.966129
575 0.960204
645 0.953670
723 0.946734
809 0.938991
905 0.930543
1011 0.922413
1130 0.914920
1261 0.907578
1407 0.900147
1570 0.892892
1750 0.885799
