4 0.414427
5 0.457951
7 0.529569
9 0.582544
11 0.621013
13 0.649119
16 0.678720
20 0.705816
23 0.721476
28 0.741878
33 0.756714
38 0.768033
45 0.780146
52 0.788484
60 0.794176
69 0.796797
79 0.796382
91 0.792688
104 0.786058
119 0.775939
135 0.762742
154 0.744404
174 0.722702
198 0.694762
223 0.665029
252 0.631435
285 0.595679
321 0.558826
362 0.517236
407 0.471475
457 0.422486
513 0.371177
575 0.320260
645 0.270729
723 0.223818
809 0.180486
905 0.142753
1011 0.114212
1130 0.095990
1261 0.088687
1407 0.090512
1570 0.098131
1750 0.107836
