4 0.678438
5 0.715750
7 0.785309
9 0.839022
11 0.873558
13 0.895037
16 0.915126
20 0.931848
23 0.940699
28 0.951327
33 0.958401
38 0.963228
45 0.967577
52 0.970167
60 0.971931
69 0.973026
79 0.973614
91 0.973769
104 0.973450
119 0.972594
135 0.971225
154 0.969116
174 0.966498
198 0.962986
223 0.958973
252 0.953838
285 0.947253
321 0.939171
362 0.928968
407 0.916675
457 0.902096
513 0.885500
575 0.867730
645 0.849100
723 0.831072
809 0.814876
905 0.800839
1011 0.789901
1130 0.782758
1261 0.779762
1407 0.781224
1570 0.786726
1750 0.796265
