4 0.593559
5 0.596850
7 0.617413
9 0.647182
11 0.679998
13 0.713262
16 0.761200
20 0.816451
23 0.848810
28 0.886878
33 0.911980
38 0.929071
45 0.944338
52 0.953680
60 0.960445
69 0.965345
79 0.968892
91 0.971617
104 0.973434
119 0.974632
135 0.975283
154 0.975615
174 0.975739
198 0.975806
223 0.975820
252 0.975636
285 0.975075
321 0.974182
362 0.972948
407 0.971306
457 0.969308
513 0.966986
575 0.964466
645 0.961861
723 0.959136
809 0.955965
905 0.952335
1011 0.948632
1130 0.944866
1261 0.940960
1407 0.937629
1570 0.935297
