4 0.823731
5 0.831407
7 0.849706
9 0.867650
11 0.883071
13 0.895875
16 0.911004
20 0.925531
23 0.933726
28 0.944146
33 0.951692
38 0.957301
45 0.962981
52 0.966972
60 0.970123
69 0.972428
79 0.973977
91 0.974974
104 0.975397
119 0.975329
135 0.974814
154 0.973878
174 0.972789
198 0.971588
223 0.970581
252 0.969711
285 0.969016
321 0.968407
362 0.967713
407 0.966997
457 0.966272
513 0.965249
575 0.963761
645 0.961868
723 0.959428
809 0.956753
905 0.954068
1011 0.951376
1130 0.948299
1261 0.945224
1407 0.942280
1570 0.939124
1750 0.935868
