4 0.860155
5 0.867623
7 0.883250
9 0.897682
11 0.909892
13 0.919972
16 0.931722
20 0.942735
23 0.948862
28 0.956628
33 0.962221
38 0.966358
45 0.970491
52 0.973312
60 0.975464
69 0.976961
79 0.977896
91 0.978428
104 0.978573
119 0.978367
135 0.977821
154 0.976911
174 0.975865
198 0.974707
223 0.973683
252 0.972741
285 0.972027
321 0.971538
362 0.971091
407 0.970626
457 0.970127
513 0.969436
575 0.968395
645 0.966945
723 0.964978
809 0.962681
905 0.960246
1011 0.957664
1130 0.954660
1261 0.951469
1407 0.948147
1570 0.944390
