4 0.330566
5 0.331733
7 0.344728
9 0.364245
11 0.386432
13 0.409799
16 0.445589
20 0.490018
23 0.517675
28 0.552800
33 0.578550
38 0.597754
45 0.615791
52 0.626815
60 0.634200
69 0.638772
79 0.641375
91 0.642899
104 0.643979
119 0.645677
135 0.648371
154 0.652157
174 0.655888
198 0.658778
223 0.659236
252 0.656246
285 0.648889
321 0.637470
362 0.621218
407 0.601667
457 0.581928
513 0.563523
575 0.547326
645 0.533488
723 0.522330
809 0.513175
905 0.506376
1011 0.501901
1130 0.497841
1261 0.493731
1407 0.490302
1570 0.487567
1750 0.486682
