4 0.010422
5 0.010377
7 0.011012
9 0.013954
11 0.019510
13 0.027610
16 0.045339
20 0.079432
23 0.110128
28 0.161676
33 0.205200
38 0.237153
45 0.264389
52 0.276860
60 0.280007
69 0.275123
79 0.263706
91 0.246198
104 0.226146
119 0.204406
135 0.184544
154 0.165905
174 0.151099
198 0.137736
223 0.128228
252 0.120877
285 0.114911
321 0.109810
362 0.105032
407 0.100515
457 0.095729
513 0.089900
575 0.082904
645 0.075182
723 0.067467
809 0.061820
905 0.059097
1011 0.058271
1130 0.057605
1261 0.058464
1407 0.060458
1570 0.063881
1750 0.070077
