4 0.453774
5 0.475614
7 0.517260
9 0.550377
11 0.574534
13 0.590708
16 0.602268
20 0.600119
23 0.590392
28 0.570211
33 0.554933
38 0.544339
45 0.531729
52 0.521009
60 0.509578
69 0.495734
79 0.479508
91 0.459423
104 0.437727
119 0.413887
135 0.390127
154 0.363810
174 0.337929
198 0.309740
223 0.284935
252 0.262802
285 0.246103
321 0.236654
362 0.235071
407 0.242173
457 0.258353
513 0.282438
575 0.312398
645 0.347674
723 0.386287
809 0.426948
905 0.468844
1011 0.508594
1130 0.543988
1261 0.570941
1407 0.589848
1570 0.600296
