4 0.633383
5 0.640066
7 0.670405
9 0.704292
11 0.732518
13 0.754968
16 0.780049
20 0.802211
23 0.813164
28 0.824532
33 0.830489
38 0.833185
45 0.833665
52 0.831793
60 0.827849
69 0.821839
79 0.813993
91 0.803983
104 0.793245
119 0.782031
135 0.772339
154 0.763818
174 0.757571
198 0.751820
223 0.745705
252 0.737296
285 0.726821
321 0.716229
362 0.706149
407 0.696678
457 0.687241
513 0.678067
575 0.669832
645 0.662453
723 0.656353
809 0.652693
905 0.653875
1011 0.659903
1130 0.666330
1261 0.669920
1407 0.669663
1570 0.662146
