4 0.800668
5 0.839594
7 0.892493
9 0.924235
11 0.943436
13 0.955256
16 0.966037
20 0.974200
23 0.977892
28 0.981569
33 0.983530
38 0.984592
45 0.985291
52 0.985515
60 0.985513
69 0.985397
79 0.985249
91 0.985089
104 0.984927
119 0.984745
135 0.984534
154 0.984224
174 0.983788
198 0.983123
223 0.982323
252 0.981345
285 0.980273
321 0.979240
362 0.978253
407 0.977314
457 0.976334
513 0.975231
575 0.973991
645 0.972639
723 0.971337
809 0.970413
905 0.970138
1011 0.970624
1130 0.971845
1261 0.973461
1407 0.974946
1570 0.976037
1750 0.976766
