4 0.633778
5 0.629091
7 0.625836
9 0.628088
11 0.634168
13 0.642428
16 0.656705
20 0.677384
23 0.692600
28 0.713225
33 0.728662
38 0.740747
45 0.752117
52 0.758191
60 0.760888
69 0.760328
79 0.756833
91 0.750836
104 0.744308
119 0.738353
135 0.734138
154 0.730633
174 0.728129
198 0.727174
223 0.727851
252 0.729296
285 0.730445
321 0.731148
362 0.732545
407 0.734490
457 0.736340
513 0.737938
575 0.739174
645 0.740130
723 0.741310
809 0.743453
905 0.746976
1011 0.751869
1130 0.758598
1261 0.765243
1407 0.770856
1570 0.774044
1750 0.774692
