4 0.632439
5 0.649168
7 0.687696
9 0.721786
11 0.749943
13 0.773945
16 0.804345
20 0.836431
23 0.854880
28 0.876771
33 0.890870
38 0.900248
45 0.908251
52 0.912211
60 0.913691
69 0.912950
79 0.910339
91 0.905799
104 0.900177
119 0.893604
135 0.886964
154 0.879727
174 0.872804
198 0.865257
223 0.858066
252 0.850226
285 0.841432
321 0.832213
362 0.822682
407 0.813179
457 0.803004
513 0.791954
575 0.780264
645 0.767316
723 0.753066
809 0.737250
905 0.719376
1011 0.699549
1130 0.678083
1261 0.655760
1407 0.633746
1570 0.613100
