4 0.187922
5 0.193114
7 0.219954
9 0.263695
11 0.314766
13 0.364333
16 0.432236
20 0.510556
23 0.560097
28 0.628289
33 0.680597
38 0.719518
45 0.757023
52 0.780986
60 0.797949
69 0.808866
79 0.815027
91 0.817613
104 0.817169
119 0.814445
135 0.810217
154 0.804308
174 0.797608
198 0.789566
223 0.781315
252 0.772152
285 0.762317
321 0.751938
362 0.739616
407 0.725286
457 0.709215
513 0.691060
575 0.670077
645 0.645846
723 0.619880
809 0.594684
905 0.571399
1011 0.551694
1130 0.536050
1261 0.524322
1407 0.514799
1570 0.504184
1750 0.492146
