4 0.184738
5 0.187643
7 0.210196
9 0.249981
11 0.298163
13 0.346285
16 0.414460
20 0.495650
23 0.547608
28 0.618895
33 0.672932
38 0.712862
45 0.751286
52 0.775903
60 0.793477
69 0.805068
79 0.812066
91 0.815732
104 0.816360
119 0.814630
135 0.811188
154 0.806005
174 0.799922
198 0.792517
223 0.784939
252 0.776589
285 0.767724
321 0.758436
362 0.747324
407 0.734224
457 0.719693
513 0.703482
575 0.684886
645 0.663421
723 0.640489
809 0.618368
905 0.598242
1011 0.581646
1130 0.565137
1261 0.547521
1407 0.532778
1570 0.516679
