4 0.809393
5 0.806593
7 0.811796
9 0.823310
11 0.835774
13 0.847196
16 0.860918
20 0.874152
23 0.881976
28 0.892310
33 0.900558
38 0.907398
45 0.915208
52 0.921277
60 0.926422
69 0.930454
79 0.933357
91 0.935361
104 0.936473
119 0.937010
135 0.937061
154 0.936653
174 0.935773
198 0.934136
223 0.931721
252 0.928356
285 0.924498
321 0.920953
362 0.917804
407 0.914975
457 0.912180
513 0.909373
575 0.906445
645 0.903220
723 0.899914
809 0.896929
905 0.894336
1011 0.892177
1130 0.890300
1261 0.888618
1407 0.886719
1570 0.884536
1750 0.882286
