4 0.616784
5 0.608299
7 0.598838
9 0.595434
11 0.595365
13 0.596952
16 0.599724
20 0.599691
23 0.595690
28 0.583722
33 0.570057
38 0.557702
45 0.543447
52 0.531379
60 0.520177
69 0.511700
79 0.506458
91 0.504207
104 0.504368
119 0.506023
135 0.508620
154 0.511923
174 0.514516
198 0.515936
223 0.515282
252 0.512190
285 0.506353
321 0.498183
362 0.488487
407 0.478597
457 0.469646
513 0.461856
575 0.453563
645 0.443240
723 0.430882
809 0.416079
905 0.398294
1011 0.378650
1130 0.358893
1261 0.343509
1407 0.335960
1570 0.337994
1750 0.348856
