4 0.578733
5 0.577019
7 0.568220
9 0.559487
11 0.555381
13 0.557144
16 0.569430
20 0.596949
23 0.619142
28 0.648043
33 0.665066
38 0.675638
45 0.684294
52 0.687407
60 0.688468
69 0.688658
79 0.688103
91 0.686583
104 0.683938
119 0.679204
135 0.671933
154 0.661185
174 0.647561
198 0.629346
223 0.609811
252 0.588094
285 0.565194
321 0.541614
362 0.515752
407 0.488854
457 0.461423
513 0.434784
575 0.411626
645 0.392480
723 0.378082
809 0.368326
905 0.361886
1011 0.356703
1130 0.351227
1261 0.344474
1407 0.335829
1570 0.328673
1750 0.330186
