4 0.438833
5 0.424208
7 0.422648
9 0.440722
11 0.467503
13 0.496554
16 0.539866
20 0.595781
23 0.633355
28 0.682395
33 0.716483
38 0.741060
45 0.765558
52 0.782269
60 0.795849
69 0.807445
79 0.817361
91 0.825870
104 0.831840
119 0.836074
135 0.838680
154 0.839990
174 0.840063
198 0.838791
223 0.836163
252 0.831894
285 0.825800
321 0.818308
362 0.809337
407 0.799685
457 0.789800
513 0.779753
575 0.769254
645 0.758243
723 0.748162
809 0.740517
905 0.735888
1011 0.733926
1130 0.734879
1261 0.739950
1407 0.750951
1570 0.768362
1750 0.791148
