4 0.620599
5 0.639821
7 0.692486
9 0.745045
11 0.783563
13 0.808804
16 0.831515
20 0.848056
23 0.855787
28 0.864562
33 0.870958
38 0.876499
45 0.883767
52 0.890581
60 0.897756
69 0.904797
79 0.911312
91 0.917599
104 0.923040
119 0.928064
135 0.932333
154 0.936250
174 0.939300
198 0.941915
223 0.943809
252 0.945274
285 0.946221
321 0.946631
362 0.946648
407 0.946426
457 0.946135
513 0.945946
575 0.945992
645 0.946330
723 0.946917
809 0.947758
905 0.948977
1011 0.950526
1130 0.952074
1261 0.953199
1407 0.953679
1570 0.953156
