4 0.254002
5 0.329814
7 0.461427
9 0.565479
11 0.642221
13 0.696430
16 0.749801
20 0.791493
23 0.810818
28 0.831174
33 0.843575
38 0.851833
45 0.859472
52 0.864362
60 0.867851
69 0.870022
79 0.870976
91 0.870659
104 0.868946
119 0.865494
135 0.860378
154 0.852962
174 0.844440
198 0.834097
223 0.823529
252 0.811937
285 0.799268
321 0.784774
362 0.766609
407 0.745408
457 0.721009
513 0.692611
575 0.660468
645 0.626011
723 0.591246
809 0.550694
905 0.501124
1011 0.444700
1130 0.385438
1261 0.329027
1407 0.281397
1570 0.242422
