4 0.267731
5 0.244976
7 0.239684
9 0.257789
11 0.282473
13 0.307450
16 0.341282
20 0.378103
23 0.399809
28 0.426736
33 0.444884
38 0.457304
45 0.469593
52 0.479024
60 0.488152
69 0.497885
79 0.509097
91 0.522327
104 0.534011
119 0.543574
135 0.551760
154 0.560207
174 0.566655
198 0.571830
223 0.575001
252 0.575802
285 0.574888
321 0.574226
362 0.574971
407 0.576826
457 0.578901
513 0.580729
575 0.582930
645 0.586665
723 0.591859
809 0.597820
905 0.604668
1011 0.613196
1130 0.621164
1261 0.627581
1407 0.633497
1570 0.641118
1750 0.651861
