4 0.220886
5 0.187770
7 0.162881
9 0.158839
11 0.160746
13 0.164230
16 0.170179
20 0.178407
23 0.184239
28 0.192532
33 0.199177
38 0.205147
45 0.214264
52 0.225451
60 0.241160
69 0.263075
79 0.292133
91 0.328335
104 0.361842
119 0.390820
135 0.414801
154 0.436358
174 0.448783
198 0.453277
223 0.450833
252 0.441277
285 0.426310
321 0.408819
362 0.390153
407 0.372139
457 0.355078
513 0.338489
575 0.323080
645 0.310007
723 0.299818
809 0.292252
905 0.286857
1011 0.284369
1130 0.283919
1261 0.286363
1407 0.292645
1570 0.303869
