4 0.586432
5 0.589686
7 0.608309
9 0.631899
11 0.655923
13 0.678830
16 0.709783
20 0.742241
23 0.759650
28 0.779885
33 0.794822
38 0.806818
45 0.819649
52 0.828771
60 0.835964
69 0.841460
79 0.845503
91 0.848641
104 0.850914
119 0.852936
135 0.854897
154 0.856988
174 0.858723
198 0.860449
223 0.862239
252 0.864384
285 0.866801
321 0.869545
362 0.873160
407 0.877562
457 0.882343
513 0.887197
575 0.891925
645 0.896679
723 0.901546
809 0.906507
905 0.911583
1011 0.916604
1130 0.921581
1261 0.926393
1407 0.931169
1570 0.936093
1750 0.940985
