4 0.581572
5 0.590796
7 0.617857
9 0.649688
11 0.684401
13 0.717987
16 0.761912
20 0.806148
23 0.829478
28 0.854856
33 0.869974
38 0.879463
45 0.887443
52 0.891835
60 0.894286
69 0.895010
79 0.894209
91 0.891881
104 0.888514
119 0.884486
135 0.880591
154 0.876248
174 0.871208
198 0.863665
223 0.853658
252 0.839678
285 0.822091
321 0.802412
362 0.780731
407 0.759165
457 0.738892
513 0.719726
575 0.702059
645 0.686235
723 0.672549
809 0.661228
905 0.653457
1011 0.651774
1130 0.654435
1261 0.656911
1407 0.659200
1570 0.662092
