4 0.654526
5 0.692955
7 0.764383
9 0.818385
11 0.855643
13 0.880829
16 0.904931
20 0.923510
23 0.931952
28 0.940469
33 0.945078
38 0.947452
45 0.948576
52 0.948232
60 0.946892
69 0.944759
79 0.942028
91 0.938622
104 0.935046
119 0.931225
135 0.927482
154 0.923194
174 0.918615
198 0.912892
223 0.906601
252 0.899124
285 0.890806
321 0.882013
362 0.872237
407 0.862082
457 0.851712
513 0.840604
575 0.828624
645 0.815749
723 0.802187
809 0.788362
905 0.774205
1011 0.760351
1130 0.747216
1261 0.735580
1407 0.725194
1570 0.715258
1750 0.704561
