-46.0
-20.0
-20.0
-29.0
-17.0
-30.0
5.0
-6.0
-27.0
-20.0
-41.0
-39.0
-42.0
-20.0
10.0
-75.0
-110.0
-84.0
-95.0
-125.0
-101.0
-65.0
-59.0
-85.0
-103.0
-79.0
-67.0
-73.0
-93.0
-100.0
-95.0
-78.0
-79.0
-88.0
-103.0
-90.0
-88.0
-70.0
-117.0
-88.0
-58.0
-94.0
-93.0
-88.0
-109.0
-88.0
-51.0
-44.0
-81.0
-82.0
-59.0
-39.0
-49.0
-48.0
-67.0
-81.0
-81.0
-123.0
-132.0
-91.0
-61.0
-42.0
-43.0
-54.0
-27.0
0.0
-32.0
-21.0
15.0
3.0
22.0
29.0
3.0
-13.0
-40.0
-9.0
9.0
25.0
31.0
25.0
4.0
8.0
18.0
23.0
23.0
10.0
8.0
2.0
10.0
37.0
51.0
63.0
10.0
26.0
10.0
-32.0
-1.0
14.0
5.0
9.0
-22.0
-13.0
-18.0
-24.0
8.0
-1.0
-10.0
22.0
27.0
11.0
6.0
1.0
2.0
-14.0
-46.0
-23.0
-8.0
-27.0
-11.0
-37.0
-24.0
-27.0
-31.0
-21.0
-35.0
-54.0
-66.0
-66.0
-54.0
-30.0
-31.0
-46.0
-31.0
-75.0
-85.0
-59.0
-64.0
-64.0
-73.0
-71.0
-70.0
-90.0
-61.0
-52.0
-43.0
-39.0
-62.0
-39.0
-46.0
-59.0
-33.0
-68.0
-54.0
-45.0
-52.0
-56.0
-55.0
-44.0
-34.0
-41.0
-73.0
-53.0
-27.0
-23.0
-41.0
-29.0
-44.0
-39.0
1.0
-6.0
0.0
-28.0
-21.0
-11.0
-7.0
13.0
33.0
14.0
12.0
15.0
-7.0
23.0
18.0
40.0
52.0
79.0
90.0
78.0
54.0
44.0
65.0
61.0
49.0
45.0
57.0
75.0
52.0
33.0
56.0
46.0
17.0
39.0
40.0
25.0
45.0
67.0
59.0
42.0
43.0
36.0
10.0
13.0
30.0
-1.0
15.0
37.0
27.0
8.0
-3.0
-4.0
17.0
21.0
18.0
10.0
10.0
-33.0
-45.0
-15.0
6.0
-4.0
-12.0
-21.0
-2.0
-23.0
-20.0
18.0
22.0
43.0
56.0
-5.0
-39.0
-22.0
13.0
29.0
-1.0
27.0
32.0
27.0
23.0
1.0
-1.0
20.0
64.0
55.0
14.0
3.0
2.0
29.0
24.0
15.0
14.0
15.0
12.0
-2.0
23.0
3.0
-12.0
31.0
37.0
2.0
-8.0
-6.0
10.0
8.0
-11.0
-46.0
-39.0
-48.0
-56.0
-49.0
-12.0
-6.0
-35.0
-49.0
-39.0
-51.0
-31.0
-32.0
-16.0
-3.0
3.0
7.0
25.0
36.0
40.0
29.0
-2.0
2.0
-11.0
-22.0
5.0
13.0
9.0
-13.0
-19.0
9.0
18.0
19.0
20.0
23.0
42.0
8.0
-34.0
-30.0
-28.0
-9.0
11.0
20.0
-1.0
1.0
6.0
26.0
37.0
5.0
4.0
-4.0
0.0
-11.0
-26.0
4.0
31.0
22.0
-19.0
-9.0
10.0
2.0
11.0
21.0
13.0
-31.0
12.0
13.0
48.0
44.0
18.0
-8.0
11.0
12.0
-4.0
5.0
16.0
9.0
-4.0
35.0
35.0
25.0
20.0
7.0
33.0
16.0
-14.0
19.0
17.0
-11.0
-4.0
24.0
21.0
-14.0
-32.0
-18.0
-2.0
4.0
1.0
18.0
2.0
-11.0
-17.0
-32.0
-27.0
-17.0
-4.0
-4.0
8.0
-10.0
-33.0
-57.0
-28.0
-36.0
-17.0
-14.0
20.0
4.0
-40.0
-10.0
34.0
28.0
26.0
59.0
71.0
54.0
31.0
52.0
76.0
41.0
41.0
76.0
97.0
76.0
60.0
64.0
67.0
78.0
34.0
27.0
58.0
40.0
24.0
34.0
27.0
37.0
33.0
51.0
36.0
15.0
23.0
22.0
36.0
56.0
34.0
27.0
15.0
3.0
21.0
33.0
26.0
7.0
26.0
24.0
27.0
10.0
3.0
-12.0
-1.0
7.0
7.0
1.0
-10.0
-43.0
-17.0
12.0
12.0
23.0
7.0
4.0
-1.0
3.0
18.0
20.0
4.0
27.0
30.0
15.0
6.0
17.0
12.0
42.0
13.0
16.0
8.0
13.0
17.0
22.0
-2.0
-4.0
-32.0
-77.0
-27.0
-50.0
-52.0
-5.0
-22.0
-20.0
-15.0
-38.0
-31.0
-5.0
-4.0
-20.0
-1.0
-11.0
-26.0
-15.0
-2.0
12.0
24.0
15.0
22.0
29.0
28.0
31.0
35.0
83.0
73.0
110.0
176.0
189.0
222.0
268.0
262.0
219.0
228.0
227.0
189.0
238.0
220.0
182.0
200.0
212.0
147.0
147.0
172.0
135.0
168.0
153.0
118.0
101.0
95.0
81.0
86.0
97.0
72.0
56.0
50.0
72.0
79.0
49.0
58.0
85.0
82.0
67.0
71.0
76.0
52.0
8.0
-2.0
29.0
58.0
69.0
44.0
32.0
26.0
-7.0
-29.0
17.0
-1.0
24.0
30.0
15.0
11.0
20.0
-6.0
-32.0
-20.0
-27.0
9.0
-32.0
-63.0
-33.0
4.0
4.0
-3.0
6.0
-34.0
-44.0
1.0
-15.0
22.0
12.0
18.0
16.0
-8.0
-10.0
-39.0
-6.0
22.0
22.0
-7.0
-14.0
4.0
21.0
9.0
22.0
22.0
-8.0
-16.0
-24.0
-29.0
-32.0
-20.0
-13.0
-4.0
-8.0
-23.0
-8.0
3.0
7.0
39.0
26.0
5.0
23.0
18.0
26.0
0.0
-37.0
-39.0
-33.0
-22.0
15.0
-10.0
-55.0
-50.0
-27.0
7.0
7.0
3.0
7.0
-14.0
-25.0
-46.0
-37.0
-29.0
-32.0
-15.0
-30.0
-33.0
-30.0
-22.0
17.0
-14.0
-10.0
14.0
-2.0
11.0
13.0
21.0
4.0
-31.0
-43.0
-32.0
-14.0
-15.0
6.0
5.0
12.0
-30.0
-35.0
-11.0
14.0
30.0
25.0
-16.0
-11.0
-15.0
-28.0
-41.0
-57.0
-57.0
-39.0
-27.0
-37.0
-50.0
-52.0
-29.0
-3.0
10.0
-1.0
1.0
-10.0
15.0
23.0
-13.0
9.0
25.0
-15.0
-60.0
-67.0
-56.0
-49.0
-23.0
0.0
11.0
-7.0
-11.0
-28.0
-69.0
-67.0
-37.0
-13.0
-13.0
-2.0
-17.0
-30.0
-33.0
-14.0
-12.0
-18.0
-11.0
38.0
49.0
104.0
108.0
51.0
49.0
73.0
74.0
73.0
67.0
67.0
81.0
91.0
66.0
76.0
54.0
31.0
47.0
48.0
67.0
43.0
62.0
67.0
54.0
45.0
58.0
70.0
69.0
70.0
91.0
78.0
65.0
45.0
54.0
77.0
91.0
53.0
21.0
47.0
83.0
76.0
69.0
70.0
60.0
85.0
82.0
47.0
24.0
35.0
27.0
-8.0
8.0
12.0
6.0
-15.0
-3.0
16.0
24.0
-5.0
9.0
15.0
29.0
15.0
3.0
1.0
21.0
39.0
-3.0
-43.0
-30.0
-30.0
-32.0
15.0
18.0
-18.0
-4.0
18.0
31.0
40.0
21.0
8.0
15.0
35.0
35.0
-2.0
-19.0
-19.0
-3.0
9.0
14.0
14.0
-3.0
12.0
38.0
47.0
60.0
57.0
39.0
30.0
37.0
71.0
90.0
65.0
57.0
42.0
25.0
36.0
11.0
-8.0
-10.0
-29.0
-20.0
-15.0
-10.0
5.0
4.0
29.0
4.0
25.0
44.0
33.0
43.0
101.0
138.0
143.0
137.0
102.0
89.0
103.0
97.0
91.0
77.0
72.0
108.0
121.0
142.0
103.0
53.0
69.0
37.0
40.0
30.0
60.0
53.0
62.0
48.0
65.0
64.0
88.0
96.0
48.0
40.0
41.0
25.0
18.0
17.0
34.0
33.0
17.0
-13.0
-1.0
27.0
3.0
-18.0
-20.0
-3.0
4.0
19.0
23.0
2.0
6.0
30.0
30.0
18.0
31.0
11.0
-2.0
0.0
-22.0
-57.0
-54.0
-25.0
-32.0
-21.0
6.0
22.0
27.0
41.0
26.0
39.0
26.0
37.0
40.0
32.0
21.0
-19.0
-18.0
-38.0
10.0
-3.0
-11.0
48.0
62.0
76.0
82.0
53.0
93.0
100.0
93.0
65.0
64.0
76.0
105.0
65.0
41.0
47.0
49.0
45.0
79.0
61.0
12.0
36.0
99.0
71.0
89.0
103.0
103.0
90.0
122.0
81.0
118.0
156.0
101.0
104.0
115.0
122.0
162.0
108.0
119.0
148.0
122.0
110.0
140.0
144.0
134.0
162.0
148.0
108.0
113.0
142.0
139.0
117.0
125.0
146.0
106.0
76.0
33.0
33.0
39.0
39.0
-5.0
12.0
35.0
60.0
89.0
46.0
21.0
68.0
87.0
88.0
49.0
39.0
60.0
117.0
101.0
90.0
54.0
46.0
22.0
20.0
23.0
0.0
-16.0
-4.0
-2.0
13.0
10.0
7.0
33.0
33.0
-2.0
-6.0
33.0
41.0
10.0
-5.0
-23.0
-19.0
35.0
43.0
17.0
20.0
17.0
6.0
4.0
3.0
-14.0
-33.0
-26.0
-44.0
-29.0
-32.0
-40.0
-29.0
-35.0
-31.0
-13.0
-48.0
-45.0
-29.0
-3.0
-7.0
12.0
-6.0
-34.0
-20.0
-16.0
-17.0
-14.0
-35.0
-27.0
-19.0
2.0
26.0
22.0
50.0
67.0
48.0
22.0
-23.0
-49.0
-4.0
-1.0
4.0
-10.0
-20.0
4.0
20.0
-33.0
-29.0
-36.0
-7.0
-34.0
-52.0
-17.0
-10.0
-25.0
-21.0
-36.0
-39.0
-17.0
-13.0
4.0
-1.0
-28.0
-20.0
-9.0
-17.0
6.0
20.0
-36.0
-51.0
-50.0
-23.0
-46.0
-69.0
-84.0
-88.0
-77.0
-48.0
-23.0
-7.0
-38.0
-56.0
-83.0
-75.0
-67.0
-50.0
-50.0
-95.0
-96.0
-58.0
-80.0
-82.0
-101.0
-123.0
-123.0
-124.0
-116.0
-97.0
-77.0
-59.0
-31.0
-53.0
-51.0
-48.0
-59.0
-46.0
-46.0
-42.0
-53.0
-85.0
-110.0
-133.0
-121.0
-110.0
-110.0
-128.0
-100.0
-107.0
-95.0
-101.0
-65.0
-54.0
-46.0
-65.0
-68.0
-65.0
-41.0
-25.0
-62.0
-57.0
-45.0
-32.0
-9.0
15.0
40.0
57.0
76.0
71.0
67.0
90.0
124.0
106.0
87.0
91.0
61.0
64.0
49.0
43.0
25.0
33.0
44.0
20.0
-1.0
11.0
42.0
49.0
35.0
60.0
53.0
65.0
-2.0
-24.0
-2.0
15.0
-6.0
-3.0
-17.0
-8.0
44.0
34.0
6.0
25.0
45.0
81.0
55.0
-16.0
-38.0
-57.0
-25.0
4.0
-16.0
-24.0
-12.0
-4.0
-11.0
-26.0
-55.0
-48.0
-32.0
-29.0
-13.0
-27.0
-44.0
-67.0
-76.0
-54.0
-24.0
3.0
-13.0
-23.0
-32.0
-52.0
-65.0
-49.0
-37.0
-47.0
-45.0
-22.0
2.0
-10.0
-16.0
-13.0
-26.0
-34.0
-18.0
-5.0
-15.0
-40.0
-38.0
-64.0
-76.0
-32.0
-17.0
12.0
-4.0
-41.0
-24.0
-37.0
-26.0
-17.0
-13.0
-20.0
-37.0
-19.0
-23.0
-30.0
-12.0
-51.0
-59.0
-42.0
-38.0
-23.0
-4.0
-8.0
16.0
21.0
1.0
2.0
7.0
6.0
-6.0
-21.0
-19.0
-7.0
16.0
18.0
33.0
43.0
15.0
5.0
57.0
38.0
-34.0
-24.0
-6.0
-48.0
-47.0
-83.0
-101.0
-83.0
-52.0
-46.0
-102.0
-108.0
-83.0
-105.0
-79.0
-83.0
-109.0
-43.0
-39.0
-40.0
-84.0
-95.0
-63.0
-53.0
-54.0
-32.0
-41.0
-21.0
-22.0
-43.0
-68.0
-68.0
-68.0
-37.0
-27.0
-58.0
-61.0
-68.0
-46.0
-20.0
-35.0
-26.0
-94.0
-103.0
-76.0
-118.0
-82.0
-42.0
-63.0
-83.0
-71.0
-55.0
-35.0
-57.0
-42.0
-50.0
-58.0
-49.0
-42.0
-14.0
1.0
-33.0
-26.0
-5.0
-5.0
1.0
-22.0
-32.0
-30.0
-14.0
-32.0
-8.0
-42.0
-73.0
-59.0
-50.0
-12.0
-15.0
12.0
-16.0
-22.0
-7.0
-7.0
35.0
49.0
64.0
68.0
62.0
27.0
11.0
29.0
2.0
8.0
27.0
38.0
39.0
46.0
36.0
31.0
75.0
68.0
29.0
28.0
41.0
34.0
-5.0
14.0
35.0
32.0
21.0
26.0
45.0
37.0
71.0
83.0
49.0
140.0
65.0
32.0
65.0
65.0
34.0
19.0
-26.0
-2.0
21.0
21.0
19.0
-16.0
-16.0
26.0
4.0
-29.0
-30.0
-7.0
7.0
12.0
-1.0
-34.0
-48.0
-33.0
-20.0
-36.0
-19.0
-36.0
-31.0
-12.0
-23.0
-23.0
-36.0
-44.0
5.0
44.0
90.0
100.0
77.0
88.0
95.0
115.0
136.0
154.0
175.0
174.0
149.0
105.0
50.0
55.0
58.0
53.0
89.0
99.0
78.0
69.0
24.0
29.0
4.0
-5.0
26.0
26.0
36.0
50.0
26.0
-26.0
-23.0
-21.0
11.0
42.0
43.0
29.0
15.0
58.0
53.0
80.0
122.0
80.0
39.0
17.0
3.0
-2.0
24.0
59.0
46.0
50.0
45.0
51.0
52.0
39.0
44.0
42.0
45.0
39.0
8.0
35.0
36.0
6.0
-28.0
-31.0
-13.0
-3.0
-3.0
15.0
9.0
14.0
26.0
30.0
0.0
-1.0
32.0
-26.0
-48.0
-28.0
-37.0
-53.0
-38.0
-23.0
-27.0
-37.0
-42.0
-35.0
-29.0
-41.0
-51.0
-68.0
-92.0
-95.0
-92.0
-84.0
-72.0
-54.0
-26.0
-14.0
-55.0
-46.0
-32.0
-26.0
-44.0
-33.0
-18.0
-33.0
-40.0
-49.0
-38.0
-9.0
-18.0
-22.0
1.0
-33.0
-46.0
-63.0
-97.0
-102.0
-80.0
-76.0
-56.0
-72.0
-99.0
-116.0
-96.0
-65.0
-48.0
-60.0
-72.0
-106.0
-117.0
-119.0
-136.0
-135.0
-140.0
-127.0
-118.0
-131.0
-108.0
-80.0
-63.0
-60.0
-77.0
-120.0
-111.0
-33.0
-84.0
-88.0
-85.0
-33.0
-59.0
-28.0
23.0
54.0
36.0
82.0
140.0
218.0
243.0
303.0
374.0
412.0
457.0
473.0
486.0
452.0
432.0
421.0
384.0
362.0
392.0
317.0
312.0
306.0
252.0
240.0
228.0
168.0
118.0
72.0
77.0
68.0
37.0
9.0
4.0
-97.0
-231.0
-304.0
-366.0
-382.0
-353.0
-317.0
-335.0
-325.0
-276.0
-281.0
-302.0
-309.0
-289.0
-310.0
-295.0
-274.0
-274.0
-299.0
-276.0
-290.0
-258.0
-234.0
-248.0
-251.0
-262.0
-242.0
-238.0
-235.0
-256.0
-265.0
-252.0
-251.0
-246.0
-249.0
-231.0
-221.0
-219.0
-222.0
-206.0
-209.0
-221.0
-200.0
-192.0
-159.0
-101.0
-124.0
-135.0
-118.0
-109.0
-81.0
-75.0
-63.0
-51.0
-58.0
-32.0
7.0
1.0
31.0
66.0
51.0
36.0
7.0
-14.0
-3.0
-40.0
-95.0
-95.0
-86.0
-89.0
-123.0
-110.0
-100.0
-123.0
-121.0
-138.0
-137.0
-139.0
-159.0
-140.0
-125.0
-128.0
-127.0
-143.0
-105.0
-100.0
-126.0
-116.0
-115.0
-107.0
-84.0
-73.0
-119.0
-205.0
-239.0
-233.0
-217.0
-192.0
-168.0
-142.0
-187.0
-173.0
-151.0
-131.0
-140.0
-124.0
-92.0
-72.0
-45.0
-99.0
-98.0
-81.0
-136.0
-136.0
-139.0
-175.0
-159.0
-129.0
-140.0
-145.0
-120.0
-114.0
-87.0
-59.0
-17.0
-23.0
-75.0
-59.0
-43.0
-64.0
-83.0
-62.0
-29.0
-37.0
-56.0
-55.0
-53.0
-62.0
-67.0
-59.0
-41.0
-18.0
-70.0
-67.0
-68.0
-83.0
-86.0
-64.0
-39.0
-59.0
-68.0
-95.0
-91.0
-69.0
-74.0
-69.0
-86.0
-75.0
-38.0
-26.0
-35.0
-49.0
-59.0
-42.0
-33.0
-70.0
-36.0
-20.0
11.0
9.0
1.0
-3.0
-40.0
-33.0
-61.0
-76.0
-128.0
-97.0
-71.0
-55.0
-27.0
-50.0
-99.0
-91.0
-48.0
-59.0
-50.0
-69.0
-71.0
-73.0
-42.0
-49.0
-90.0
-87.0
-74.0
-77.0
-86.0
-107.0
-112.0
-118.0
-125.0
-88.0
-55.0
-115.0
-101.0
-87.0
-96.0
-90.0
-88.0
-104.0
-112.0
-116.0
-128.0
-147.0
-136.0
-117.0
-108.0
-112.0
-133.0
-135.0
-160.0
-156.0
-129.0
-96.0
-122.0
-156.0
-149.0
-142.0
-124.0
-167.0
-172.0
-125.0
-122.0
-128.0
-109.0
-122.0
-120.0
-74.0
-96.0
-105.0
-84.0
-107.0
-99.0
-100.0
-122.0
-146.0
-146.0
-128.0
-125.0
-93.0
-87.0
-65.0
-71.0
-17.0
-18.0
-40.0
-44.0
-52.0
-55.0
-64.0
-63.0
-56.0
-24.0
-21.0
-40.0
-41.0
-54.0
-29.0
5.0
4.0
20.0
20.0
-33.0
-27.0
-38.0
-37.0
-16.0
-27.0
-8.0
-6.0
-34.0
-14.0
23.0
15.0
9.0
0.0
-4.0
16.0
19.0
8.0
5.0
34.0
19.0
-16.0
-33.0
-39.0
-31.0
-11.0
23.0
-36.0
-48.0
-3.0
-20.0
-23.0
8.0
10.0
6.0
-28.0
-51.0
-55.0
-62.0
-52.0
-56.0
-53.0
-61.0
-50.0
-73.0
-69.0
-50.0
-16.0
-64.0
-49.0
-71.0
-99.0
-102.0
-90.0
-71.0
-42.0
-16.0
-20.0
-62.0
-70.0
-35.0
-21.0
-19.0
-20.0
-74.0
-39.0
-82.0
-108.0
-68.0
-50.0
-39.0
-18.0
-71.0
-82.0
-68.0
-68.0
-71.0
-80.0
-112.0
-73.0
-27.0
-36.0
-6.0
-1.0
20.0
-10.0
-27.0
-40.0
-34.0
-35.0
-17.0
-8.0
3.0
-7.0
-26.0
-29.0
-24.0
-4.0
6.0
11.0
11.0
-2.0
-25.0
17.0
25.0
35.0
52.0
45.0
39.0
53.0
25.0
52.0
64.0
41.0
42.0
29.0
10.0
7.0
29.0
48.0
14.0
27.0
82.0
35.0
33.0
52.0
74.0
37.0
-8.0
5.0
-4.0
-27.0
-2.0
32.0
43.0
62.0
61.0
42.0
44.0
29.0
21.0
6.0
-8.0
5.0
-1.0
5.0
8.0
18.0
10.0
4.0
-33.0
-21.0
-9.0
-6.0
-22.0
-78.0
-62.0
-39.0
-43.0
-63.0
-19.0
7.0
17.0
18.0
15.0
51.0
39.0
34.0
24.0
24.0
20.0
15.0
-2.0
2.0
40.0
73.0
73.0
25.0
36.0
83.0
78.0
44.0
48.0
64.0
29.0
29.0
68.0
63.0
70.0
89.0
82.0
70.0
93.0
55.0
54.0
45.0
36.0
64.0
86.0
64.0
33.0
14.0
38.0
13.0
41.0
56.0
29.0
33.0
43.0
43.0
52.0
44.0
76.0
55.0
19.0
36.0
62.0
54.0
67.0
86.0
56.0
26.0
27.0
45.0
84.0
76.0
69.0
65.0
56.0
69.0
93.0
84.0
71.0
92.0
98.0
84.0
86.0
67.0
53.0
38.0
37.0
27.0
31.0
29.0
19.0
68.0
34.0
-21.0
30.0
29.0
7.0
1.0
0.0
9.0
-20.0
-5.0
-1.0
3.0
2.0
-47.0
-32.0
-2.0
-45.0
-27.0
-27.0
-41.0
-30.0
-12.0
14.0
-21.0
-39.0
-21.0
-37.0
-45.0
-61.0
-62.0
-30.0
-20.0
-14.0
-24.0
-44.0
-13.0
-29.0
-56.0
-35.0
-9.0
-23.0
-29.0
-29.0
-22.0
-31.0
-36.0
-56.0
-26.0
-10.0
-11.0
-27.0
-57.0
-77.0
-82.0
-63.0
-34.0
-36.0
-50.0
-66.0
-72.0
-45.0
-87.0
-103.0
-80.0
-68.0
-61.0
-45.0
-74.0
-51.0
-43.0
-42.0
-76.0
-58.0
-10.0
-29.0
-58.0
-49.0
-16.0
-14.0
13.0
36.0
34.0
7.0
-6.0
-8.0
-30.0
-15.0
-14.0
-10.0
6.0
-33.0
-50.0
-15.0
-23.0
2.0
-3.0
-20.0
-18.0
-11.0
-24.0
-39.0
-43.0
-24.0
-49.0
-52.0
-61.0
-56.0
-42.0
-70.0
-66.0
-63.0
-39.0
-15.0
-70.0
-73.0
-58.0
-67.0
-48.0
-59.0
-130.0
-99.0
-81.0
-109.0
-106.0
-106.0
-93.0
-72.0
-67.0
-83.0
-97.0
-62.0
-71.0
-67.0
-66.0
-88.0
-77.0
-93.0
-75.0
-69.0
-92.0
-83.0
-77.0
-88.0
-63.0
-86.0
-101.0
-50.0
-47.0
-59.0
-78.0
-79.0
-109.0
-95.0
-77.0
-88.0
-82.0
-65.0
-42.0
-25.0
-27.0
-68.0
-52.0
-21.0
-37.0
-34.0
-58.0
-36.0
-40.0
-36.0
-40.0
-21.0
0.0
9.0
16.0
21.0
-10.0
-40.0
-44.0
-61.0
-45.0
-58.0
-44.0
-20.0
-36.0
-14.0
-1.0
-21.0
5.0
6.0
14.0
22.0
26.0
61.0
73.0
70.0
42.0
4.0
-6.0
16.0
49.0
32.0
20.0
14.0
35.0
34.0
33.0
63.0
70.0
54.0
80.0
64.0
42.0
51.0
26.0
12.0
47.0
44.0
25.0
22.0
7.0
-20.0
-31.0
-3.0
32.0
35.0
38.0
18.0
-3.0
-20.0
-39.0
-37.0
-8.0
-17.0
2.0
22.0
-4.0
-1.0
-11.0
-2.0
-5.0
-23.0
6.0
12.0
-7.0
10.0
15.0
2.0
-24.0
-6.0
-26.0
-31.0
-53.0
-33.0
-20.0
-4.0
-10.0
9.0
54.0
26.0
-6.0
6.0
27.0
8.0
-36.0
5.0
10.0
-14.0
-13.0
-10.0
-2.0
28.0
26.0
25.0
-7.0
-20.0
14.0
8.0
-18.0
-24.0
38.0
14.0
9.0
25.0
30.0
26.0
19.0
24.0
-25.0
-16.0
-20.0
-46.0
-29.0
-16.0
0.0
-20.0
-10.0
2.0
-32.0
-46.0
-41.0
-36.0
-22.0
-27.0
4.0
26.0
-5.0
6.0
36.0
3.0
-31.0
3.0
3.0
4.0
10.0
-8.0
8.0
24.0
-21.0
-12.0
-15.0
-1.0
-4.0
-24.0
-3.0
-22.0
-31.0
-11.0
-11.0
-20.0
-7.0
-12.0
25.0
-13.0
-71.0
-79.0
-55.0
-58.0
-31.0
-25.0
-25.0
-22.0
-34.0
-71.0
-35.0
-14.0
-9.0
-58.0
-94.0
-37.0
-36.0
-46.0
-53.0
-56.0
-28.0
-32.0
-36.0
-55.0
-80.0
-47.0
-58.0
-56.0
-25.0
-80.0
-80.0
-49.0
-80.0
-65.0
-85.0
-124.0
-114.0
-92.0
-107.0
-86.0
-62.0
-54.0
-63.0
-51.0
-55.0
-60.0
-76.0
-60.0
-33.0
-52.0
-61.0
-58.0
-99.0
-91.0
-75.0
-39.0
-45.0
-67.0
-103.0
-94.0
-83.0
-69.0
-76.0
-67.0
-73.0
-65.0
-92.0
-97.0
-95.0
-96.0
-73.0
-65.0
-98.0
-82.0
-88.0
-68.0
-117.0
-89.0
-60.0
-45.0
-71.0
-65.0
-47.0
-53.0
-22.0
-54.0
-71.0
-100.0
-70.0
-78.0
-65.0
-79.0
-20.0
-18.0
-25.0
-30.0
-12.0
-4.0
-4.0
-35.0
-56.0
-45.0
-53.0
-55.0
-41.0
-26.0
-26.0
-69.0
-84.0
-60.0
-47.0
-41.0
-39.0
-34.0
-42.0
-42.0
-38.0
-75.0
-84.0
-76.0
-40.0
-52.0
-95.0
-93.0
-58.0
-60.0
-33.0
1.0
12.0
11.0
-35.0
-62.0
-53.0
-25.0
-34.0
-43.0
-9.0
-5.0
-25.0
-3.0
15.0
-13.0
22.0
-2.0
-16.0
6.0
19.0
1.0
8.0
25.0
16.0
-10.0
-38.0
-28.0
-14.0
-12.0
2.0
-22.0
-36.0
-68.0
-63.0
-32.0
-32.0
2.0
33.0
21.0
-5.0
-36.0
-28.0
24.0
-22.0
-64.0
-50.0
-46.0
-22.0
-32.0
-34.0
-29.0
-12.0
-21.0
1.0
61.0
45.0
43.0
60.0
56.0
22.0
7.0
26.0
33.0
30.0
39.0
63.0
49.0
49.0
46.0
67.0
52.0
40.0
45.0
45.0
24.0
10.0
33.0
52.0
51.0
19.0
36.0
18.0
3.0
17.0
-14.0
15.0
22.0
22.0
14.0
5.0
-23.0
-23.0
-16.0
10.0
30.0
15.0
32.0
-9.0
27.0
63.0
40.0
30.0
40.0
15.0
32.0
29.0
30.0
43.0
39.0
42.0
17.0
3.0
11.0
12.0
20.0
10.0
40.0
48.0
32.0
18.0
50.0
78.0
90.0
78.0
55.0
65.0
71.0
58.0
62.0
72.0
74.0
93.0
111.0
84.0
105.0
125.0
101.0
103.0
145.0
152.0
135.0
164.0
188.0
159.0
137.0
184.0
197.0
184.0
189.0
177.0
135.0
128.0
125.0
97.0
97.0
116.0
115.0
81.0
60.0
32.0
41.0
52.0
71.0
80.0
71.0
35.0
24.0
39.0
41.0
29.0
20.0
58.0
55.0
51.0
76.0
97.0
72.0
42.0
31.0
13.0
27.0
60.0
65.0
44.0
12.0
2.0
24.0
44.0
41.0
42.0
20.0
33.0
39.0
53.0
79.0
62.0
87.0
45.0
23.0
29.0
15.0
-2.0
-22.0
1.0
35.0
43.0
40.0
19.0
26.0
13.0
35.0
24.0
6.0
-11.0
-33.0
-30.0
-10.0
-26.0
-28.0
2.0
-10.0
-29.0
-53.0
-16.0
11.0
-35.0
-8.0
-5.0
-17.0
6.0
-3.0
13.0
-7.0
6.0
-7.0
-55.0
-22.0
23.0
-29.0
-20.0
4.0
-5.0
3.0
-6.0
-32.0
18.0
5.0
-26.0
8.0
13.0
-16.0
-14.0
-44.0
-20.0
-28.0
-25.0
-9.0
-32.0
-18.0
-39.0
-21.0
26.0
30.0
-14.0
11.0
23.0
6.0
-8.0
6.0
4.0
-18.0
-14.0
-1.0
-22.0
-12.0
13.0
23.0
10.0
6.0
48.0
45.0
5.0
6.0
-9.0
12.0
23.0
40.0
52.0
107.0
51.0
38.0
62.0
56.0
46.0
42.0
27.0
18.0
-2.0
13.0
63.0
56.0
55.0
42.0
34.0
17.0
21.0
35.0
59.0
35.0
13.0
11.0
17.0
53.0
100.0
52.0
59.0
76.0
65.0
36.0
42.0
55.0
46.0
28.0
34.0
40.0
49.0
39.0
74.0
82.0
99.0
108.0
98.0
102.0
63.0
82.0
136.0
122.0
112.0
141.0
161.0
149.0
97.0
83.0
102.0
130.0
99.0
63.0
48.0
35.0
67.0
46.0
9.0
-1.0
-34.0
-33.0
-6.0
40.0
68.0
76.0
17.0
30.0
-3.0
-3.0
-8.0
-25.0
-16.0
-4.0
-23.0
-39.0
-48.0
-28.0
-16.0
30.0
21.0
-30.0
-30.0
7.0
-23.0
-53.0
-44.0
-62.0
-23.0
-31.0
-30.0
-43.0
-30.0
-8.0
26.0
-5.0
-59.0
-56.0
-35.0
-48.0
-35.0
5.0
20.0
35.0
57.0
39.0
3.0
-16.0
-58.0
-59.0
-25.0
1.0
5.0
11.0
8.0
-2.0
10.0
2.0
-12.0
-1.0
-32.0
-24.0
-32.0
-26.0
-13.0
7.0
-13.0
-15.0
-7.0
-15.0
-11.0
14.0
13.0
28.0
8.0
10.0
-1.0
-8.0
-4.0
-11.0
-23.0
-3.0
2.0
5.0
-14.0
-17.0
-4.0
19.0
1.0
-22.0
-29.0
-33.0
-56.0
-41.0
-22.0
-52.0
-34.0
-17.0
-49.0
-48.0
-9.0
-12.0
-2.0
-2.0
-18.0
-23.0
-58.0
-62.0
-31.0
-1.0
-36.0
-1.0
3.0
-13.0
-33.0
-26.0
25.0
45.0
6.0
22.0
20.0
10.0
15.0
17.0
-1.0
-13.0
-44.0
-57.0
-58.0
-29.0
-39.0
-40.0
-13.0
-36.0
-30.0
-35.0
-23.0
-26.0
-22.0
1.0
-2.0
-3.0
26.0
29.0
-12.0
-20.0
-26.0
-36.0
-34.0
-7.0
-1.0
15.0
55.0
82.0
78.0
44.0
45.0
46.0
55.0
26.0
14.0
33.0
70.0
45.0
46.0
65.0
44.0
46.0
49.0
6.0
-2.0
-4.0
-26.0
-29.0
-14.0
-48.0
-54.0
-59.0
-35.0
1.0
43.0
50.0
69.0
78.0
79.0
72.0
73.0
51.0
-5.0
-5.0
-5.0
-70.0
-7.0
-12.0
-37.0
-30.0
-68.0
-97.0
-99.0
-96.0
-59.0
-54.0
-68.0
-71.0
-53.0
-83.0
-136.0
-111.0
-87.0
-121.0
-124.0
-113.0
-127.0
-148.0
-103.0
-76.0
-31.0
13.0
49.0
12.0
-8.0
6.0
37.0
59.0
25.0
11.0
39.0
60.0
58.0
34.0
34.0
22.0
13.0
7.0
1.0
2.0
6.0
-27.0
23.0
21.0
-15.0
-11.0
-1.0
-17.0
-30.0
-24.0
12.0
1.0
14.0
16.0
-12.0
13.0
-6.0
-48.0
-51.0
-25.0
-49.0
-54.0
-54.0
-38.0
5.0
19.0
23.0
4.0
23.0
48.0
60.0
56.0
23.0
-2.0
-14.0
-39.0
-52.0
-25.0
-5.0
-11.0
7.0
0.0
-1.0
-20.0
-3.0
23.0
19.0
-26.0
-21.0
-19.0
-34.0
-9.0
4.0
-26.0
-14.0
-16.0
-41.0
-28.0
-34.0
-26.0
39.0
36.0
-5.0
-14.0
-8.0
-7.0
-22.0
3.0
27.0
6.0
-35.0
-64.0
-58.0
-20.0
5.0
-11.0
-27.0
-6.0
26.0
48.0
74.0
-8.0
-39.0
-24.0
-22.0
-33.0
-33.0
-7.0
17.0
37.0
56.0
10.0
12.0
22.0
1.0
1.0
-23.0
-30.0
-28.0
-43.0
-22.0
-26.0
-10.0
7.0
30.0
14.0
20.0
13.0
7.0
-22.0
-15.0
-39.0
2.0
3.0
-32.0
-52.0
-56.0
-34.0
-46.0
-42.0
-13.0
-2.0
-31.0
-36.0
-54.0
-63.0
-56.0
-15.0
17.0
2.0
9.0
23.0
13.0
-1.0
15.0
-2.0
-51.0
-41.0
-43.0
-91.0
-116.0
-94.0
-70.0
-56.0
-18.0
4.0
23.0
-3.0
-51.0
-39.0
-31.0
-41.0
-22.0
-35.0
-58.0
-97.0
-65.0
-42.0
-33.0
1.0
14.0
12.0
18.0
18.0
-26.0
-37.0
-48.0
-31.0
-17.0
-37.0
-33.0
-37.0
-37.0
-35.0
-23.0
-30.0
-63.0
-57.0
-55.0
-76.0
-63.0
-77.0
-52.0
-84.0
-54.0
-55.0
-62.0
-58.0
-46.0
-49.0
-20.0
-10.0
7.0
22.0
-17.0
-36.0
16.0
51.0
31.0
42.0
50.0
33.0
-1.0
12.0
12.0
-1.0
11.0
16.0
17.0
0.0
-5.0
-30.0
1.0
31.0
25.0
23.0
17.0
33.0
51.0
35.0
35.0
43.0
24.0
-9.0
-26.0
-29.0
-10.0
1.0
-6.0
-23.0
-8.0
23.0
8.0
15.0
11.0
12.0
10.0
13.0
25.0
23.0
6.0
32.0
52.0
4.0
26.0
25.0
8.0
17.0
24.0
31.0
43.0
46.0
4.0
-22.0
-5.0
1.0
7.0
-21.0
1.0
-4.0
-1.0
6.0
2.0
7.0
2.0
17.0
5.0
14.0
26.0
20.0
7.0
33.0
-9.0
-29.0
2.0
-15.0
-20.0
-62.0
-83.0
-48.0
-36.0
-37.0
-23.0
-37.0
-27.0
-35.0
-25.0
-26.0
-32.0
-42.0
-84.0
-72.0
-77.0
-60.0
-50.0
-59.0
-15.0
-10.0
-17.0
13.0
16.0
25.0
18.0
26.0
44.0
49.0
21.0
16.0
22.0
31.0
32.0
7.0
13.0
29.0
49.0
41.0
40.0
16.0
-7.0
15.0
16.0
35.0
29.0
36.0
16.0
19.0
21.0
14.0
27.0
13.0
-13.0
14.0
40.0
10.0
6.0
5.0
-1.0
15.0
39.0
-3.0
-7.0
47.0
21.0
16.0
31.0
0.0
16.0
44.0
28.0
60.0
100.0
112.0
84.0
63.0
79.0
70.0
67.0
56.0
39.0
43.0
50.0
48.0
64.0
63.0
41.0
32.0
42.0
65.0
40.0
52.0
49.0
57.0
44.0
-1.0
5.0
53.0
42.0
58.0
65.0
63.0
26.0
42.0
44.0
28.0
64.0
33.0
27.0
37.0
-13.0
-20.0
-6.0
11.0
14.0
-20.0
-16.0
5.0
-15.0
-4.0
1.0
-27.0
-18.0
-33.0
-4.0
8.0
3.0
24.0
5.0
21.0
-12.0
-36.0
-5.0
27.0
-15.0
-60.0
-32.0
-39.0
-42.0
-27.0
-15.0
3.0
14.0
57.0
20.0
18.0
45.0
14.0
-16.0
-31.0
18.0
4.0
7.0
-19.0
-54.0
-46.0
-60.0
-57.0
-73.0
-55.0
-40.0
-21.0
9.0
26.0
9.0
-15.0
-4.0
-11.0
-26.0
-13.0
-14.0
-11.0
45.0
52.0
14.0
24.0
27.0
5.0
-10.0
1.0
1.0
-9.0
8.0
32.0
77.0
88.0
95.0
126.0
107.0
92.0
108.0
146.0
129.0
117.0
90.0
89.0
99.0
95.0
83.0
73.0
58.0
50.0
60.0
84.0
68.0
42.0
54.0
43.0
57.0
21.0
6.0
37.0
42.0
31.0
12.0
1.0
-36.0
-68.0
-48.0
-60.0
-64.0
-46.0
-46.0
-80.0
-90.0
-81.0
-53.0
3.0
18.0
-8.0
4.0
3.0
19.0
11.0
7.0
-30.0
1.0
14.0
5.0
32.0
18.0
27.0
51.0
36.0
14.0
22.0
24.0
28.0
3.0
-13.0
-24.0
-36.0
-61.0
-58.0
-65.0
-65.0
-41.0
-31.0
-36.0
-42.0
-20.0
-24.0
-37.0
-29.0
-15.0
-1.0
-4.0
-32.0
-21.0
-7.0
-12.0
-41.0
-31.0
-24.0
-8.0
3.0
34.0
44.0
49.0
100.0
98.0
89.0
78.0
94.0
108.0
113.0
89.0
40.0
48.0
35.0
23.0
9.0
3.0
25.0
39.0
52.0
52.0
35.0
32.0
30.0
20.0
-4.0
-20.0
-21.0
-27.0
-23.0
-11.0
-23.0
-1.0
-41.0
-37.0
4.0
5.0
2.0
-1.0
-58.0
-52.0
-50.0
-48.0
-47.0
-45.0
-39.0
-50.0
-52.0
-55.0
-53.0
-45.0
-42.0
-24.0
-20.0
-57.0
-78.0
-52.0
-60.0
-26.0
-2.0
-33.0
-19.0
1.0
-33.0
-24.0
-8.0
-26.0
-5.0
19.0
-1.0
-31.0
-17.0
15.0
35.0
56.0
42.0
-29.0
-40.0
-30.0
-4.0
7.0
-5.0
7.0
2.0
11.0
4.0
21.0
15.0
9.0
37.0
52.0
68.0
4.0
-18.0
-11.0
10.0
20.0
5.0
-17.0
-13.0
-30.0
-45.0
-32.0
-22.0
-29.0
-41.0
-43.0
-54.0
-62.0
-52.0
-35.0
0.0
1.0
-18.0
-12.0
-13.0
-25.0
-28.0
-36.0
-35.0
5.0
-8.0
-35.0
-15.0
10.0
6.0
7.0
4.0
-25.0
-22.0
-27.0
-9.0
-25.0
-34.0
-42.0
-40.0
-14.0
-14.0
-17.0
-8.0
-20.0
-16.0
-5.0
-16.0
-48.0
-80.0
-67.0
-30.0
-62.0
-71.0
-39.0
-18.0
-4.0
-36.0
-18.0
-11.0
-21.0
-31.0
-60.0
-36.0
3.0
1.0
-22.0
-15.0
-26.0
-26.0
-37.0
-32.0
-48.0
-45.0
-29.0
-35.0
-55.0
-70.0
-84.0
-81.0
-62.0
-58.0
-21.0
-35.0
-67.0
-48.0
-49.0
-52.0
-54.0
-78.0
-71.0
-62.0
-64.0
-81.0
-45.0
-12.0
-46.0
-50.0
-59.0
-44.0
-44.0
-54.0
-48.0
-21.0
4.0
-10.0
15.0
40.0
-24.0
-41.0
-25.0
-24.0
-30.0
-12.0
-70.0
-64.0
-49.0
-16.0
-15.0
8.0
16.0
-10.0
-39.0
-2.0
2.0
13.0
-5.0
-24.0
-9.0
-33.0
-21.0
-43.0
-27.0
-14.0
3.0
-1.0
-21.0
-30.0
24.0
17.0
30.0
44.0
35.0
51.0
38.0
37.0
64.0
87.0
61.0
85.0
99.0
93.0
77.0
49.0
15.0
22.0
43.0
32.0
-10.0
-24.0
-24.0
-45.0
-46.0
-22.0
-46.0
-19.0
20.0
13.0
-10.0
12.0
4.0
-3.0
-7.0
-34.0
-51.0
-56.0
-37.0
-20.0
-45.0
-80.0
-52.0
-48.0
-48.0
-10.0
26.0
27.0
45.0
58.0
41.0
25.0
2.0
-9.0
13.0
18.0
-14.0
-25.0
-44.0
-57.0
-51.0
-55.0
-41.0
-25.0
8.0
18.0
12.0
7.0
17.0
21.0
17.0
23.0
30.0
1.0
12.0
43.0
17.0
-41.0
-13.0
8.0
-18.0
-1.0
-29.0
-64.0
-29.0
-22.0
-18.0
-5.0
-10.0
4.0
16.0
64.0
90.0
88.0
88.0
89.0
65.0
42.0
69.0
84.0
84.0
67.0
80.0
73.0
73.0
76.0
56.0
24.0
18.0
42.0
6.0
-14.0
13.0
3.0
-7.0
50.0
63.0
31.0
59.0
22.0
10.0
32.0
68.0
99.0
72.0
31.0
65.0
20.0
-19.0
17.0
16.0
18.0
44.0
21.0
-14.0
11.0
25.0
-4.0
20.0
73.0
54.0
22.0
16.0
13.0
10.0
13.0
19.0
9.0
-1.0
11.0
17.0
27.0
32.0
47.0
27.0
60.0
32.0
21.0
45.0
39.0
71.0
21.0
60.0
88.0
99.0
71.0
72.0
120.0
143.0
117.0
102.0
99.0
121.0
93.0
68.0
124.0
98.0
109.0
121.0
143.0
157.0
153.0
106.0
69.0
93.0
109.0
52.0
48.0
72.0
92.0
69.0
82.0
110.0
122.0
71.0
61.0
78.0
34.0
144.0
148.0
87.0
112.0
81.0
82.0
146.0
133.0
115.0
115.0
112.0
121.0
102.0
77.0
86.0
77.0
65.0
-1.0
-21.0
4.0
-39.0
-23.0
-22.0
-23.0
-29.0
-68.0
-45.0
-80.0
-108.0
-91.0
-82.0
-94.0
-128.0
-129.0
-110.0
-64.0
-34.0
-60.0
-95.0
-101.0
-97.0
-116.0
-98.0
-87.0
-64.0
-59.0
-67.0
-55.0
-31.0
-50.0
-62.0
-36.0
-76.0
-98.0
-83.0
-97.0
-75.0
-55.0
-70.0
-81.0
-68.0
-56.0
-82.0
-75.0
-59.0
-91.0
-112.0
-89.0
-65.0
-58.0
-90.0
-58.0
-33.0
-88.0
-117.0
-72.0
-139.0
-126.0
-122.0
-123.0
-143.0
-132.0
-105.0
-87.0
-98.0
-102.0
-71.0
-39.0
-30.0
-65.0
-77.0
-65.0
-3.0
20.0
-5.0
7.0
12.0
-20.0
-39.0
-40.0
-32.0
-3.0
43.0
40.0
46.0
30.0
-20.0
-11.0
-7.0
20.0
15.0
18.0
40.0
33.0
53.0
51.0
60.0
24.0
24.0
16.0
30.0
22.0
24.0
36.0
-21.0
-32.0
17.0
42.0
42.0
33.0
36.0
7.0
21.0
-16.0
-16.0
-29.0
-7.0
3.0
-12.0
21.0
48.0
25.0
-14.0
-16.0
-46.0
-54.0
-31.0
-22.0
-57.0
-55.0
-52.0
-91.0
-72.0
-36.0
-23.0
-9.0
1.0
11.0
-20.0
-15.0
-35.0
-62.0
-96.0
-75.0
-48.0
-36.0
-26.0
-1.0
-6.0
-6.0
-21.0
-21.0
-29.0
1.0
-17.0
-25.0
-15.0
-25.0
-50.0
-23.0
-52.0
-42.0
-12.0
-40.0
-30.0
-25.0
-29.0
-30.0
-40.0
-15.0
-49.0
-93.0
-107.0
-70.0
-51.0
-31.0
-16.0
-5.0
-36.0
-20.0
-66.0
-91.0
-87.0
-34.0
-67.0
-138.0
-117.0
-112.0
-93.0
-6.0
76.0
69.0
46.0
53.0
60.0
10.0
-18.0
-22.0
-56.0
-15.0
-21.0
-38.0
-4.0
43.0
33.0
41.0
19.0
-2.0
12.0
26.0
6.0
-25.0
-47.0
-27.0
-16.0
-35.0
-21.0
-12.0
-25.0
0.0
-1.0
-2.0
-1.0
13.0
37.0
36.0
-1.0
11.0
11.0
5.0
-22.0
-37.0
-71.0
-51.0
-51.0
-58.0
-40.0
-35.0
-48.0
-19.0
-29.0
2.0
1.0
4.0
-5.0
-43.0
-38.0
-54.0
-80.0
-100.0
-81.0
-69.0
-36.0
-59.0
-31.0
17.0
12.0
-16.0
1.0
7.0
2.0
4.0
-15.0
-48.0
-53.0
-53.0
-60.0
-53.0
-58.0
-101.0
-74.0
-50.0
-45.0
-42.0
-56.0
-82.0
-108.0
-88.0
-84.0
-115.0
-99.0
-77.0
-69.0
-96.0
-124.0
-92.0
-77.0
-71.0
-43.0
-59.0
-64.0
-99.0
-135.0
-96.0
-96.0
-56.0
-43.0
-61.0
-7.0
1.0
4.0
33.0
32.0
-17.0
-9.0
27.0
89.0
130.0
167.0
180.0
192.0
219.0
274.0
300.0
346.0
382.0
408.0
467.0
470.0
402.0
388.0
409.0
399.0
403.0
408.0
365.0
311.0
271.0
224.0
212.0
238.0
190.0
181.0
194.0
154.0
157.0
144.0
118.0
121.0
120.0
117.0
58.0
90.0
91.0
60.0
60.0
11.0
-36.0
-41.0
-12.0
7.0
4.0
-33.0
-29.0
-1.0
4.0
-29.0
-22.0
-25.0
-71.0
-41.0
-76.0
-128.0
-97.0
-71.0
-78.0
-78.0
-81.0
-98.0
-101.0
-84.0
-97.0
-91.0
-70.0
-67.0
-100.0
-113.0
-92.0
-109.0
-100.0
-101.0
-123.0
-153.0
-191.0
-243.0
-240.0
-204.0
-187.0
-146.0
-128.0
-156.0
-117.0
-117.0
-179.0
-195.0
-171.0
-188.0
-186.0
-172.0
-192.0
-214.0
-196.0
-171.0
-134.0
-111.0
-103.0
-109.0
-94.0
-124.0
-158.0
-187.0
-181.0
-137.0
-153.0
-152.0
-156.0
-173.0
-157.0
-142.0
-147.0
-148.0
-160.0
-152.0
-177.0
-145.0
-134.0
-183.0
-174.0
-188.0
-202.0
-153.0
-139.0
-150.0
-150.0
-156.0
-146.0
-146.0
-165.0
-161.0
-173.0
-196.0
-184.0
-163.0
-134.0
-160.0
-172.0
-153.0
-178.0
-219.0
-196.0
-184.0
-181.0
-138.0
-117.0
-161.0
-129.0
-128.0
-185.0
-167.0
-142.0
-136.0
-141.0
-160.0
-141.0
-141.0
-134.0
-105.0
-131.0
-141.0
-161.0
-157.0
-183.0
-176.0
-171.0
-155.0
-131.0
-119.0
-77.0
-118.0
-109.0
-89.0
-76.0
-60.0
-61.0
-54.0
-70.0
-73.0
-49.0
-50.0
-88.0
-116.0
-119.0
-121.0
-101.0
-57.0
-58.0
-115.0
-108.0
-71.0
-74.0
-89.0
-78.0
-64.0
-50.0
-58.0
-72.0
-107.0
-124.0
-139.0
-124.0
-96.0
-54.0
-91.0
-41.0
-23.0
-21.0
-15.0
-28.0
-8.0
-6.0
-102.0
-89.0
-67.0
-74.0
-77.0
-64.0
-72.0
-73.0
-31.0
-69.0
-82.0
-24.0
-43.0
-89.0
-82.0
-57.0
-56.0
-40.0
-50.0
-53.0
-40.0
-17.0
-4.0
-23.0
-33.0
-71.0
-87.0
-82.0
-83.0
-60.0
-67.0
-77.0
-84.0
-71.0
-60.0
-47.0
-69.0
-88.0
-51.0
-52.0
-57.0
-81.0
-114.0
-120.0
-112.0
-95.0
-79.0
-93.0
-97.0
-99.0
-70.0
-82.0
-91.0
-80.0
-75.0
-96.0
-75.0
-96.0
-130.0
-138.0
-101.0
-100.0
-105.0
-102.0
-92.0
-90.0
-105.0
-90.0
-103.0
-81.0
-59.0
-81.0
-78.0
-98.0
-89.0
-94.0
-98.0
-104.0
-87.0
-93.0
-56.0
-55.0
-89.0
-93.0
-93.0
-86.0
-78.0
-78.0
-86.0
-68.0
-71.0
-73.0
-73.0
-56.0
-55.0
-29.0
-35.0
-32.0
-33.0
-41.0
-55.0
-111.0
-97.0
-94.0
-90.0
-63.0
-54.0
-58.0
-24.0
-14.0
-63.0
-53.0
-7.0
-41.0
-49.0
-9.0
-13.0
-42.0
-40.0
-35.0
-38.0
-54.0
-70.0
-76.0
-90.0
-83.0
-87.0
-93.0
-81.0
-73.0
-83.0
-97.0
-93.0
-116.0
-93.0
-52.0
-99.0
-130.0
-168.0
-140.0
-109.0
-124.0
-112.0
-92.0
-105.0
-131.0
-119.0
-105.0
-83.0
-104.0
-116.0
-135.0
-142.0
-139.0
-92.0
-121.0
-130.0
-109.0
-110.0
-132.0
-98.0
-117.0
-110.0
-98.0
-131.0
-147.0
-130.0
-137.0
-127.0
-119.0
-79.0
-117.0
-106.0
-127.0
-119.0
-101.0
-114.0
-101.0
-111.0
-119.0
-117.0
-86.0
-112.0
-94.0
-50.0
-44.0
-57.0
-115.0
-127.0
-102.0
-115.0
-102.0
-122.0
-122.0
-118.0
-123.0
-88.0
-98.0
-81.0
-52.0
-74.0
-93.0
-89.0
-46.0
-44.0
-79.0
-84.0
-53.0
31.0
-22.0
-21.0
23.0
63.0
111.0
124.0
164.0
125.0
75.0
129.0
108.0
75.0
133.0
125.0
49.0
54.0
51.0
39.0
115.0
110.0
82.0
87.0
86.0
82.0
14.0
27.0
25.0
-7.0
-32.0
-11.0
-53.0
-76.0
-64.0
-48.0
-38.0
-46.0
-6.0
-7.0
8.0
-33.0
-82.0
-71.0
-61.0
-30.0
-40.0
-44.0
-54.0
-80.0
-56.0
-55.0
-51.0
-8.0
-8.0
-24.0
-5.0
-21.0
-58.0
-37.0
-50.0
-68.0
-48.0
-69.0
-41.0
-48.0
-60.0
-61.0
-51.0
-20.0
-18.0
-27.0
-25.0
21.0
31.0
37.0
75.0
71.0
16.0
14.0
39.0
45.0
40.0
45.0
42.0
12.0
16.0
34.0
53.0
20.0
-11.0
-10.0
-5.0
-24.0
-56.0
-16.0
14.0
-31.0
-30.0
8.0
-11.0
15.0
13.0
25.0
48.0
10.0
19.0
34.0
30.0
17.0
-1.0
6.0
7.0
4.0
17.0
-2.0
51.0
89.0
78.0
59.0
36.0
16.0
-6.0
24.0
-6.0
5.0
-3.0
-14.0
-31.0
-34.0
-19.0
-19.0
-38.0
-42.0
-47.0
-42.0
-27.0
-18.0
6.0
14.0
-12.0
-24.0
-2.0
14.0
35.0
8.0
10.0
11.0
-27.0
-24.0
-16.0
-23.0
-43.0
-56.0
-58.0
-23.0
-35.0
-50.0
-27.0
-3.0
8.0
16.0
-14.0
4.0
51.0
7.0
40.0
53.0
39.0
5.0
-3.0
37.0
18.0
-11.0
24.0
-11.0
27.0
82.0
77.0
67.0
183.0
153.0
117.0
194.0
236.0
252.0
316.0
279.0
304.0
371.0
388.0
439.0
458.0
482.0
584.0
580.0
515.0
500.0
454.0
475.0
416.0
443.0
440.0
400.0
385.0
380.0
389.0
365.0
390.0
387.0
350.0
311.0
334.0
441.0
393.0
331.0
331.0
316.0
315.0
351.0
339.0
304.0
307.0
253.0
274.0
229.0
251.0
305.0
306.0
196.0
147.0
103.0
184.0
144.0
103.0
127.0
49.0
82.0
100.0
46.0
0.0
-28.0
-37.0
-40.0
-68.0
-91.0
-67.0
-39.0
-43.0
-40.0
8.0
20.0
-65.0
-81.0
-1.0
-63.0
-50.0
-46.0
-34.0
-13.0
-2.0
-36.0
-18.0
31.0
6.0
-5.0
35.0
6.0
-18.0
15.0
-11.0
-60.0
-52.0
-49.0
-34.0
7.0
-63.0
-46.0
-24.0
-44.0
-15.0
39.0
63.0
121.0
148.0
184.0
239.0
293.0
302.0
305.0
348.0
357.0
362.0
374.0
360.0
395.0
405.0
374.0
327.0
291.0
220.0
142.0
105.0
79.0
69.0
15.0
-15.0
-23.0
-52.0
-94.0
-112.0
-162.0
-168.0
-178.0
-240.0
-340.0
-396.0
-400.0
-429.0
-444.0
-401.0
-381.0
-417.0
-406.0
-397.0
-391.0
-399.0
-387.0
-364.0
-382.0
-356.0
-300.0
-314.0
-326.0
-304.0
-297.0
-302.0
-312.0
-327.0
-301.0
-284.0
-280.0
-290.0
-341.0
-323.0
-291.0
-279.0
-274.0
-266.0
-278.0
-268.0
-247.0
-243.0
-264.0
-259.0
-253.0
-275.0
-298.0
-297.0
-299.0
-270.0
-277.0
-256.0
-270.0
-276.0
-238.0
-241.0
-269.0
-302.0
-291.0
-262.0
-269.0
-254.0
-259.0
-262.0
-259.0
-246.0
-224.0
-202.0
-220.0
-203.0
-211.0
-246.0
-239.0
-237.0
-245.0
-231.0
-203.0
-242.0
-234.0
-234.0
-223.0
-222.0
-239.0
-212.0
-200.0
-215.0
-234.0
-245.0
-256.0
-255.0
-219.0
-194.0
-170.0
-165.0
-203.0
-211.0
-218.0
-198.0
-173.0
-154.0
-149.0
-193.0
-237.0
-228.0
-202.0
-159.0
-159.0
-153.0
-122.0
-168.0
-221.0
-204.0
-182.0
-159.0
-138.0
-126.0
-126.0
-110.0
-114.0
-131.0
-131.0
-76.0
-16.0
22.0
11.0
-47.0
-87.0
-70.0
-50.0
-21.0
-10.0
-31.0
-35.0
-35.0
-59.0
-20.0
-21.0
-49.0
-53.0
-50.0
-59.0
-78.0
-53.0
-42.0
-48.0
-21.0
-18.0
-42.0
-53.0
-48.0
-67.0
-84.0
-124.0
-122.0
-121.0
-97.0
-87.0
-96.0
-95.0
-116.0
-144.0
-168.0
-165.0
-187.0
-173.0
-146.0
-143.0
-119.0
-104.0
-115.0
-114.0
-101.0
-59.0
-27.0
-43.0
-37.0
-16.0
20.0
46.0
22.0
-16.0
37.0
63.0
73.0
87.0
73.0
73.0
102.0
100.0
86.0
37.0
-12.0
-17.0
-18.0
-26.0
-34.0
-80.0
-89.0
-114.0
-116.0
-118.0
-117.0
-97.0
-91.0
-117.0
-144.0
-131.0
-154.0
-175.0
-166.0
-173.0
-157.0
-117.0
-104.0
-111.0
-109.0
-128.0
-143.0
-139.0
-117.0
-106.0
-134.0
-129.0
-126.0
-140.0
-139.0
-131.0
-96.0
-110.0
-113.0
-115.0
-90.0
-108.0
-138.0
-140.0
-117.0
-106.0
-121.0
-109.0
-102.0
-96.0
-111.0
-128.0
-149.0
-149.0
-132.0
-98.0
-109.0
-116.0
-104.0
-143.0
-157.0
-212.0
-223.0
-202.0
-194.0
-200.0
-190.0
-170.0
-171.0
-201.0
-183.0
-177.0
-188.0
-190.0
-195.0
-204.0
-212.0
-204.0
-199.0
-215.0
-220.0
-221.0
-230.0
-180.0
-155.0
-178.0
-223.0
-195.0
-192.0
-204.0
-197.0
-178.0
-164.0
-178.0
-185.0
-157.0
-187.0
-195.0
-187.0
-189.0
-199.0
-207.0
-181.0
-202.0
-160.0
-139.0
-159.0
-165.0
-146.0
-128.0
-124.0
-124.0
-101.0
-94.0
-121.0
-105.0
-117.0
-135.0
-127.0
-100.0
-107.0
-88.0
-87.0
-84.0
-69.0
-49.0
-55.0
-68.0
-42.0
-46.0
-18.0
9.0
-10.0
-47.0
-69.0
-78.0
-64.0
-60.0
-50.0
-10.0
27.0
23.0
16.0
-6.0
-18.0
-54.0
-34.0
-6.0
-11.0
7.0
-2.0
-41.0
-3.0
-11.0
-40.0
-38.0
-33.0
-39.0
-40.0
-45.0
-43.0
-54.0
-65.0
-104.0
-104.0
-93.0
-49.0
-5.0
-36.0
-48.0
-51.0
-89.0
-103.0
-77.0
-110.0
-88.0
-61.0
-71.0
-47.0
-46.0
-58.0
-56.0
-73.0
-119.0
-117.0
-93.0
-90.0
-73.0
-70.0
-90.0
-107.0
-98.0
-83.0
-63.0
-83.0
-76.0
-51.0
-54.0
-60.0
-65.0
-37.0
-38.0
-46.0
-78.0
-45.0
-14.0
13.0
12.0
8.0
42.0
44.0
71.0
114.0
64.0
17.0
34.0
31.0
34.0
10.0
-29.0
-5.0
13.0
6.0
-15.0
7.0
-7.0
-40.0
-58.0
-41.0
-14.0
7.0
-6.0
-3.0
8.0
12.0
0.0
12.0
-27.0
-40.0
-29.0
-33.0
-16.0
41.0
53.0
58.0
62.0
35.0
58.0
71.0
86.0
116.0
79.0
98.0
68.0
41.0
53.0
74.0
103.0
84.0
55.0
68.0
75.0
93.0
110.0
90.0
107.0
117.0
39.0
19.0
27.0
48.0
50.0
-1.0
16.0
34.0
22.0
16.0
-1.0
20.0
54.0
62.0
46.0
-1.0
-28.0
-11.0
-7.0
-27.0
-11.0
-9.0
-18.0
15.0
32.0
64.0
55.0
74.0
96.0
39.0
21.0
36.0
11.0
0.0
-4.0
13.0
52.0
54.0
45.0
58.0
43.0
32.0
52.0
11.0
-2.0
44.0
39.0
37.0
33.0
29.0
39.0
29.0
37.0
33.0
3.0
10.0
1.0
-24.0
7.0
21.0
-32.0
-33.0
-1.0
37.0
41.0
13.0
-10.0
-23.0
-23.0
4.0
38.0
40.0
8.0
-11.0
-40.0
-54.0
-40.0
-51.0
-57.0
-46.0
-9.0
-34.0
-39.0
27.0
51.0
44.0
31.0
-4.0
-18.0
6.0
-27.0
-50.0
-37.0
-4.0
5.0
-27.0
-23.0
6.0
26.0
-7.0
-12.0
7.0
4.0
5.0
-3.0
-19.0
-20.0
-48.0
-37.0
-15.0
-7.0
12.0
37.0
16.0
-31.0
-54.0
-52.0
-15.0
-33.0
-21.0
-34.0
-66.0
-61.0
-48.0
-8.0
21.0
1.0
-2.0
5.0
-36.0
-79.0
-68.0
-86.0
-79.0
-66.0
-45.0
-26.0
5.0
-18.0
-25.0
-11.0
-26.0
-42.0
-36.0
-76.0
-66.0
-64.0
-41.0
1.0
-3.0
12.0
23.0
6.0
-7.0
0.0
-40.0
-39.0
7.0
20.0
11.0
-9.0
-31.0
-47.0
-49.0
-82.0
-83.0
-39.0
-40.0
-35.0
-15.0
7.0
34.0
49.0
27.0
69.0
103.0
109.0
101.0
115.0
120.0
93.0
82.0
85.0
105.0
69.0
72.0
107.0
105.0
84.0
73.0
62.0
86.0
82.0
110.0
107.0
100.0
23.0
-10.0
48.0
71.0
84.0
70.0
49.0
56.0
57.0
83.0
78.0
59.0
34.0
30.0
-13.0
-16.0
-9.0
-36.0
-45.0
7.0
25.0
13.0
-7.0
8.0
19.0
2.0
7.0
-6.0
-12.0
15.0
30.0
8.0
18.0
42.0
32.0
35.0
22.0
0.0
-28.0
-8.0
10.0
8.0
6.0
35.0
33.0
30.0
-25.0
-21.0
-3.0
14.0
18.0
-10.0
0.0
9.0
-21.0
-17.0
-19.0
19.0
18.0
0.0
6.0
18.0
-12.0
6.0
41.0
67.0
7.0
16.0
37.0
15.0
5.0
14.0
27.0
22.0
35.0
34.0
10.0
7.0
35.0
4.0
-2.0
15.0
25.0
58.0
76.0
51.0
2.0
21.0
60.0
89.0
84.0
80.0
45.0
29.0
23.0
12.0
53.0
70.0
75.0
55.0
-6.0
-7.0
3.0
45.0
71.0
63.0
51.0
56.0
39.0
22.0
36.0
34.0
41.0
33.0
33.0
22.0
-15.0
-21.0
2.0
19.0
44.0
52.0
24.0
34.0
37.0
33.0
37.0
37.0
25.0
13.0
33.0
52.0
13.0
-12.0
-11.0
-1.0
-16.0
-48.0
-7.0
-15.0
-27.0
-29.0
-22.0
-21.0
-2.0
18.0
48.0
26.0
7.0
-17.0
7.0
30.0
7.0
-1.0
1.0
-26.0
-35.0
-19.0
6.0
10.0
5.0
5.0
-35.0
-21.0
-15.0
-13.0
-20.0
7.0
7.0
-2.0
-2.0
-12.0
-17.0
-15.0
-5.0
-5.0
-18.0
-18.0
-16.0
-26.0
-42.0
-49.0
-54.0
-85.0
-77.0
-79.0
-68.0
-64.0
-42.0
-52.0
-70.0
-61.0
-65.0
-93.0
-112.0
-103.0
-71.0
-90.0
-105.0
-92.0
-60.0
-77.0
-87.0
-78.0
-60.0
-57.0
-54.0
-73.0
-52.0
-42.0
0.0
1.0
-15.0
-41.0
-59.0
-60.0
-74.0
-46.0
-42.0
-42.0
-14.0
-6.0
5.0
20.0
26.0
4.0
26.0
22.0
30.0
-10.0
-28.0
-17.0
-6.0
-1.0
-2.0
-9.0
-43.0
-72.0
-45.0
-42.0
2.0
-16.0
-30.0
2.0
-15.0
-40.0
-30.0
-10.0
-4.0
-17.0
-7.0
-1.0
16.0
43.0
70.0
52.0
48.0
69.0
48.0
53.0
32.0
12.0
17.0
45.0
64.0
25.0
-8.0
-18.0
2.0
2.0
31.0
5.0
-7.0
-33.0
-67.0
-19.0
2.0
-12.0
-8.0
-19.0
-6.0
-14.0
-45.0
-39.0
-18.0
-23.0
-15.0
-7.0
-9.0
-40.0
-65.0
-41.0
-41.0
-44.0
5.0
-2.0
-27.0
-31.0
-41.0
-34.0
0.0
35.0
46.0
15.0
19.0
42.0
59.0
14.0
-21.0
-24.0
-12.0
12.0
15.0
12.0
-7.0
-16.0
-4.0
-2.0
24.0
20.0
30.0
72.0
107.0
94.0
70.0
78.0
80.0
96.0
96.0
101.0
112.0
93.0
120.0
133.0
118.0
148.0
173.0
157.0
124.0
99.0
69.0
67.0
98.0
65.0
36.0
16.0
-5.0
7.0
26.0
16.0
16.0
29.0
17.0
-6.0
-37.0
-44.0
-32.0
-33.0
-15.0
-40.0
-59.0
-79.0
-83.0
-50.0
-51.0
-52.0
-21.0
5.0
-11.0
-29.0
-12.0
-26.0
-42.0
-31.0
-40.0
-44.0
-48.0
-42.0
-60.0
-16.0
26.0
12.0
14.0
17.0
-6.0
-21.0
-35.0
-23.0
-20.0
-31.0
-47.0
-11.0
-15.0
-16.0
12.0
20.0
14.0
32.0
31.0
4.0
-34.0
-45.0
-26.0
-3.0
6.0
-2.0
-4.0
-7.0
12.0
-9.0
-6.0
46.0
51.0
24.0
24.0
16.0
8.0
15.0
36.0
55.0
59.0
64.0
55.0
41.0
34.0
64.0
58.0
42.0
41.0
29.0
37.0
33.0
54.0
55.0
44.0
35.0
43.0
65.0
66.0
62.0
57.0
51.0
69.0
87.0
93.0
63.0
34.0
28.0
2.0
37.0
50.0
22.0
23.0
-7.0
8.0
47.0
33.0
7.0
-3.0
-19.0
-29.0
-49.0
-69.0
-48.0
-41.0
-17.0
-21.0
-53.0
-41.0
-22.0
-8.0
-7.0
-17.0
-12.0
-20.0
-35.0
-36.0
-35.0
-33.0
-38.0
-12.0
-15.0
-27.0
-21.0
3.0
33.0
35.0
27.0
34.0
27.0
14.0
-5.0
-38.0
-54.0
-64.0
-73.0
-56.0
-34.0
-17.0
-7.0
-18.0
-7.0
24.0
27.0
40.0
-14.0
-19.0
4.0
-18.0
-27.0
-20.0
-42.0
-42.0
-21.0
-37.0
-34.0
-12.0
-5.0
-2.0
-9.0
10.0
6.0
-15.0
1.0
24.0
27.0
22.0
13.0
29.0
-22.0
-27.0
-8.0
2.0
2.0
4.0
62.0
68.0
83.0
83.0
81.0
85.0
81.0
84.0
65.0
39.0
29.0
27.0
10.0
-1.0
30.0
63.0
69.0
90.0
54.0
24.0
40.0
52.0
51.0
42.0
40.0
19.0
0.0
-42.0
-55.0
-32.0
-33.0
-10.0
-3.0
2.0
37.0
32.0
3.0
12.0
33.0
39.0
22.0
26.0
-13.0
-44.0
-42.0
-53.0
-39.0
-32.0
-23.0
8.0
-13.0
-17.0
-21.0
-16.0
-34.0
-17.0
-12.0
-29.0
-18.0
-33.0
-35.0
-25.0
-36.0
-44.0
-22.0
-6.0
-16.0
-6.0
-13.0
-21.0
-5.0
8.0
-7.0
-29.0
-22.0
-27.0
-36.0
-55.0
-49.0
-49.0
-39.0
-26.0
-32.0
-26.0
-20.0
-19.0
-14.0
-36.0
-44.0
-25.0
-16.0
-12.0
16.0
15.0
27.0
21.0
42.0
23.0
24.0
42.0
26.0
19.0
8.0
20.0
5.0
33.0
58.0
46.0
33.0
44.0
59.0
54.0
69.0
55.0
16.0
15.0
23.0
8.0
17.0
9.0
45.0
50.0
59.0
69.0
87.0
116.0
92.0
96.0
77.0
55.0
67.0
76.0
60.0
37.0
62.0
75.0
56.0
41.0
54.0
90.0
80.0
53.0
43.0
25.0
31.0
42.0
53.0
56.0
48.0
56.0
1.0
-31.0
-9.0
-27.0
-1.0
-1.0
-28.0
-35.0
-45.0
-34.0
-42.0
-4.0
-23.0
-36.0
-52.0
-24.0
19.0
25.0
19.0
17.0
31.0
-10.0
-13.0
4.0
-1.0
-32.0
-42.0
-60.0
-54.0
-27.0
-5.0
50.0
62.0
43.0
47.0
49.0
9.0
1.0
17.0
-13.0
-20.0
-43.0
-46.0
-39.0
-65.0
-70.0
-42.0
-10.0
26.0
36.0
42.0
52.0
18.0
6.0
6.0
23.0
8.0
-47.0
-50.0
-40.0
-21.0
-8.0
-14.0
-27.0
-8.0
20.0
17.0
29.0
48.0
77.0
75.0
63.0
42.0
12.0
12.0
4.0
-10.0
1.0
-4.0
-11.0
17.0
40.0
38.0
20.0
5.0
-6.0
8.0
36.0
44.0
6.0
23.0
36.0
9.0
13.0
13.0
-8.0
-29.0
-11.0
-19.0
-26.0
-24.0
-36.0
-43.0
-50.0
-44.0
-72.0
-45.0
-68.0
-71.0
-33.0
-42.0
-92.0
-117.0
-118.0
-107.0
-78.0
-98.0
-100.0
-50.0
-15.0
16.0
24.0
-6.0
-4.0
17.0
18.0
-8.0
-42.0
-42.0
-40.0
-81.0
-80.0
-74.0
-64.0
-37.0
-39.0
-43.0
-28.0
6.0
-28.0
-29.0
-15.0
3.0
-6.0
-2.0
-5.0
-34.0
-30.0
-68.0
-42.0
-40.0
-36.0
-29.0
-81.0
-62.0
-66.0
-65.0
-59.0
-56.0
-44.0
-27.0
-18.0
12.0
16.0
6.0
22.0
42.0
22.0
34.0
44.0
1.0
-6.0
-7.0
22.0
45.0
58.0
68.0
53.0
53.0
66.0
90.0
79.0
70.0
44.0
52.0
39.0
15.0
18.0
22.0
33.0
31.0
22.0
27.0
15.0
8.0
48.0
51.0
51.0
49.0
-2.0
-16.0
-10.0
-16.0
7.0
40.0
45.0
10.0
46.0
108.0
94.0
87.0
83.0
107.0
75.0
51.0
68.0
69.0
74.0
76.0
45.0
-8.0
17.0
21.0
-34.0
-6.0
-1.0
-27.0
-28.0
-52.0
-36.0
-33.0
-34.0
-1.0
-27.0
-65.0
-94.0
-134.0
-134.0
-74.0
-42.0
-53.0
-49.0
-54.0
-47.0
-33.0
-56.0
-53.0
-12.0
-5.0
-59.0
-49.0
-32.0
-20.0
-14.0
-10.0
-4.0
-7.0
-52.0
-61.0
-11.0
29.0
61.0
31.0
-15.0
-4.0
5.0
-13.0
8.0
-11.0
-9.0
2.0
20.0
67.0
49.0
39.0
39.0
56.0
33.0
-13.0
-1.0
7.0
14.0
-3.0
6.0
25.0
59.0
86.0
103.0
65.0
60.0
55.0
46.0
31.0
11.0
31.0
6.0
2.0
28.0
50.0
95.0
98.0
90.0
72.0
73.0
68.0
86.0
61.0
37.0
48.0
34.0
32.0
-18.0
-15.0
40.0
47.0
32.0
29.0
16.0
-3.0
-7.0
41.0
20.0
12.0
17.0
-11.0
-36.0
-23.0
-5.0
13.0
18.0
-24.0
-23.0
-39.0
-37.0
-33.0
-13.0
-17.0
-35.0
-70.0
-67.0
-81.0
-95.0
-63.0
-46.0
-21.0
-26.0
-34.0
-39.0
-61.0
-73.0
-45.0
-45.0
-53.0
-25.0
-34.0
-5.0
14.0
-16.0
-35.0
-74.0
-70.0
-52.0
-49.0
-53.0
-42.0
-48.0
-64.0
-99.0
-130.0
-121.0
-110.0
-85.0
-100.0
-70.0
-54.0
-53.0
-58.0
-83.0
-76.0
-62.0
-48.0
-47.0
-41.0
-44.0
-69.0
-77.0
-77.0
-55.0
-42.0
-25.0
34.0
-8.0
-17.0
-6.0
-28.0
-8.0
-4.0
-42.0
-54.0
-33.0
-39.0
-24.0
-24.0
-32.0
-18.0
-14.0
-24.0
-23.0
-42.0
-31.0
-20.0
-17.0
-10.0
-14.0
-12.0
7.0
-6.0
-43.0
-40.0
-25.0
-21.0
4.0
17.0
15.0
-2.0
-21.0
-37.0
-44.0
-51.0
-43.0
-35.0
-72.0
-83.0
-88.0
-84.0
-84.0
-91.0
-62.0
-50.0
-67.0
-67.0
-92.0
-102.0
-81.0
-84.0
-81.0
-78.0
-91.0
-97.0
-74.0
-90.0
-84.0
-66.0
-65.0
-53.0
-29.0
-32.0
-32.0
-32.0
-49.0
-70.0
-60.0
-86.0
-99.0
-81.0
-75.0
-26.0
-12.0
-14.0
-21.0
-20.0
-77.0
-101.0
-114.0
-169.0
-171.0
-128.0
-104.0
-85.0
-76.0
-67.0
-55.0
-57.0
-69.0
-78.0
-52.0
-32.0
-15.0
-6.0
-12.0
-29.0
-37.0
-48.0
-77.0
-58.0
-46.0
-30.0
-26.0
-42.0
-5.0
13.0
24.0
2.0
-15.0
-8.0
-31.0
-25.0
21.0
-3.0
23.0
24.0
34.0
50.0
42.0
73.0
83.0
53.0
48.0
86.0
53.0
9.0
18.0
42.0
61.0
42.0
-7.0
-8.0
-24.0
-34.0
-54.0
-46.0
-72.0
-80.0
-97.0
-80.0
-65.0
-47.0
-34.0
-54.0
-69.0
-98.0
-75.0
-80.0
-76.0
-67.0
-80.0
-112.0
-100.0
-89.0
-77.0
-77.0
-96.0
-76.0
-100.0
-102.0
-109.0
-87.0
-47.0
-74.0
-72.0
-41.0
-48.0
-75.0
-50.0
-33.0
-27.0
-39.0
-47.0
-55.0
-57.0
-63.0
-71.0
-47.0
-29.0
-15.0
-43.0
-96.0
-89.0
-81.0
-60.0
-23.0
-18.0
-20.0
-42.0
-53.0
-44.0
-44.0
-39.0
-43.0
-43.0
-25.0
14.0
14.0
12.0
6.0
-3.0
-36.0
-24.0
15.0
9.0
12.0
-4.0
-27.0
-3.0
-21.0
-58.0
-56.0
-14.0
42.0
90.0
64.0
44.0
29.0
41.0
52.0
3.0
-52.0
-74.0
-54.0
-18.0
37.0
49.0
21.0
26.0
49.0
26.0
17.0
30.0
19.0
-22.0
-45.0
-40.0
-51.0
-66.0
-61.0
-40.0
-26.0
11.0
19.0
34.0
33.0
14.0
25.0
5.0
-26.0
-46.0
-66.0
-64.0
-66.0
-68.0
-38.0
-11.0
-31.0
-23.0
-12.0
-87.0
-95.0
-48.0
-29.0
-21.0
2.0
-17.0
-25.0
-33.0
-28.0
-29.0
-34.0
-76.0
-85.0
-60.0
-60.0
-99.0
-76.0
-82.0
-61.0
-42.0
-23.0
3.0
-15.0
-33.0
-63.0
-35.0
-20.0
-36.0
-58.0
-49.0
-60.0
-74.0
-58.0
-73.0
-72.0
-25.0
-25.0
-6.0
-14.0
5.0
-1.0
-19.0
-30.0
-34.0
-44.0
-33.0
-34.0
-46.0
-34.0
-42.0
-32.0
-21.0
-46.0
-65.0
-49.0
-25.0
10.0
46.0
40.0
25.0
26.0
-11.0
-16.0
-23.0
-10.0
-6.0
-21.0
-46.0
-44.0
-49.0
-39.0
18.0
22.0
-17.0
-31.0
-27.0
-30.0
-23.0
-36.0
-52.0
-22.0
-27.0
-61.0
-72.0
-79.0
-51.0
-40.0
-31.0
-4.0
-5.0
-69.0
-58.0
1.0
3.0
-17.0
-42.0
-45.0
-31.0
-22.0
-40.0
-32.0
-30.0
-35.0
-26.0
-32.0
-64.0
-67.0
1.0
7.0
15.0
-5.0
4.0
4.0
3.0
11.0
-3.0
-21.0
-19.0
12.0
30.0
33.0
52.0
83.0
55.0
55.0
49.0
-5.0
3.0
15.0
-22.0
-35.0
5.0
18.0
12.0
14.0
46.0
39.0
47.0
50.0
82.0
82.0
108.0
131.0
103.0
61.0
18.0
10.0
6.0
1.0
34.0
39.0
15.0
56.0
44.0
26.0
47.0
49.0
45.0
45.0
53.0
50.0
66.0
87.0
74.0
45.0
16.0
10.0
36.0
41.0
48.0
35.0
59.0
59.0
60.0
54.0
37.0
29.0
27.0
-9.0
10.0
61.0
30.0
43.0
23.0
4.0
-12.0
0.0
9.0
6.0
6.0
-7.0
-5.0
5.0
-15.0
-34.0
-34.0
-15.0
-15.0
-15.0
-10.0
-7.0
-35.0
-5.0
34.0
6.0
-16.0
11.0
4.0
-36.0
-11.0
39.0
27.0
17.0
4.0
12.0
8.0
14.0
-1.0
10.0
35.0
25.0
-14.0
-43.0
-28.0
8.0
10.0
-8.0
-4.0
-16.0
-22.0
-3.0
-6.0
-4.0
-4.0
9.0
23.0
-6.0
-29.0
-27.0
-38.0
-12.0
15.0
-12.0
-2.0
-4.0
-15.0
-2.0
-11.0
-11.0
5.0
20.0
-2.0
-15.0
-31.0
-17.0
-18.0
-24.0
16.0
2.0
4.0
22.0
38.0
46.0
42.0
32.0
13.0
11.0
25.0
26.0
21.0
-8.0
-13.0
-26.0
-31.0
-21.0
-17.0
-7.0
2.0
2.0
21.0
24.0
10.0
31.0
77.0
88.0
61.0
50.0
23.0
11.0
51.0
68.0
70.0
88.0
96.0
108.0
93.0
64.0
59.0
91.0
98.0
78.0
62.0
82.0
83.0
92.0
113.0
55.0
28.0
24.0
22.0
37.0
48.0
46.0
21.0
3.0
-29.0
-3.0
11.0
-22.0
-2.0
7.0
2.0
5.0
27.0
2.0
15.0
18.0
16.0
-22.0
-28.0
-3.0
-32.0
-47.0
-39.0
-59.0
-16.0
-5.0
-24.0
-12.0
-20.0
-46.0
-33.0
8.0
3.0
-16.0
-58.0
-41.0
-11.0
-8.0
-24.0
-49.0
-64.0
-48.0
-15.0
-3.0
1.0
-6.0
6.0
-14.0
-13.0
-10.0
-9.0
-15.0
-40.0
-34.0
-19.0
3.0
29.0
35.0
3.0
14.0
-5.0
-21.0
16.0
26.0
-2.0
-10.0
-8.0
-7.0
12.0
-5.0
-21.0
-9.0
-3.0
-3.0
-3.0
-3.0
7.0
45.0
80.0
90.0
44.0
33.0
2.0
-6.0
-26.0
-11.0
23.0
36.0
16.0
15.0
32.0
15.0
32.0
35.0
59.0
63.0
39.0
67.0
52.0
37.0
49.0
39.0
43.0
46.0
24.0
5.0
-6.0
-33.0
-13.0
-7.0
-14.0
14.0
22.0
11.0
-18.0
-13.0
22.0
17.0
-3.0
-12.0
-18.0
-45.0
-44.0
-17.0
-45.0
-73.0
-47.0
-30.0
-43.0
-33.0
-27.0
-22.0
3.0
-2.0
-16.0
-11.0
-26.0
-63.0
-51.0
-1.0
-8.0
-48.0
-70.0
-26.0
-36.0
-17.0
10.0
20.0
28.0
20.0
14.0
18.0
1.0
-4.0
-34.0
-42.0
-33.0
-44.0
-31.0
-14.0
-51.0
-28.0
-9.0
-21.0
3.0
21.0
-9.0
-10.0
-16.0
3.0
-10.0
4.0
7.0
-1.0
8.0
36.0
43.0
52.0
74.0
48.0
56.0
33.0
51.0
52.0
64.0
63.0
60.0
27.0
12.0
0.0
29.0
52.0
74.0
61.0
45.0
67.0
89.0
83.0
27.0
23.0
53.0
52.0
22.0
29.0
36.0
35.0
50.0
21.0
12.0
16.0
39.0
63.0
62.0
22.0
29.0
13.0
-4.0
29.0
20.0
-5.0
-32.0
-15.0
21.0
-2.0
6.0
11.0
15.0
-7.0
7.0
-13.0
-18.0
-11.0
-7.0
-40.0
-46.0
-43.0
-35.0
-37.0
-54.0
-48.0
-55.0
-27.0
-18.0
-22.0
17.0
-17.0
-35.0
-43.0
-42.0
-35.0
5.0
35.0
52.0
23.0
23.0
20.0
20.0
16.0
-31.0
-16.0
-1.0
23.0
-8.0
-26.0
-5.0
3.0
-1.0
12.0
-25.0
-33.0
9.0
17.0
12.0
16.0
-23.0
-15.0
-22.0
12.0
29.0
17.0
-35.0
-24.0
20.0
-7.0
-37.0
-6.0
19.0
-2.0
9.0
17.0
-22.0
-22.0
-31.0
7.0
26.0
12.0
-1.0
3.0
1.0
12.0
50.0
37.0
20.0
38.0
34.0
47.0
74.0
65.0
93.0
72.0
61.0
30.0
21.0
30.0
18.0
31.0
59.0
42.0
29.0
56.0
70.0
83.0
76.0
35.0
41.0
14.0
13.0
28.0
36.0
30.0
8.0
41.0
55.0
14.0
-1.0
-1.0
-36.0
-16.0
5.0
-3.0
-31.0
-25.0
-3.0
-16.0
5.0
-12.0
-26.0
-23.0
-48.0
-36.0
-23.0
-32.0
-36.0
-24.0
-1.0
-4.0
5.0
-41.0
-37.0
-22.0
-76.0
-84.0
-68.0
-72.0
-77.0
-84.0
-71.0
-41.0
-69.0
-81.0
-85.0
-78.0
-74.0
-46.0
-61.0
-32.0
-55.0
-60.0
-50.0
-39.0
-21.0
-40.0
-65.0
-95.0
-96.0
-76.0
-49.0
-59.0
-63.0
-45.0
-29.0
-47.0
-62.0
-31.0
-35.0
-74.0
-67.0
-61.0
-52.0
-61.0
-71.0
-64.0
-50.0
-7.0
5.0
-27.0
-37.0
-26.0
-37.0
-44.0
-67.0
-68.0
-51.0
-29.0
0.0
-4.0
-25.0
1.0
49.0
52.0
36.0
11.0
23.0
22.0
-5.0
-24.0
-23.0
-24.0
-22.0
15.0
21.0
31.0
39.0
7.0
-22.0
-7.0
11.0
24.0
40.0
39.0
45.0
-2.0
-32.0
-36.0
-44.0
-29.0
-41.0
-6.0
17.0
-11.0
-41.0
-31.0
1.0
22.0
26.0
15.0
12.0
10.0
12.0
-1.0
-13.0
-39.0
-20.0
2.0
-12.0
-28.0
-56.0
-46.0
14.0
37.0
-9.0
-21.0
-36.0
-14.0
-10.0
-42.0
-16.0
2.0
-20.0
21.0
19.0
29.0
29.0
55.0
107.0
65.0
31.0
52.0
65.0
56.0
62.0
33.0
38.0
42.0
48.0
58.0
64.0
88.0
85.0
63.0
45.0
56.0
37.0
47.0
10.0
-3.0
44.0
45.0
-1.0
-20.0
-9.0
6.0
24.0
73.0
96.0
106.0
61.0
44.0
30.0
53.0
97.0
113.0
125.0
136.0
143.0
124.0
140.0
155.0
140.0
160.0
159.0
120.0
116.0
118.0
89.0
65.0
43.0
64.0
82.0
81.0
61.0
20.0
16.0
-14.0
24.0
26.0
37.0
81.0
43.0
9.0
-54.0
-37.0
-6.0
-31.0
-4.0
25.0
1.0
10.0
23.0
34.0
33.0
43.0
58.0
70.0
84.0
103.0
61.0
28.0
51.0
9.0
-33.0
-17.0
21.0
29.0
24.0
22.0
48.0
31.0
-18.0
-12.0
-2.0
7.0
-6.0
20.0
-2.0
-39.0
-34.0
-18.0
-17.0
-18.0
-30.0
-10.0
-15.0
-42.0
-5.0
5.0
-14.0
13.0
23.0
13.0
0.0
2.0
5.0
-31.0
-38.0
4.0
23.0
11.0
41.0
0.0
-48.0
-67.0
-21.0
-34.0
-37.0
-44.0
-46.0
-42.0
-24.0
-2.0
-15.0
-31.0
-58.0
-55.0
-43.0
-51.0
-48.0
-46.0
-42.0
-50.0
-58.0
-46.0
-77.0
-53.0
-21.0
-9.0
-6.0
-28.0
-30.0
20.0
35.0
11.0
-10.0
6.0
16.0
10.0
39.0
34.0
12.0
29.0
6.0
-45.0
-29.0
-11.0
-27.0
-21.0
-20.0
-52.0
-49.0
10.0
-9.0
-15.0
-8.0
-40.0
-46.0
-46.0
-39.0
-42.0
-78.0
-70.0
-51.0
-41.0
-44.0
-22.0
-6.0
-40.0
-22.0
10.0
-33.0
-12.0
43.0
48.0
38.0
43.0
42.0
53.0
-15.0
-15.0
8.0
-36.0
-2.0
28.0
-36.0
-90.0
-112.0
-118.0
-124.0
-130.0
-116.0
-87.0
-116.0
-135.0
-136.0
-149.0
-140.0
-82.0
-94.0
-111.0
-83.0
-136.0
-149.0
-143.0
-147.0
-138.0
-155.0
-173.0
-139.0
-106.0
-138.0
-137.0
-81.0
-90.0
-117.0
-138.0
-106.0
-112.0
-83.0
-70.0
-77.0
-104.0
-109.0
-138.0
-128.0
-136.0
-109.0
-90.0
-115.0
-106.0
-137.0
-126.0
-80.0
-91.0
-111.0
-84.0
-90.0
-113.0
-134.0
-150.0
-99.0
-51.0
-44.0
-32.0
-24.0
-8.0
67.0
203.0
187.0
153.0
139.0
106.0
98.0
55.0
37.0
23.0
-7.0
-23.0
-39.0
-66.0
-77.0
-91.0
-70.0
-87.0
-40.0
-40.0
-72.0
-114.0
-104.0
-41.0
-27.0
-49.0
-59.0
-67.0
-58.0
-44.0
-72.0
-54.0
-46.0
-35.0
-42.0
-46.0
-62.0
-103.0
-80.0
-63.0
-83.0
-122.0
-115.0
-136.0
-117.0
-110.0
-118.0
-72.0
-33.0
-87.0
-142.0
-138.0
-125.0
-126.0
-142.0
-169.0
-200.0
-186.0
-166.0
-151.0
-154.0
-181.0
-181.0
-200.0
-202.0
-210.0
-203.0
-162.0
-129.0
-147.0
-150.0
-142.0
-149.0
-177.0
-161.0
-141.0
-173.0
-143.0
-100.0
-143.0
-167.0
-207.0
-191.0
-213.0
-216.0
-195.0
-180.0
-161.0
-119.0
-148.0
-145.0
-118.0
-87.0
-86.0
-60.0
-119.0
-79.0
-56.0
-70.0
-87.0
-111.0
-111.0
-123.0
-124.0
-117.0
-129.0
-115.0
-87.0
-70.0
-97.0
-112.0
-67.0
-80.0
-116.0
-136.0
-120.0
-79.0
-74.0
-113.0
-115.0
-101.0
-93.0
-100.0
-81.0
-86.0
-96.0
-125.0
-139.0
-120.0
-72.0
-83.0
-91.0
-77.0
-79.0
-85.0
-58.0
-67.0
-52.0
-32.0
-50.0
-51.0
-45.0
-71.0
-74.0
-111.0
-83.0
-34.0
-49.0
-48.0
-36.0
-24.0
-23.0
-14.0
-1.0
16.0
49.0
82.0
79.0
28.0
58.0
85.0
42.0
84.0
107.0
54.0
-7.0
21.0
10.0
-44.0
-76.0
-54.0
-39.0
-69.0
-108.0
-98.0
-69.0
-93.0
-90.0
-53.0
-62.0
-55.0
-89.0
-101.0
-100.0
-63.0
-60.0
-40.0
-47.0
-98.0
-128.0
-138.0
-144.0
-133.0
-107.0
-105.0
-93.0
-39.0
8.0
6.0
-44.0
-59.0
-69.0
-89.0
-73.0
-43.0
-21.0
-22.0
-20.0
-31.0
-50.0
-44.0
-10.0
5.0
-27.0
10.0
-10.0
-1.0
30.0
18.0
-9.0
-30.0
10.0
14.0
-13.0
-4.0
-7.0
-13.0
15.0
20.0
14.0
27.0
10.0
8.0
4.0
-10.0
-9.0
4.0
48.0
56.0
10.0
12.0
-7.0
1.0
33.0
71.0
83.0
67.0
64.0
55.0
39.0
49.0
44.0
68.0
90.0
70.0
60.0
26.0
17.0
-4.0
-15.0
3.0
40.0
80.0
100.0
52.0
41.0
16.0
28.0
-22.0
-16.0
11.0
34.0
58.0
56.0
34.0
5.0
13.0
37.0
34.0
19.0
35.0
24.0
26.0
37.0
4.0
-36.0
-27.0
-5.0
7.0
71.0
107.0
105.0
79.0
72.0
20.0
18.0
50.0
65.0
52.0
43.0
25.0
-7.0
26.0
68.0
138.0
148.0
126.0
67.0
24.0
-22.0
-44.0
-2.0
6.0
37.0
64.0
68.0
61.0
26.0
10.0
16.0
48.0
90.0
102.0
80.0
52.0
46.0
76.0
77.0
39.0
-14.0
-6.0
-5.0
44.0
61.0
26.0
71.0
71.0
53.0
50.0
23.0
18.0
37.0
46.0
48.0
-20.0
-33.0
-1.0
11.0
13.0
23.0
79.0
81.0
74.0
50.0
44.0
27.0
11.0
21.0
39.0
60.0
70.0
62.0
65.0
40.0
31.0
24.0
41.0
69.0
86.0
66.0
36.0
22.0
17.0
-3.0
-38.0
-27.0
21.0
46.0
57.0
72.0
87.0
99.0
45.0
52.0
44.0
10.0
20.0
60.0
84.0
70.0
46.0
66.0
30.0
39.0
45.0
57.0
71.0
39.0
34.0
53.0
52.0
39.0
78.0
102.0
88.0
93.0
132.0
149.0
135.0
108.0
82.0
88.0
62.0
65.0
56.0
51.0
44.0
68.0
93.0
93.0
69.0
68.0
86.0
99.0
56.0
39.0
60.0
59.0
62.0
71.0
56.0
91.0
123.0
128.0
93.0
81.0
42.0
53.0
54.0
27.0
33.0
44.0
48.0
59.0
83.0
96.0
87.0
95.0
100.0
49.0
47.0
9.0
51.0
93.0
52.0
37.0
53.0
36.0
52.0
63.0
52.0
73.0
62.0
73.0
67.0
59.0
28.0
43.0
59.0
26.0
17.0
17.0
31.0
60.0
64.0
47.0
68.0
87.0
103.0
76.0
44.0
25.0
40.0
21.0
-14.0
1.0
15.0
30.0
29.0
33.0
42.0
20.0
4.0
39.0
72.0
75.0
53.0
48.0
59.0
51.0
30.0
14.0
-8.0
-10.0
-2.0
12.0
13.0
46.0
26.0
43.0
51.0
27.0
30.0
1.0
37.0
26.0
-4.0
17.0
5.0
2.0
24.0
59.0
52.0
83.0
97.0
71.0
115.0
86.0
51.0
69.0
113.0
102.0
92.0
102.0
72.0
41.0
53.0
68.0
46.0
96.0
146.0
142.0
153.0
132.0
139.0
150.0
152.0
82.0
80.0
91.0
85.0
98.0
64.0
69.0
78.0
142.0
140.0
145.0
156.0
191.0
196.0
162.0
177.0
220.0
230.0
233.0
237.0
216.0
208.0
202.0
139.0
176.0
176.0
173.0
174.0
157.0
175.0
107.0
96.0
112.0
116.0
116.0
92.0
27.0
16.0
16.0
44.0
74.0
121.0
101.0
42.0
7.0
-37.0
-31.0
12.0
44.0
42.0
93.0
97.0
36.0
42.0
58.0
79.0
50.0
63.0
78.0
58.0
41.0
40.0
52.0
54.0
55.0
80.0
66.0
70.0
83.0
106.0
131.0
122.0
80.0
88.0
92.0
130.0
112.0
89.0
106.0
62.0
47.0
77.0
88.0
83.0
111.0
95.0
95.0
101.0
96.0
100.0
76.0
80.0
78.0
51.0
48.0
67.0
47.0
44.0
60.0
42.0
21.0
17.0
26.0
38.0
19.0
8.0
38.0
70.0
84.0
77.0
50.0
52.0
57.0
24.0
21.0
47.0
92.0
76.0
51.0
43.0
49.0
54.0
77.0
47.0
25.0
66.0
48.0
24.0
1.0
11.0
12.0
-1.0
15.0
13.0
13.0
16.0
10.0
16.0
26.0
25.0
-6.0
17.0
41.0
27.0
37.0
38.0
36.0
40.0
45.0
37.0
7.0
-1.0
-18.0
-23.0
-28.0
-29.0
-5.0
-6.0
-41.0
-53.0
-62.0
-34.0
-24.0
6.0
0.0
-8.0
27.0
-17.0
-58.0
-43.0
-58.0
-34.0
-25.0
-12.0
-8.0
-46.0
-42.0
-30.0
-49.0
-2.0
-6.0
-29.0
-22.0
-8.0
4.0
7.0
-2.0
-8.0
-25.0
-18.0
10.0
-15.0
-70.0
-35.0
-17.0
-14.0
27.0
29.0
39.0
-22.0
-30.0
-8.0
11.0
14.0
20.0
22.0
0.0
5.0
11.0
53.0
68.0
69.0
62.0
19.0
-11.0
-4.0
3.0
3.0
1.0
13.0
35.0
6.0
3.0
32.0
42.0
24.0
-8.0
-33.0
-54.0
-69.0
-50.0
-10.0
-23.0
-11.0
24.0
9.0
18.0
-32.0
-29.0
2.0
20.0
40.0
83.0
106.0
97.0
128.0
72.0
95.0
80.0
80.0
103.0
86.0
89.0
110.0
79.0
81.0
113.0
86.0
81.0
69.0
37.0
58.0
47.0
-20.0
-65.0
-42.0
-27.0
-7.0
-21.0
-29.0
-53.0
-59.0
-11.0
-14.0
-20.0
-7.0
-49.0
-67.0
-42.0
-16.0
-40.0
-63.0
-37.0
-57.0
-58.0
-52.0
-22.0
-36.0
-24.0
8.0
34.0
42.0
51.0
25.0
-22.0
-50.0
-30.0
-35.0
-25.0
-32.0
-34.0
-33.0
-36.0
-25.0
-7.0
11.0
39.0
21.0
-4.0
-7.0
-4.0
16.0
41.0
48.0
30.0
50.0
41.0
27.0
93.0
139.0
143.0
128.0
73.0
42.0
53.0
89.0
83.0
62.0
46.0
59.0
66.0
82.0
73.0
51.0
64.0
56.0
61.0
87.0
71.0
63.0
84.0
108.0
81.0
78.0
67.0
68.0
89.0
140.0
123.0
126.0
101.0
84.0
81.0
82.0
72.0
51.0
46.0
50.0
53.0
49.0
68.0
116.0
93.0
76.0
65.0
53.0
48.0
61.0
75.0
72.0
62.0
45.0
17.0
12.0
14.0
22.0
29.0
3.0
9.0
40.0
43.0
59.0
51.0
34.0
30.0
31.0
51.0
8.0
1.0
9.0
20.0
33.0
-4.0
-6.0
-5.0
20.0
46.0
26.0
37.0
17.0
-6.0
-26.0
-55.0
-31.0
7.0
10.0
29.0
22.0
-10.0
3.0
5.0
-24.0
-18.0
23.0
24.0
-7.0
-27.0
1.0
-5.0
-18.0
-13.0
-1.0
5.0
-3.0
64.0
122.0
118.0
85.0
85.0
63.0
70.0
63.0
46.0
-3.0
-23.0
-41.0
-20.0
-5.0
8.0
-4.0
-4.0
-11.0
-10.0
-7.0
-3.0
4.0
1.0
17.0
24.0
11.0
-23.0
-26.0
-16.0
-10.0
7.0
10.0
32.0
31.0
-13.0
4.0
26.0
2.0
-24.0
-6.0
-17.0
16.0
-6.0
-29.0
-41.0
-53.0
-37.0
-41.0
-45.0
-46.0
-35.0
-16.0
-41.0
-63.0
-42.0
-13.0
-10.0
-32.0
-46.0
-66.0
-89.0
-82.0
-70.0
-44.0
-49.0
-43.0
-16.0
-21.0
-16.0
-12.0
-16.0
9.0
-11.0
-31.0
-43.0
-41.0
-15.0
-1.0
-11.0
4.0
11.0
12.0
24.0
35.0
30.0
16.0
24.0
-42.0
-67.0
-32.0
-10.0
-51.0
-38.0
-33.0
-56.0
-69.0
-68.0
-51.0
-48.0
-25.0
31.0
26.0
56.0
67.0
66.0
157.0
146.0
136.0
134.0
100.0
71.0
71.0
63.0
56.0
62.0
89.0
95.0
68.0
41.0
4.0
5.0
11.0
-36.0
-31.0
-37.0
-7.0
-16.0
-54.0
-37.0
-24.0
-46.0
-48.0
-50.0
-57.0
-42.0
-17.0
-2.0
-18.0
-17.0
-22.0
-19.0
-42.0
-48.0
-50.0
-56.0
-42.0
-2.0
12.0
12.0
-15.0
-42.0
-54.0
-74.0
-67.0
-55.0
-57.0
-62.0
-60.0
-75.0
-71.0
-60.0
-44.0
-48.0
-88.0
-82.0
-85.0
-73.0
-76.0
-80.0
-68.0
-70.0
-52.0
-26.0
-26.0
-37.0
-54.0
-34.0
-12.0
8.0
26.0
40.0
30.0
44.0
6.0
-45.0
-38.0
-15.0
2.0
34.0
8.0
5.0
34.0
55.0
26.0
27.0
52.0
39.0
44.0
47.0
46.0
62.0
18.0
-10.0
6.0
33.0
9.0
11.0
15.0
4.0
6.0
38.0
18.0
10.0
16.0
64.0
84.0
62.0
37.0
62.0
59.0
48.0
-6.0
-13.0
-11.0
-5.0
-3.0
20.0
30.0
20.0
38.0
36.0
22.0
20.0
18.0
22.0
8.0
-1.0
5.0
6.0
6.0
12.0
44.0
40.0
43.0
81.0
41.0
29.0
31.0
31.0
-5.0
-41.0
-39.0
-27.0
-10.0
-26.0
-19.0
-17.0
8.0
44.0
13.0
-2.0
-12.0
-27.0
-27.0
-2.0
-2.0
-24.0
-6.0
3.0
-5.0
-29.0
-67.0
-90.0
-56.0
-31.0
-31.0
-39.0
-51.0
-37.0
-30.0
-21.0
-21.0
-35.0
-45.0
-28.0
-25.0
-42.0
-68.0
-42.0
-54.0
-32.0
-26.0
-33.0
-32.0
-18.0
-23.0
-65.0
-72.0
-31.0
-55.0
-64.0
-54.0
-67.0
-74.0
-83.0
-79.0
-79.0
-109.0
-82.0
-66.0
-55.0
-56.0
-62.0
-76.0
-44.0
0.0
-1.0
36.0
69.0
59.0
37.0
28.0
6.0
14.0
29.0
28.0
49.0
84.0
36.0
20.0
5.0
5.0
11.0
20.0
50.0
13.0
17.0
-18.0
-49.0
-56.0
-68.0
-106.0
-93.0
-87.0
-112.0
-70.0
-88.0
-134.0
-102.0
-94.0
-105.0
-65.0
-56.0
-48.0
-31.0
-87.0
-117.0
-115.0
-125.0
-113.0
-110.0
-92.0
-84.0
-89.0
-83.0
-92.0
-107.0
-81.0
-90.0
-86.0
-84.0
-74.0
-43.0
-60.0
-83.0
-40.0
-72.0
-122.0
-82.0
-58.0
-105.0
-151.0
-136.0
-134.0
-133.0
-106.0
-100.0
-83.0
-77.0
-76.0
-96.0
-105.0
-81.0
-74.0
-91.0
-101.0
-124.0
-112.0
-107.0
-87.0
-57.0
-37.0
-44.0
-49.0
-55.0
-46.0
-27.0
-41.0
-70.0
-73.0
-58.0
-70.0
-45.0
-70.0
-49.0
-16.0
-39.0
-58.0
-36.0
-15.0
21.0
34.0
35.0
24.0
-13.0
-35.0
-2.0
16.0
67.0
128.0
105.0
82.0
44.0
29.0
6.0
14.0
44.0
17.0
-3.0
6.0
33.0
42.0
32.0
15.0
35.0
59.0
89.0
21.0
27.0
55.0
49.0
53.0
33.0
18.0
1.0
13.0
-4.0
-2.0
13.0
14.0
23.0
6.0
15.0
-15.0
-35.0
-32.0
-40.0
-18.0
4.0
10.0
34.0
36.0
36.0
22.0
5.0
-2.0
-4.0
-14.0
11.0
24.0
-34.0
-49.0
-55.0
-65.0
-40.0
-63.0
-59.0
-64.0
-71.0
-81.0
-65.0
-60.0
-65.0
-81.0
-42.0
-25.0
-17.0
-5.0
-25.0
-30.0
-29.0
-61.0
-42.0
-53.0
-77.0
-50.0
-21.0
-24.0
-16.0
-54.0
-46.0
-31.0
-48.0
-40.0
-36.0
-63.0
-100.0
-63.0
-51.0
-53.0
-32.0
-32.0
-27.0
-50.0
-56.0
-30.0
-39.0
-24.0
-22.0
-17.0
-24.0
-5.0
35.0
43.0
51.0
11.0
6.0
18.0
19.0
14.0
30.0
18.0
-20.0
-6.0
-11.0
-14.0
7.0
-8.0
25.0
60.0
72.0
60.0
35.0
51.0
30.0
-2.0
-13.0
-67.0
-93.0
-63.0
-18.0
-20.0
-11.0
7.0
35.0
59.0
32.0
25.0
-41.0
-70.0
-49.0
-43.0
-22.0
-20.0
-34.0
-35.0
-65.0
-3.0
1.0
-25.0
-23.0
5.0
0.0
-14.0
-50.0
-40.0
-31.0
-33.0
-35.0
-41.0
-44.0
-42.0
-29.0
-47.0
-65.0
-81.0
-89.0
-62.0
-48.0
-24.0
-22.0
-31.0
-40.0
-61.0
-69.0
-60.0
-66.0
-86.0
-68.0
-55.0
-84.0
-68.0
-33.0
-52.0
-39.0
-18.0
-25.0
-62.0
-68.0
-48.0
-50.0
-96.0
-103.0
-115.0
-114.0
-54.0
-17.0
-11.0
18.0
-15.0
-70.0
-64.0
-49.0
-11.0
-2.0
1.0
-17.0
-17.0
-26.0
-4.0
-7.0
-18.0
-21.0
5.0
16.0
3.0
24.0
21.0
-26.0
-24.0
9.0
15.0
22.0
50.0
62.0
46.0
5.0
14.0
-4.0
-32.0
-43.0
-50.0
-71.0
-30.0
15.0
36.0
15.0
6.0
1.0
14.0
12.0
-2.0
-12.0
-15.0
-41.0
-56.0
-53.0
-67.0
-53.0
10.0
20.0
2.0
43.0
51.0
4.0
-36.0
-49.0
-54.0
-51.0
-28.0
-93.0
-113.0
-84.0
-50.0
-33.0
-4.0
18.0
27.0
-1.0
-14.0
-14.0
-36.0
-42.0
-49.0
-87.0
-55.0
-52.0
-62.0
-51.0
-2.0
5.0
11.0
32.0
26.0
20.0
-4.0
3.0
12.0
28.0
11.0
3.0
8.0
8.0
-4.0
-22.0
-24.0
-14.0
-11.0
-18.0
-37.0
4.0
34.0
3.0
-1.0
-2.0
2.0
-24.0
-16.0
-18.0
-23.0
-24.0
-15.0
28.0
71.0
70.0
62.0
69.0
76.0
24.0
-16.0
-20.0
-1.0
8.0
-44.0
-48.0
-70.0
-42.0
19.0
88.0
109.0
125.0
95.0
71.0
62.0
44.0
32.0
39.0
32.0
9.0
10.0
21.0
22.0
24.0
21.0
52.0
63.0
53.0
78.0
41.0
7.0
32.0
22.0
-8.0
19.0
37.0
7.0
24.0
22.0
20.0
7.0
19.0
26.0
4.0
20.0
8.0
-9.0
-1.0
-3.0
-5.0
3.0
-3.0
-58.0
-48.0
-27.0
-26.0
-12.0
38.0
-3.0
-44.0
-28.0
-44.0
-58.0
-62.0
-56.0
-69.0
-33.0
-36.0
-8.0
27.0
26.0
23.0
-6.0
-36.0
-26.0
-5.0
-29.0
-33.0
-19.0
-40.0
-17.0
-20.0
-21.0
17.0
40.0
13.0
5.0
-7.0
-16.0
-14.0
-42.0
-60.0
-49.0
-29.0
-69.0
-44.0
-20.0
-22.0
-39.0
-33.0
-27.0
-21.0
-15.0
-25.0
-30.0
-67.0
-43.0
-28.0
-33.0
-35.0
-5.0
16.0
7.0
24.0
29.0
-5.0
8.0
31.0
48.0
54.0
36.0
18.0
14.0
-1.0
53.0
76.0
55.0
11.0
10.0
32.0
57.0
43.0
24.0
13.0
10.0
29.0
39.0
29.0
10.0
10.0
5.0
-66.0
-78.0
-59.0
-70.0
-40.0
-29.0
-19.0
-31.0
-23.0
12.0
31.0
30.0
-15.0
-11.0
-1.0
7.0
7.0
11.0
25.0
-4.0
-29.0
-25.0
-60.0
-39.0
-55.0
-32.0
-42.0
-58.0
-88.0
-77.0
-53.0
-54.0
-88.0
-86.0
-22.0
-46.0
-69.0
10.0
-15.0
-61.0
-67.0
-14.0
42.0
43.0
75.0
193.0
276.0
323.0
391.0
517.0
596.0
577.0
573.0
571.0
581.0
587.0
589.0
572.0
526.0
469.0
440.0
373.0
331.0
314.0
284.0
230.0
159.0
108.0
62.0
34.0
-16.0
-84.0
-128.0
-162.0
-196.0
-249.0
-332.0
-379.0
-386.0
-395.0
-405.0
-420.0
-454.0
-438.0
-406.0
-401.0
-381.0
-357.0
-334.0
-295.0
-282.0
-256.0
-271.0
-312.0
-292.0
-293.0
-301.0
-273.0
-261.0
-277.0
-300.0
-304.0
-262.0
-238.0
-239.0
-237.0
-248.0
-269.0
-333.0
-278.0
-246.0
-270.0
-285.0
-261.0
-263.0
-306.0
-317.0
-282.0
-298.0
-297.0
-282.0
-283.0
-297.0
-317.0
-349.0
-331.0
-330.0
-333.0
-356.0
-370.0
-385.0
-380.0
-374.0
-362.0
-352.0
-385.0
-382.0
-352.0
-343.0
-354.0
-357.0
-341.0
-329.0
-304.0
-322.0
-324.0
-309.0
-298.0
-316.0
-316.0
-307.0
-345.0
-326.0
-295.0
-288.0
-277.0
-269.0
-255.0
-260.0
-253.0
-261.0
-246.0
-214.0
-248.0
-254.0
-253.0
-233.0
-238.0
-270.0
-257.0
-243.0
-229.0
-229.0
-261.0
-262.0
-272.0
-281.0
-255.0
-235.0
-218.0
-240.0
-236.0
-200.0
-207.0
-215.0
-230.0
-199.0
-208.0
-186.0
-159.0
-196.0
-218.0
-184.0
-190.0
-193.0
-191.0
-178.0
-176.0
-175.0
-185.0
-197.0
-205.0
-157.0
-149.0
-144.0
-121.0
-132.0
-149.0
-128.0
-94.0
-148.0
-171.0
-187.0
-180.0
-143.0
-127.0
-131.0
-142.0
-155.0
-163.0
-136.0
-141.0
-169.0
-158.0
-156.0
-165.0
-135.0
-156.0
-156.0
-167.0
-189.0
-171.0
-146.0
-156.0
-161.0
-129.0
-110.0
-127.0
-111.0
-117.0
-97.0
-68.0
-95.0
-90.0
-83.0
-54.0
-90.0
-97.0
-84.0
-67.0
-46.0
-50.0
-47.0
-24.0
-31.0
-48.0
-67.0
-90.0
-70.0
-32.0
-35.0
-34.0
-21.0
-1.0
36.0
32.0
35.0
42.0
59.0
45.0
54.0
39.0
42.0
48.0
21.0
-32.0
1.0
55.0
27.0
35.0
56.0
51.0
61.0
34.0
37.0
-8.0
-31.0
-24.0
-3.0
-55.0
-82.0
-73.0
-57.0
-23.0
-43.0
-67.0
-80.0
-61.0
-53.0
-59.0
-126.0
-175.0
-172.0
-133.0
-133.0
-151.0
-162.0
-185.0
-183.0
-173.0
-167.0
-157.0
-181.0
-185.0
-171.0
-144.0
-152.0
-192.0
-202.0
-209.0
-201.0
-224.0
-201.0
-170.0
-180.0
-235.0
-234.0
-203.0
-156.0
-166.0
-178.0
-169.0
-177.0
-159.0
-150.0
-181.0
-182.0
-175.0
-134.0
-124.0
-146.0
-134.0
-153.0
-147.0
-136.0
-117.0
-124.0
-175.0
-181.0
-177.0
-157.0
-157.0
-115.0
-91.0
-102.0
-110.0
-132.0
-154.0
-131.0
-96.0
-57.0
-66.0
-113.0
-122.0
-137.0
-119.0
-91.0
-88.0
-102.0
-135.0
-152.0
-91.0
-54.0
-46.0
-65.0
-60.0
-82.0
-119.0
-113.0
-139.0
-119.0
-90.0
-111.0
-86.0
-100.0
-86.0
-78.0
-99.0
-58.0
-52.0
-61.0
-58.0
-93.0
-136.0
-114.0
-86.0
-17.0
-16.0
-47.0
22.0
18.0
-16.0
-45.0
-58.0
-50.0
-55.0
-31.0
-37.0
-71.0
-65.0
-37.0
-31.0
-60.0
-64.0
-48.0
-47.0
-87.0
-69.0
-46.0
-67.0
-42.0
30.0
30.0
23.0
4.0
-6.0
12.0
-34.0
-22.0
-11.0
-19.0
26.0
64.0
41.0
68.0
61.0
106.0
128.0
127.0
167.0
141.0
134.0
116.0
99.0
102.0
95.0
98.0
64.0
144.0
109.0
56.0
224.0
194.0
166.0
218.0
315.0
248.0
223.0
288.0
255.0
220.0
204.0
177.0
222.0
275.0
187.0
156.0
174.0
227.0
195.0
158.0
181.0
163.0
197.0
229.0
219.0
224.0
280.0
354.0
394.0
400.0
451.0
402.0
430.0
442.0
409.0
390.0
451.0
456.0
411.0
393.0
346.0
316.0
275.0
269.0
307.0
269.0
289.0
237.0
202.0
186.0
188.0
212.0
173.0
120.0
96.0
110.0
63.0
35.0
33.0
42.0
33.0
17.0
7.0
3.0
0.0
44.0
17.0
18.0
68.0
55.0
61.0
48.0
29.0
70.0
75.0
86.0
96.0
137.0
137.0
91.0
74.0
95.0
117.0
129.0
185.0
177.0
166.0
202.0
219.0
216.0
196.0
168.0
163.0
144.0
125.0
127.0
133.0
127.0
128.0
123.0
100.0
92.0
118.0
128.0
119.0
121.0
102.0
50.0
26.0
26.0
-40.0
-64.0
-133.0
-207.0
-260.0
-294.0
-350.0
-361.0
-343.0
-327.0
-332.0
-331.0
-329.0
-333.0
-318.0
-380.0
-389.0
-356.0
-361.0
-361.0
-319.0
-305.0
-310.0
-313.0
-281.0
-234.0
-252.0
-312.0
-291.0
-253.0
-261.0
-252.0
-260.0
-256.0
-206.0
-197.0
-223.0
-202.0
-172.0
-162.0
-119.0
-98.0
-113.0
-137.0
-58.0
-37.0
-61.0
-4.0
44.0
68.0
91.0
171.0
239.0
278.0
297.0
379.0
435.0
419.0
439.0
495.0
515.0
507.0
559.0
577.0
571.0
557.0
524.0
484.0
453.0
395.0
385.0
399.0
330.0
301.0
274.0
238.0
211.0
154.0
122.0
77.0
45.0
-4.0
-62.0
-95.0
-133.0
-167.0
-161.0
-171.0
-192.0
-257.0
-304.0
-305.0
-312.0
-337.0
-323.0
-300.0
-301.0
-311.0
-315.0
-331.0
-335.0
-334.0
-288.0
-284.0
-297.0
-284.0
-276.0
-300.0
-293.0
-254.0
-262.0
-320.0
-328.0
-325.0
-290.0
-310.0
-336.0
-325.0
-344.0
-358.0
-363.0
-340.0
-325.0
-300.0
-297.0
-255.0
-336.0
-375.0
-372.0
-362.0
-355.0
-354.0
-305.0
-275.0
-251.0
-248.0
-280.0
-318.0
-305.0
-256.0
-197.0
-271.0
-284.0
-254.0
-260.0
-242.0
-234.0
-235.0
-230.0
-187.0
-161.0
-150.0
-150.0
-184.0
-172.0
-138.0
-183.0
-184.0
-167.0
-139.0
-109.0
-126.0
-147.0
-136.0
-171.0
-187.0
-155.0
-138.0
-123.0
-68.0
-21.0
-26.0
-76.0
-97.0
-76.0
-80.0
-80.0
-66.0
-48.0
-69.0
-76.0
-56.0
-48.0
-30.0
17.0
-25.0
-67.0
-59.0
-80.0
-87.0
-54.0
-38.0
-55.0
-79.0
-64.0
-55.0
-47.0
-71.0
-98.0
-112.0
-137.0
-139.0
-127.0
-110.0
-108.0
-120.0
-124.0
-154.0
-120.0
-88.0
-104.0
-171.0
-219.0
-209.0
-193.0
-184.0
-199.0
-179.0
-190.0
-136.0
-180.0
-216.0
-205.0
-163.0
-175.0
-199.0
-213.0
-226.0
-229.0
-276.0
-261.0
-252.0
-273.0
-305.0
-329.0
-337.0
-336.0
-342.0
-335.0
-331.0
-350.0
-341.0
-333.0
-349.0
-353.0
-353.0
-333.0
-285.0
-334.0
-327.0
-268.0
-313.0
-359.0
-344.0
-347.0
-340.0
-343.0
-278.0
-255.0
-270.0
-258.0
-239.0
-248.0
-255.0
-238.0
-202.0
-235.0
-206.0
-185.0
-184.0
-194.0
-211.0
-197.0
-141.0
-148.0
-133.0
-154.0
-130.0
-116.0
-137.0
-156.0
-165.0
-148.0
-126.0
-85.0
-75.0
-26.0
-111.0
-196.0
-150.0
-110.0
-112.0
-142.0
-144.0
-119.0
-111.0
-155.0
-101.0
-121.0
-128.0
-81.0
-98.0
-80.0
-42.0
-64.0
-120.0
-176.0
-185.0
-128.0
-142.0
-131.0
-114.0
-85.0
-111.0
-124.0
-81.0
-94.0
-144.0
-137.0
-142.0
-153.0
-150.0
-140.0
-124.0
-121.0
-101.0
-83.0
-44.0
-65.0
-72.0
-68.0
-87.0
-108.0
-123.0
-124.0
-107.0
-100.0
-102.0
-95.0
-91.0
-69.0
-53.0
-21.0
-24.0
-29.0
-30.0
-32.0
-27.0
-59.0
-64.0
-40.0
-45.0
-51.0
-59.0
-66.0
-100.0
-89.0
-88.0
-81.0
-98.0
-101.0
-108.0
-84.0
-68.0
-80.0
-74.0
-35.0
-50.0
-76.0
-71.0
-97.0
-107.0
-127.0
-90.0
-64.0
-44.0
-22.0
-14.0
-45.0
-60.0
-52.0
-21.0
-4.0
4.0
25.0
67.0
52.0
58.0
78.0
64.0
62.0
36.0
11.0
45.0
12.0
44.0
46.0
35.0
24.0
11.0
-8.0
-24.0
-56.0
-94.0
-93.0
-114.0
-95.0
-101.0
-118.0
-69.0
-111.0
-133.0
-99.0
-80.0
-104.0
-161.0
-201.0
-188.0
-184.0
-162.0
-128.0
-136.0
-110.0
-92.0
-114.0
-149.0
-145.0
-175.0
-182.0
-161.0
-173.0
-156.0
-126.0
-93.0
-84.0
-70.0
-70.0
-105.0
-106.0
-98.0
-128.0
-120.0
-111.0
-125.0
-132.0
-89.0
-42.0
-69.0
-122.0
-100.0
-85.0
-93.0
-91.0
-79.0
-107.0
-119.0
-113.0
-96.0
-101.0
-125.0
-120.0
-67.0
-55.0
-47.0
-64.0
-76.0
-101.0
-95.0
-93.0
-56.0
-56.0
-115.0
-111.0
-80.0
-109.0
-77.0
-55.0
-25.0
-56.0
-55.0
-53.0
-10.0
12.0
41.0
59.0
50.0
13.0
-55.0
-66.0
-79.0
-63.0
-15.0
-3.0
-17.0
-8.0
-20.0
-71.0
-62.0
5.0
20.0
13.0
5.0
-4.0
-50.0
-101.0
-120.0
-100.0
-58.0
10.0
37.0
-12.0
-53.0
-83.0
-57.0
-61.0
-69.0
-27.0
-26.0
-18.0
-21.0
-22.0
-3.0
-10.0
1.0
-51.0
-78.0
-63.0
-88.0
-124.0
-102.0
-116.0
-142.0
-124.0
-107.0
-124.0
-100.0
-90.0
-62.0
-64.0
-56.0
-69.0
-119.0
-109.0
-101.0
-93.0
-83.0
-105.0
-103.0
-75.0
-97.0
-77.0
-53.0
-65.0
-71.0
-88.0
-94.0
-118.0
-133.0
-86.0
-67.0
-88.0
-90.0
-83.0
-53.0
-128.0
-128.0
-76.0
-98.0
-108.0
-89.0
-84.0
-65.0
-53.0
-62.0
-70.0
-90.0
-86.0
-56.0
-28.0
-61.0
-91.0
-121.0
-106.0
-53.0
-52.0
-52.0
-42.0
-10.0
10.0
13.0
-7.0
-71.0
-51.0
-41.0
-61.0
-95.0
-88.0
-55.0
-43.0
-50.0
-45.0
-26.0
-23.0
-69.0
-80.0
-61.0
-35.0
-31.0
-67.0
-82.0
-74.0
-62.0
-64.0
-66.0
-64.0
-89.0
-82.0
-89.0
-90.0
-102.0
-92.0
-95.0
-82.0
-114.0
-112.0
-83.0
-82.0
-66.0
-67.0
-79.0
-45.0
-42.0
-27.0
-25.0
-5.0
-19.0
-22.0
-34.0
-36.0
-56.0
-92.0
-61.0
-38.0
-54.0
-73.0
-27.0
8.0
14.0
12.0
10.0
17.0
48.0
64.0
65.0
29.0
9.0
-3.0
8.0
16.0
15.0
-8.0
1.0
12.0
20.0
20.0
30.0
27.0
3.0
16.0
-1.0
26.0
43.0
3.0
34.0
17.0
5.0
-15.0
-6.0
-3.0
14.0
13.0
34.0
71.0
40.0
10.0
16.0
1.0
-5.0
-7.0
13.0
-10.0
-7.0
3.0
-5.0
10.0
25.0
27.0
39.0
31.0
34.0
10.0
-11.0
-22.0
-12.0
17.0
21.0
10.0
17.0
14.0
25.0
22.0
-12.0
-32.0
14.0
14.0
13.0
36.0
27.0
27.0
17.0
-6.0
17.0
31.0
17.0
-27.0
-32.0
-6.0
5.0
-11.0
13.0
-3.0
-54.0
-61.0
-26.0
-30.0
-20.0
-15.0
6.0
-2.0
1.0
7.0
7.0
11.0
15.0
-14.0
16.0
2.0
10.0
1.0
6.0
16.0
5.0
-12.0
-13.0
24.0
71.0
45.0
40.0
24.0
9.0
33.0
43.0
84.0
139.0
139.0
165.0
168.0
159.0
120.0
138.0
150.0
147.0
131.0
99.0
92.0
104.0
89.0
102.0
101.0
103.0
97.0
72.0
97.0
97.0
61.0
59.0
71.0
55.0
34.0
-6.0
-11.0
41.0
52.0
65.0
81.0
89.0
74.0
77.0
79.0
105.0
130.0
106.0
66.0
63.0
80.0
69.0
99.0
129.0
160.0
190.0
209.0
197.0
166.0
146.0
136.0
166.0
188.0
212.0
193.0
207.0
206.0
161.0
159.0
168.0
172.0
197.0
201.0
155.0
120.0
130.0
141.0
147.0
164.0
125.0
149.0
151.0
100.0
79.0
57.0
63.0
121.0
114.0
71.0
63.0
19.0
7.0
-8.0
23.0
61.0
50.0
25.0
46.0
24.0
43.0
22.0
19.0
25.0
32.0
1.0
-2.0
22.0
-25.0
-37.0
3.0
34.0
29.0
18.0
39.0
58.0
56.0
47.0
14.0
34.0
37.0
27.0
20.0
39.0
66.0
8.0
17.0
30.0
22.0
34.0
43.0
49.0
46.0
57.0
40.0
64.0
56.0
-3.0
-3.0
-6.0
-23.0
-7.0
9.0
32.0
56.0
24.0
28.0
52.0
24.0
-3.0
-28.0
-19.0
-14.0
-35.0
13.0
13.0
-18.0
-14.0
-13.0
-16.0
2.0
24.0
53.0
53.0
80.0
82.0
40.0
41.0
58.0
54.0
13.0
43.0
53.0
57.0
65.0
81.0
80.0
74.0
73.0
81.0
115.0
110.0
95.0
59.0
62.0
80.0
81.0
61.0
50.0
56.0
46.0
15.0
-10.0
24.0
2.0
10.0
21.0
35.0
47.0
27.0
38.0
-4.0
-6.0
7.0
-5.0
-42.0
-32.0
-33.0
-46.0
-45.0
-28.0
1.0
16.0
38.0
50.0
83.0
98.0
108.0
79.0
76.0
64.0
58.0
77.0
76.0
56.0
45.0
42.0
37.0
8.0
29.0
39.0
24.0
0.0
-28.0
-23.0
10.0
24.0
-7.0
20.0
8.0
-37.0
-38.0
-43.0
-46.0
-35.0
-18.0
-11.0
-37.0
-51.0
-17.0
-2.0
-13.0
-10.0
-16.0
-33.0
-29.0
-20.0
-9.0
1.0
-14.0
-17.0
-25.0
-25.0
-18.0
-18.0
-25.0
10.0
37.0
78.0
107.0
111.0
99.0
41.0
35.0
55.0
46.0
58.0
54.0
31.0
33.0
7.0
16.0
53.0
74.0
52.0
53.0
92.0
115.0
105.0
84.0
74.0
43.0
51.0
41.0
51.0
80.0
68.0
7.0
-5.0
-3.0
-16.0
-12.0
-10.0
14.0
-1.0
-9.0
-16.0
-23.0
-29.0
-30.0
-13.0
-25.0
-33.0
2.0
-8.0
-27.0
-33.0
-18.0
10.0
-2.0
-1.0
11.0
5.0
22.0
-14.0
-14.0
-6.0
17.0
41.0
23.0
67.0
113.0
88.0
56.0
23.0
36.0
34.0
69.0
103.0
58.0
35.0
68.0
90.0
96.0
96.0
61.0
74.0
61.0
45.0
42.0
41.0
32.0
52.0
29.0
13.0
15.0
41.0
58.0
53.0
71.0
77.0
52.0
76.0
61.0
42.0
55.0
51.0
55.0
46.0
37.0
39.0
53.0
102.0
116.0
113.0
128.0
130.0
135.0
134.0
156.0
173.0
165.0
164.0
130.0
102.0
95.0
99.0
107.0
157.0
157.0
139.0
135.0
147.0
161.0
168.0
172.0
156.0
155.0
155.0
153.0
161.0
167.0
188.0
210.0
169.0
153.0
139.0
129.0
66.0
71.0
70.0
43.0
46.0
58.0
60.0
62.0
85.0
87.0
89.0
61.0
38.0
50.0
28.0
4.0
13.0
18.0
18.0
-14.0
-7.0
-1.0
10.0
10.0
20.0
73.0
86.0
79.0
71.0
53.0
39.0
37.0
21.0
31.0
25.0
19.0
3.0
-7.0
-10.0
42.0
74.0
83.0
118.0
106.0
79.0
70.0
8.0
2.0
-1.0
8.0
11.0
-40.0
-27.0
-10.0
10.0
0.0
-8.0
45.0
52.0
74.0
120.0
115.0
87.0
94.0
71.0
39.0
40.0
24.0
34.0
48.0
18.0
13.0
22.0
39.0
49.0
60.0
50.0
91.0
150.0
154.0
185.0
220.0
188.0
180.0
207.0
202.0
183.0
172.0
194.0
196.0
132.0
128.0
152.0
158.0
184.0
192.0
166.0
155.0
95.0
98.0
115.0
60.0
17.0
18.0
-22.0
-17.0
21.0
-7.0
-45.0
-22.0
-67.0
-107.0
-30.0
16.0
4.0
-32.0
-57.0
-101.0
-135.0
-114.0
-89.0
-73.0
-85.0
-68.0
-56.0
-106.0
-112.0
-79.0
-77.0
-63.0
-68.0
-57.0
-49.0
-61.0
-53.0
-90.0
-133.0
-63.0
-11.0
8.0
18.0
8.0
-1.0
-34.0
-41.0
-32.0
4.0
4.0
36.0
63.0
54.0
21.0
31.0
34.0
5.0
20.0
9.0
20.0
-15.0
-50.0
-17.0
-56.0
-78.0
-29.0
-28.0
-15.0
-9.0
8.0
52.0
36.0
30.0
42.0
-1.0
-22.0
6.0
-26.0
7.0
-12.0
-16.0
1.0
-15.0
22.0
42.0
24.0
37.0
58.0
108.0
109.0
124.0
117.0
121.0
124.0
145.0
156.0
151.0
121.0
118.0
142.0
181.0
136.0
156.0
176.0
170.0
170.0
178.0
183.0
136.0
118.0
116.0
99.0
108.0
103.0
71.0
70.0
72.0
53.0
26.0
-19.0
-31.0
-23.0
-62.0
-52.0
-47.0
-61.0
-50.0
-59.0
-29.0
-35.0
-15.0
-6.0
-3.0
-14.0
-34.0
-64.0
-53.0
-16.0
-26.0
-54.0
-82.0
-117.0
-149.0
-129.0
-146.0
-116.0
-100.0
-137.0
-145.0
-111.0
-86.0
-83.0
-85.0
-111.0
-117.0
-125.0
-98.0
-111.0
-102.0
-119.0
-155.0
-117.0
-114.0
-85.0
-121.0
-119.0
-93.0
-117.0
-79.0
-70.0
-112.0
-95.0
-116.0
-123.0
-80.0
-79.0
-81.0
-78.0
-87.0
-74.0
-38.0
-20.0
-43.0
-53.0
-41.0
-62.0
-68.0
-29.0
-17.0
9.0
-15.0
-25.0
-5.0
17.0
29.0
67.0
70.0
52.0
91.0
178.0
192.0
189.0
203.0
204.0
192.0
182.0
227.0
252.0
246.0
253.0
318.0
345.0
375.0
406.0
445.0
473.0
531.0
562.0
568.0
586.0
589.0
569.0
538.0
557.0
548.0
541.0
537.0
485.0
437.0
418.0
403.0
380.0
370.0
325.0
296.0
345.0
317.0
298.0
266.0
241.0
227.0
213.0
197.0
186.0
164.0
169.0
209.0
174.0
81.0
84.0
133.0
129.0
128.0
100.0
116.0
126.0
93.0
61.0
65.0
115.0
139.0
121.0
126.0
146.0
165.0
174.0
147.0
153.0
184.0
205.0
209.0
201.0
219.0
242.0
241.0
260.0
282.0
265.0
266.0
239.0
228.0
225.0
228.0
240.0
260.0
288.0
299.0
255.0
243.0
285.0
332.0
349.0
346.0
338.0
301.0
297.0
322.0
329.0
332.0
319.0
373.0
396.0
381.0
376.0
385.0
402.0
394.0
432.0
448.0
410.0
382.0
411.0
392.0
404.0
424.0
447.0
450.0
455.0
480.0
448.0
440.0
468.0
487.0
408.0
407.0
446.0
426.0
379.0
352.0
320.0
251.0
248.0
227.0
211.0
196.0
190.0
175.0
198.0
156.0
114.0
108.0
71.0
34.0
34.0
-16.0
-27.0
15.0
18.0
-14.0
-59.0
-77.0
-74.0
-42.0
-80.0
-90.0
-87.0
-87.0
-80.0
-150.0
-180.0
-158.0
-164.0
-201.0
-235.0
-286.0
-269.0
-260.0
-257.0
-264.0
-294.0
-282.0
-250.0
-266.0
-325.0
-356.0
-368.0
-355.0
-368.0
-340.0
-315.0
-307.0
-301.0
-312.0
-356.0
-367.0
-363.0
-362.0
-359.0
-278.0
-263.0
-267.0
-308.0
-317.0
-290.0
-260.0
-234.0
-233.0
-220.0
-214.0
-256.0
-261.0
-261.0
-288.0
-301.0
-281.0
-268.0
-292.0
-272.0
-241.0
-261.0
-246.0
-206.0
-220.0
-247.0
-208.0
-201.0
-203.0
-203.0
-197.0
-201.0
-197.0
-185.0
-194.0
-201.0
-192.0
-200.0
-194.0
-193.0
-206.0
-213.0
-202.0
-211.0
-250.0
-260.0
-238.0
-215.0
-242.0
-246.0
-258.0
-297.0
-271.0
-295.0
-303.0
-337.0
-367.0
-372.0
-355.0
-355.0
-343.0
-333.0
-318.0
-286.0
-360.0
-448.0
-479.0
-509.0
-517.0
-504.0
-521.0
-527.0
-524.0
-526.0
-526.0
-522.0
-507.0
-454.0
-442.0
-437.0
-467.0
-486.0
-491.0
-478.0
-492.0
-486.0
-444.0
-460.0
-450.0
-442.0
-431.0
-398.0
-369.0
-335.0
-288.0
-278.0
-275.0
-282.0
-305.0
-341.0
-403.0
-395.0
-340.0
-338.0
-333.0
-325.0
-298.0
-270.0
-266.0
-301.0
-335.0
-333.0
-299.0
-272.0
-274.0
-256.0
-241.0
-232.0
-196.0
-211.0
-231.0
-218.0
-220.0
-220.0
-220.0
-249.0
-216.0
-179.0
-148.0
-143.0
-133.0
-134.0
-130.0
-90.0
-103.0
-111.0
-90.0
-122.0
-111.0
-102.0
-43.0
-10.0
-3.0
14.0
3.0
-12.0
24.0
-2.0
-12.0
1.0
-2.0
-8.0
-4.0
15.0
22.0
16.0
63.0
45.0
57.0
75.0
18.0
-18.0
-34.0
-48.0
-44.0
-74.0
-39.0
-28.0
-60.0
-74.0
-62.0
-47.0
-45.0
-79.0
-96.0
-107.0
-120.0
-104.0
-110.0
-100.0
-103.0
-97.0
-105.0
-101.0
-92.0
-133.0
-114.0
-77.0
-101.0
-122.0
-135.0
-98.0
-97.0
-69.0
-48.0
-60.0
-34.0
-53.0
-44.0
-24.0
-63.0
-77.0
-106.0
-79.0
16.0
32.0
23.0
91.0
145.0
205.0
299.0
318.0
357.0
412.0
457.0
505.0
560.0
584.0
565.0
571.0
559.0
579.0
579.0
568.0
571.0
533.0
489.0
514.0
503.0
430.0
410.0
393.0
349.0
293.0
242.0
174.0
101.0
33.0
-13.0
-22.0
-64.0
-111.0
-164.0
-218.0
-241.0
-250.0
-286.0
-248.0
-250.0
-271.0
-294.0
-346.0
-375.0
-341.0
-326.0
-342.0
-344.0
-357.0
-329.0
-307.0
-324.0
-293.0
-236.0
-294.0
-317.0
-308.0
-310.0
-317.0
-276.0
-215.0
-197.0
-212.0
-240.0
-290.0
-320.0
-346.0
-340.0
-302.0
-300.0
-315.0
-328.0
-365.0
-369.0
-334.0
-313.0
-323.0
-301.0
-298.0
-308.0
-278.0
-275.0
-330.0
-340.0
-336.0
-343.0
-351.0
-369.0
-376.0
-334.0
-296.0
-269.0
-281.0
-305.0
-325.0
-311.0
-287.0
-273.0
-260.0
-284.0
-297.0
-285.0
-276.0
-281.0
-263.0
-254.0
-258.0
-251.0
-243.0
-276.0
-314.0
-261.0
-201.0
-211.0
-238.0
-242.0
-233.0
-244.0
-294.0
-267.0
-228.0
-227.0
-243.0
-243.0
-239.0
-264.0
-244.0
-220.0
-192.0
-168.0
-208.0
-184.0
-157.0
-187.0
-186.0
-195.0
-209.0
-205.0
-220.0
-222.0
-212.0
-213.0
-212.0
-195.0
-188.0
-162.0
-173.0
-174.0
-171.0
-162.0
-140.0
-136.0
-171.0
-177.0
-161.0
-190.0
-202.0
-238.0
-248.0
-241.0
-236.0
-180.0
-199.0
-177.0
-199.0
-239.0
-194.0
-177.0
-172.0
-174.0
-200.0
-210.0
-226.0
-242.0
-235.0
-224.0
-199.0
-209.0
-200.0
-201.0
-192.0
-183.0
-169.0
-190.0
-186.0
-213.0
-229.0
-216.0
-211.0
-239.0
-208.0
-188.0
-233.0
-236.0
-233.0
-235.0
-215.0
-235.0
-244.0
-240.0
-244.0
-247.0
-219.0
-203.0
-221.0
-227.0
-239.0
-235.0
-214.0
-195.0
-200.0
-203.0
-194.0
-189.0
-214.0
-242.0
-208.0
-202.0
-188.0
-193.0
-206.0
-207.0
-217.0
-208.0
-222.0
-234.0
-232.0
-191.0
-180.0
-209.0
-202.0
-197.0
-187.0
-191.0
-167.0
-165.0
-166.0
-127.0
-101.0
-121.0
-117.0
-99.0
-105.0
-118.0
-75.0
-81.0
-88.0
-142.0
-128.0
-75.0
-48.0
-62.0
-59.0
-71.0
-44.0
-35.0
-45.0
-26.0
-29.0
-6.0
-15.0
-51.0
-13.0
1.0
-11.0
-29.0
-46.0
-35.0
-52.0
-60.0
-42.0
-48.0
-47.0
-48.0
-33.0
25.0
39.0
41.0
26.0
0.0
-58.0
-76.0
-45.0
-42.0
-54.0
-77.0
-80.0
-107.0
-84.0
-70.0
-49.0
-32.0
-54.0
-51.0
-34.0
-108.0
-105.0
-93.0
-56.0
-68.0
-84.0
-110.0
-129.0
-124.0
-116.0
-95.0
-97.0
-60.0
-58.0
-19.0
-55.0
-104.0
-118.0
-98.0
-84.0
-107.0
-99.0
-114.0
-128.0
-137.0
-115.0
-78.0
-95.0
-97.0
-33.0
-7.0
-11.0
-46.0
-37.0
-6.0
-19.0
-25.0
-27.0
-77.0
-110.0
-112.0
-152.0
-174.0
-155.0
-211.0
-200.0
-187.0
-213.0
-224.0
-218.0
-225.0
-234.0
-249.0
-281.0
-290.0
-295.0
-294.0
-257.0
-289.0
-317.0
-266.0
-269.0
-289.0
-252.0
-244.0
-228.0
-227.0
-267.0
-286.0
-266.0
-254.0
-261.0
-267.0
-268.0
-268.0
-222.0
-209.0
-231.0
-251.0
-259.0
-244.0
-215.0
-203.0
-227.0
-263.0
-259.0
-212.0
-241.0
-248.0
-223.0
-208.0
-195.0
-181.0
-170.0
-141.0
-140.0
-135.0
-126.0
-122.0
-176.0
-171.0
-154.0
-157.0
-167.0
-146.0
-117.0
-96.0
-102.0
-118.0
-120.0
-92.0
-93.0
-130.0
-126.0
-106.0
-127.0
-101.0
-120.0
-162.0
-182.0
-150.0
-157.0
-157.0
-139.0
-133.0
-143.0
-146.0
-119.0
-105.0
-118.0
-111.0
-94.0
-105.0
-98.0
-110.0
-148.0
-138.0
-126.0
-119.0
-150.0
-162.0
-133.0
-115.0
-109.0
-106.0
-79.0
-59.0
-70.0
-73.0
-49.0
-76.0
-159.0
-164.0
-131.0
-124.0
-120.0
-133.0
-142.0
-128.0
-118.0
-115.0
-100.0
-87.0
-89.0
-110.0
-131.0
-135.0
-105.0
-119.0
-117.0
-102.0
-120.0
-128.0
-115.0
-90.0
-58.0
-33.0
-64.0
-80.0
-84.0
-87.0
-69.0
-67.0
-73.0
-60.0
-63.0
-51.0
-35.0
-16.0
-12.0
-68.0
-59.0
-52.0
-38.0
-22.0
-49.0
-29.0
-41.0
-34.0
-23.0
-4.0
7.0
-12.0
-35.0
-14.0
4.0
-6.0
4.0
33.0
12.0
-17.0
-27.0
-18.0
0.0
18.0
31.0
30.0
-2.0
-15.0
5.0
30.0
14.0
-19.0
-7.0
-2.0
-27.0
-16.0
-32.0
-45.0
-46.0
-27.0
-49.0
-29.0
-4.0
13.0
-23.0
-16.0
11.0
-20.0
-30.0
-6.0
-4.0
-1.0
-23.0
-22.0
16.0
-7.0
-17.0
8.0
-21.0
-12.0
-11.0
-20.0
-35.0
-36.0
-12.0
4.0
-32.0
-30.0
26.0
48.0
38.0
44.0
80.0
45.0
49.0
59.0
32.0
59.0
52.0
58.0
63.0
58.0
59.0
79.0
80.0
63.0
52.0
72.0
84.0
61.0
79.0
71.0
37.0
39.0
64.0
53.0
76.0
86.0
55.0
36.0
42.0
61.0
81.0
88.0
63.0
88.0
114.0
144.0
156.0
162.0
147.0
107.0
113.0
124.0
120.0
86.0
62.0
87.0
119.0
118.0
114.0
142.0
102.0
64.0
99.0
78.0
63.0
103.0
96.0
78.0
98.0
106.0
97.0
104.0
81.0
81.0
103.0
139.0
129.0
104.0
77.0
76.0
97.0
106.0
53.0
36.0
46.0
66.0
97.0
115.0
46.0
36.0
59.0
53.0
46.0
63.0
75.0
71.0
46.0
48.0
31.0
22.0
54.0
67.0
67.0
63.0
68.0
42.0
20.0
36.0
33.0
18.0
37.0
36.0
18.0
39.0
36.0
41.0
34.0
15.0
16.0
18.0
18.0
74.0
61.0
44.0
82.0
85.0
72.0
77.0
54.0
51.0
15.0
-19.0
18.0
49.0
57.0
67.0
70.0
71.0
67.0
63.0
77.0
36.0
40.0
71.0
42.0
54.0
77.0
110.0
139.0
156.0
129.0
106.0
91.0
118.0
97.0
62.0
48.0
72.0
77.0
99.0
110.0
113.0
106.0
104.0
155.0
167.0
179.0
166.0
130.0
79.0
67.0
31.0
42.0
52.0
50.0
53.0
42.0
14.0
40.0
63.0
41.0
39.0
74.0
125.0
121.0
102.0
103.0
98.0
71.0
73.0
54.0
41.0
72.0
41.0
20.0
15.0
24.0
59.0
60.0
23.0
37.0
47.0
93.0
102.0
114.0
149.0
115.0
86.0
61.0
47.0
45.0
25.0
29.0
37.0
34.0
33.0
69.0
82.0
59.0
80.0
65.0
68.0
56.0
43.0
46.0
43.0
35.0
46.0
67.0
59.0
33.0
31.0
26.0
12.0
45.0
85.0
83.0
52.0
54.0
77.0
55.0
55.0
84.0
67.0
35.0
54.0
72.0
54.0
16.0
12.0
36.0
39.0
19.0
41.0
35.0
26.0
46.0
51.0
56.0
84.0
125.0
118.0
115.0
117.0
67.0
52.0
49.0
60.0
56.0
50.0
20.0
39.0
53.0
58.0
102.0
122.0
119.0
135.0
119.0
122.0
92.0
92.0
101.0
118.0
146.0
169.0
163.0
154.0
196.0
170.0
157.0
197.0
220.0
175.0
138.0
128.0
119.0
77.0
54.0
90.0
82.0
65.0
65.0
47.0
27.0
12.0
55.0
87.0
54.0
29.0
22.0
6.0
44.0
48.0
22.0
59.0
61.0
54.0
39.0
61.0
109.0
179.0
193.0
185.0
204.0
240.0
289.0
324.0
345.0
366.0
410.0
394.0
386.0
392.0
444.0
478.0
493.0
454.0
438.0
477.0
535.0
548.0
505.0
534.0
507.0
494.0
548.0
512.0
513.0
425.0
432.0
518.0
547.0
555.0
536.0
520.0
538.0
534.0
523.0
515.0
523.0
532.0
527.0
554.0
562.0
563.0
574.0
576.0
578.0
580.0
582.0
574.0
574.0
578.0
573.0
551.0
479.0
409.0
344.0
243.0
157.0
31.0
-74.0
-100.0
-166.0
-267.0
-352.0
-374.0
-401.0
-445.0
-468.0
-410.0
-353.0
-294.0
-320.0
-336.0
-315.0
-332.0
-401.0
-483.0
-508.0
-513.0
-525.0
-525.0
-525.0
-524.0
-522.0
-521.0
-506.0
-485.0
-488.0
-499.0
-474.0
-439.0
-410.0
-358.0
-358.0
-346.0
-330.0
-350.0
-360.0
-339.0
-343.0
-335.0
-315.0
-316.0
-282.0
-260.0
-256.0
-263.0
-238.0
-246.0
-254.0
-251.0
-266.0
-287.0
-289.0
-302.0
-307.0
-328.0
-374.0
-428.0
-495.0
-531.0
-523.0
-517.0
-514.0
-508.0
-503.0
-502.0
-507.0
-514.0
-518.0
-520.0
-520.0
-518.0
-521.0
-525.0
-525.0
-525.0
-526.0
-522.0
-514.0
-504.0
-487.0
-469.0
-436.0
-449.0
-464.0
-439.0
-390.0
-381.0
-382.0
-341.0
-306.0
-314.0
-315.0
-336.0
-345.0
-344.0
-321.0
-333.0
-325.0
-325.0
-299.0
-280.0
-295.0
-297.0
-301.0
-278.0
-249.0
-274.0
-323.0
-341.0
-333.0
-359.0
-372.0
-301.0
-282.0
-303.0
-297.0
-293.0
-318.0
-315.0
-284.0
-318.0
-293.0
-247.0
-280.0
-289.0
-276.0
-269.0
-271.0
-263.0
-233.0
-232.0
-251.0
-248.0
-239.0
-247.0
-209.0
-217.0
-231.0
-266.0
-273.0
-230.0
-211.0
-243.0
-261.0
-226.0
-209.0
-188.0
-195.0
-234.0
-240.0
-233.0
-220.0
-233.0
-226.0
-209.0
-211.0
-178.0
-198.0
-213.0
-185.0
-146.0
-138.0
-160.0
-163.0
-188.0
-182.0
-183.0
-204.0
-199.0
-175.0
-151.0
-188.0
-198.0
-178.0
-187.0
-176.0
-150.0
-152.0
-146.0
-113.0
-116.0
-109.0
-105.0
-95.0
-83.0
-96.0
-80.0
-68.0
-77.0
-67.0
-48.0
-94.0
-95.0
-109.0
-116.0
-77.0
-111.0
-118.0
-116.0
-100.0
-77.0
-44.0
-37.0
-48.0
-63.0
-97.0
-93.0
-84.0
-60.0
-70.0
-55.0
-92.0
-114.0
-76.0
-54.0
-83.0
-94.0
-98.0
-80.0
-62.0
-69.0
-64.0
-99.0
-114.0
-112.0
-122.0
-135.0
-141.0
-131.0
-125.0
-138.0
-126.0
-125.0
-108.0
-89.0
-95.0
-102.0
-105.0
-131.0
-155.0
-153.0
-163.0
-175.0
-174.0
-157.0
-172.0
-165.0
-138.0
-139.0
-142.0
-115.0
-121.0
-150.0
-128.0
-106.0
-133.0
-144.0
-126.0
-143.0
-134.0
-105.0
-124.0
-106.0
-90.0
-77.0
-94.0
-105.0
-61.0
-77.0
-69.0
-65.0
-74.0
-34.0
-17.0
-57.0
-68.0
-46.0
-22.0
-5.0
-18.0
-27.0
-20.0
-3.0
67.0
99.0
94.0
28.0
15.0
8.0
49.0
66.0
40.0
44.0
67.0
83.0
43.0
3.0
18.0
20.0
95.0
130.0
140.0
148.0
171.0
166.0
144.0
154.0
198.0
242.0
280.0
319.0
344.0
390.0
366.0
339.0
362.0
339.0
322.0
332.0
386.0
423.0
442.0
460.0
426.0
376.0
398.0
404.0
376.0
385.0
404.0
390.0
386.0
385.0
370.0
356.0
333.0
301.0
276.0
246.0
217.0
227.0
234.0
248.0
215.0
190.0
176.0
164.0
143.0
116.0
96.0
97.0
102.0
64.0
54.0
48.0
49.0
51.0
17.0
35.0
45.0
58.0
57.0
87.0
53.0
61.0
73.0
81.0
103.0
112.0
118.0
146.0
185.0
207.0
243.0
285.0
309.0
356.0
384.0
484.0
499.0
538.0
545.0
568.0
563.0
543.0
547.0
569.0
569.0
516.0
526.0
508.0
544.0
485.0
467.0
478.0
421.0
444.0
395.0
346.0
266.0
214.0
238.0
177.0
114.0
60.0
56.0
-7.0
-87.0
-98.0
-91.0
-97.0
-158.0
-180.0
-181.0
-177.0
-205.0
-162.0
-194.0
-194.0
-157.0
-185.0
-196.0
-189.0
-186.0
-183.0
-193.0
-180.0
-177.0
-198.0
-174.0
-114.0
-67.0
-83.0
-60.0
-74.0
-47.0
-74.0
-127.0
-114.0
-114.0
-139.0
-99.0
-100.0
-61.0
-84.0
-108.0
-125.0
-148.0
-161.0
-168.0
-208.0
-210.0
-175.0
-191.0
-215.0
-187.0
-211.0
-195.0
-153.0
-195.0
-228.0
-249.0
-279.0
-317.0
-317.0
-329.0
-345.0
-272.0
-238.0
-247.0
-248.0
-249.0
-225.0
-203.0
-176.0
-208.0
-265.0
-289.0
-260.0
-210.0
-216.0
-206.0
-219.0
-233.0
-237.0
-219.0
-214.0
-212.0
-194.0
-168.0
-190.0
-169.0
-190.0
-211.0
-230.0
-249.0
-227.0
-195.0
-208.0
-205.0
-183.0
-209.0
-217.0
-202.0
-221.0
-212.0
-221.0
-266.0
-297.0
-285.0
-279.0
-279.0
-314.0
-329.0
-313.0
-259.0
-250.0
-267.0
-276.0
-260.0
-256.0
-297.0
-316.0
-319.0
-340.0
-344.0
-337.0
-341.0
-320.0
-267.0
-287.0
-301.0
-332.0
-372.0
-347.0
-322.0
-280.0
-280.0
-269.0
-250.0
-274.0
-289.0
-307.0
-295.0
-252.0
-353.0
-281.0
-253.0
-251.0
-235.0
-244.0
-252.0
-282.0
-288.0
-277.0
-278.0
-295.0
-320.0
-346.0
-314.0
-338.0
-366.0
-348.0
-349.0
-367.0
-399.0
-401.0
-428.0
-411.0
-393.0
-430.0
-440.0
-422.0
-419.0
-425.0
-469.0
-464.0
-446.0
-458.0
-463.0
-458.0
-467.0
-467.0
-472.0
-477.0
-455.0
-405.0
-394.0
-411.0
-430.0
-408.0
-378.0
-334.0
-325.0
-354.0
-341.0
-319.0
-318.0
-326.0
-336.0
-358.0
-338.0
-317.0
-280.0
-315.0
-289.0
-270.0
-271.0
-279.0
-248.0
-252.0
-240.0
-216.0
-232.0
-221.0
-218.0
-227.0
-200.0
-216.0
-195.0
-165.0
-187.0
-171.0
-163.0
-155.0
-115.0
-91.0
-142.0
-121.0
-100.0
-108.0
-141.0
-145.0
-105.0
-124.0
-138.0
-127.0
-110.0
-131.0
-110.0
-76.0
-87.0
-53.0
-39.0
-36.0
-63.0
-69.0
-69.0
-81.0
-84.0
-82.0
-103.0
-105.0
-112.0
-80.0
-71.0
-106.0
-77.0
-50.0
-72.0
-64.0
-52.0
-76.0
-34.0
-23.0
-55.0
-74.0
-77.0
-48.0
-33.0
-71.0
-42.0
-3.0
22.0
31.0
19.0
14.0
-11.0
-41.0
-34.0
-29.0
-43.0
-30.0
-41.0
-62.0
-51.0
-2.0
-5.0
2.0
-9.0
-7.0
-39.0
-59.0
-18.0
8.0
-16.0
-39.0
-30.0
-66.0
-70.0
-23.0
-4.0
3.0
21.0
10.0
14.0
26.0
12.0
45.0
56.0
67.0
58.0
52.0
25.0
0.0
20.0
31.0
33.0
16.0
32.0
48.0
44.0
-5.0
14.0
40.0
42.0
39.0
29.0
31.0
31.0
21.0
39.0
50.0
40.0
54.0
34.0
19.0
71.0
55.0
46.0
51.0
54.0
71.0
53.0
42.0
45.0
64.0
108.0
117.0
114.0
129.0
98.0
79.0
92.0
84.0
59.0
97.0
96.0
72.0
51.0
61.0
80.0
91.0
108.0
90.0
84.0
101.0
127.0
105.0
90.0
67.0
68.0
93.0
79.0
74.0
95.0
73.0
86.0
96.0
113.0
125.0
69.0
68.0
85.0
48.0
11.0
14.0
61.0
100.0
101.0
86.0
101.0
130.0
131.0
77.0
43.0
39.0
71.0
95.0
98.0
90.0
110.0
124.0
136.0
128.0
150.0
125.0
112.0
107.0
99.0
98.0
118.0
140.0
126.0
106.0
119.0
151.0
189.0
199.0
183.0
159.0
160.0
140.0
147.0
141.0
148.0
150.0
128.0
121.0
118.0
144.0
148.0
183.0
206.0
181.0
144.0
129.0
146.0
190.0
201.0
222.0
215.0
229.0
199.0
197.0
172.0
145.0
140.0
168.0
176.0
185.0
181.0
170.0
152.0
204.0
184.0
191.0
194.0
198.0
232.0
229.0
241.0
242.0
222.0
181.0
184.0
188.0
189.0
193.0
212.0
228.0
234.0
215.0
231.0
226.0
196.0
180.0
190.0
161.0
116.0
129.0
174.0
206.0
178.0
158.0
153.0
172.0
141.0
133.0
157.0
194.0
190.0
189.0
197.0
184.0
209.0
163.0
120.0
146.0
192.0
177.0
143.0
159.0
165.0
193.0
218.0
187.0
186.0
201.0
190.0
158.0
173.0
210.0
219.0
213.0
210.0
175.0
184.0
215.0
217.0
227.0
249.0
240.0
219.0
198.0
206.0
227.0
233.0
193.0
184.0
203.0
215.0
227.0
221.0
209.0
250.0
268.0
275.0
274.0
251.0
246.0
162.0
158.0
164.0
197.0
208.0
199.0
233.0
237.0
252.0
301.0
285.0
267.0
308.0
282.0
260.0
256.0
209.0
177.0
175.0
199.0
205.0
189.0
176.0
197.0
227.0
229.0
235.0
227.0
229.0
266.0
250.0
221.0
193.0
213.0
190.0
154.0
151.0
159.0
180.0
141.0
133.0
169.0
204.0
234.0
232.0
210.0
213.0
226.0
188.0
185.0
152.0
109.0
148.0
158.0
142.0
142.0
130.0
136.0
134.0
158.0
197.0
211.0
200.0
172.0
177.0
187.0
165.0
162.0
155.0
111.0
122.0
113.0
124.0
140.0
140.0
157.0
162.0
159.0
162.0
133.0
145.0
118.0
102.0
118.0
105.0
48.0
71.0
85.0
64.0
62.0
45.0
58.0
95.0
95.0
116.0
112.0
145.0
142.0
102.0
108.0
100.0
138.0
146.0
112.0
96.0
103.0
110.0
114.0
109.0
98.0
102.0
127.0
139.0
137.0
115.0
106.0
138.0
143.0
138.0
133.0
106.0
136.0
131.0
114.0
110.0
97.0
89.0
87.0
120.0
126.0
115.0
157.0
156.0
134.0
184.0
158.0
102.0
107.0
126.0
131.0
152.0
126.0
125.0
171.0
182.0
157.0
125.0
98.0
85.0
87.0
125.0
142.0
163.0
200.0
191.0
178.0
198.0
179.0
138.0
146.0
167.0
155.0
137.0
165.0
205.0
172.0
161.0
163.0
190.0
191.0
181.0
171.0
161.0
161.0
196.0
203.0
176.0
153.0
194.0
164.0
162.0
172.0
144.0
166.0
153.0
157.0
154.0
179.0
149.0
164.0
191.0
209.0
229.0
218.0
225.0
237.0
219.0
219.0
231.0
220.0
182.0
167.0
159.0
144.0
174.0
186.0
159.0
143.0
125.0
138.0
155.0
147.0
148.0
171.0
143.0
134.0
140.0
135.0
152.0
164.0
185.0
193.0
184.0
180.0
153.0
147.0
159.0
165.0
167.0
165.0
183.0
205.0
188.0
183.0
152.0
174.0
211.0
186.0
201.0
214.0
210.0
206.0
239.0
284.0
273.0
258.0
253.0
234.0
212.0
206.0
246.0
276.0
288.0
309.0
350.0
371.0
384.0
368.0
387.0
404.0
358.0
379.0
346.0
267.0
246.0
221.0
245.0
232.0
185.0
145.0
142.0
170.0
177.0
200.0
159.0
100.0
127.0
159.0
148.0
104.0
104.0
119.0
158.0
134.0
77.0
35.0
37.0
57.0
70.0
68.0
79.0
106.0
60.0
28.0
50.0
63.0
92.0
103.0
115.0
87.0
79.0
96.0
126.0
90.0
64.0
78.0
115.0
103.0
65.0
65.0
81.0
128.0
109.0
147.0
147.0
142.0
128.0
130.0
146.0
135.0
123.0
190.0
227.0
165.0
139.0
199.0
223.0
226.0
254.0
280.0
344.0
370.0
367.0
382.0
501.0
564.0
587.0
579.0
580.0
582.0
577.0
577.0
585.0
574.0
567.0
589.0
582.0
575.0
580.0
564.0
533.0
526.0
510.0
526.0
478.0
405.0
354.0
323.0
266.0
214.0
169.0
103.0
-4.0
-124.0
-179.0
-308.0
-411.0
-450.0
-488.0
-477.0
-459.0
-497.0
-508.0
-515.0
-511.0
-507.0
-525.0
-520.0
-516.0
-518.0
-520.0
-517.0
-498.0
-476.0
-461.0
-437.0
-409.0
-382.0
-362.0
-413.0
-413.0
-367.0
-347.0
-388.0
-386.0
-401.0
-381.0
-343.0
-341.0
-345.0
-359.0
-360.0
-346.0
-373.0
-391.0
-343.0
-346.0
-349.0
-331.0
-344.0
-345.0
-346.0
-362.0
-344.0
-314.0
-284.0
-304.0
-308.0
-297.0
-276.0
-259.0
-276.0
-292.0
-281.0
-280.0
-313.0
-275.0
-265.0
-254.0
-254.0
-257.0
-233.0
-206.0
-209.0
-185.0
-194.0
-228.0
-208.0
-181.0
-171.0
-188.0
-205.0
-190.0
-193.0
-175.0
-157.0
-140.0
-171.0
-181.0
-168.0
-157.0
-157.0
-121.0
-104.0
-147.0
-182.0
-161.0
-107.0
-150.0
-185.0
-137.0
-147.0
-141.0
-141.0
-137.0
-171.0
-155.0
-165.0
-152.0
-137.0
-138.0
-132.0
-136.0
-162.0
-185.0
-191.0
-186.0
-119.0
-67.0
-97.0
-145.0
-148.0
-154.0
-194.0
-161.0
-139.0
-176.0
-148.0
-118.0
-158.0
-163.0
-140.0
-103.0
-77.0
-97.0
-122.0
-147.0
-156.0
-154.0
-178.0
-181.0
-200.0
-187.0
-162.0
-161.0
-169.0
-162.0
-158.0
-140.0
-179.0
-192.0
-122.0
-127.0
-122.0
-110.0
-138.0
-150.0
-136.0
-95.0
-91.0
-68.0
-88.0
-101.0
-88.0
-127.0
-109.0
-91.0
-83.0
-96.0
-68.0
-55.0
-72.0
-96.0
-99.0
-114.0
-122.0
-120.0
-92.0
-101.0
-84.0
-49.0
-50.0
-78.0
-29.0
-38.0
-84.0
-40.0
-9.0
-46.0
-57.0
-50.0
-53.0
-65.0
-74.0
-79.0
-77.0
-75.0
-69.0
-65.0
-34.0
1.0
40.0
58.0
85.0
55.0
41.0
39.0
54.0
38.0
36.0
88.0
54.0
19.0
23.0
46.0
72.0
106.0
120.0
88.0
88.0
117.0
161.0
181.0
218.0
189.0
180.0
195.0
145.0
129.0
149.0
143.0
126.0
91.0
110.0
117.0
100.0
106.0
110.0
114.0
118.0
125.0
122.0
102.0
76.0
111.0
80.0
71.0
125.0
48.0
59.0
101.0
76.0
72.0
64.0
87.0
58.0
90.0
204.0
169.0
203.0
239.0
266.0
260.0
342.0
322.0
280.0
389.0
377.0
325.0
371.0
334.0
336.0
321.0
309.0
322.0
361.0
365.0
309.0
216.0
181.0
169.0
133.0
161.0
136.0
98.0
134.0
150.0
184.0
232.0
206.0
233.0
252.0
215.0
233.0
260.0
248.0
279.0
324.0
379.0
369.0
402.0
418.0
417.0
391.0
369.0
328.0
380.0
348.0
355.0
298.0
237.0
297.0
218.0
201.0
273.0
235.0
164.0
128.0
118.0
102.0
69.0
95.0
103.0
20.0
12.0
3.0
-34.0
-36.0
-4.0
-12.0
-60.0
-48.0
-81.0
-78.0
-78.0
-83.0
-37.0
-36.0
-35.0
-38.0
-69.0
-72.0
-58.0
-36.0
-13.0
-18.0
-26.0
-39.0
-21.0
24.0
28.0
61.0
49.0
14.0
10.0
-7.0
22.0
27.0
4.0
3.0
-15.0
-30.0
-36.0
-13.0
14.0
26.0
42.0
30.0
23.0
2.0
-21.0
-20.0
-3.0
-54.0
-120.0
-228.0
-347.0
-382.0
-373.0
-393.0
-398.0
-397.0
-393.0
-370.0
-374.0
-353.0
-380.0
-388.0
-368.0
-379.0
-371.0
-359.0
-365.0
-380.0
-373.0
-373.0
-363.0
-369.0
-398.0
-433.0
-413.0
-402.0
-391.0
-365.0
-315.0
-333.0
-337.0
-312.0
-286.0
-295.0
-305.0
-291.0
-313.0
-327.0
-279.0
-254.0
-248.0
-251.0
-246.0
-228.0
-218.0
-250.0
-217.0
-245.0
-262.0
-265.0
-273.0
-288.0
-295.0
-262.0
-246.0
-232.0
-241.0
-241.0
-228.0
-222.0
-208.0
-181.0
-171.0
-177.0
-202.0
-249.0
-230.0
-224.0
-221.0
-217.0
-218.0
-231.0
-215.0
-160.0
-168.0
-195.0
-160.0
-133.0
-177.0
-192.0
-191.0
-187.0
-193.0
-212.0
-192.0
-168.0
-184.0
-201.0
-213.0
-212.0
-185.0
-187.0
-196.0
-161.0
-148.0
-158.0
-134.0
-134.0
-174.0
-192.0
-203.0
-180.0
-166.0
-172.0
-185.0
-218.0
-199.0
-182.0
-188.0
-174.0
-154.0
-144.0
-150.0
-119.0
-116.0
-133.0
-119.0
-125.0
-136.0
-125.0
-121.0
-127.0
-124.0
-115.0
-82.0
-95.0
-111.0
-107.0
-116.0
-120.0
-137.0
-107.0
-83.0
-97.0
-97.0
-71.0
-40.0
-41.0
-61.0
-20.0
-39.0
0.0
12.0
20.0
34.0
28.0
-12.0
-26.0
-23.0
-33.0
17.0
20.0
25.0
50.0
63.0
85.0
80.0
97.0
123.0
105.0
100.0
113.0
82.0
61.0
66.0
62.0
11.0
5.0
20.0
33.0
48.0
48.0
88.0
77.0
99.0
93.0
95.0
65.0
31.0
31.0
45.0
20.0
-3.0
25.0
-26.0
-41.0
-33.0
1.0
31.0
27.0
39.0
22.0
31.0
25.0
19.0
-7.0
-3.0
-6.0
-24.0
-66.0
-60.0
-15.0
3.0
25.0
29.0
38.0
9.0
9.0
14.0
1.0
4.0
-3.0
-24.0
-38.0
-72.0
-77.0
-46.0
-42.0
-22.0
-3.0
-22.0
-17.0
8.0
63.0
33.0
73.0
78.0
86.0
40.0
-2.0
1.0
8.0
-8.0
-25.0
-2.0
4.0
4.0
-3.0
-10.0
33.0
31.0
-11.0
3.0
10.0
10.0
27.0
54.0
53.0
26.0
-27.0
-67.0
-43.0
4.0
24.0
34.0
41.0
33.0
26.0
18.0
51.0
43.0
79.0
84.0
91.0
92.0
89.0
72.0
81.0
106.0
96.0
90.0
87.0
70.0
77.0
38.0
15.0
44.0
32.0
5.0
29.0
-4.0
-54.0
-81.0
-49.0
-43.0
-81.0
-99.0
-100.0
-113.0
-125.0
-106.0
-82.0
-72.0
-59.0
-65.0
-90.0
-98.0
-61.0
-59.0
-70.0
-70.0
-60.0
-47.0
-33.0
-10.0
-18.0
-13.0
13.0
45.0
31.0
68.0
60.0
10.0
60.0
53.0
16.0
13.0
-21.0
-7.0
0.0
1.0
-27.0
-31.0
-34.0
-12.0
10.0
18.0
52.0
74.0
101.0
97.0
99.0
76.0
82.0
41.0
7.0
33.0
37.0
6.0
-22.0
-19.0
-12.0
2.0
48.0
57.0
61.0
52.0
46.0
34.0
23.0
31.0
53.0
34.0
-1.0
48.0
52.0
24.0
1.0
-5.0
-34.0
-14.0
-15.0
16.0
37.0
23.0
31.0
10.0
-43.0
-43.0
-59.0
-43.0
-24.0
-2.0
16.0
24.0
71.0
59.0
13.0
27.0
50.0
33.0
-29.0
-48.0
-61.0
-58.0
-13.0
-10.0
-40.0
-14.0
0.0
-26.0
-43.0
-20.0
-36.0
-44.0
-35.0
-17.0
-23.0
20.0
49.0
45.0
-17.0
-51.0
-64.0
-76.0
-77.0
-42.0
-43.0
3.0
-21.0
-33.0
-21.0
-14.0
-15.0
-29.0
-23.0
-22.0
-54.0
-52.0
-86.0
-63.0
-59.0
-50.0
-32.0
-21.0
-32.0
-32.0
-3.0
39.0
83.0
58.0
13.0
6.0
20.0
-23.0
-60.0
-52.0
7.0
26.0
13.0
15.0
29.0
25.0
49.0
115.0
83.0
84.0
79.0
21.0
18.0
13.0
-7.0
-4.0
27.0
24.0
1.0
32.0
65.0
86.0
58.0
74.0
82.0
84.0
105.0
128.0
115.0
93.0
108.0
113.0
95.0
88.0
83.0
23.0
4.0
15.0
61.0
120.0
132.0
111.0
88.0
41.0
8.0
-14.0
5.0
23.0
29.0
24.0
35.0
26.0
27.0
-8.0
23.0
29.0
61.0
77.0
81.0
61.0
26.0
-33.0
-92.0
-84.0
-39.0
26.0
33.0
56.0
72.0
27.0
25.0
40.0
5.0
19.0
64.0
76.0
69.0
43.0
32.0
72.0
82.0
44.0
40.0
40.0
53.0
59.0
69.0
79.0
82.0
86.0
63.0
54.0
85.0
72.0
27.0
16.0
10.0
-14.0
-3.0
1.0
31.0
44.0
69.0
114.0
81.0
62.0
50.0
22.0
6.0
-7.0
5.0
5.0
11.0
26.0
53.0
41.0
4.0
19.0
53.0
45.0
71.0
25.0
20.0
23.0
31.0
37.0
3.0
-22.0
-21.0
-8.0
-26.0
17.0
29.0
30.0
28.0
38.0
43.0
