4 0.352997
5 0.395734
7 0.487269
9 0.568534
11 0.634067
13 0.682504
16 0.729077
20 0.763734
23 0.780488
28 0.800760
33 0.816482
38 0.829551
45 0.844138
52 0.854011
60 0.860644
69 0.863982
79 0.863899
91 0.860194
104 0.853183
119 0.842283
135 0.828308
154 0.809711
174 0.788664
198 0.762233
223 0.733795
252 0.699849
285 0.660158
321 0.616890
362 0.569241
407 0.519893
457 0.469158
513 0.417826
575 0.368335
645 0.322087
723 0.282200
809 0.250332
905 0.226170
1011 0.210395
1130 0.203203
1261 0.204969
1407 0.213130
1570 0.225120
