4 0.211591
5 0.235711
7 0.284641
9 0.329954
11 0.370230
13 0.404615
16 0.445680
20 0.485415
23 0.506853
28 0.532263
33 0.549668
38 0.562012
45 0.573496
52 0.580536
60 0.585596
69 0.589834
79 0.594199
91 0.599656
104 0.605989
119 0.613726
135 0.621998
154 0.631311
174 0.640678
198 0.651835
223 0.663266
252 0.675770
285 0.688272
321 0.699258
362 0.708690
407 0.716375
457 0.722764
513 0.728011
575 0.732405
645 0.736862
723 0.742187
809 0.748660
905 0.756079
1011 0.763878
1130 0.772071
1261 0.780418
1407 0.788466
1570 0.795351
