4 0.403383
5 0.447320
7 0.535506
9 0.608907
11 0.663892
13 0.704024
16 0.745176
20 0.778961
23 0.794615
28 0.809757
33 0.816854
38 0.819258
45 0.817809
52 0.812776
60 0.804467
69 0.793435
79 0.780332
91 0.764506
104 0.748068
119 0.730622
135 0.714128
154 0.697373
174 0.682563
198 0.667806
223 0.655143
252 0.643883
285 0.635783
321 0.631206
362 0.630024
407 0.632009
457 0.636287
513 0.641694
575 0.646599
645 0.649915
723 0.653427
809 0.659405
905 0.668225
1011 0.678163
1130 0.687425
1261 0.696201
1407 0.705228
1570 0.713894
