4 0.520864
5 0.550373
7 0.597018
9 0.638508
11 0.678573
13 0.712365
16 0.747666
20 0.773565
23 0.784404
28 0.794085
33 0.798840
38 0.800706
45 0.799470
52 0.794691
60 0.786453
69 0.775330
79 0.762401
91 0.747746
104 0.733903
119 0.720887
135 0.710161
154 0.700703
174 0.693385
198 0.686669
223 0.680945
252 0.675162
285 0.669381
321 0.664303
362 0.660152
407 0.656974
457 0.654082
513 0.651034
575 0.648000
645 0.645150
723 0.642022
809 0.637753
905 0.632387
1011 0.627141
1130 0.621363
1261 0.615378
1407 0.609869
1570 0.606027
1750 0.605852
