4 0.989108
5 0.983412
7 0.966851
9 0.948587
11 0.929133
13 0.909390
16 0.884996
20 0.864303
23 0.857767
28 0.857251
33 0.862480
38 0.869398
45 0.878497
52 0.885370
60 0.890818
69 0.894757
79 0.897533
91 0.899582
104 0.900822
119 0.901382
135 0.901185
154 0.900030
174 0.897941
198 0.894783
223 0.891024
252 0.886083
285 0.879686
321 0.871880
362 0.862369
407 0.851539
457 0.838888
513 0.824071
575 0.808252
645 0.791727
723 0.774017
809 0.755796
905 0.737065
1011 0.720090
1130 0.704491
1261 0.689391
1407 0.674865
1570 0.659818
1750 0.643092
