4 0.988937
5 0.983023
7 0.965018
9 0.943708
11 0.919473
13 0.893546
16 0.859818
20 0.829577
23 0.819204
28 0.817383
33 0.824699
38 0.834384
45 0.846759
52 0.856062
60 0.863432
69 0.868744
79 0.872343
91 0.874712
104 0.875710
119 0.875500
135 0.874084
154 0.871065
174 0.866597
198 0.860188
223 0.852915
252 0.843935
285 0.832989
321 0.820606
362 0.806741
407 0.792155
457 0.775883
513 0.757937
575 0.740448
645 0.723870
723 0.707183
809 0.689724
905 0.670262
1011 0.650514
1130 0.629509
1261 0.606931
1407 0.584899
1570 0.563209
1750 0.539756
