4 0.597281
5 0.602702
7 0.622813
9 0.650010
11 0.678710
13 0.706356
16 0.744938
20 0.790303
23 0.818257
28 0.853066
33 0.876619
38 0.892973
45 0.908219
52 0.917623
60 0.924200
69 0.928454
79 0.930873
91 0.931862
104 0.931508
119 0.929940
135 0.927449
154 0.923898
174 0.919975
198 0.915280
223 0.910355
252 0.904380
285 0.897051
321 0.888581
362 0.878496
407 0.866668
457 0.853104
513 0.838003
575 0.822747
645 0.808746
723 0.797449
809 0.788470
905 0.781604
1011 0.777047
1130 0.775348
1261 0.777247
1407 0.782617
1570 0.790864
