4 0.720206
5 0.743386
7 0.790111
9 0.827575
11 0.854859
13 0.874469
16 0.894784
20 0.912069
23 0.920550
28 0.929698
33 0.935259
38 0.938826
45 0.941889
52 0.943648
60 0.944698
69 0.944994
79 0.944394
91 0.942531
104 0.939398
119 0.934854
135 0.929458
154 0.922888
174 0.916087
198 0.908295
223 0.900856
252 0.893122
285 0.885193
321 0.877364
362 0.869290
407 0.861261
457 0.852765
513 0.842991
575 0.831860
645 0.818956
723 0.803770
809 0.785758
905 0.764839
1011 0.742501
1130 0.720537
1261 0.700546
1407 0.682297
1570 0.663685
