4 0.141947
5 0.148519
7 0.167005
9 0.193978
11 0.222397
13 0.248425
16 0.279179
20 0.305591
23 0.318144
28 0.333014
33 0.346419
38 0.361023
45 0.381640
52 0.401178
60 0.420793
69 0.438694
79 0.453689
91 0.466604
104 0.476531
119 0.484653
135 0.490981
154 0.497239
174 0.503573
198 0.511576
223 0.520335
252 0.530618
285 0.541737
321 0.552673
362 0.563527
407 0.573520
457 0.582364
513 0.589895
575 0.595430
645 0.598061
723 0.597932
809 0.595248
905 0.590336
1011 0.583086
1130 0.572876
1261 0.560025
1407 0.544746
1570 0.526428
1750 0.505877
