4 0.430605
5 0.401148
7 0.382335
9 0.399734
11 0.434246
13 0.472673
16 0.522958
20 0.572691
23 0.601771
28 0.637854
33 0.663010
38 0.681003
45 0.698549
52 0.710525
60 0.720209
69 0.728515
79 0.736522
91 0.745301
104 0.752386
119 0.757266
135 0.759267
154 0.758426
174 0.754846
198 0.747807
223 0.738123
252 0.725638
285 0.712161
321 0.699800
362 0.688172
407 0.676910
457 0.664907
513 0.651693
575 0.637743
645 0.622308
723 0.603576
809 0.579938
905 0.551390
1011 0.518854
1130 0.484140
1261 0.452217
1407 0.428254
1570 0.413719
1750 0.407174
