4 0.448246
5 0.466241
7 0.509509
9 0.558228
11 0.605584
13 0.647435
16 0.696054
20 0.739669
23 0.761495
28 0.784214
33 0.795784
38 0.800348
45 0.799677
52 0.794612
60 0.786978
69 0.778747
79 0.771246
91 0.764389
104 0.758488
119 0.752422
135 0.746399
154 0.739628
174 0.732889
198 0.725027
223 0.716575
252 0.706170
285 0.693845
321 0.680065
362 0.664220
407 0.646738
457 0.626667
513 0.603539
575 0.577950
645 0.549104
723 0.517119
809 0.482157
905 0.445068
1011 0.408168
1130 0.373149
1261 0.342821
1407 0.317610
1570 0.296536
