4 0.541581
5 0.569334
7 0.630144
9 0.688249
11 0.736760
13 0.774419
16 0.816418
20 0.857102
23 0.880030
28 0.906975
33 0.923514
38 0.933637
45 0.942260
52 0.947494
60 0.951083
69 0.953411
79 0.954743
91 0.955310
104 0.955213
119 0.954655
135 0.953850
154 0.952797
174 0.951635
198 0.950159
223 0.948453
252 0.946187
285 0.943059
321 0.938865
362 0.933217
407 0.926242
457 0.918006
513 0.908378
575 0.897605
645 0.885387
723 0.872568
809 0.860081
905 0.847674
1011 0.835402
1130 0.822575
1261 0.808969
1407 0.793159
1570 0.774863
1750 0.756923
