4 0.357756
5 0.350701
7 0.362322
9 0.394726
11 0.435946
13 0.476510
16 0.526963
20 0.576385
23 0.605641
28 0.643480
33 0.670733
38 0.690524
45 0.709540
52 0.721725
60 0.730565
69 0.736907
79 0.740944
91 0.742966
104 0.743039
119 0.741170
135 0.737289
154 0.730615
174 0.721739
198 0.708748
223 0.693018
252 0.673832
285 0.653242
321 0.634603
362 0.618652
407 0.604538
457 0.590024
513 0.574377
575 0.557897
645 0.540153
723 0.522225
809 0.504396
905 0.487180
1011 0.472645
1130 0.461422
1261 0.452495
1407 0.445354
1570 0.437767
