4 0.490321
5 0.478994
7 0.470772
9 0.473483
11 0.482201
13 0.493984
16 0.513673
20 0.541865
23 0.564495
28 0.600915
33 0.631393
38 0.656319
45 0.682781
52 0.700856
60 0.714554
69 0.723507
79 0.728358
91 0.730085
104 0.729525
119 0.727559
135 0.724585
154 0.719714
174 0.713739
198 0.706021
223 0.697311
252 0.687236
285 0.677642
321 0.671442
362 0.669420
407 0.671535
457 0.676926
513 0.685126
575 0.696028
645 0.709321
723 0.723982
809 0.738656
905 0.753581
1011 0.768676
1130 0.784116
1261 0.798018
1407 0.809753
1570 0.819967
