4 0.666581
5 0.658436
7 0.659680
9 0.673233
11 0.689759
13 0.705272
16 0.724836
20 0.744480
23 0.755330
28 0.768126
33 0.776094
38 0.780731
45 0.783501
52 0.783503
60 0.781553
69 0.777981
79 0.773380
91 0.768330
104 0.764184
119 0.760663
135 0.757598
154 0.754171
174 0.750330
198 0.745085
223 0.739229
252 0.731962
285 0.722718
321 0.711233
362 0.696761
407 0.679936
457 0.661434
513 0.642282
575 0.623659
645 0.606011
723 0.591128
809 0.580145
905 0.572273
1011 0.567435
1130 0.563215
1261 0.558289
1407 0.552804
1570 0.545699
