4 0.495052
5 0.525359
7 0.598085
9 0.666982
11 0.721476
13 0.763306
16 0.808614
20 0.848532
23 0.868912
28 0.891493
33 0.905664
38 0.915256
45 0.924203
52 0.930069
60 0.934448
69 0.937475
79 0.939283
91 0.940050
104 0.939783
119 0.938624
135 0.936722
154 0.933721
174 0.929962
198 0.924948
223 0.919454
252 0.913130
285 0.906183
321 0.899005
362 0.891510
407 0.884088
457 0.876570
513 0.868834
575 0.861328
645 0.854244
723 0.847378
809 0.840027
905 0.831432
1011 0.822158
1130 0.813275
1261 0.805098
1407 0.798444
1570 0.792894
1750 0.787728
