4 0.679461
5 0.671789
7 0.679083
9 0.696005
11 0.708985
13 0.717281
16 0.723427
20 0.724435
23 0.723384
28 0.724550
33 0.731054
38 0.739847
45 0.751509
52 0.761344
60 0.770516
69 0.778525
79 0.785175
91 0.790802
104 0.794870
119 0.797816
135 0.799532
154 0.800219
174 0.799860
198 0.798451
223 0.796367
252 0.793743
285 0.791028
321 0.788796
362 0.787390
407 0.787008
457 0.787695
513 0.789780
575 0.794001
645 0.801207
723 0.810773
809 0.821083
905 0.830779
1011 0.838539
1130 0.843184
1261 0.843518
1407 0.839250
1570 0.829561
1750 0.814174
