4 0.181969
5 0.225740
7 0.318540
9 0.402861
11 0.475130
13 0.534310
16 0.600040
20 0.658361
23 0.689089
28 0.725620
33 0.750671
38 0.768810
45 0.787014
52 0.799671
60 0.810167
69 0.818950
79 0.826427
91 0.833791
104 0.840068
119 0.845543
135 0.849625
154 0.852673
174 0.854650
198 0.856522
223 0.858467
252 0.860800
285 0.863321
321 0.865721
362 0.868110
407 0.870429
457 0.872897
513 0.876079
575 0.879452
645 0.882154
723 0.883607
809 0.883969
905 0.883968
1011 0.883905
1130 0.884031
1261 0.884944
1407 0.886553
1570 0.887560
1750 0.887733
