4 0.545105
5 0.611746
7 0.710028
9 0.778656
11 0.828646
13 0.863978
16 0.898540
20 0.926371
23 0.939987
28 0.954635
33 0.963206
38 0.968400
45 0.972742
52 0.975286
60 0.976900
69 0.977678
79 0.977685
91 0.976884
104 0.975304
119 0.972764
135 0.969395
154 0.964750
174 0.959322
198 0.952361
223 0.944970
252 0.936493
285 0.927032
321 0.916865
362 0.905430
407 0.892886
457 0.879008
513 0.863755
575 0.847657
645 0.830225
723 0.811627
809 0.791566
905 0.769372
1011 0.746627
1130 0.725896
1261 0.710715
1407 0.701887
1570 0.696070
1750 0.690973
