4 0.573720
5 0.581491
7 0.607460
9 0.639968
11 0.674336
13 0.706739
16 0.747930
20 0.790629
23 0.815666
28 0.846561
33 0.867872
38 0.883181
45 0.898115
52 0.908097
60 0.915454
69 0.920017
79 0.921857
91 0.921153
104 0.918024
119 0.912229
135 0.904258
154 0.893182
174 0.880101
198 0.862860
223 0.843560
252 0.819605
285 0.790372
321 0.756389
362 0.715914
407 0.670872
457 0.622453
513 0.572611
575 0.525897
645 0.486179
723 0.457352
809 0.439823
905 0.431658
1011 0.430244
1130 0.433401
1261 0.440621
1407 0.452203
1570 0.465076
