-238.0
-219.0
-275.0
-235.0
-225.0
-237.0
-206.0
-200.0
-213.0
-157.0
-202.0
-173.0
-162.0
-233.0
-180.0
-267.0
-252.0
-241.0
-288.0
-227.0
-242.0
-249.0
-211.0
-221.0
-246.0
-237.0
-242.0
-232.0
-225.0
-220.0
-205.0
-218.0
-238.0
-219.0
-267.0
-243.0
-242.0
-258.0
-218.0
-225.0
-216.0
-166.0
-209.0
-195.0
-188.0
-197.0
-212.0
-197.0
-236.0
-199.0
-182.0
-181.0
-212.0
-229.0
-173.0
-174.0
-222.0
-185.0
-286.0
-208.0
-246.0
-303.0
-242.0
-232.0
-227.0
-227.0
-219.0
-222.0
-201.0
-233.0
-222.0
-242.0
-263.0
-232.0
-283.0
-262.0
-240.0
-262.0
-280.0
-324.0
-301.0
-305.0
-325.0
-314.0
-285.0
-295.0
-310.0
-316.0
-274.0
-275.0
-275.0
-261.0
-265.0
-233.0
-231.0
-234.0
-231.0
-210.0
-237.0
-176.0
-182.0
-181.0
-214.0
-205.0
-232.0
-186.0
-207.0
-233.0
-215.0
-237.0
-191.0
-209.0
-202.0
-192.0
-199.0
-202.0
-175.0
-214.0
-164.0
-189.0
-176.0
-203.0
-214.0
-207.0
-153.0
-201.0
-142.0
-163.0
-169.0
-143.0
-168.0
-168.0
-140.0
-168.0
-121.0
-165.0
-167.0
-168.0
-187.0
-148.0
-116.0
-172.0
-144.0
-119.0
-140.0
-105.0
-159.0
-161.0
-163.0
-189.0
-195.0
-202.0
-222.0
-176.0
-148.0
-135.0
-122.0
-131.0
-125.0
-118.0
-129.0
-120.0
-129.0
-115.0
-113.0
-121.0
-121.0
-111.0
-145.0
-133.0
-152.0
-104.0
-119.0
-128.0
-164.0
-168.0
-148.0
-127.0
-147.0
-107.0
-91.0
-114.0
-76.0
-104.0
-37.0
-11.0
-32.0
33.0
-12.0
-46.0
-3.0
-18.0
-42.0
15.0
-3.0
-6.0
-2.0
-36.0
-36.0
-45.0
-72.0
-41.0
-94.0
-66.0
-72.0
-71.0
-65.0
-64.0
-70.0
-63.0
-77.0
-61.0
-39.0
-89.0
-61.0
-40.0
-37.0
-4.0
-79.0
-26.0
-7.0
17.0
19.0
26.0
7.0
20.0
-9.0
3.0
11.0
-11.0
5.0
-3.0
14.0
63.0
18.0
62.0
85.0
69.0
59.0
40.0
32.0
80.0
38.0
39.0
32.0
2.0
48.0
62.0
45.0
58.0
53.0
62.0
44.0
38.0
48.0
3.0
-6.0
18.0
-27.0
-15.0
18.0
-25.0
-1.0
5.0
-32.0
0.0
8.0
3.0
12.0
-7.0
-34.0
-14.0
-25.0
11.0
3.0
14.0
16.0
-35.0
-11.0
-35.0
-26.0
-5.0
-8.0
-8.0
-36.0
-13.0
-9.0
-9.0
-33.0
-1.0
-29.0
-13.0
-22.0
-41.0
-37.0
-65.0
-48.0
-26.0
-59.0
-55.0
-27.0
-87.0
-39.0
-29.0
6.0
16.0
-6.0
-32.0
-22.0
-42.0
7.0
10.0
-22.0
31.0
1.0
12.0
32.0
14.0
23.0
1.0
26.0
6.0
-10.0
34.0
16.0
1.0
23.0
43.0
17.0
64.0
48.0
76.0
88.0
72.0
102.0
89.0
53.0
81.0
49.0
89.0
116.0
100.0
122.0
116.0
122.0
124.0
79.0
109.0
70.0
35.0
36.0
15.0
40.0
63.0
74.0
5.0
94.0
17.0
92.0
-2.0
16.0
65.0
39.0
78.0
67.0
42.0
67.0
84.0
52.0
80.0
18.0
57.0
53.0
22.0
26.0
-22.0
64.0
80.0
41.0
74.0
51.0
51.0
78.0
78.0
75.0
90.0
93.0
112.0
132.0
145.0
139.0
160.0
130.0
165.0
80.0
60.0
118.0
64.0
154.0
61.0
72.0
117.0
88.0
76.0
83.0
77.0
62.0
73.0
43.0
89.0
66.0
91.0
119.0
96.0
150.0
73.0
80.0
107.0
91.0
106.0
127.0
53.0
87.0
94.0
97.0
136.0
96.0
73.0
75.0
21.0
80.0
27.0
33.0
50.0
52.0
78.0
114.0
93.0
101.0
100.0
74.0
89.0
42.0
63.0
78.0
55.0
82.0
24.0
23.0
36.0
12.0
32.0
45.0
3.0
37.0
23.0
41.0
76.0
28.0
52.0
58.0
29.0
64.0
65.0
39.0
99.0
62.0
77.0
110.0
72.0
81.0
83.0
64.0
111.0
64.0
67.0
78.0
61.0
91.0
67.0
60.0
81.0
50.0
122.0
139.0
91.0
148.0
72.0
75.0
115.0
75.0
107.0
115.0
105.0
105.0
114.0
99.0
127.0
146.0
169.0
188.0
123.0
162.0
148.0
144.0
192.0
144.0
149.0
183.0
148.0
194.0
154.0
162.0
198.0
214.0
206.0
207.0
184.0
193.0
175.0
166.0
195.0
166.0
188.0
198.0
200.0
231.0
200.0
182.0
234.0
175.0
194.0
220.0
165.0
188.0
180.0
188.0
191.0
195.0
205.0
271.0
227.0
224.0
233.0
213.0
259.0
254.0
304.0
307.0
280.0
281.0
241.0
229.0
230.0
185.0
221.0
216.0
192.0
221.0
203.0
191.0
220.0
218.0
220.0
213.0
180.0
223.0
212.0
203.0
244.0
203.0
204.0
250.0
207.0
223.0
233.0
207.0
244.0
224.0
246.0
267.0
253.0
292.0
284.0
278.0
291.0
272.0
269.0
274.0
213.0
244.0
249.0
254.0
298.0
251.0
272.0
268.0
256.0
298.0
274.0
267.0
282.0
251.0
276.0
268.0
230.0
272.0
249.0
238.0
268.0
244.0
230.0
242.0
225.0
247.0
229.0
195.0
221.0
193.0
199.0
221.0
177.0
241.0
221.0
190.0
238.0
203.0
231.0
218.0
181.0
193.0
177.0
133.0
197.0
187.0
202.0
186.0
168.0
176.0
175.0
160.0
180.0
166.0
174.0
200.0
156.0
207.0
191.0
172.0
226.0
196.0
218.0
245.0
218.0
268.0
228.0
163.0
201.0
154.0
156.0
152.0
98.0
137.0
123.0
140.0
205.0
199.0
241.0
262.0
210.0
209.0
158.0
136.0
160.0
129.0
162.0
183.0
150.0
193.0
187.0
200.0
242.0
177.0
161.0
175.0
149.0
152.0
152.0
137.0
160.0
150.0
140.0
182.0
109.0
153.0
114.0
121.0
140.0
117.0
142.0
139.0
157.0
203.0
190.0
187.0
224.0
184.0
190.0
205.0
183.0
197.0
193.0
200.0
241.0
229.0
266.0
279.0
235.0
259.0
241.0
201.0
229.0
195.0
237.0
243.0
246.0
233.0
204.0
189.0
230.0
192.0
212.0
216.0
171.0
192.0
168.0
131.0
171.0
115.0
147.0
167.0
143.0
170.0
175.0
150.0
185.0
202.0
197.0
219.0
179.0
158.0
169.0
148.0
165.0
133.0
170.0
190.0
174.0
204.0
180.0
143.0
191.0
148.0
149.0
100.0
98.0
111.0
107.0
102.0
129.0
98.0
119.0
125.0
99.0
117.0
110.0
85.0
119.0
95.0
107.0
132.0
96.0
137.0
127.0
132.0
153.0
162.0
194.0
204.0
153.0
134.0
101.0
88.0
105.0
67.0
78.0
90.0
68.0
121.0
134.0
112.0
141.0
111.0
135.0
135.0
100.0
130.0
122.0
96.0
109.0
111.0
142.0
134.0
96.0
126.0
93.0
115.0
146.0
99.0
86.0
86.0
69.0
83.0
60.0
73.0
84.0
78.0
77.0
86.0
59.0
54.0
86.0
86.0
94.0
52.0
70.0
90.0
43.0
94.0
80.0
56.0
86.0
70.0
76.0
105.0
79.0
115.0
93.0
73.0
128.0
92.0
104.0
104.0
64.0
107.0
96.0
71.0
118.0
121.0
154.0
173.0
131.0
150.0
179.0
126.0
180.0
153.0
157.0
161.0
131.0
166.0
142.0
134.0
150.0
97.0
119.0
121.0
69.0
102.0
83.0
84.0
98.0
117.0
116.0
101.0
90.0
125.0
121.0
118.0
147.0
134.0
151.0
155.0
147.0
177.0
183.0
135.0
150.0
115.0
116.0
116.0
124.0
150.0
163.0
160.0
220.0
198.0
177.0
138.0
129.0
145.0
90.0
76.0
101.0
113.0
142.0
162.0
158.0
186.0
166.0
170.0
181.0
137.0
149.0
138.0
95.0
161.0
137.0
136.0
173.0
138.0
156.0
155.0
105.0
117.0
125.0
138.0
157.0
110.0
105.0
110.0
58.0
93.0
51.0
30.0
61.0
40.0
72.0
96.0
91.0
133.0
110.0
76.0
83.0
74.0
35.0
50.0
3.0
6.0
-43.0
-39.0
-5.0
0.0
49.0
72.0
94.0
90.0
88.0
59.0
52.0
29.0
37.0
58.0
27.0
51.0
27.0
34.0
56.0
27.0
50.0
56.0
4.0
46.0
20.0
17.0
48.0
11.0
7.0
1.0
-4.0
22.0
26.0
26.0
61.0
40.0
47.0
49.0
36.0
63.0
42.0
45.0
77.0
33.0
46.0
59.0
32.0
83.0
62.0
44.0
48.0
20.0
10.0
45.0
37.0
54.0
62.0
54.0
61.0
17.0
23.0
22.0
21.0
74.0
58.0
72.0
88.0
40.0
7.0
-11.0
-38.0
10.0
-7.0
-11.0
19.0
-4.0
-8.0
16.0
-8.0
14.0
-23.0
-22.0
0.0
-21.0
-7.0
8.0
-22.0
-4.0
-26.0
-36.0
-5.0
-20.0
-8.0
-9.0
-39.0
-12.0
-24.0
-44.0
-31.0
-46.0
-23.0
-39.0
-91.0
-51.0
-67.0
-63.0
-12.0
-33.0
-21.0
-28.0
-54.0
-26.0
-54.0
-73.0
-44.0
-60.0
-54.0
-30.0
-43.0
-17.0
-22.0
-11.0
12.0
-27.0
-45.0
-46.0
-63.0
-11.0
-23.0
-25.0
-9.0
-33.0
-13.0
12.0
-10.0
28.0
-2.0
-7.0
-5.0
-65.0
-30.0
2.0
-3.0
6.0
-10.0
3.0
9.0
-10.0
5.0
46.0
3.0
13.0
-15.0
-36.0
-33.0
-62.0
-12.0
22.0
18.0
59.0
22.0
9.0
13.0
-7.0
-11.0
-7.0
-59.0
-62.0
-72.0
-84.0
-72.0
-95.0
-73.0
-47.0
-53.0
-15.0
-11.0
-31.0
1.0
-2.0
-7.0
-28.0
-54.0
-27.0
-71.0
-84.0
-55.0
-49.0
-26.0
-17.0
-52.0
-41.0
-74.0
-53.0
-49.0
-67.0
-32.0
-42.0
-63.0
-63.0
-95.0
-122.0
-84.0
-115.0
-113.0
-96.0
-119.0
-112.0
-131.0
-101.0
-49.0
-91.0
-60.0
-54.0
-83.0
-74.0
-84.0
-109.0
-100.0
-150.0
-156.0
-145.0
-164.0
-126.0
-133.0
-145.0
-71.0
-46.0
-38.0
-49.0
-78.0
-78.0
-119.0
-146.0
-147.0
-184.0
-145.0
-115.0
-137.0
-123.0
-185.0
-143.0
-115.0
-107.0
-82.0
-74.0
-94.0
-63.0
-98.0
-122.0
-117.0
-149.0
-155.0
-137.0
-116.0
-61.0
-49.0
-50.0
-40.0
-48.0
-47.0
-32.0
-46.0
-12.0
-27.0
-53.0
-51.0
-95.0
-64.0
-40.0
-85.0
-63.0
-93.0
-89.0
-24.0
-7.0
21.0
37.0
6.0
39.0
7.0
-54.0
-3.0
-55.0
-73.0
-68.0
-116.0
-98.0
-141.0
-180.0
-157.0
-135.0
-67.0
-13.0
-14.0
9.0
-8.0
-50.0
-40.0
-63.0
-35.0
-48.0
-98.0
-81.0
-89.0
-86.0
-45.0
-86.0
-16.0
30.0
31.0
70.0
35.0
-24.0
-11.0
-23.0
2.0
8.0
-7.0
25.0
11.0
-19.0
22.0
10.0
65.0
77.0
77.0
96.0
85.0
70.0
84.0
54.0
58.0
98.0
59.0
42.0
27.0
4.0
63.0
50.0
109.0
138.0
120.0
138.0
108.0
71.0
96.0
42.0
52.0
50.0
21.0
51.0
32.0
-3.0
2.0
4.0
31.0
34.0
4.0
28.0
7.0
-27.0
-27.0
-72.0
-68.0
-76.0
-98.0
-96.0
-117.0
-143.0
-111.0
-115.0
-75.0
-31.0
-53.0
-7.0
-4.0
-6.0
21.0
7.0
-12.0
-16.0
-55.0
-43.0
-64.0
-62.0
-61.0
-105.0
-62.0
-45.0
-58.0
-5.0
-17.0
-21.0
13.0
-10.0
-20.0
-22.0
-39.0
-11.0
-67.0
-93.0
-109.0
-150.0
-143.0
-114.0
-116.0
-68.0
-41.0
1.0
17.0
-16.0
-17.0
-45.0
-77.0
-63.0
-107.0
-118.0
-124.0
-154.0
-143.0
-143.0
-126.0
-47.0
-32.0
-8.0
29.0
-9.0
5.0
10.0
-13.0
-15.0
-27.0
-52.0
-13.0
-43.0
-61.0
-93.0
-144.0
-86.0
-51.0
-42.0
-15.0
-33.0
-3.0
-23.0
-50.0
-26.0
-53.0
-87.0
-50.0
-101.0
-72.0
-72.0
-83.0
-56.0
-41.0
-39.0
14.0
-5.0
21.0
49.0
7.0
20.0
2.0
-7.0
22.0
-34.0
-43.0
-53.0
-77.0
-14.0
15.0
45.0
77.0
56.0
58.0
89.0
66.0
98.0
71.0
46.0
50.0
-26.0
-35.0
-59.0
-80.0
-30.0
-30.0
-20.0
48.0
46.0
64.0
75.0
43.0
67.0
47.0
37.0
23.0
-13.0
-22.0
-13.0
-37.0
-19.0
-56.0
-56.0
12.0
42.0
66.0
91.0
65.0
84.0
61.0
46.0
45.0
-11.0
-10.0
-7.0
-37.0
-23.0
-56.0
-70.0
-51.0
-74.0
-57.0
5.0
43.0
92.0
96.0
102.0
108.0
66.0
44.0
43.0
23.0
40.0
27.0
-1.0
34.0
1.0
27.0
52.0
79.0
116.0
102.0
113.0
126.0
95.0
119.0
105.0
59.0
77.0
62.0
88.0
117.0
59.0
77.0
87.0
77.0
123.0
151.0
168.0
184.0
114.0
119.0
99.0
74.0
86.0
79.0
69.0
112.0
84.0
110.0
100.0
77.0
96.0
75.0
68.0
90.0
53.0
59.0
45.0
54.0
60.0
72.0
35.0
47.0
27.0
42.0
58.0
44.0
74.0
90.0
56.0
77.0
20.0
30.0
14.0
2.0
40.0
36.0
15.0
47.0
10.0
12.0
29.0
1.0
13.0
-12.0
-28.0
3.0
-28.0
-31.0
-21.0
-22.0
-4.0
-21.0
-50.0
-1.0
-24.0
-2.0
5.0
-16.0
23.0
21.0
6.0
20.0
-22.0
-4.0
4.0
-23.0
-10.0
-19.0
-38.0
-16.0
-48.0
-29.0
-10.0
-56.0
-13.0
-21.0
-17.0
16.0
-1.0
10.0
29.0
-12.0
3.0
-4.0
-23.0
2.0
-15.0
32.0
60.0
31.0
82.0
50.0
54.0
69.0
39.0
51.0
48.0
27.0
50.0
14.0
-25.0
3.0
-31.0
-21.0
-7.0
-39.0
-6.0
4.0
-36.0
-34.0
-61.0
-63.0
-40.0
-77.0
-44.0
-74.0
-77.0
-28.0
-33.0
-5.0
8.0
-24.0
32.0
13.0
-15.0
-16.0
-89.0
-70.0
-73.0
-100.0
-84.0
-104.0
-113.0
-80.0
-79.0
-70.0
-47.0
-52.0
-31.0
-52.0
-61.0
-57.0
-77.0
-85.0
-67.0
-119.0
-113.0
-136.0
-147.0
-101.0
-90.0
-78.0
-48.0
-77.0
-64.0
-60.0
-68.0
-31.0
-80.0
-94.0
-90.0
-92.0
-73.0
-116.0
-117.0
-92.0
-109.0
-67.0
-60.0
-79.0
-74.0
-78.0
-99.0
-67.0
-81.0
-76.0
-87.0
-112.0
-89.0
-112.0
-121.0
-103.0
-143.0
-99.0
-86.0
-92.0
-65.0
-78.0
-90.0
-71.0
-92.0
-99.0
-105.0
-128.0
-115.0
-107.0
-101.0
-68.0
-95.0
-98.0
-77.0
-113.0
-61.0
-58.0
-55.0
-33.0
-67.0
-57.0
-63.0
-73.0
-31.0
-73.0
-93.0
-63.0
-71.0
-64.0
-79.0
-86.0
-76.0
-79.0
-102.0
-82.0
-92.0
-67.0
-69.0
-81.0
-54.0
-48.0
-62.0
-34.0
-68.0
-48.0
-46.0
-68.0
-33.0
-52.0
-53.0
-31.0
-69.0
-59.0
-36.0
-74.0
-62.0
-61.0
-46.0
-26.0
-42.0
-23.0
-1.0
-11.0
-23.0
-52.0
-67.0
-55.0
-97.0
-111.0
-86.0
-124.0
-104.0
-111.0
-122.0
-111.0
-114.0
-118.0
-110.0
-109.0
-112.0
-101.0
-117.0
-106.0
-150.0
-119.0
-112.0
-150.0
-114.0
-140.0
-148.0
-134.0
-139.0
-116.0
-107.0
-129.0
-79.0
-70.0
-79.0
-27.0
-47.0
-44.0
-33.0
-64.0
-43.0
-58.0
-67.0
-27.0
-72.0
-55.0
-29.0
-26.0
-11.0
3.0
-35.0
5.0
-31.0
-39.0
4.0
-26.0
-11.0
-13.0
-17.0
8.0
-10.0
-9.0
-6.0
-27.0
16.0
12.0
2.0
26.0
11.0
19.0
5.0
-42.0
12.0
-2.0
-26.0
4.0
-45.0
-33.0
-16.0
-45.0
4.0
-21.0
-35.0
4.0
-10.0
-1.0
25.0
-16.0
7.0
7.0
20.0
45.0
19.0
39.0
58.0
60.0
68.0
53.0
59.0
85.0
51.0
56.0
88.0
81.0
120.0
107.0
98.0
136.0
112.0
107.0
126.0
119.0
146.0
167.0
148.0
172.0
153.0
159.0
173.0
157.0
203.0
201.0
160.0
201.0
195.0
227.0
285.0
219.0
240.0
184.0
181.0
202.0
177.0
194.0
210.0
194.0
223.0
220.0
253.0
281.0
248.0
265.0
279.0
261.0
306.0
293.0
260.0
278.0
228.0
229.0
246.0
218.0
241.0
228.0
205.0
243.0
216.0
233.0
242.0
215.0
223.0
210.0
212.0
243.0
218.0
216.0
236.0
205.0
227.0
231.0
234.0
267.0
243.0
235.0
253.0
210.0
225.0
230.0
223.0
244.0
204.0
210.0
181.0
195.0
219.0
209.0
233.0
274.0
240.0
248.0
260.0
235.0
240.0
204.0
221.0
188.0
216.0
202.0
230.0
204.0
238.0
216.0
191.0
219.0
192.0
230.0
248.0
232.0
258.0
251.0
251.0
274.0
258.0
251.0
264.0
223.0
244.0
221.0
247.0
253.0
215.0
222.0
234.0
211.0
230.0
221.0
238.0
296.0
274.0
276.0
270.0
259.0
263.0
249.0
227.0
270.0
232.0
249.0
261.0
212.0
235.0
237.0
250.0
279.0
270.0
276.0
250.0
215.0
248.0
231.0
220.0
281.0
243.0
252.0
225.0
203.0
231.0
230.0
199.0
264.0
205.0
227.0
215.0
194.0
222.0
231.0
206.0
248.0
230.0
223.0
248.0
213.0
235.0
206.0
179.0
220.0
187.0
192.0
191.0
169.0
178.0
172.0
183.0
219.0
194.0
200.0
236.0
204.0
245.0
239.0
237.0
269.0
225.0
220.0
243.0
213.0
231.0
215.0
204.0
232.0
222.0
230.0
234.0
266.0
290.0
261.0
242.0
251.0
214.0
225.0
241.0
201.0
227.0
225.0
237.0
274.0
257.0
274.0
295.0
286.0
288.0
256.0
259.0
257.0
227.0
244.0
259.0
222.0
255.0
250.0
244.0
287.0
229.0
267.0
262.0
230.0
253.0
229.0
205.0
228.0
201.0
225.0
235.0
186.0
223.0
190.0
183.0
186.0
164.0
153.0
170.0
131.0
142.0
140.0
133.0
163.0
137.0
124.0
144.0
117.0
152.0
150.0
126.0
184.0
151.0
162.0
178.0
164.0
193.0
191.0
158.0
146.0
138.0
159.0
152.0
116.0
158.0
159.0
153.0
178.0
127.0
112.0
115.0
84.0
104.0
87.0
54.0
73.0
58.0
73.0
62.0
31.0
61.0
41.0
15.0
43.0
10.0
24.0
22.0
-7.0
17.0
31.0
16.0
62.0
48.0
34.0
37.0
11.0
47.0
96.0
53.0
70.0
72.0
101.0
117.0
90.0
120.0
106.0
89.0
110.0
79.0
79.0
96.0
67.0
94.0
71.0
47.0
62.0
76.0
90.0
97.0
60.0
84.0
83.0
91.0
122.0
80.0
62.0
81.0
50.0
67.0
43.0
27.0
56.0
55.0
68.0
92.0
46.0
79.0
83.0
66.0
78.0
55.0
71.0
84.0
71.0
118.0
101.0
94.0
105.0
101.0
104.0
100.0
59.0
57.0
30.0
13.0
50.0
54.0
65.0
74.0
54.0
100.0
84.0
78.0
116.0
63.0
89.0
122.0
74.0
101.0
87.0
87.0
139.0
99.0
103.0
122.0
97.0
122.0
101.0
81.0
112.0
100.0
98.0
111.0
79.0
106.0
76.0
94.0
117.0
91.0
76.0
81.0
72.0
119.0
129.0
110.0
111.0
64.0
72.0
79.0
37.0
56.0
76.0
64.0
82.0
49.0
62.0
70.0
48.0
85.0
73.0
68.0
70.0
60.0
64.0
119.0
66.0
80.0
74.0
64.0
73.0
72.0
80.0
97.0
44.0
78.0
55.0
10.0
40.0
32.0
37.0
61.0
42.0
53.0
48.0
6.0
34.0
10.0
3.0
35.0
36.0
53.0
37.0
21.0
25.0
8.0
30.0
48.0
24.0
39.0
64.0
44.0
71.0
23.0
26.0
50.0
31.0
44.0
48.0
58.0
65.0
56.0
69.0
69.0
37.0
74.0
37.0
34.0
53.0
43.0
58.0
76.0
39.0
58.0
55.0
44.0
56.0
31.0
39.0
45.0
33.0
51.0
24.0
11.0
42.0
42.0
43.0
47.0
5.0
31.0
22.0
24.0
43.0
24.0
15.0
54.0
35.0
76.0
95.0
95.0
131.0
116.0
125.0
128.0
79.0
97.0
68.0
58.0
84.0
74.0
93.0
127.0
102.0
136.0
156.0
137.0
173.0
149.0
141.0
165.0
180.0
194.0
194.0
151.0
148.0
121.0
147.0
155.0
137.0
151.0
143.0
146.0
170.0
129.0
124.0
140.0
124.0
146.0
138.0
127.0
140.0
125.0
149.0
170.0
139.0
152.0
144.0
130.0
165.0
147.0
171.0
182.0
144.0
176.0
162.0
157.0
164.0
136.0
144.0
163.0
129.0
159.0
166.0
168.0
199.0
202.0
202.0
243.0
222.0
247.0
244.0
265.0
281.0
223.0
201.0
202.0
186.0
228.0
215.0
193.0
233.0
216.0
216.0
224.0
167.0
215.0
203.0
175.0
206.0
192.0
176.0
181.0
166.0
178.0
173.0
155.0
193.0
135.0
133.0
148.0
136.0
152.0
127.0
135.0
169.0
141.0
153.0
143.0
118.0
151.0
153.0
128.0
161.0
155.0
156.0
174.0
153.0
155.0
161.0
146.0
166.0
163.0
178.0
179.0
158.0
188.0
191.0
172.0
199.0
166.0
166.0
149.0
117.0
139.0
136.0
142.0
159.0
97.0
113.0
137.0
76.0
130.0
109.0
91.0
116.0
120.0
137.0
172.0
165.0
197.0
160.0
129.0
156.0
117.0
124.0
160.0
106.0
120.0
143.0
141.0
157.0
132.0
127.0
125.0
104.0
132.0
113.0
111.0
111.0
80.0
101.0
97.0
69.0
124.0
112.0
91.0
111.0
105.0
120.0
140.0
110.0
136.0
116.0
106.0
136.0
135.0
143.0
157.0
111.0
139.0
125.0
122.0
155.0
116.0
140.0
149.0
152.0
138.0
128.0
130.0
139.0
108.0
107.0
118.0
82.0
109.0
120.0
87.0
97.0
81.0
102.0
107.0
72.0
90.0
121.0
73.0
81.0
64.0
65.0
84.0
56.0
104.0
90.0
72.0
89.0
70.0
76.0
93.0
67.0
67.0
88.0
54.0
102.0
51.0
67.0
79.0
62.0
90.0
77.0
56.0
101.0
72.0
43.0
51.0
30.0
42.0
25.0
25.0
39.0
-1.0
6.0
22.0
-5.0
29.0
14.0
4.0
-2.0
-21.0
-6.0
3.0
-38.0
6.0
0.0
-6.0
4.0
-17.0
-10.0
-15.0
-36.0
-42.0
-33.0
-60.0
-30.0
-51.0
-12.0
1.0
-15.0
-27.0
-7.0
-33.0
-11.0
-29.0
-24.0
-11.0
-52.0
-34.0
-33.0
-71.0
-42.0
-78.0
-82.0
-86.0
-90.0
-75.0
-97.0
-121.0
-116.0
-128.0
-123.0
-108.0
-149.0
-120.0
-130.0
-138.0
-103.0
-130.0
-118.0
-113.0
-159.0
-130.0
-134.0
-148.0
-107.0
-146.0
-140.0
-150.0
-185.0
-164.0
-177.0
-199.0
-147.0
-161.0
-156.0
-134.0
-163.0
-128.0
-145.0
-166.0
-156.0
-159.0
-158.0
-140.0
-167.0
-161.0
-172.0
-179.0
-157.0
-186.0
-183.0
-153.0
-178.0
-164.0
-157.0
-191.0
-144.0
-183.0
-163.0
-141.0
-186.0
-167.0
-192.0
-208.0
-182.0
-223.0
-190.0
-181.0
-229.0
-205.0
-214.0
-202.0
-182.0
-211.0
-220.0
-212.0
-231.0
-205.0
-220.0
-245.0
-206.0
-237.0
-236.0
-218.0
-242.0
-197.0
-207.0
-212.0
-176.0
-213.0
-188.0
-190.0
-216.0
-220.0
-176.0
-224.0
-204.0
-232.0
-227.0
-204.0
-223.0
-182.0
-191.0
-194.0
-159.0
-176.0
-146.0
-102.0
-155.0
-156.0
-186.0
-164.0
-151.0
-155.0
-117.0
-109.0
-139.0
-120.0
-136.0
-163.0
-157.0
-210.0
-202.0
-190.0
-246.0
-221.0
-256.0
-261.0
-204.0
-208.0
-169.0
-133.0
-154.0
-110.0
-129.0
-156.0
-127.0
-148.0
-149.0
-147.0
-195.0
-183.0
-196.0
-206.0
-163.0
-192.0
-194.0
-172.0
-162.0
-130.0
-143.0
-156.0
-136.0
-130.0
-124.0
-148.0
-184.0
-158.0
-184.0
-178.0
-139.0
-178.0
-136.0
-129.0
-136.0
-97.0
-131.0
-158.0
-141.0
-144.0
-146.0
-134.0
-165.0
-134.0
-135.0
-147.0
-124.0
-148.0
-135.0
-95.0
-127.0
-99.0
-94.0
-122.0
-78.0
-91.0
-86.0
-67.0
-107.0
-86.0
-91.0
-119.0
-99.0
-122.0
-104.0
-84.0
-100.0
-65.0
-73.0
-76.0
-39.0
-64.0
-63.0
-53.0
-129.0
-83.0
-82.0
-102.0
-64.0
-110.0
-53.0
-45.0
-59.0
-42.0
-55.0
-70.0
-40.0
-68.0
-56.0
-63.0
-64.0
-22.0
-21.0
-50.0
-31.0
-60.0
-69.0
-72.0
-112.0
-70.0
-81.0
-79.0
-60.0
-84.0
-76.0
-67.0
-100.0
-54.0
-36.0
-48.0
-20.0
-64.0
-91.0
-103.0
-127.0
-121.0
-139.0
-122.0
-105.0
-120.0
-105.0
-100.0
-109.0
-78.0
-90.0
-116.0
-80.0
-90.0
-93.0
-73.0
-108.0
-76.0
-70.0
-51.0
-29.0
-89.0
-66.0
-49.0
-103.0
-100.0
-114.0
-111.0
-86.0
-109.0
-93.0
-80.0
-103.0
-68.0
-97.0
-102.0
-61.0
-94.0
-104.0
-107.0
-138.0
-115.0
-135.0
-149.0
-110.0
-137.0
-133.0
-113.0
-150.0
-140.0
-145.0
-111.0
-91.0
-84.0
-92.0
-59.0
-100.0
-78.0
-88.0
-84.0
-51.0
-81.0
-85.0
-100.0
-127.0
-93.0
-98.0
-108.0
-93.0
-144.0
-106.0
-96.0
-93.0
-54.0
-87.0
-59.0
-19.0
-57.0
-50.0
-50.0
-119.0
-96.0
-95.0
-127.0
-91.0
-137.0
-117.0
-65.0
-90.0
-52.0
-48.0
-59.0
-41.0
-89.0
-88.0
-87.0
-133.0
-84.0
-82.0
-78.0
-52.0
-67.0
-79.0
-37.0
-74.0
-60.0
-71.0
-74.0
-35.0
-64.0
-71.0
-72.0
-95.0
-75.0
-87.0
-107.0
-61.0
-98.0
-103.0
-69.0
-77.0
-93.0
-115.0
-137.0
-105.0
-126.0
-116.0
-104.0
-139.0
-114.0
-131.0
-135.0
-111.0
-140.0
-156.0
-164.0
-190.0
-142.0
-148.0
-165.0
-166.0
-181.0
-165.0
-155.0
-173.0
-153.0
-206.0
-252.0
-237.0
-238.0
-199.0
-181.0
-200.0
-174.0
-182.0
-190.0
-153.0
-164.0
-178.0
-189.0
-234.0
-191.0
-201.0
-196.0
-171.0
-182.0
-150.0
-153.0
-179.0
-180.0
-199.0
-216.0
-165.0
-202.0
-196.0
-183.0
-188.0
-143.0
-120.0
-148.0
-125.0
-162.0
-174.0
-174.0
-207.0
-190.0
-209.0
-230.0
-205.0
-234.0
-215.0
-198.0
-219.0
-173.0
-165.0
-166.0
-160.0
-176.0
-167.0
-146.0
-164.0
-161.0
-145.0
-165.0
-146.0
-191.0
-201.0
-164.0
-205.0
-189.0
-198.0
-206.0
-162.0
-158.0
-146.0
-148.0
-168.0
-171.0
-147.0
-177.0
-140.0
-168.0
-132.0
-115.0
-143.0
-115.0
-122.0
-122.0
-80.0
-95.0
-80.0
-76.0
-102.0
-77.0
-95.0
-105.0
-66.0
-91.0
-98.0
-90.0
-106.0
-36.0
-33.0
-23.0
-26.0
-96.0
-93.0
-71.0
-134.0
-108.0
-112.0
-117.0
-120.0
-143.0
-146.0
-132.0
-182.0
-148.0
-157.0
-167.0
-153.0
-185.0
-179.0
-164.0
-196.0
-146.0
-177.0
-143.0
-132.0
-155.0
-144.0
-121.0
-149.0
-108.0
-116.0
-121.0
-105.0
-155.0
-143.0
-120.0
-150.0
-146.0
-137.0
-131.0
-91.0
-115.0
-88.0
-61.0
-81.0
-56.0
-83.0
-109.0
-66.0
-97.0
-65.0
-67.0
-71.0
-78.0
-74.0
-108.0
-75.0
-101.0
-100.0
-110.0
-147.0
-110.0
-111.0
-122.0
-76.0
-97.0
-94.0
-75.0
-85.0
-77.0
-85.0
-109.0
-92.0
-121.0
-134.0
-89.0
-117.0
-77.0
-97.0
-105.0
-78.0
-96.0
-99.0
-98.0
-118.0
-97.0
-121.0
-129.0
-98.0
-89.0
-84.0
-52.0
-96.0
-53.0
-80.0
-94.0
-66.0
-78.0
-78.0
-63.0
-81.0
-38.0
-54.0
-70.0
-49.0
-52.0
-36.0
-7.0
-27.0
-15.0
-29.0
-36.0
10.0
-35.0
-17.0
-23.0
-58.0
-44.0
-19.0
-23.0
7.0
-20.0
-24.0
-10.0
-44.0
-21.0
-26.0
-45.0
-43.0
-59.0
-59.0
-27.0
-51.0
-35.0
-43.0
-45.0
-17.0
-24.0
-11.0
13.0
-29.0
-19.0
-22.0
-3.0
15.0
-13.0
-2.0
-8.0
-8.0
2.0
-17.0
-30.0
16.0
-51.0
-58.0
-41.0
-58.0
-34.0
-51.0
-26.0
14.0
-21.0
-12.0
9.0
-30.0
-19.0
-24.0
-40.0
-7.0
-39.0
-31.0
-25.0
-46.0
-43.0
-35.0
-49.0
-17.0
-45.0
-51.0
-21.0
-42.0
-15.0
-23.0
-32.0
7.0
-21.0
-35.0
-23.0
-61.0
-25.0
-30.0
-18.0
11.0
1.0
35.0
43.0
5.0
37.0
60.0
50.0
58.0
43.0
25.0
35.0
21.0
49.0
35.0
37.0
88.0
45.0
61.0
75.0
44.0
69.0
78.0
48.0
106.0
73.0
69.0
86.0
67.0
100.0
92.0
74.0
109.0
76.0
103.0
106.0
79.0
100.0
93.0
87.0
117.0
83.0
91.0
93.0
39.0
65.0
72.0
65.0
109.0
67.0
35.0
39.0
13.0
12.0
32.0
33.0
55.0
15.0
11.0
23.0
-5.0
24.0
-7.0
-19.0
24.0
-6.0
7.0
-1.0
-28.0
-16.0
-22.0
-18.0
1.0
-5.0
8.0
23.0
-20.0
-30.0
-35.0
-24.0
1.0
-11.0
4.0
32.0
11.0
22.0
14.0
-36.0
-16.0
-95.0
-77.0
-63.0
-99.0
-83.0
-99.0
-93.0
-62.0
-69.0
-77.0
-66.0
-96.0
-68.0
-86.0
-109.0
-88.0
-110.0
-93.0
-69.0
-76.0
-78.0
-76.0
-115.0
-89.0
-148.0
-145.0
-131.0
-161.0
-137.0
-116.0
-101.0
-50.0
-56.0
-58.0
-36.0
-97.0
-79.0
-86.0
-117.0
-95.0
-116.0
-122.0
-108.0
-135.0
-112.0
-82.0
-102.0
-34.0
-43.0
-57.0
-65.0
-112.0
-71.0
-71.0
-89.0
-63.0
-72.0
-74.0
-77.0
-112.0
-87.0
-80.0
-71.0
-20.0
-65.0
-52.0
-47.0
-45.0
-29.0
-51.0
-57.0
-22.0
-54.0
-78.0
-73.0
-111.0
-82.0
-60.0
-23.0
14.0
-13.0
-8.0
-5.0
-34.0
-13.0
-10.0
-21.0
-6.0
-34.0
-24.0
-16.0
-39.0
-38.0
-31.0
-33.0
5.0
-21.0
-12.0
5.0
6.0
23.0
16.0
-18.0
10.0
-44.0
-49.0
-21.0
-43.0
-1.0
-6.0
-33.0
15.0
-3.0
8.0
42.0
27.0
60.0
77.0
56.0
88.0
55.0
79.0
62.0
3.0
19.0
16.0
-6.0
29.0
-5.0
-3.0
15.0
-3.0
30.0
14.0
-14.0
8.0
-8.0
-21.0
4.0
-30.0
18.0
5.0
-12.0
10.0
-34.0
-32.0
-2.0
-29.0
1.0
-20.0
-23.0
7.0
-12.0
-11.0
-6.0
-51.0
-28.0
-25.0
-34.0
-6.0
-28.0
-16.0
-1.0
-45.0
-41.0
-40.0
-86.0
-39.0
-54.0
-37.0
-41.0
-51.0
-27.0
-44.0
-35.0
-28.0
-21.0
-8.0
12.0
-13.0
-4.0
-25.0
-52.0
-16.0
-58.0
-44.0
-7.0
-15.0
16.0
-22.0
-24.0
2.0
-32.0
-20.0
-2.0
-31.0
4.0
-5.0
9.0
21.0
-5.0
-27.0
-12.0
-40.0
3.0
24.0
4.0
25.0
0.0
6.0
12.0
-37.0
-11.0
-29.0
-43.0
-29.0
-58.0
-74.0
-81.0
-91.0
-54.0
-46.0
-51.0
-25.0
-42.0
-14.0
13.0
-16.0
6.0
-1.0
-14.0
5.0
-8.0
-2.0
-9.0
-24.0
5.0
-7.0
-32.0
-12.0
-46.0
13.0
18.0
3.0
17.0
-2.0
-1.0
24.0
4.0
-1.0
7.0
-22.0
-3.0
-21.0
-43.0
-44.0
-66.0
-55.0
-43.0
-67.0
-52.0
-60.0
-65.0
-34.0
-69.0
-39.0
-33.0
-56.0
-25.0
-41.0
-74.0
-21.0
-40.0
-26.0
7.0
-35.0
5.0
11.0
8.0
37.0
23.0
19.0
17.0
-12.0
16.0
-14.0
-27.0
-4.0
-49.0
-19.0
-20.0
-21.0
33.0
27.0
23.0
35.0
1.0
36.0
64.0
43.0
52.0
35.0
14.0
27.0
12.0
18.0
16.0
-9.0
52.0
36.0
15.0
37.0
20.0
33.0
51.0
28.0
41.0
42.0
25.0
49.0
58.0
38.0
37.0
-42.0
-19.0
-39.0
-69.0
-26.0
-40.0
-11.0
-12.0
-27.0
4.0
-7.0
-26.0
-10.0
-22.0
-3.0
25.0
1.0
14.0
13.0
5.0
29.0
-14.0
-3.0
-6.0
-35.0
16.0
17.0
9.0
37.0
6.0
-10.0
32.0
-4.0
10.0
3.0
4.0
23.0
6.0
17.0
53.0
20.0
41.0
36.0
8.0
47.0
23.0
30.0
45.0
16.0
43.0
27.0
22.0
65.0
53.0
67.0
99.0
49.0
78.0
52.0
50.0
76.0
51.0
42.0
75.0
25.0
40.0
62.0
74.0
107.0
90.0
92.0
85.0
56.0
51.0
41.0
27.0
49.0
20.0
48.0
72.0
42.0
63.0
45.0
26.0
42.0
1.0
25.0
43.0
-4.0
26.0
14.0
20.0
48.0
17.0
54.0
62.0
45.0
53.0
31.0
20.0
48.0
-9.0
-16.0
-33.0
-61.0
-50.0
-72.0
-72.0
-72.0
-98.0
-102.0
-67.0
-91.0
-73.0
-80.0
-99.0
-74.0
-74.0
-73.0
-42.0
-73.0
-77.0
-111.0
-127.0
-103.0
-143.0
-103.0
-85.0
-112.0
-72.0
-78.0
-114.0
-56.0
-86.0
-44.0
-11.0
-31.0
-9.0
-48.0
-67.0
-35.0
-42.0
-18.0
-11.0
-30.0
3.0
2.0
-27.0
2.0
-33.0
-10.0
-2.0
-13.0
13.0
5.0
-19.0
-1.0
-7.0
-4.0
27.0
10.0
26.0
27.0
14.0
30.0
22.0
1.0
3.0
-29.0
-8.0
-8.0
-15.0
-14.0
-9.0
-18.0
6.0
-25.0
22.0
6.0
-17.0
7.0
-24.0
-6.0
-16.0
-52.0
-42.0
-40.0
-30.0
18.0
-10.0
-3.0
1.0
-31.0
-2.0
-21.0
-41.0
-11.0
-35.0
-8.0
-8.0
-52.0
-20.0
-53.0
-65.0
-29.0
-52.0
-52.0
-45.0
-112.0
-73.0
-119.0
-126.0
-103.0
-97.0
-103.0
-88.0
-128.0
-100.0
-100.0
-124.0
-91.0
-106.0
-90.0
-87.0
-134.0
-120.0
-138.0
-149.0
-136.0
-161.0
-145.0
-165.0
-188.0
-145.0
-169.0
-172.0
-124.0
-124.0
-118.0
-98.0
-156.0
-112.0
-141.0
-148.0
-107.0
-105.0
-107.0
-111.0
-169.0
-152.0
-159.0
-200.0
-148.0
-174.0
-166.0
-161.0
-173.0
-142.0
-146.0
-161.0
-110.0
-127.0
-101.0
-119.0
-135.0
-120.0
-157.0
-175.0
-138.0
-144.0
-115.0
-106.0
-124.0
-82.0
-92.0
-114.0
-99.0
-121.0
-130.0
-88.0
-127.0
-99.0
-118.0
-130.0
-108.0
-152.0
-134.0
-112.0
-122.0
-82.0
-99.0
-90.0
-84.0
-127.0
-135.0
-117.0
-146.0
-106.0
-103.0
-114.0
-82.0
-117.0
-89.0
-114.0
-120.0
-111.0
-110.0
-103.0
-75.0
-100.0
-89.0
-84.0
-102.0
-79.0
-77.0
-113.0
-93.0
-108.0
-90.0
-53.0
-79.0
-53.0
-53.0
-58.0
-43.0
-72.0
-59.0
-33.0
-68.0
-37.0
-68.0
-42.0
-24.0
-46.0
-41.0
-28.0
-61.0
-33.0
-43.0
-65.0
-42.0
-49.0
-40.0
-29.0
-42.0
-40.0
-55.0
-71.0
-55.0
-81.0
-84.0
-68.0
-108.0
-89.0
-117.0
-106.0
-50.0
-40.0
-34.0
-27.0
-82.0
-83.0
-90.0
-97.0
-55.0
-91.0
-97.0
-101.0
-117.0
-101.0
-106.0
-113.0
-72.0
-86.0
-76.0
-77.0
-114.0
-99.0
-89.0
-86.0
-42.0
-61.0
-31.0
-21.0
-46.0
-25.0
-61.0
-61.0
-54.0
-102.0
-87.0
-93.0
-126.0
-87.0
-97.0
-108.0
-46.0
-71.0
-62.0
-58.0
-69.0
-36.0
-46.0
-85.0
-78.0
-137.0
-115.0
-124.0
-180.0
-137.0
-129.0
-137.0
-116.0
-125.0
-124.0
-95.0
-121.0
-102.0
-121.0
-173.0
-141.0
-177.0
-183.0
-190.0
-194.0
-140.0
-149.0
-188.0
-161.0
-173.0
-176.0
-126.0
-175.0
-166.0
-165.0
-179.0
-156.0
-183.0
-181.0
-155.0
-198.0
-149.0
-167.0
-192.0
-133.0
-165.0
-154.0
-129.0
-177.0
-155.0
-161.0
-182.0
-154.0
-166.0
-148.0
-134.0
-102.0
-103.0
-109.0
-131.0
-107.0
-134.0
-140.0
-136.0
-161.0
-112.0
-121.0
-130.0
-93.0
-101.0
-77.0
-43.0
-85.0
-23.0
-35.0
-68.0
-63.0
-90.0
-104.0
-98.0
-134.0
-109.0
-119.0
-136.0
-105.0
-109.0
-91.0
-65.0
-94.0
-81.0
-54.0
-65.0
-70.0
-79.0
-65.0
-35.0
-77.0
-47.0
-54.0
-50.0
-45.0
-61.0
-60.0
-56.0
-56.0
-19.0
-30.0
-39.0
6.0
-21.0
-25.0
-33.0
-49.0
-60.0
-78.0
-99.0
-88.0
-102.0
-87.0
-53.0
-51.0
-31.0
-37.0
-80.0
-60.0
-72.0
-72.0
-38.0
-87.0
-80.0
-93.0
-108.0
-67.0
-93.0
-95.0
-95.0
-119.0
-97.0
-89.0
-102.0
-65.0
-93.0
-84.0
-69.0
-116.0
-85.0
-98.0
-112.0
-95.0
-115.0
-73.0
-68.0
-73.0
-46.0
-61.0
-60.0
-68.0
-90.0
-77.0
-73.0
-106.0
-89.0
-127.0
-139.0
-105.0
-115.0
-97.0
-99.0
-99.0
-70.0
-61.0
-77.0
-72.0
-88.0
-83.0
-51.0
-80.0
-73.0
-87.0
-114.0
-69.0
-105.0
-100.0
-82.0
-100.0
-73.0
-82.0
-78.0
-54.0
-53.0
-29.0
20.0
-12.0
-17.0
-64.0
-78.0
-56.0
-80.0
-75.0
-41.0
-70.0
-56.0
-59.0
-91.0
-48.0
-78.0
-65.0
-65.0
-61.0
-31.0
-51.0
-76.0
-41.0
-79.0
-70.0
-54.0
-78.0
-61.0
-54.0
-76.0
-59.0
-73.0
-50.0
-62.0
-85.0
-70.0
-53.0
-60.0
-41.0
-65.0
-22.0
-33.0
-71.0
-44.0
-63.0
-100.0
-80.0
-87.0
-79.0
-91.0
-103.0
-54.0
-54.0
-74.0
-32.0
-45.0
-49.0
-27.0
-62.0
-55.0
-62.0
-91.0
-61.0
-78.0
-71.0
-56.0
-97.0
-59.0
-45.0
-53.0
-39.0
-79.0
-84.0
-78.0
-109.0
-84.0
-96.0
-119.0
-103.0
-129.0
-96.0
-81.0
-119.0
-78.0
-89.0
-87.0
-73.0
-104.0
-99.0
-91.0
-111.0
-83.0
-107.0
-109.0
-72.0
-84.0
-73.0
-59.0
-91.0
-69.0
-106.0
-111.0
-84.0
-100.0
-72.0
-44.0
-95.0
-99.0
-115.0
-139.0
-95.0
-109.0
-81.0
-30.0
-38.0
-10.0
18.0
-23.0
-7.0
-52.0
-56.0
-67.0
-93.0
-64.0
-64.0
-76.0
-29.0
-66.0
-62.0
-36.0
-62.0
-50.0
-78.0
-101.0
-74.0
-113.0
-103.0
-87.0
-115.0
-81.0
-103.0
-126.0
-109.0
-156.0
-154.0
-150.0
-171.0
-159.0
-150.0
-162.0
-129.0
-154.0
-143.0
-136.0
-167.0
-145.0
-166.0
-157.0
-142.0
-177.0
-176.0
-167.0
-207.0
-185.0
-219.0
-223.0
-188.0
-224.0
-197.0
-136.0
-147.0
-111.0
-101.0
-107.0
-80.0
-98.0
-121.0
-94.0
-129.0
-117.0
-139.0
-162.0
-115.0
-175.0
-169.0
-146.0
-145.0
-101.0
-91.0
-93.0
-80.0
-128.0
-117.0
-112.0
-147.0
-143.0
-158.0
-171.0
-145.0
-181.0
-175.0
-151.0
-160.0
-112.0
-106.0
-135.0
-87.0
-133.0
-137.0
-109.0
-143.0
-155.0
-158.0
-143.0
-104.0
-130.0
-124.0
-95.0
-131.0
-109.0
-105.0
-134.0
-116.0
-113.0
-126.0
-107.0
-146.0
-132.0
-133.0
-192.0
-143.0
-164.0
-128.0
-84.0
-138.0
-117.0
-152.0
-155.0
-141.0
-180.0
-165.0
-157.0
-184.0
-147.0
-152.0
-163.0
-150.0
-168.0
-184.0
-159.0
-173.0
-129.0
-146.0
-126.0
-120.0
-144.0
-115.0
-138.0
-175.0
-145.0
-163.0
-140.0
-105.0
-114.0
-93.0
-45.0
-92.0
-46.0
-80.0
-89.0
-58.0
-97.0
-110.0
-103.0
-146.0
-138.0
-143.0
-150.0
-116.0
-127.0
-114.0
-100.0
-98.0
-80.0
-60.0
-71.0
-65.0
-67.0
-101.0
-109.0
-112.0
-77.0
-86.0
-108.0
-74.0
-104.0
-98.0
-73.0
-107.0
-56.0
-45.0
-85.0
-50.0
-85.0
-84.0
-66.0
-84.0
-68.0
-58.0
-92.0
-48.0
-63.0
-67.0
-71.0
-87.0
-66.0
-88.0
-112.0
-67.0
-79.0
-66.0
-45.0
-95.0
-66.0
-82.0
-71.0
-55.0
-78.0
-72.0
-82.0
-109.0
-60.0
-63.0
-72.0
-38.0
-59.0
-37.0
-12.0
-33.0
-3.0
19.0
4.0
23.0
-29.0
-6.0
7.0
-14.0
4.0
26.0
41.0
100.0
82.0
79.0
59.0
11.0
30.0
46.0
9.0
45.0
5.0
18.0
26.0
3.0
11.0
57.0
54.0
110.0
68.0
64.0
78.0
58.0
62.0
30.0
24.0
42.0
27.0
54.0
57.0
29.0
54.0
42.0
33.0
80.0
82.0
80.0
93.0
65.0
57.0
50.0
39.0
79.0
53.0
49.0
66.0
34.0
88.0
83.0
92.0
115.0
90.0
75.0
99.0
70.0
108.0
88.0
73.0
87.0
60.0
59.0
53.0
26.0
40.0
43.0
21.0
49.0
20.0
8.0
33.0
3.0
34.0
24.0
26.0
49.0
36.0
16.0
26.0
18.0
49.0
34.0
2.0
24.0
10.0
25.0
46.0
30.0
81.0
74.0
89.0
127.0
95.0
95.0
99.0
97.0
124.0
114.0
88.0
115.0
78.0
86.0
84.0
42.0
80.0
75.0
62.0
106.0
91.0
93.0
117.0
110.0
133.0
138.0
112.0
109.0
62.0
62.0
91.0
94.0
110.0
60.0
9.0
42.0
28.0
65.0
93.0
106.0
170.0
164.0
178.0
203.0
175.0
156.0
146.0
105.0
117.0
90.0
95.0
133.0
120.0
182.0
205.0
184.0
199.0
165.0
171.0
182.0
139.0
135.0
156.0
122.0
148.0
150.0
140.0
193.0
181.0
184.0
208.0
185.0
216.0
176.0
167.0
182.0
157.0
165.0
176.0
126.0
150.0
144.0
110.0
139.0
133.0
144.0
182.0
164.0
187.0
168.0
160.0
183.0
150.0
146.0
178.0
152.0
172.0
163.0
148.0
173.0
149.0
184.0
222.0
197.0
246.0
233.0
204.0
220.0
182.0
194.0
227.0
203.0
193.0
199.0
173.0
203.0
190.0
206.0
207.0
185.0
247.0
221.0
190.0
203.0
156.0
163.0
204.0
179.0
201.0
219.0
216.0
230.0
205.0
207.0
244.0
209.0
237.0
227.0
204.0
226.0
192.0
228.0
228.0
169.0
173.0
153.0
158.0
179.0
187.0
217.0
229.0
176.0
233.0
180.0
162.0
206.0
180.0
197.0
203.0
167.0
191.0
164.0
140.0
174.0
137.0
143.0
168.0
145.0
158.0
167.0
143.0
159.0
157.0
185.0
191.0
160.0
185.0
161.0
114.0
145.0
114.0
107.0
111.0
98.0
153.0
149.0
148.0
171.0
148.0
149.0
178.0
122.0
144.0
105.0
88.0
110.0
48.0
44.0
49.0
22.0
76.0
83.0
115.0
122.0
114.0
127.0
106.0
66.0
106.0
76.0
39.0
89.0
40.0
17.0
39.0
18.0
71.0
62.0
52.0
102.0
97.0
108.0
128.0
90.0
91.0
67.0
55.0
87.0
43.0
74.0
77.0
40.0
107.0
104.0
81.0
134.0
84.0
99.0
86.0
31.0
64.0
44.0
15.0
76.0
39.0
42.0
55.0
63.0
100.0
63.0
82.0
103.0
78.0
69.0
62.0
21.0
25.0
29.0
-2.0
11.0
13.0
10.0
57.0
24.0
31.0
20.0
29.0
81.0
69.0
69.0
109.0
91.0
54.0
25.0
12.0
13.0
-41.0
-37.0
11.0
-2.0
10.0
-23.0
-33.0
-6.0
-62.0
-88.0
-67.0
-101.0
-84.0
-119.0
-165.0
-115.0
-141.0
-148.0
-108.0
-113.0
-68.0
-60.0
-53.0
-20.0
-31.0
-26.0
-42.0
-86.0
-99.0
-138.0
-178.0
-127.0
-146.0
-129.0
-105.0
-110.0
-63.0
-55.0
-71.0
-28.0
-27.0
-14.0
1.0
-58.0
-34.0
-37.0
-49.0
-56.0
-113.0
-116.0
-122.0
-139.0
-88.0
-94.0
-77.0
-9.0
-6.0
14.0
26.0
19.0
47.0
37.0
14.0
51.0
5.0
10.0
-11.0
-59.0
-50.0
-52.0
-109.0
-65.0
-87.0
-45.0
5.0
37.0
80.0
65.0
38.0
88.0
48.0
35.0
66.0
22.0
46.0
-1.0
-48.0
-42.0
-74.0
-58.0
-10.0
5.0
58.0
56.0
45.0
87.0
47.0
51.0
71.0
12.0
39.0
20.0
-29.0
-19.0
-68.0
-102.0
-95.0
-128.0
-66.0
-27.0
-5.0
41.0
33.0
26.0
52.0
31.0
75.0
100.0
86.0
105.0
35.0
11.0
15.0
-11.0
-10.0
-16.0
-10.0
26.0
51.0
69.0
102.0
89.0
91.0
87.0
44.0
62.0
37.0
13.0
11.0
-10.0
-6.0
-13.0
-36.0
5.0
-29.0
-12.0
3.0
-1.0
36.0
52.0
28.0
51.0
31.0
31.0
62.0
24.0
30.0
21.0
-1.0
17.0
-8.0
-25.0
-11.0
-33.0
-26.0
-43.0
-58.0
-15.0
-45.0
-35.0
-8.0
-41.0
-36.0
-43.0
-76.0
-53.0
-81.0
-75.0
-80.0
-122.0
-43.0
-71.0
-51.0
-31.0
-65.0
-70.0
-59.0
-100.0
-67.0
-72.0
-95.0
-57.0
-93.0
-82.0
-68.0
-98.0
-60.0
-52.0
-75.0
-40.0
-80.0
-62.0
-79.0
-114.0
-102.0
-116.0
-128.0
-97.0
-123.0
-137.0
-103.0
-137.0
-121.0
-126.0
-148.0
-129.0
-144.0
-127.0
-111.0
-140.0
-112.0
-123.0
-162.0
-112.0
-129.0
-124.0
-113.0
-127.0
-117.0
-119.0
-134.0
-105.0
-139.0
-149.0
-149.0
-173.0
-155.0
-162.0
-174.0
-163.0
-200.0
-191.0
-145.0
-183.0
-124.0
-155.0
-182.0
-167.0
-202.0
-192.0
-193.0
-207.0
-200.0
-206.0
-224.0
-202.0
-237.0
-216.0
-203.0
-228.0
-195.0
-206.0
-219.0
-202.0
-211.0
-186.0
-149.0
-176.0
-136.0
-126.0
-149.0
-131.0
-187.0
-178.0
-182.0
-186.0
-172.0
-164.0
-168.0
-140.0
-182.0
-168.0
-144.0
-154.0
-139.0
-149.0
-169.0
-142.0
-188.0
-195.0
-191.0
-203.0
-168.0
-188.0
-215.0
-209.0
-221.0
-209.0
-191.0
-208.0
-212.0
-238.0
-265.0
-243.0
-257.0
-243.0
-224.0
-254.0
-224.0
-220.0
-217.0
-208.0
-221.0
-214.0
-179.0
-215.0
-206.0
-204.0
-174.0
-134.0
-155.0
-142.0
-149.0
-201.0
-190.0
-185.0
-188.0
-196.0
-251.0
-245.0
-196.0
-256.0
-208.0
-212.0
-244.0
-206.0
-224.0
-224.0
-222.0
-241.0
-206.0
-204.0
-202.0
-175.0
-188.0
-171.0
-156.0
-160.0
-151.0
-164.0
-186.0
-136.0
-156.0
-153.0
-127.0
-155.0
-113.0
-122.0
-132.0
-105.0
-130.0
-113.0
-104.0
-138.0
-125.0
-143.0
-165.0
-134.0
-152.0
-127.0
-112.0
-107.0
-79.0
-99.0
-154.0
-126.0
-184.0
-184.0
-168.0
-200.0
-174.0
-182.0
-213.0
-187.0
-216.0
-220.0
-201.0
-240.0
-198.0
-221.0
-240.0
-200.0
-237.0
-227.0
-187.0
-183.0
-164.0
-171.0
-211.0
-192.0
-218.0
-199.0
-167.0
-186.0
-181.0
-190.0
-190.0
-152.0
-199.0
-191.0
-189.0
-217.0
-200.0
-194.0
-201.0
-173.0
-225.0
-184.0
-159.0
-194.0
-175.0
-161.0
-163.0
-129.0
-130.0
-114.0
-94.0
-119.0
-76.0
-92.0
-119.0
-114.0
-125.0
-137.0
-119.0
-152.0
-131.0
-119.0
-144.0
-103.0
-115.0
-116.0
-105.0
-127.0
-120.0
-130.0
-137.0
-124.0
-131.0
-144.0
-125.0
-168.0
-116.0
-118.0
-136.0
-116.0
-126.0
-126.0
-104.0
-159.0
-127.0
-123.0
-119.0
-100.0
-111.0
-109.0
-93.0
-121.0
-85.0
-112.0
-143.0
-107.0
-134.0
-135.0
-121.0
-145.0
-101.0
-84.0
-90.0
-73.0
-86.0
-97.0
-79.0
-115.0
-129.0
-137.0
-154.0
-124.0
-155.0
-133.0
-120.0
-144.0
-102.0
-103.0
-86.0
-35.0
-23.0
-10.0
-10.0
-65.0
-48.0
-34.0
-39.0
14.0
-12.0
-22.0
-11.0
-37.0
-12.0
-17.0
-47.0
7.0
-20.0
-12.0
-2.0
-32.0
-21.0
-45.0
-80.0
-39.0
-59.0
-49.0
-24.0
-30.0
-2.0
6.0
-15.0
20.0
10.0
-5.0
5.0
-14.0
8.0
-8.0
-13.0
26.0
-11.0
-25.0
-27.0
-72.0
-34.0
-52.0
-63.0
-30.0
-50.0
-50.0
-21.0
-43.0
-18.0
-41.0
-60.0
-18.0
-39.0
-55.0
-34.0
-91.0
-58.0
-73.0
-106.0
-42.0
-80.0
-100.0
-84.0
-111.0
-85.0
-80.0
-81.0
-29.0
-33.0
-11.0
-6.0
-68.0
-33.0
-30.0
-52.0
-34.0
-52.0
-72.0
-71.0
-86.0
-79.0
-77.0
-86.0
-64.0
-93.0
-87.0
-84.0
-109.0
-63.0
-100.0
-136.0
-101.0
-146.0
-150.0
-144.0
-144.0
-83.0
-56.0
-74.0
-8.0
-13.0
-30.0
-25.0
-70.0
-55.0
-77.0
-89.0
-59.0
-77.0
-74.0
-33.0
-53.0
-37.0
-42.0
-25.0
-14.0
-57.0
-22.0
-24.0
-58.0
-15.0
-11.0
-39.0
-31.0
-59.0
-49.0
-42.0
-77.0
-32.0
-30.0
-46.0
-24.0
-35.0
-50.0
-26.0
-45.0
-31.0
-36.0
-53.0
-24.0
-55.0
-61.0
-42.0
-34.0
-5.0
-22.0
-26.0
26.0
18.0
-3.0
23.0
2.0
20.0
16.0
2.0
42.0
40.0
26.0
24.0
-6.0
4.0
-9.0
-5.0
42.0
6.0
8.0
35.0
1.0
20.0
18.0
1.0
23.0
5.0
25.0
39.0
39.0
66.0
73.0
55.0
88.0
70.0
55.0
72.0
31.0
55.0
45.0
42.0
60.0
36.0
35.0
41.0
1.0
22.0
30.0
6.0
31.0
14.0
24.0
34.0
-11.0
12.0
10.0
-10.0
23.0
-1.0
26.0
36.0
4.0
9.0
24.0
21.0
34.0
2.0
31.0
41.0
2.0
30.0
8.0
-15.0
7.0
-29.0
-31.0
0.0
-21.0
-7.0
-22.0
-45.0
-28.0
-48.0
-54.0
-39.0
-53.0
-19.0
-16.0
-9.0
5.0
-16.0
10.0
37.0
-1.0
30.0
7.0
-18.0
38.0
28.0
43.0
100.0
83.0
94.0
40.0
-6.0
29.0
8.0
5.0
10.0
-6.0
24.0
23.0
17.0
31.0
13.0
25.0
13.0
-26.0
1.0
-14.0
-45.0
-19.0
-34.0
-33.0
2.0
-34.0
-13.0
-20.0
-25.0
14.0
14.0
17.0
40.0
1.0
25.0
16.0
17.0
40.0
-6.0
-5.0
22.0
9.0
16.0
1.0
-32.0
-8.0
-16.0
-17.0
4.0
-18.0
10.0
10.0
-8.0
2.0
-20.0
-5.0
15.0
4.0
11.0
22.0
-17.0
1.0
-23.0
-23.0
-25.0
-49.0
-24.0
-37.0
-46.0
-4.0
-40.0
-28.0
-18.0
-49.0
-13.0
-40.0
-40.0
-19.0
-44.0
-44.0
-21.0
-52.0
-40.0
-37.0
-45.0
-25.0
-36.0
-32.0
-34.0
-69.0
-80.0
-46.0
-88.0
-52.0
-70.0
-68.0
-46.0
-59.0
-36.0
-14.0
-33.0
16.0
-2.0
25.0
48.0
12.0
28.0
-1.0
-18.0
8.0
-7.0
-8.0
31.0
7.0
17.0
31.0
-5.0
12.0
-13.0
-22.0
0.0
-31.0
-11.0
-6.0
2.0
53.0
31.0
17.0
44.0
-2.0
32.0
39.0
37.0
90.0
64.0
69.0
78.0
25.0
35.0
24.0
5.0
3.0
-13.0
-8.0
4.0
-22.0
1.0
-14.0
-23.0
22.0
-5.0
-8.0
25.0
-22.0
-11.0
-51.0
-58.0
-11.0
-18.0
-31.0
-21.0
-58.0
-18.0
-12.0
-21.0
-7.0
-34.0
-33.0
-33.0
-79.0
-61.0
-68.0
-89.0
-64.0
-79.0
-39.0
-12.0
-52.0
-30.0
-39.0
-60.0
-40.0
-79.0
-77.0
-91.0
-88.0
-62.0
-60.0
-84.0
-71.0
-89.0
-76.0
-52.0
-70.0
-51.0
-61.0
-68.0
-63.0
-71.0
-47.0
-29.0
-50.0
-17.0
-4.0
-29.0
25.0
-12.0
4.0
16.0
1.0
1.0
-6.0
-27.0
-5.0
-26.0
-13.0
13.0
-10.0
20.0
34.0
29.0
43.0
1.0
14.0
39.0
14.0
44.0
34.0
18.0
35.0
37.0
40.0
55.0
3.0
24.0
1.0
-28.0
4.0
-30.0
-7.0
32.0
32.0
62.0
39.0
25.0
43.0
5.0
6.0
12.0
14.0
59.0
59.0
50.0
49.0
14.0
18.0
44.0
17.0
31.0
26.0
-23.0
-4.0
-13.0
-12.0
12.0
-18.0
23.0
12.0
3.0
14.0
-5.0
-26.0
-10.0
-46.0
-9.0
-3.0
-1.0
24.0
-2.0
-5.0
3.0
-20.0
1.0
-12.0
-20.0
21.0
2.0
18.0
10.0
-28.0
-11.0
-12.0
-49.0
-14.0
-16.0
-22.0
-6.0
-48.0
-29.0
-25.0
-33.0
-7.0
-37.0
-18.0
4.0
-3.0
15.0
21.0
-9.0
18.0
-8.0
3.0
27.0
-20.0
-12.0
-19.0
-13.0
13.0
18.0
31.0
75.0
46.0
73.0
52.0
63.0
111.0
85.0
83.0
114.0
79.0
91.0
82.0
86.0
121.0
112.0
111.0
111.0
108.0
133.0
126.0
99.0
130.0
103.0
119.0
97.0
78.0
95.0
79.0
54.0
67.0
47.0
44.0
83.0
72.0
114.0
107.0
111.0
156.0
145.0
143.0
150.0
122.0
129.0
125.0
107.0
124.0
121.0
117.0
116.0
76.0
103.0
135.0
120.0
172.0
173.0
176.0
182.0
136.0
153.0
156.0
143.0
150.0
119.0
130.0
180.0
164.0
194.0
188.0
164.0
176.0
129.0
104.0
119.0
108.0
159.0
160.0
134.0
148.0
121.0
106.0
140.0
125.0
152.0
140.0
116.0
157.0
120.0
124.0
151.0
129.0
139.0
131.0
135.0
172.0
161.0
168.0
169.0
147.0
176.0
161.0
130.0
162.0
128.0
128.0
140.0
128.0
148.0
150.0
132.0
156.0
138.0
140.0
163.0
143.0
177.0
175.0
161.0
162.0
147.0
136.0
169.0
138.0
155.0
136.0
115.0
147.0
130.0
131.0
159.0
119.0
137.0
125.0
101.0
126.0
138.0
140.0
165.0
114.0
130.0
110.0
113.0
136.0
110.0
127.0
142.0
119.0
107.0
120.0
121.0
148.0
109.0
89.0
111.0
95.0
114.0
131.0
103.0
128.0
96.0
107.0
129.0
129.0
139.0
159.0
143.0
185.0
166.0
164.0
183.0
158.0
180.0
161.0
167.0
197.0
185.0
216.0
217.0
197.0
218.0
230.0
195.0
217.0
211.0
192.0
199.0
142.0
157.0
130.0
107.0
142.0
128.0
135.0
148.0
114.0
120.0
124.0
112.0
142.0
96.0
109.0
117.0
92.0
117.0
103.0
92.0
128.0
111.0
131.0
136.0
95.0
102.0
74.0
50.0
82.0
72.0
67.0
53.0
12.0
51.0
18.0
5.0
35.0
8.0
12.0
33.0
16.0
29.0
7.0
-2.0
34.0
1.0
-5.0
34.0
3.0
3.0
-9.0
-43.0
-15.0
-35.0
1.0
30.0
-25.0
19.0
18.0
-12.0
11.0
-24.0
-18.0
-8.0
-44.0
-28.0
-30.0
-46.0
-17.0
-54.0
-36.0
-30.0
-109.0
-81.0
-61.0
-78.0
-63.0
-82.0
-72.0
-35.0
-55.0
-43.0
-62.0
-66.0
-53.0
-81.0
-85.0
-84.0
-105.0
-88.0
-98.0
-112.0
-89.0
-121.0
-103.0
-90.0
-122.0
-129.0
-135.0
-139.0
-86.0
-127.0
-140.0
-138.0
-161.0
-156.0
-187.0
-201.0
-156.0
-142.0
-119.0
-103.0
-154.0
-144.0
-148.0
-144.0
-124.0
-150.0
-146.0
-128.0
-164.0
-176.0
-195.0
-231.0
-199.0
-218.0
-197.0
-174.0
-197.0
-174.0
-188.0
-193.0
-158.0
-154.0
-134.0
-116.0
-141.0
-140.0
-172.0
-197.0
-185.0
-227.0
-224.0
-215.0
-249.0
-225.0
-235.0
-248.0
-189.0
-178.0
-156.0
-129.0
-160.0
-167.0
-184.0
-211.0
-203.0
-251.0
-285.0
-263.0
-282.0
-236.0
-234.0
-255.0
-217.0
-232.0
-221.0
-209.0
-242.0
-245.0
-242.0
-253.0
-183.0
-206.0
-221.0
-222.0
-252.0
-222.0
-234.0
-238.0
-192.0
-213.0
-205.0
-177.0
-219.0
-194.0
-172.0
-163.0
-121.0
-134.0
-150.0
-143.0
-186.0
-174.0
-186.0
-214.0
-188.0
-203.0
-185.0
-160.0
-187.0
-189.0
-170.0
-188.0
-142.0
-156.0
-148.0
-125.0
-146.0
-147.0
-149.0
-193.0
-200.0
-231.0
-230.0
-218.0
-222.0
-225.0
-206.0
-199.0
-167.0
-181.0
-178.0
-157.0
-170.0
-132.0
-152.0
-175.0
-147.0
-164.0
-177.0
-154.0
-166.0
-159.0
-178.0
-199.0
-185.0
-196.0
-199.0
-182.0
-207.0
-199.0
-199.0
-217.0
-195.0
-186.0
-177.0
-152.0
-197.0
-165.0
-189.0
-234.0
-210.0
-241.0
-231.0
-204.0
-225.0
-199.0
-191.0
-219.0
-202.0
-235.0
-245.0
-220.0
-259.0
-232.0
-228.0
-261.0
-243.0
-260.0
-249.0
-207.0
-242.0
-215.0
-205.0
-236.0
-203.0
-239.0
-256.0
-224.0
-256.0
-235.0
-262.0
-283.0
-252.0
-271.0
-257.0
-243.0
-250.0
-217.0
-217.0
-206.0
-205.0
-221.0
-219.0
-195.0
-204.0
-204.0
-189.0
-221.0
-177.0
-187.0
-195.0
-203.0
-233.0
-174.0
-176.0
-191.0
-195.0
-232.0
-231.0
-202.0
-242.0
-237.0
-248.0
-237.0
-216.0
-233.0
-266.0
-229.0
-248.0
-256.0
-243.0
-244.0
-224.0
-234.0
-229.0
-185.0
-194.0
-137.0
-144.0
-165.0
-167.0
-203.0
-207.0
-188.0
-229.0
-197.0
-185.0
-210.0
-198.0
-238.0
-240.0
-237.0
-276.0
-252.0
-259.0
-289.0
-265.0
-280.0
-298.0
-257.0
-280.0
-253.0
-232.0
-234.0
-219.0
-258.0
-286.0
-293.0
-292.0
-281.0
-278.0
-271.0
-260.0
-289.0
-290.0
-249.0
-277.0
-222.0
-240.0
-260.0
-241.0
-276.0
-286.0
-292.0
-316.0
-289.0
-286.0
-294.0
-270.0
-289.0
-327.0
-297.0
-305.0
-293.0
-278.0
-285.0
-270.0
-288.0
-285.0
-258.0
-277.0
-270.0
-251.0
-277.0
-269.0
-288.0
-295.0
-265.0
-264.0
-227.0
-225.0
-261.0
-234.0
-236.0
-224.0
-205.0
-248.0
-248.0
-274.0
-273.0
-232.0
-269.0
-298.0
-261.0
-275.0
-243.0
-251.0
-239.0
-196.0
-220.0
-194.0
-174.0
-216.0
-200.0
-208.0
-228.0
-201.0
-236.0
-241.0
-230.0
-257.0
-231.0
-217.0
-224.0
-198.0
-218.0
-216.0
-180.0
-202.0
-165.0
-149.0
-185.0
-161.0
-179.0
-148.0
-102.0
-143.0
-133.0
-129.0
-148.0
-114.0
-135.0
-124.0
-120.0
-149.0
-114.0
-132.0
-138.0
-101.0
-143.0
-141.0
-115.0
-167.0
-164.0
-182.0
-194.0
-171.0
-178.0
-178.0
-162.0
-186.0
-164.0
-140.0
-104.0
-71.0
-113.0
-124.0
-108.0
-133.0
-126.0
-110.0
-117.0
-76.0
-112.0
-117.0
-118.0
-148.0
-141.0
-140.0
-127.0
-99.0
-128.0
-139.0
-143.0
-153.0
-138.0
-128.0
-150.0
-137.0
-153.0
-165.0
-155.0
-191.0
-172.0
-161.0
-162.0
-145.0
-166.0
-170.0
-156.0
-228.0
-186.0
-195.0
-213.0
-206.0
-232.0
-234.0
-230.0
-256.0
-243.0
-249.0
-280.0
-254.0
-258.0
-262.0
-257.0
-300.0
-278.0
-286.0
-301.0
-277.0
-300.0
-289.0
-280.0
-301.0
-287.0
-295.0
-319.0
-276.0
-326.0
-310.0
-285.0
-319.0
-303.0
-304.0
-314.0
-281.0
-294.0
-285.0
-265.0
-304.0
-288.0
-279.0
-284.0
-251.0
-281.0
-267.0
-235.0
-253.0
-227.0
-220.0
-244.0
-239.0
-251.0
-257.0
-231.0
-263.0
-252.0
-252.0
-265.0
-227.0
-249.0
-251.0
-195.0
-201.0
-147.0
-162.0
-186.0
-159.0
-183.0
-180.0
-153.0
-190.0
-195.0
-212.0
-249.0
-208.0
-208.0
-195.0
-162.0
-193.0
-161.0
-109.0
-119.0
-95.0
-161.0
-178.0
-178.0
-228.0
-204.0
-198.0
-219.0
-146.0
-176.0
-137.0
-112.0
-146.0
-108.0
-124.0
-158.0
-116.0
-124.0
-138.0
-117.0
-144.0
-124.0
-117.0
-121.0
-103.0
-125.0
-113.0
-111.0
-135.0
-117.0
-130.0
-143.0
-119.0
-129.0
-103.0
-100.0
-124.0
-102.0
-86.0
-107.0
-73.0
-130.0
-120.0
-95.0
-126.0
-112.0
-117.0
-144.0
-121.0
-145.0
-141.0
-121.0
-139.0
-115.0
-87.0
-110.0
-49.0
-70.0
-67.0
-59.0
-95.0
-72.0
-94.0
-109.0
-109.0
-115.0
-110.0
-106.0
-130.0
-112.0
-115.0
-114.0
-88.0
-122.0
-100.0
-76.0
-77.0
-69.0
-64.0
-104.0
-66.0
-93.0
-70.0
-74.0
-104.0
-104.0
-98.0
-117.0
-82.0
-85.0
-88.0
-55.0
-103.0
-86.0
-112.0
-128.0
-107.0
-148.0
-130.0
-119.0
-162.0
-114.0
-152.0
-169.0
-131.0
-131.0
-156.0
-149.0
-154.0
-154.0
-138.0
-175.0
-137.0
-147.0
-102.0
-67.0
-83.0
-84.0
-104.0
-123.0
-99.0
-130.0
-138.0
-111.0
-160.0
-140.0
-136.0
-141.0
-118.0
-145.0
-147.0
-110.0
-146.0
-97.0
-109.0
-136.0
-99.0
-122.0
-122.0
-111.0
-137.0
-94.0
-108.0
-135.0
-92.0
-118.0
-122.0
-89.0
-121.0
-110.0
-117.0
-117.0
-66.0
-73.0
-77.0
-73.0
-106.0
-81.0
-85.0
-111.0
-81.0
-95.0
-112.0
-74.0
-104.0
-87.0
-91.0
-118.0
-82.0
-91.0
-100.0
-95.0
-117.0
-77.0
-77.0
-114.0
-82.0
-115.0
-105.0
-88.0
-123.0
-115.0
-120.0
-142.0
-98.0
-104.0
-97.0
-92.0
-111.0
-114.0
-128.0
-156.0
-126.0
-157.0
-162.0
-140.0
-178.0
-146.0
-139.0
-154.0
-98.0
-108.0
-93.0
-86.0
-108.0
-84.0
-105.0
-135.0
-130.0
-142.0
-151.0
-124.0
-163.0
-118.0
-100.0
-107.0
-92.0
-107.0
-105.0
-127.0
-168.0
-155.0
-166.0
-172.0
-160.0
-190.0
-192.0
-176.0
-195.0
-164.0
-152.0
-178.0
-129.0
-153.0
-158.0
-156.0
-192.0
-170.0
-128.0
-157.0
-126.0
-138.0
-145.0
-113.0
-135.0
-103.0
-90.0
-116.0
-89.0
-133.0
-130.0
-126.0
-162.0
-143.0
-132.0
-160.0
-135.0
-164.0
-183.0
-152.0
-193.0
-138.0
-133.0
-164.0
-131.0
-143.0
-154.0
-140.0
-171.0
-158.0
-163.0
-188.0
-156.0
-196.0
-204.0
-182.0
-183.0
-164.0
-164.0
-186.0
-152.0
-177.0
-178.0
-193.0
-207.0
-172.0
-176.0
-219.0
-187.0
-223.0
-218.0
-194.0
-222.0
-209.0
-210.0
-238.0
-206.0
-212.0
-184.0
-173.0
-202.0
-152.0
-184.0
-234.0
-217.0
-238.0
-240.0
-212.0
-247.0
-210.0
-218.0
-245.0
-211.0
-218.0
-212.0
-194.0
-201.0
-153.0
-161.0
-184.0
-174.0
-211.0
-210.0
-196.0
-193.0
-181.0
-183.0
-185.0
-137.0
-154.0
-148.0
-121.0
-148.0
-126.0
-125.0
-156.0
-124.0
-166.0
-176.0
-135.0
-158.0
-122.0
-133.0
-155.0
-129.0
-164.0
-178.0
-158.0
-172.0
-113.0
-89.0
-100.0
-101.0
-107.0
-108.0
-81.0
-116.0
-103.0
-105.0
-136.0
-98.0
-115.0
-80.0
-55.0
-88.0
-66.0
-47.0
-43.0
-27.0
-37.0
-79.0
-42.0
-77.0
-42.0
-49.0
-88.0
-36.0
-66.0
-84.0
-79.0
-91.0
-52.0
-35.0
-41.0
-10.0
-44.0
-71.0
-70.0
-98.0
-76.0
-89.0
-111.0
-103.0
-112.0
-131.0
-98.0
-112.0
-81.0
-70.0
-69.0
-41.0
-75.0
-72.0
-77.0
-107.0
-100.0
-108.0
-119.0
-89.0
-102.0
-103.0
-77.0
-98.0
-73.0
-79.0
-82.0
-76.0
-113.0
-116.0
-112.0
-149.0
-120.0
-118.0
-120.0
-88.0
-103.0
-115.0
-62.0
-78.0
-34.0
-18.0
-35.0
-23.0
-51.0
-68.0
-52.0
-83.0
-71.0
-95.0
-141.0
-124.0
-153.0
-147.0
-119.0
-146.0
-108.0
-103.0
-94.0
-84.0
-112.0
-90.0
-77.0
-97.0
-84.0
-102.0
-101.0
-72.0
-111.0
-112.0
-104.0
-125.0
-97.0
-89.0
-97.0
-88.0
-119.0
-144.0
-125.0
-131.0
-96.0
-42.0
-46.0
-20.0
-59.0
-72.0
-50.0
-67.0
-30.0
-14.0
-1.0
17.0
-9.0
-1.0
7.0
-3.0
8.0
-7.0
-57.0
2.0
-19.0
10.0
38.0
1.0
27.0
41.0
15.0
59.0
42.0
41.0
56.0
26.0
20.0
25.0
2.0
16.0
19.0
31.0
28.0
22.0
22.0
37.0
48.0
81.0
55.0
64.0
77.0
18.0
1.0
-15.0
-42.0
28.0
12.0
41.0
60.0
23.0
22.0
20.0
-28.0
22.0
34.0
48.0
61.0
25.0
32.0
20.0
1.0
18.0
6.0
4.0
45.0
2.0
41.0
31.0
-2.0
15.0
14.0
19.0
46.0
-6.0
-13.0
-29.0
-49.0
-18.0
-39.0
-5.0
33.0
3.0
35.0
-5.0
-5.0
23.0
18.0
20.0
1.0
-26.0
-23.0
-31.0
-92.0
-63.0
-55.0
-18.0
3.0
-23.0
18.0
20.0
16.0
88.0
45.0
32.0
40.0
-32.0
-36.0
-59.0
-60.0
7.0
12.0
14.0
35.0
8.0
52.0
84.0
93.0
143.0
140.0
134.0
111.0
47.0
34.0
-4.0
-44.0
-44.0
-64.0
-26.0
17.0
-13.0
6.0
18.0
26.0
77.0
45.0
48.0
51.0
24.0
27.0
3.0
-23.0
-21.0
-72.0
-76.0
-46.0
-74.0
-22.0
12.0
53.0
106.0
86.0
101.0
114.0
77.0
93.0
88.0
19.0
33.0
-39.0
-75.0
-61.0
-109.0
-88.0
-71.0
-34.0
66.0
86.0
100.0
142.0
107.0
107.0
106.0
58.0
75.0
35.0
11.0
-24.0
-87.0
-56.0
-64.0
-70.0
-13.0
12.0
61.0
100.0
100.0
138.0
163.0
154.0
182.0
144.0
128.0
140.0
76.0
59.0
37.0
15.0
70.0
87.0
86.0
136.0
138.0
164.0
182.0
172.0
200.0
193.0
190.0
193.0
137.0
137.0
101.0
31.0
56.0
33.0
36.0
69.0
26.0
56.0
81.0
77.0
85.0
64.0
72.0
87.0
46.0
48.0
37.0
3.0
22.0
-12.0
-5.0
21.0
-8.0
5.0
-1.0
-17.0
23.0
21.0
45.0
58.0
53.0
86.0
68.0
28.0
37.0
4.0
17.0
45.0
15.0
59.0
69.0
41.0
54.0
35.0
43.0
53.0
55.0
73.0
89.0
85.0
103.0
77.0
76.0
108.0
89.0
110.0
94.0
55.0
86.0
42.0
16.0
31.0
15.0
74.0
104.0
93.0
130.0
116.0
116.0
118.0
88.0
102.0
90.0
57.0
62.0
30.0
21.0
51.0
27.0
52.0
74.0
71.0
115.0
99.0
102.0
157.0
131.0
152.0
138.0
92.0
119.0
90.0
63.0
79.0
49.0
68.0
78.0
66.0
92.0
74.0
80.0
113.0
97.0
115.0
123.0
106.0
127.0
96.0
93.0
84.0
45.0
49.0
11.0
21.0
42.0
53.0
82.0
117.0
62.0
87.0
79.0
84.0
101.0
91.0
65.0
60.0
25.0
29.0
52.0
36.0
68.0
87.0
94.0
129.0
107.0
126.0
105.0
84.0
118.0
87.0
81.0
63.0
50.0
79.0
52.0
29.0
48.0
28.0
27.0
82.0
52.0
81.0
81.0
71.0
143.0
145.0
148.0
128.0
77.0
63.0
63.0
30.0
33.0
-10.0
-23.0
12.0
15.0
64.0
71.0
64.0
89.0
82.0
107.0
152.0
134.0
150.0
126.0
105.0
122.0
106.0
70.0
74.0
34.0
58.0
70.0
62.0
100.0
83.0
83.0
115.0
79.0
96.0
109.0
91.0
111.0
84.0
59.0
70.0
6.0
15.0
22.0
-2.0
68.0
42.0
66.0
87.0
72.0
79.0
97.0
62.0
105.0
75.0
52.0
74.0
15.0
6.0
-2.0
-3.0
20.0
26.0
64.0
97.0
83.0
92.0
86.0
46.0
83.0
54.0
76.0
73.0
17.0
29.0
10.0
-22.0
-2.0
-27.0
-31.0
1.0
3.0
44.0
42.0
15.0
17.0
-12.0
-7.0
31.0
2.0
5.0
-10.0
-21.0
12.0
2.0
-10.0
10.0
-16.0
-6.0
-11.0
-17.0
24.0
12.0
-3.0
25.0
-22.0
-1.0
7.0
-43.0
-7.0
-5.0
22.0
57.0
13.0
32.0
33.0
2.0
41.0
27.0
49.0
63.0
44.0
67.0
78.0
50.0
90.0
62.0
46.0
63.0
23.0
7.0
2.0
-13.0
22.0
-3.0
3.0
27.0
8.0
24.0
10.0
-15.0
15.0
-11.0
-26.0
-1.0
-25.0
-2.0
27.0
43.0
70.0
73.0
76.0
103.0
92.0
102.0
93.0
60.0
73.0
43.0
26.0
12.0
-16.0
-1.0
-10.0
-11.0
41.0
55.0
78.0
88.0
57.0
61.0
62.0
55.0
83.0
70.0
68.0
71.0
22.0
44.0
49.0
36.0
74.0
51.0
71.0
89.0
82.0
88.0
87.0
25.0
15.0
-13.0
-23.0
-5.0
-30.0
8.0
5.0
-14.0
11.0
3.0
15.0
37.0
-3.0
28.0
26.0
-15.0
-29.0
-59.0
-64.0
-13.0
-23.0
13.0
-2.0
-16.0
26.0
-8.0
-22.0
-19.0
-21.0
-2.0
-3.0
-3.0
21.0
-1.0
-35.0
-32.0
-33.0
-9.0
1.0
2.0
21.0
-4.0
-21.0
-6.0
-15.0
-3.0
30.0
1.0
36.0
12.0
8.0
7.0
-16.0
32.0
54.0
25.0
56.0
25.0
25.0
1.0
-26.0
6.0
28.0
34.0
55.0
20.0
20.0
7.0
-24.0
20.0
29.0
7.0
22.0
15.0
17.0
50.0
31.0
37.0
32.0
2.0
25.0
-3.0
-21.0
4.0
-10.0
-10.0
-10.0
-25.0
-1.0
-23.0
-17.0
30.0
-3.0
14.0
15.0
-12.0
30.0
12.0
-10.0
2.0
-19.0
12.0
-1.0
-24.0
19.0
-23.0
-44.0
-45.0
-63.0
-25.0
-7.0
-15.0
4.0
-24.0
-32.0
-25.0
-54.0
-48.0
-46.0
-55.0
-25.0
-51.0
-60.0
-23.0
-46.0
-35.0
-44.0
-56.0
-12.0
-30.0
-14.0
11.0
-10.0
8.0
16.0
-5.0
24.0
7.0
3.0
16.0
-20.0
14.0
30.0
26.0
48.0
32.0
6.0
24.0
1.0
20.0
-7.0
12.0
37.0
1.0
-11.0
7.0
-32.0
-1.0
16.0
-2.0
46.0
25.0
9.0
18.0
-35.0
-23.0
-25.0
-49.0
-15.0
-17.0
-8.0
21.0
-9.0
-5.0
-16.0
-22.0
11.0
2.0
8.0
44.0
22.0
63.0
49.0
32.0
54.0
33.0
30.0
42.0
1.0
33.0
41.0
31.0
89.0
79.0
65.0
67.0
16.0
15.0
14.0
-4.0
37.0
8.0
16.0
24.0
-10.0
10.0
9.0
-16.0
9.0
-15.0
-12.0
27.0
1.0
22.0
15.0
8.0
42.0
37.0
49.0
67.0
31.0
49.0
52.0
35.0
87.0
62.0
44.0
52.0
4.0
40.0
40.0
34.0
78.0
48.0
55.0
71.0
35.0
36.0
29.0
-13.0
26.0
42.0
49.0
61.0
16.0
51.0
55.0
32.0
68.0
55.0
54.0
76.0
34.0
39.0
24.0
4.0
52.0
50.0
61.0
77.0
45.0
46.0
39.0
13.0
45.0
14.0
17.0
59.0
50.0
79.0
123.0
88.0
87.0
69.0
61.0
52.0
26.0
46.0
61.0
51.0
100.0
73.0
64.0
80.0
49.0
68.0
41.0
12.0
44.0
18.0
-4.0
15.0
-29.0
4.0
-9.0
4.0
62.0
47.0
49.0
53.0
11.0
33.0
45.0
14.0
54.0
46.0
44.0
79.0
54.0
70.0
96.0
55.0
74.0
52.0
74.0
86.0
70.0
106.0
125.0
111.0
121.0
74.0
58.0
81.0
57.0
70.0
68.0
48.0
74.0
48.0
75.0
100.0
68.0
81.0
70.0
41.0
89.0
54.0
41.0
53.0
24.0
43.0
53.0
44.0
58.0
42.0
50.0
71.0
30.0
47.0
47.0
32.0
44.0
16.0
23.0
36.0
30.0
60.0
65.0
40.0
54.0
41.0
31.0
39.0
26.0
62.0
86.0
83.0
101.0
103.0
93.0
101.0
65.0
88.0
94.0
58.0
92.0
91.0
93.0
109.0
85.0
122.0
122.0
93.0
119.0
93.0
99.0
118.0
95.0
117.0
139.0
123.0
148.0
140.0
131.0
136.0
130.0
159.0
153.0
120.0
143.0
123.0
136.0
159.0
153.0
185.0
203.0
153.0
174.0
124.0
124.0
131.0
83.0
121.0
128.0
105.0
117.0
130.0
111.0
143.0
112.0
141.0
119.0
81.0
114.0
91.0
90.0
92.0
68.0
100.0
118.0
124.0
150.0
147.0
135.0
159.0
126.0
137.0
142.0
120.0
159.0
136.0
157.0
162.0
118.0
125.0
102.0
97.0
108.0
103.0
99.0
120.0
79.0
88.0
79.0
74.0
115.0
111.0
102.0
107.0
82.0
90.0
61.0
25.0
50.0
21.0
35.0
77.0
37.0
73.0
63.0
64.0
96.0
96.0
76.0
74.0
49.0
43.0
51.0
46.0
60.0
48.0
29.0
29.0
7.0
37.0
47.0
28.0
44.0
24.0
24.0
23.0
-25.0
-8.0
-19.0
-52.0
-10.0
-39.0
-17.0
0.0
-34.0
-13.0
-17.0
-27.0
2.0
-16.0
-22.0
-12.0
-42.0
-14.0
-22.0
-19.0
14.0
1.0
16.0
51.0
37.0
55.0
56.0
21.0
56.0
26.0
27.0
40.0
7.0
23.0
57.0
54.0
61.0
18.0
4.0
29.0
-24.0
-4.0
22.0
2.0
26.0
13.0
3.0
20.0
-4.0
20.0
43.0
46.0
81.0
38.0
40.0
47.0
15.0
14.0
12.0
-7.0
13.0
-18.0
-42.0
-43.0
-69.0
-26.0
-11.0
-37.0
-7.0
-40.0
-39.0
-12.0
-7.0
14.0
14.0
-48.0
-27.0
-46.0
-46.0
-39.0
-49.0
-18.0
-26.0
-52.0
-40.0
-43.0
-65.0
-24.0
-36.0
-18.0
-5.0
-18.0
27.0
-15.0
-25.0
7.0
-21.0
8.0
12.0
-8.0
6.0
-17.0
-26.0
-6.0
-14.0
13.0
-3.0
-22.0
-4.0
-4.0
18.0
26.0
-5.0
24.0
34.0
27.0
53.0
24.0
31.0
27.0
-14.0
-4.0
-5.0
-39.0
-31.0
-57.0
-65.0
-33.0
-44.0
-19.0
-14.0
-25.0
23.0
-8.0
-6.0
12.0
-6.0
46.0
29.0
15.0
33.0
-5.0
-25.0
-3.0
-27.0
-12.0
9.0
5.0
23.0
2.0
22.0
38.0
-2.0
7.0
-12.0
-12.0
34.0
28.0
8.0
32.0
27.0
67.0
43.0
29.0
50.0
26.0
11.0
14.0
8.0
12.0
2.0
-31.0
-2.0
-6.0
-18.0
23.0
10.0
27.0
32.0
-2.0
30.0
15.0
33.0
62.0
14.0
48.0
40.0
18.0
48.0
20.0
18.0
31.0
17.0
40.0
32.0
12.0
89.0
89.0
85.0
79.0
13.0
6.0
-26.0
-55.0
-39.0
-61.0
-62.0
-32.0
-45.0
-7.0
-15.0
-46.0
-24.0
-35.0
-42.0
-15.0
-23.0
6.0
22.0
-13.0
21.0
-3.0
-7.0
-3.0
-35.0
-33.0
-7.0
-39.0
13.0
4.0
-4.0
22.0
-6.0
39.0
25.0
9.0
25.0
-13.0
-2.0
34.0
24.0
39.0
33.0
25.0
32.0
0.0
-11.0
11.0
-10.0
-10.0
7.0
-20.0
-2.0
0.0
-23.0
10.0
-17.0
-7.0
11.0
11.0
38.0
6.0
6.0
19.0
-4.0
18.0
11.0
-4.0
42.0
15.0
7.0
40.0
7.0
36.0
6.0
-15.0
5.0
3.0
-6.0
14.0
7.0
42.0
32.0
16.0
27.0
21.0
17.0
20.0
-5.0
26.0
24.0
-20.0
-2.0
-14.0
-34.0
-12.0
-40.0
-2.0
2.0
-30.0
24.0
6.0
6.0
30.0
-5.0
9.0
-2.0
-13.0
21.0
-1.0
4.0
0.0
-45.0
-24.0
-2.0
-26.0
23.0
18.0
56.0
109.0
82.0
67.0
38.0
-4.0
19.0
18.0
24.0
21.0
14.0
48.0
44.0
24.0
75.0
64.0
66.0
88.0
40.0
43.0
37.0
42.0
78.0
65.0
52.0
65.0
36.0
51.0
31.0
36.0
57.0
66.0
76.0
98.0
88.0
130.0
130.0
102.0
109.0
64.0
62.0
76.0
49.0
74.0
68.0
50.0
61.0
43.0
56.0
83.0
61.0
73.0
49.0
25.0
60.0
45.0
33.0
59.0
27.0
43.0
79.0
64.0
105.0
88.0
80.0
99.0
71.0
74.0
59.0
36.0
60.0
43.0
56.0
84.0
60.0
82.0
91.0
82.0
98.0
67.0
75.0
102.0
61.0
64.0
52.0
46.0
58.0
52.0
46.0
65.0
14.0
23.0
39.0
40.0
72.0
62.0
58.0
97.0
74.0
98.0
88.0
65.0
75.0
55.0
41.0
71.0
29.0
70.0
91.0
63.0
58.0
31.0
30.0
80.0
54.0
76.0
88.0
53.0
91.0
47.0
10.0
24.0
4.0
31.0
54.0
35.0
60.0
-6.0
-10.0
21.0
8.0
49.0
57.0
55.0
96.0
77.0
51.0
51.0
41.0
64.0
58.0
16.0
25.0
20.0
5.0
14.0
-5.0
16.0
39.0
48.0
98.0
120.0
100.0
135.0
105.0
119.0
102.0
62.0
99.0
72.0
72.0
92.0
54.0
72.0
60.0
30.0
60.0
58.0
83.0
125.0
111.0
125.0
94.0
56.0
50.0
35.0
39.0
71.0
14.0
16.0
25.0
-20.0
4.0
11.0
13.0
43.0
17.0
39.0
48.0
30.0
70.0
56.0
30.0
46.0
2.0
16.0
8.0
-2.0
15.0
7.0
-9.0
11.0
-1.0
16.0
39.0
33.0
76.0
72.0
67.0
91.0
50.0
47.0
26.0
11.0
44.0
20.0
12.0
41.0
6.0
7.0
39.0
36.0
89.0
84.0
79.0
100.0
92.0
103.0
118.0
80.0
98.0
88.0
74.0
100.0
52.0
74.0
69.0
63.0
97.0
107.0
100.0
125.0
97.0
152.0
157.0
138.0
165.0
129.0
114.0
145.0
108.0
118.0
112.0
76.0
96.0
81.0
68.0
108.0
78.0
85.0
97.0
94.0
126.0
112.0
92.0
125.0
97.0
102.0
97.0
69.0
77.0
44.0
47.0
89.0
73.0
106.0
115.0
97.0
107.0
106.0
119.0
139.0
108.0
112.0
135.0
116.0
151.0
109.0
81.0
116.0
69.0
87.0
89.0
82.0
119.0
109.0
98.0
117.0
72.0
86.0
104.0
66.0
94.0
74.0
67.0
69.0
35.0
46.0
51.0
30.0
81.0
84.0
83.0
121.0
102.0
130.0
132.0
97.0
109.0
64.0
56.0
101.0
81.0
89.0
93.0
80.0
112.0
119.0
105.0
150.0
125.0
140.0
146.0
134.0
142.0
128.0
116.0
131.0
108.0
131.0
125.0
73.0
106.0
108.0
118.0
130.0
92.0
102.0
103.0
90.0
149.0
138.0
135.0
131.0
119.0
111.0
121.0
104.0
115.0
102.0
108.0
133.0
102.0
131.0
175.0
172.0
202.0
169.0
144.0
176.0
146.0
147.0
147.0
93.0
106.0
102.0
95.0
122.0
93.0
130.0
152.0
144.0
165.0
159.0
153.0
152.0
120.0
129.0
146.0
115.0
136.0
132.0
124.0
145.0
130.0
149.0
145.0
116.0
144.0
123.0
127.0
127.0
106.0
128.0
134.0
115.0
129.0
118.0
109.0
131.0
87.0
101.0
103.0
73.0
89.0
86.0
97.0
131.0
119.0
112.0
115.0
82.0
129.0
101.0
88.0
109.0
74.0
98.0
103.0
58.0
95.0
116.0
102.0
120.0
65.0
100.0
90.0
65.0
97.0
81.0
55.0
80.0
59.0
78.0
67.0
36.0
53.0
44.0
71.0
103.0
74.0
93.0
115.0
90.0
110.0
108.0
120.0
128.0
82.0
81.0
72.0
55.0
72.0
54.0
58.0
83.0
81.0
117.0
123.0
104.0
150.0
133.0
126.0
141.0
86.0
68.0
66.0
76.0
108.0
79.0
73.0
102.0
86.0
121.0
111.0
74.0
112.0
111.0
134.0
152.0
101.0
87.0
89.0
72.0
99.0
68.0
70.0
96.0
70.0
81.0
92.0
90.0
95.0
89.0
78.0
109.0
73.0
94.0
90.0
80.0
109.0
74.0
42.0
63.0
27.0
40.0
56.0
40.0
67.0
67.0
61.0
80.0
52.0
58.0
61.0
48.0
71.0
55.0
52.0
64.0
27.0
36.0
29.0
28.0
68.0
64.0
43.0
49.0
8.0
13.0
35.0
1.0
27.0
17.0
32.0
42.0
20.0
39.0
70.0
44.0
65.0
39.0
32.0
45.0
27.0
50.0
48.0
32.0
76.0
42.0
23.0
56.0
43.0
67.0
89.0
62.0
102.0
102.0
95.0
105.0
91.0
108.0
139.0
108.0
128.0
121.0
117.0
139.0
79.0
84.0
104.0
78.0
109.0
103.0
83.0
100.0
77.0
87.0
92.0
71.0
100.0
75.0
69.0
107.0
61.0
80.0
82.0
46.0
75.0
77.0
60.0
59.0
31.0
27.0
18.0
-7.0
15.0
23.0
1.0
14.0
8.0
49.0
81.0
48.0
75.0
31.0
12.0
14.0
-31.0
-22.0
-26.0
-49.0
-26.0
-27.0
-45.0
-32.0
-50.0
-47.0
-36.0
-70.0
-24.0
-56.0
-77.0
-72.0
-87.0
-67.0
-87.0
-93.0
-87.0
-139.0
-140.0
-75.0
-106.0
-87.0
-45.0
-77.0
-64.0
-88.0
-84.0
-64.0
-110.0
-86.0
-87.0
-129.0
-118.0
-129.0
-117.0
-109.0
-140.0
-146.0
-154.0
-193.0
-156.0
-192.0
-183.0
-144.0
-195.0
-163.0
-168.0
-181.0
-138.0
-149.0
-153.0
-137.0
-167.0
-167.0
-162.0
-215.0
-183.0
-190.0
-204.0
-180.0
-182.0
-148.0
-138.0
-183.0
-127.0
-127.0
-157.0
-117.0
-171.0
-153.0
-151.0
-174.0
-162.0
-178.0
-172.0
-152.0
-177.0
-166.0
-169.0
-186.0
-140.0
-153.0
-162.0
-146.0
-168.0
-151.0
-138.0
-152.0
-150.0
-142.0
-144.0
-114.0
-168.0
-113.0
-134.0
-107.0
-94.0
-127.0
-130.0
-119.0
-143.0
-128.0
-94.0
-103.0
-93.0
-130.0
-95.0
-95.0
-118.0
-112.0
-135.0
-167.0
-96.0
-112.0
-97.0
-50.0
-76.0
-107.0
-68.0
-148.0
-146.0
-174.0
-177.0
-138.0
-167.0
-155.0
-139.0
-167.0
-191.0
-161.0
-180.0
-153.0
-166.0
-162.0
-154.0
-173.0
-147.0
-145.0
-166.0
-115.0
-150.0
-149.0
-143.0
-169.0
-140.0
-161.0
-153.0
-145.0
-174.0
-162.0
-153.0
-179.0
-146.0
-152.0
-162.0
-134.0
-131.0
-95.0
-131.0
-106.0
-110.0
-110.0
-120.0
-96.0
-102.0
-107.0
-95.0
-117.0
-74.0
-65.0
-65.0
-23.0
-57.0
-37.0
-29.0
-61.0
-43.0
-34.0
-61.0
-37.0
-74.0
-52.0
-52.0
-76.0
-62.0
-81.0
-83.0
-59.0
-53.0
-52.0
-64.0
-72.0
-35.0
-45.0
-46.0
-14.0
-62.0
-43.0
-26.0
-65.0
-59.0
-53.0
-37.0
8.0
-23.0
-29.0
-28.0
-70.0
-45.0
-66.0
-101.0
-69.0
-114.0
-83.0
-76.0
-40.0
12.0
25.0
12.0
15.0
2.0
22.0
10.0
1.0
29.0
16.0
-2.0
37.0
4.0
13.0
11.0
15.0
43.0
55.0
54.0
77.0
70.0
102.0
99.0
26.0
34.0
24.0
25.0
63.0
36.0
54.0
89.0
56.0
95.0
59.0
61.0
56.0
50.0
63.0
84.0
67.0
78.0
78.0
62.0
82.0
71.0
69.0
56.0
22.0
46.0
26.0
44.0
74.0
42.0
47.0
80.0
34.0
81.0
73.0
46.0
70.0
13.0
52.0
47.0
34.0
72.0
41.0
33.0
58.0
22.0
51.0
63.0
45.0
73.0
37.0
46.0
82.0
30.0
68.0
65.0
52.0
53.0
29.0
12.0
43.0
27.0
40.0
56.0
30.0
55.0
46.0
65.0
97.0
89.0
108.0
126.0
112.0
127.0
114.0
84.0
100.0
63.0
95.0
102.0
72.0
110.0
98.0
104.0
133.0
89.0
108.0
108.0
46.0
84.0
30.0
36.0
51.0
42.0
58.0
78.0
63.0
96.0
99.0
122.0
109.0
105.0
120.0
142.0
121.0
130.0
109.0
81.0
119.0
86.0
105.0
77.0
62.0
95.0
89.0
94.0
139.0
100.0
68.0
48.0
1.0
32.0
42.0
53.0
74.0
37.0
56.0
53.0
41.0
68.0
41.0
62.0
65.0
27.0
37.0
58.0
30.0
66.0
43.0
27.0
61.0
59.0
77.0
76.0
54.0
65.0
35.0
31.0
51.0
29.0
45.0
44.0
44.0
70.0
64.0
75.0
101.0
62.0
77.0
77.0
51.0
82.0
76.0
71.0
91.0
103.0
102.0
90.0
79.0
103.0
69.0
28.0
77.0
59.0
58.0
58.0
34.0
64.0
37.0
8.0
61.0
41.0
63.0
69.0
38.0
21.0
11.0
20.0
46.0
41.0
68.0
43.0
13.0
60.0
30.0
21.0
40.0
45.0
45.0
23.0
26.0
54.0
43.0
50.0
61.0
23.0
13.0
-3.0
-21.0
24.0
32.0
63.0
106.0
78.0
97.0
100.0
84.0
99.0
55.0
31.0
51.0
66.0
72.0
89.0
94.0
104.0
103.0
82.0
108.0
56.0
42.0
63.0
84.0
124.0
159.0
119.0
138.0
110.0
119.0
135.0
114.0
149.0
120.0
114.0
102.0
52.0
51.0
60.0
31.0
45.0
42.0
-6.0
61.0
52.0
76.0
57.0
75.0
111.0
126.0
124.0
164.0
143.0
152.0
121.0
130.0
128.0
115.0
98.0
140.0
97.0
111.0
105.0
103.0
168.0
169.0
182.0
186.0
192.0
173.0
174.0
143.0
190.0
188.0
146.0
163.0
156.0
184.0
173.0
175.0
176.0
162.0
166.0
159.0
110.0
133.0
155.0
134.0
166.0
164.0
161.0
187.0
173.0
176.0
154.0
120.0
135.0
109.0
95.0
123.0
114.0
117.0
132.0
114.0
166.0
145.0
118.0
169.0
133.0
128.0
137.0
100.0
116.0
107.0
105.0
143.0
131.0
163.0
189.0
159.0
194.0
199.0
185.0
208.0
171.0
185.0
167.0
135.0
189.0
187.0
193.0
218.0
165.0
189.0
201.0
162.0
192.0
194.0
159.0
198.0
170.0
223.0
236.0
217.0
252.0
244.0
202.0
252.0
229.0
229.0
251.0
221.0
249.0
212.0
213.0
213.0
178.0
200.0
224.0
205.0
224.0
223.0
233.0
248.0
216.0
216.0
221.0
211.0
251.0
247.0
225.0
227.0
200.0
213.0
235.0
240.0
266.0
229.0
225.0
233.0
185.0
189.0
244.0
224.0
248.0
265.0
248.0
234.0
205.0
197.0
193.0
161.0
189.0
173.0
168.0
194.0
163.0
192.0
209.0
211.0
231.0
227.0
216.0
208.0
164.0
180.0
178.0
154.0
176.0
171.0
172.0
220.0
198.0
232.0
273.0
247.0
273.0
239.0
191.0
180.0
115.0
110.0
115.0
100.0
134.0
153.0
169.0
214.0
192.0
214.0
211.0
163.0
139.0
121.0
105.0
110.0
98.0
110.0
107.0
90.0
156.0
176.0
196.0
213.0
194.0
191.0
166.0
126.0
142.0
124.0
103.0
133.0
71.0
95.0
119.0
139.0
182.0
182.0
208.0
278.0
273.0
269.0
254.0
196.0
218.0
188.0
167.0
185.0
135.0
130.0
126.0
89.0
171.0
195.0
223.0
255.0
248.0
259.0
248.0
224.0
246.0
204.0
190.0
212.0
172.0
134.0
133.0
139.0
202.0
231.0
247.0
287.0
253.0
272.0
288.0
260.0
272.0
257.0
219.0
245.0
184.0
172.0
157.0
109.0
149.0
158.0
162.0
221.0
190.0
229.0
235.0
219.0
243.0
227.0
187.0
197.0
147.0
129.0
105.0
83.0
142.0
143.0
160.0
208.0
172.0
182.0
178.0
146.0
153.0
111.0
97.0
91.0
38.0
60.0
64.0
27.0
78.0
82.0
89.0
161.0
130.0
120.0
134.0
90.0
121.0
82.0
68.0
118.0
87.0
96.0
99.0
77.0
105.0
111.0
102.0
138.0
101.0
115.0
101.0
78.0
141.0
135.0
143.0
148.0
116.0
145.0
148.0
98.0
117.0
109.0
98.0
145.0
106.0
117.0
130.0
144.0
193.0
186.0
161.0
195.0
183.0
182.0
200.0
195.0
210.0
211.0
204.0
200.0
169.0
170.0
182.0
152.0
155.0
119.0
110.0
133.0
112.0
131.0
160.0
145.0
182.0
165.0
153.0
161.0
116.0
106.0
102.0
75.0
93.0
61.0
63.0
99.0
107.0
106.0
91.0
92.0
120.0
93.0
99.0
122.0
86.0
84.0
89.0
45.0
49.0
44.0
32.0
72.0
42.0
46.0
67.0
38.0
87.0
85.0
80.0
110.0
86.0
64.0
77.0
49.0
78.0
60.0
33.0
23.0
-8.0
-21.0
4.0
-11.0
15.0
38.0
32.0
101.0
95.0
98.0
96.0
73.0
87.0
50.0
37.0
78.0
47.0
54.0
49.0
21.0
22.0
30.0
39.0
102.0
93.0
127.0
150.0
117.0
146.0
127.0
103.0
104.0
43.0
44.0
37.0
8.0
31.0
7.0
3.0
28.0
25.0
53.0
87.0
76.0
120.0
111.0
106.0
129.0
128.0
110.0
98.0
44.0
41.0
31.0
26.0
59.0
35.0
48.0
64.0
40.0
65.0
63.0
61.0
87.0
29.0
51.0
58.0
54.0
83.0
77.0
39.0
67.0
22.0
23.0
34.0
27.0
53.0
49.0
24.0
52.0
26.0
34.0
47.0
21.0
62.0
37.0
36.0
61.0
16.0
8.0
13.0
1.0
29.0
27.0
5.0
25.0
-33.0
-21.0
-6.0
-26.0
-5.0
22.0
37.0
60.0
39.0
52.0
51.0
-11.0
17.0
-4.0
-31.0
3.0
-42.0
-10.0
-6.0
-35.0
3.0
-5.0
6.0
33.0
-6.0
-2.0
-13.0
-42.0
-33.0
-68.0
-90.0
-51.0
-46.0
-60.0
-49.0
-71.0
-33.0
-16.0
-7.0
32.0
-6.0
4.0
-3.0
-28.0
-21.0
-41.0
-61.0
-51.0
-67.0
-48.0
-23.0
-32.0
10.0
4.0
8.0
26.0
8.0
32.0
44.0
-11.0
-21.0
-52.0
-73.0
-61.0
-89.0
-74.0
-60.0
-61.0
-13.0
-21.0
3.0
36.0
44.0
47.0
61.0
11.0
16.0
-22.0
-36.0
14.0
4.0
8.0
44.0
24.0
61.0
61.0
43.0
56.0
30.0
51.0
45.0
-3.0
47.0
26.0
10.0
26.0
-8.0
-13.0
16.0
2.0
-2.0
8.0
-6.0
24.0
-7.0
20.0
52.0
26.0
50.0
23.0
8.0
37.0
5.0
11.0
12.0
-20.0
-17.0
-33.0
-37.0
1.0
1.0
-3.0
8.0
-15.0
6.0
-6.0
-10.0
15.0
2.0
13.0
26.0
-13.0
9.0
-13.0
-20.0
15.0
0.0
8.0
20.0
-23.0
32.0
-2.0
-23.0
-23.0
-27.0
-10.0
9.0
-34.0
-20.0
-28.0
-31.0
-4.0
-31.0
-32.0
-23.0
-27.0
13.0
10.0
-8.0
36.0
-22.0
-12.0
-4.0
-40.0
-6.0
-19.0
-49.0
-20.0
-16.0
-3.0
18.0
5.0
33.0
6.0
-15.0
-23.0
-50.0
-25.0
-35.0
-88.0
-69.0
-86.0
-91.0
-73.0
-91.0
-86.0
-57.0
-79.0
-23.0
-24.0
2.0
16.0
-32.0
9.0
-12.0
-45.0
-14.0
-21.0
-46.0
-34.0
-92.0
-75.0
-78.0
-123.0
-87.0
-63.0
-39.0
12.0
-19.0
4.0
26.0
3.0
6.0
-8.0
-24.0
2.0
-44.0
-67.0
-77.0
-136.0
-138.0
-155.0
-142.0
-110.0
-107.0
-59.0
-33.0
-63.0
-48.0
-78.0
-73.0
-60.0
-109.0
-115.0
-110.0
-161.0
-138.0
-162.0
-202.0
-188.0
-203.0
-195.0
-128.0
-139.0
-110.0
-139.0
-166.0
-151.0
-183.0
-153.0
-165.0
-168.0
-130.0
-139.0
-161.0
-131.0
-155.0
-153.0
-152.0
-155.0
-124.0
-155.0
-148.0
-131.0
-155.0
-143.0
-139.0
-180.0
-141.0
-134.0
-136.0
-87.0
-92.0
-73.0
-62.0
-88.0
-60.0
-67.0
-79.0
-34.0
-55.0
-21.0
11.0
-20.0
9.0
-6.0
-18.0
16.0
16.0
12.0
23.0
-1.0
21.0
-3.0
-21.0
10.0
-29.0
-24.0
-1.0
-18.0
-16.0
-29.0
-43.0
2.0
-36.0
-27.0
-13.0
-49.0
-39.0
-39.0
-43.0
-33.0
-59.0
-55.0
-53.0
-81.0
-68.0
-76.0
-88.0
-62.0
-116.0
-111.0
-121.0
-140.0
-110.0
-108.0
-135.0
-129.0
-124.0
-102.0
-105.0
-137.0
-120.0
-118.0
-129.0
-106.0
-145.0
-140.0
-127.0
-143.0
-113.0
-136.0
-152.0
-139.0
-178.0
-138.0
-116.0
-133.0
-114.0
-148.0
-153.0
-146.0
-166.0
-154.0
-120.0
-146.0
-109.0
-112.0
-120.0
-83.0
-105.0
-93.0
-91.0
-117.0
-79.0
-72.0
-100.0
-85.0
-118.0
-78.0
-57.0
-74.0
-56.0
-76.0
-75.0
-62.0
-90.0
-60.0
-50.0
-69.0
-32.0
-51.0
-76.0
-41.0
-57.0
-60.0
-37.0
-67.0
-51.0
-63.0
-80.0
-48.0
-79.0
-36.0
-21.0
-45.0
31.0
33.0
-8.0
-26.0
-74.0
-52.0
-61.0
-76.0
-71.0
-73.0
-69.0
-42.0
-67.0
-46.0
-42.0
-72.0
-33.0
-44.0
-58.0
-10.0
-42.0
-55.0
-49.0
-66.0
-29.0
-31.0
-54.0
-29.0
-30.0
-10.0
9.0
-22.0
6.0
2.0
-11.0
1.0
-46.0
-46.0
-23.0
-53.0
-36.0
-51.0
-56.0
-39.0
-46.0
-29.0
-17.0
-41.0
-21.0
-40.0
-38.0
-29.0
-56.0
-68.0
-40.0
-44.0
-16.0
-34.0
-61.0
-15.0
-43.0
-30.0
-25.0
-58.0
-25.0
-12.0
-35.0
-7.0
-22.0
2.0
29.0
-12.0
8.0
-10.0
-20.0
7.0
-13.0
16.0
4.0
-26.0
-7.0
-35.0
-55.0
-31.0
-58.0
-53.0
-37.0
-48.0
-20.0
-36.0
-40.0
-4.0
-54.0
-55.0
-38.0
-65.0
-22.0
-40.0
-49.0
-11.0
-36.0
-8.0
17.0
39.0
71.0
60.0
32.0
55.0
24.0
10.0
18.0
-10.0
0.0
6.0
-21.0
7.0
1.0
18.0
34.0
24.0
44.0
53.0
27.0
92.0
70.0
42.0
41.0
-2.0
50.0
46.0
65.0
79.0
60.0
66.0
106.0
80.0
90.0
87.0
59.0
86.0
57.0
68.0
66.0
51.0
78.0
79.0
66.0
88.0
50.0
62.0
69.0
45.0
59.0
59.0
53.0
67.0
36.0
44.0
55.0
23.0
64.0
44.0
44.0
107.0
88.0
71.0
60.0
29.0
37.0
25.0
-4.0
2.0
-6.0
-18.0
22.0
11.0
36.0
26.0
27.0
24.0
16.0
33.0
54.0
15.0
40.0
33.0
6.0
22.0
-5.0
8.0
-6.0
-33.0
4.0
3.0
4.0
18.0
-29.0
0.0
-1.0
-19.0
40.0
12.0
22.0
27.0
3.0
21.0
42.0
31.0
66.0
50.0
64.0
92.0
54.0
64.0
63.0
30.0
37.0
35.0
26.0
56.0
49.0
79.0
96.0
70.0
100.0
87.0
59.0
88.0
56.0
77.0
82.0
49.0
78.0
71.0
74.0
87.0
70.0
77.0
76.0
45.0
83.0
51.0
25.0
59.0
54.0
65.0
95.0
87.0
119.0
90.0
68.0
71.0
52.0
44.0
41.0
21.0
59.0
60.0
35.0
59.0
21.0
36.0
33.0
21.0
45.0
9.0
10.0
50.0
7.0
1.0
-7.0
-35.0
26.0
30.0
32.0
75.0
40.0
63.0
88.0
56.0
71.0
62.0
40.0
71.0
32.0
37.0
60.0
29.0
50.0
34.0
23.0
75.0
56.0
60.0
63.0
13.0
34.0
25.0
15.0
56.0
37.0
50.0
49.0
18.0
36.0
14.0
21.0
25.0
7.0
20.0
24.0
11.0
57.0
34.0
5.0
60.0
58.0
89.0
101.0
63.0
99.0
82.0
54.0
91.0
59.0
67.0
95.0
62.0
107.0
123.0
115.0
136.0
89.0
100.0
117.0
77.0
95.0
92.0
67.0
67.0
45.0
43.0
60.0
36.0
76.0
57.0
39.0
42.0
26.0
53.0
42.0
28.0
65.0
77.0
59.0
77.0
65.0
68.0
92.0
70.0
81.0
72.0
48.0
66.0
49.0
61.0
42.0
6.0
20.0
31.0
8.0
47.0
49.0
80.0
102.0
43.0
45.0
35.0
6.0
13.0
-11.0
-11.0
14.0
-16.0
5.0
-10.0
-36.0
3.0
-28.0
-12.0
26.0
1.0
24.0
-2.0
-14.0
14.0
-15.0
14.0
20.0
11.0
24.0
30.0
23.0
46.0
14.0
13.0
22.0
-13.0
24.0
19.0
-4.0
27.0
22.0
23.0
37.0
39.0
68.0
51.0
29.0
54.0
22.0
23.0
40.0
6.0
25.0
11.0
-33.0
-19.0
-58.0
-33.0
-17.0
-67.0
-42.0
-34.0
-47.0
-3.0
-27.0
-11.0
4.0
-36.0
-17.0
-39.0
-63.0
-22.0
-22.0
-4.0
45.0
26.0
46.0
51.0
16.0
25.0
-2.0
-3.0
5.0
-18.0
8.0
-2.0
-6.0
41.0
22.0
11.0
35.0
19.0
60.0
65.0
43.0
46.0
22.0
40.0
72.0
51.0
89.0
62.0
50.0
64.0
17.0
23.0
24.0
4.0
38.0
42.0
7.0
18.0
-16.0
-3.0
1.0
-28.0
-15.0
-31.0
-39.0
-28.0
-40.0
-23.0
15.0
23.0
61.0
47.0
24.0
46.0
-2.0
0.0
25.0
5.0
43.0
19.0
-3.0
43.0
30.0
46.0
60.0
42.0
64.0
46.0
17.0
35.0
-4.0
-12.0
-40.0
-75.0
-60.0
-81.0
-82.0
-47.0
-67.0
-38.0
-11.0
-27.0
16.0
10.0
5.0
21.0
-16.0
-30.0
-24.0
-45.0
-58.0
-79.0
-109.0
-54.0
-70.0
-36.0
-18.0
-30.0
14.0
23.0
-13.0
21.0
-37.0
-11.0
-30.0
-59.0
-5.0
-15.0
-31.0
-23.0
-52.0
-31.0
-10.0
-33.0
-17.0
-14.0
-10.0
20.0
8.0
17.0
18.0
-20.0
34.0
25.0
0.0
34.0
3.0
7.0
15.0
-21.0
13.0
-3.0
-9.0
26.0
-2.0
-2.0
42.0
14.0
48.0
42.0
29.0
52.0
39.0
30.0
26.0
14.0
31.0
17.0
-5.0
24.0
-4.0
-30.0
1.0
-12.0
6.0
21.0
1.0
37.0
11.0
15.0
55.0
38.0
55.0
35.0
43.0
55.0
9.0
33.0
51.0
30.0
39.0
26.0
13.0
24.0
26.0
14.0
27.0
-3.0
18.0
10.0
-3.0
21.0
-19.0
-3.0
0.0
-14.0
29.0
39.0
40.0
84.0
83.0
95.0
95.0
35.0
44.0
54.0
32.0
52.0
-4.0
14.0
22.0
12.0
50.0
39.0
14.0
53.0
38.0
48.0
69.0
35.0
39.0
41.0
43.0
72.0
69.0
78.0
103.0
52.0
69.0
43.0
38.0
68.0
30.0
52.0
52.0
3.0
25.0
13.0
27.0
55.0
20.0
5.0
11.0
-5.0
-2.0
-7.0
-27.0
6.0
-13.0
2.0
2.0
-23.0
1.0
-9.0
-21.0
16.0
-2.0
7.0
7.0
-13.0
-5.0
-21.0
-24.0
-8.0
-46.0
-49.0
-30.0
-49.0
-21.0
10.0
-7.0
11.0
13.0
30.0
39.0
27.0
49.0
24.0
12.0
46.0
18.0
40.0
32.0
11.0
32.0
7.0
-17.0
39.0
27.0
13.0
46.0
39.0
70.0
39.0
15.0
45.0
27.0
43.0
51.0
25.0
63.0
46.0
41.0
99.0
56.0
56.0
57.0
27.0
58.0
56.0
34.0
60.0
32.0
52.0
58.0
41.0
96.0
84.0
49.0
71.0
73.0
95.0
102.0
81.0
104.0
84.0
62.0
74.0
53.0
56.0
65.0
44.0
102.0
101.0
76.0
81.0
41.0
19.0
10.0
-25.0
2.0
6.0
-3.0
10.0
-5.0
-15.0
3.0
-23.0
3.0
4.0
-7.0
2.0
-17.0
-5.0
-7.0
-43.0
-4.0
13.0
20.0
40.0
26.0
30.0
35.0
2.0
5.0
11.0
-11.0
35.0
7.0
8.0
31.0
21.0
64.0
45.0
33.0
71.0
34.0
51.0
75.0
24.0
43.0
25.0
8.0
33.0
17.0
14.0
21.0
-13.0
5.0
10.0
-10.0
-10.0
-42.0
-25.0
-7.0
-61.0
-43.0
-53.0
-63.0
-38.0
-74.0
-74.0
-70.0
-79.0
-53.0
-65.0
-76.0
-39.0
-90.0
-79.0
-63.0
-101.0
-87.0
-110.0
-148.0
-111.0
-145.0
-121.0
-106.0
-142.0
-121.0
-135.0
-127.0
-79.0
-104.0
-72.0
-53.0
-82.0
-59.0
-77.0
-72.0
-34.0
-36.0
-22.0
-36.0
-76.0
-39.0
-55.0
-81.0
-70.0
-60.0
-22.0
-10.0
-36.0
-3.0
-20.0
-25.0
-9.0
-51.0
-30.0
-34.0
-63.0
-46.0
-57.0
-81.0
-54.0
-56.0
-52.0
-15.0
-3.0
24.0
10.0
-23.0
-14.0
-41.0
-59.0
-35.0
-79.0
-49.0
-46.0
-61.0
-39.0
-62.0
-69.0
-56.0
-86.0
-77.0
-90.0
-101.0
-56.0
-77.0
-83.0
-66.0
-96.0
-72.0
-56.0
-71.0
-45.0
-68.0
-59.0
-53.0
-75.0
-54.0
-75.0
-90.0
-76.0
-97.0
-89.0
-75.0
-87.0
-64.0
-77.0
-60.0
-32.0
-69.0
-55.0
-42.0
-56.0
-42.0
-53.0
-53.0
-31.0
-61.0
-59.0
-50.0
-67.0
-23.0
-30.0
-54.0
-10.0
-46.0
-21.0
-8.0
-35.0
-7.0
0.0
-11.0
19.0
-14.0
-7.0
16.0
-1.0
1.0
-2.0
-26.0
17.0
-13.0
-19.0
-28.0
-49.0
-12.0
-13.0
-32.0
-32.0
-80.0
-71.0
-53.0
-63.0
-52.0
-48.0
-37.0
-10.0
-37.0
-25.0
-12.0
-31.0
-3.0
5.0
-15.0
4.0
-33.0
-27.0
-11.0
-45.0
-13.0
-1.0
-29.0
-17.0
-54.0
-48.0
6.0
-15.0
-1.0
-18.0
-39.0
-33.0
-50.0
-32.0
-37.0
-80.0
-68.0
-94.0
-104.0
-87.0
-111.0
-82.0
-71.0
-106.0
-95.0
-100.0
-86.0
-26.0
-37.0
-39.0
-17.0
-43.0
-31.0
-53.0
-64.0
-11.0
-43.0
-55.0
-42.0
-81.0
-51.0
-45.0
-67.0
-35.0
-50.0
-34.0
-36.0
-96.0
-72.0
-62.0
-78.0
-54.0
-68.0
-60.0
-39.0
-61.0
-37.0
-32.0
-59.0
-30.0
-19.0
-16.0
-7.0
-29.0
-13.0
-62.0
-77.0
-68.0
-63.0
-63.0
-53.0
-84.0
-87.0
-100.0
-122.0
-84.0
-99.0
-96.0
-78.0
-99.0
-48.0
-59.0
-56.0
-33.0
-45.0
-42.0
-28.0
-33.0
-7.0
-21.0
-35.0
-20.0
-57.0
-43.0
-14.0
-30.0
-6.0
5.0
1.0
34.0
41.0
29.0
29.0
6.0
15.0
16.0
-7.0
10.0
-21.0
-22.0
-19.0
-31.0
-6.0
4.0
-23.0
10.0
-5.0
3.0
6.0
-11.0
25.0
7.0
-7.0
29.0
18.0
14.0
0.0
-18.0
5.0
-3.0
-9.0
19.0
-11.0
-23.0
-6.0
-14.0
1.0
-21.0
-46.0
-30.0
-48.0
-46.0
-30.0
-50.0
-12.0
-29.0
-54.0
-55.0
-73.0
-64.0
-47.0
-66.0
-29.0
2.0
4.0
55.0
45.0
51.0
45.0
6.0
21.0
19.0
-15.0
21.0
9.0
35.0
53.0
28.0
63.0
47.0
20.0
49.0
33.0
29.0
57.0
24.0
65.0
49.0
19.0
25.0
6.0
27.0
45.0
32.0
83.0
73.0
40.0
64.0
49.0
62.0
67.0
-1.0
9.0
-1.0
-15.0
14.0
-18.0
5.0
11.0
-9.0
37.0
42.0
10.0
56.0
16.0
12.0
8.0
-35.0
15.0
9.0
-27.0
4.0
-23.0
-19.0
-3.0
-16.0
4.0
-10.0
-11.0
29.0
3.0
25.0
23.0
6.0
10.0
3.0
-31.0
6.0
1.0
6.0
29.0
0.0
10.0
-15.0
-42.0
1.0
-32.0
-31.0
-3.0
-9.0
28.0
14.0
18.0
41.0
12.0
12.0
36.0
5.0
34.0
18.0
-3.0
36.0
22.0
42.0
67.0
44.0
46.0
33.0
25.0
59.0
30.0
17.0
41.0
17.0
49.0
44.0
26.0
56.0
35.0
32.0
66.0
21.0
40.0
24.0
1.0
31.0
-5.0
0.0
31.0
3.0
45.0
33.0
19.0
22.0
3.0
30.0
42.0
-5.0
31.0
28.0
20.0
66.0
40.0
40.0
50.0
-2.0
15.0
19.0
-5.0
15.0
-5.0
8.0
22.0
-21.0
-17.0
-8.0
-31.0
14.0
-7.0
20.0
18.0
-15.0
-12.0
-21.0
-30.0
-15.0
-24.0
-34.0
-17.0
-64.0
-44.0
-51.0
-70.0
-49.0
-77.0
-51.0
-13.0
-20.0
18.0
20.0
29.0
65.0
23.0
20.0
32.0
25.0
37.0
46.0
10.0
44.0
23.0
27.0
27.0
-7.0
24.0
19.0
-4.0
15.0
-13.0
-5.0
-14.0
-60.0
-6.0
4.0
7.0
52.0
37.0
30.0
17.0
-36.0
-26.0
-42.0
-72.0
-55.0
-72.0
-62.0
-34.0
-56.0
-19.0
-9.0
-32.0
3.0
-19.0
-18.0
-12.0
-39.0
-30.0
-30.0
-28.0
-14.0
-39.0
-56.0
-44.0
-70.0
-13.0
-7.0
-20.0
-3.0
-28.0
-25.0
6.0
-35.0
11.0
20.0
2.0
29.0
12.0
7.0
26.0
-12.0
20.0
12.0
-16.0
5.0
-25.0
-27.0
-5.0
-12.0
22.0
-17.0
-18.0
-2.0
-10.0
-3.0
24.0
-2.0
-3.0
-2.0
-53.0
-22.0
-33.0
-39.0
-23.0
-44.0
-2.0
-30.0
-33.0
8.0
-7.0
-19.0
24.0
-1.0
-16.0
-18.0
-39.0
-7.0
-22.0
-24.0
-18.0
-23.0
1.0
1.0
-11.0
17.0
-8.0
-13.0
-24.0
-25.0
-3.0
-17.0
-55.0
-32.0
-74.0
-64.0
-39.0
-79.0
-61.0
-78.0
-93.0
-68.0
-102.0
-106.0
-74.0
-117.0
-89.0
-101.0
-128.0
-84.0
-83.0
-72.0
-60.0
-107.0
-65.0
-70.0
-78.0
-46.0
-49.0
-22.0
-2.0
-36.0
-29.0
-54.0
-78.0
-47.0
-90.0
-86.0
-55.0
-79.0
-36.0
-31.0
-24.0
37.0
-1.0
19.0
35.0
2.0
15.0
11.0
-3.0
1.0
-21.0
-14.0
-10.0
-39.0
-7.0
-17.0
-10.0
6.0
-41.0
-17.0
1.0
-4.0
35.0
40.0
11.0
43.0
8.0
13.0
17.0
-28.0
-4.0
-15.0
-39.0
-22.0
-36.0
-30.0
-16.0
-70.0
-51.0
-67.0
-87.0
-59.0
-77.0
-51.0
-64.0
-74.0
-52.0
-43.0
-33.0
-21.0
-48.0
-67.0
-66.0
-119.0
-105.0
-119.0
-140.0
-125.0
-148.0
-136.0
-108.0
-112.0
-84.0
-76.0
-100.0
-83.0
-81.0
-83.0
-68.0
-96.0
-59.0
-96.0
-109.0
-99.0
-102.0
-96.0
-70.0
-88.0
-36.0
-43.0
-70.0
-63.0
-77.0
-46.0
-65.0
-81.0
-74.0
-70.0
-80.0
-80.0
-98.0
-108.0
-74.0
-102.0
-70.0
-52.0
-67.0
-50.0
-77.0
-103.0
-73.0
-103.0
-61.0
-54.0
-53.0
15.0
-6.0
-17.0
-11.0
-50.0
-49.0
-21.0
-27.0
-34.0
-53.0
-59.0
-12.0
-22.0
13.0
11.0
-9.0
13.0
16.0
-9.0
-9.0
-35.0
-6.0
-3.0
-30.0
30.0
4.0
39.0
42.0
17.0
13.0
24.0
-6.0
10.0
-3.0
-19.0
17.0
-10.0
28.0
48.0
53.0
101.0
49.0
52.0
84.0
62.0
74.0
53.0
16.0
54.0
37.0
45.0
68.0
41.0
56.0
58.0
58.0
73.0
58.0
80.0
80.0
49.0
99.0
90.0
79.0
111.0
69.0
126.0
123.0
98.0
136.0
129.0
118.0
140.0
109.0
105.0
168.0
153.0
176.0
174.0
141.0
167.0
133.0
145.0
149.0
124.0
130.0
130.0
113.0
150.0
117.0
128.0
137.0
105.0
155.0
157.0
148.0
197.0
187.0
183.0
192.0
159.0
163.0
122.0
84.0
117.0
83.0
94.0
114.0
101.0
129.0
154.0
134.0
172.0
148.0
154.0
167.0
144.0
172.0
172.0
125.0
128.0
90.0
72.0
89.0
57.0
84.0
107.0
100.0
155.0
138.0
138.0
144.0
111.0
150.0
140.0
122.0
156.0
142.0
156.0
166.0
128.0
161.0
138.0
131.0
159.0
122.0
118.0
145.0
111.0
128.0
118.0
98.0
115.0
114.0
145.0
168.0
142.0
176.0
174.0
134.0
181.0
153.0
148.0
147.0
111.0
136.0
136.0
121.0
145.0
118.0
105.0
146.0
107.0
135.0
120.0
106.0
133.0
98.0
98.0
118.0
84.0
106.0
111.0
95.0
108.0
105.0
96.0
101.0
61.0
73.0
58.0
69.0
81.0
65.0
63.0
74.0
42.0
78.0
54.0
54.0
70.0
29.0
43.0
45.0
21.0
51.0
53.0
47.0
76.0
64.0
79.0
111.0
72.0
77.0
83.0
59.0
95.0
74.0
82.0
109.0
70.0
120.0
120.0
84.0
96.0
39.0
60.0
44.0
-7.0
33.0
31.0
26.0
89.0
74.0
46.0
43.0
3.0
36.0
6.0
-45.0
-13.0
-46.0
-39.0
-3.0
-40.0
10.0
6.0
-11.0
8.0
-14.0
-20.0
-32.0
-29.0
-41.0
-44.0
-86.0
-49.0
-76.0
-58.0
-31.0
-45.0
-32.0
-44.0
-56.0
-29.0
-56.0
-54.0
-71.0
-89.0
-55.0
-51.0
-23.0
27.0
5.0
-10.0
-14.0
-43.0
-33.0
-31.0
-33.0
-4.0
-18.0
-21.0
-12.0
-58.0
-26.0
-30.0
-26.0
20.0
-15.0
8.0
48.0
19.0
53.0
21.0
2.0
40.0
6.0
14.0
26.0
2.0
10.0
20.0
-12.0
15.0
-4.0
11.0
24.0
-22.0
-11.0
-17.0
-33.0
17.0
-13.0
-18.0
11.0
-31.0
-10.0
-2.0
-29.0
7.0
-35.0
-53.0
-45.0
-68.0
-36.0
-39.0
-47.0
-35.0
-64.0
-62.0
-18.0
-40.0
-24.0
-28.0
-43.0
-29.0
-54.0
-50.0
-32.0
-51.0
-27.0
-32.0
-60.0
-36.0
-61.0
-54.0
-41.0
-48.0
1.0
9.0
4.0
25.0
-20.0
-14.0
1.0
-45.0
-8.0
1.0
-7.0
26.0
-6.0
6.0
20.0
-14.0
13.0
5.0
4.0
45.0
13.0
4.0
23.0
-13.0
-8.0
13.0
-7.0
37.0
-5.0
-2.0
6.0
-16.0
6.0
5.0
-3.0
23.0
-27.0
-13.0
-7.0
3.0
22.0
50.0
25.0
31.0
12.0
16.0
16.0
14.0
74.0
67.0
44.0
64.0
33.0
41.0
24.0
-13.0
3.0
-8.0
-49.0
-24.0
-22.0
1.0
-10.0
-33.0
-19.0
-2.0
-18.0
5.0
-15.0
-12.0
-2.0
-33.0
-18.0
-16.0
-22.0
5.0
-9.0
-15.0
-1.0
-36.0
-17.0
-14.0
-14.0
32.0
23.0
40.0
50.0
3.0
12.0
5.0
-18.0
2.0
-45.0
-43.0
-21.0
-30.0
-21.0
-24.0
-45.0
6.0
-5.0
-5.0
26.0
-7.0
24.0
26.0
21.0
28.0
18.0
8.0
8.0
-22.0
-15.0
-28.0
-53.0
-19.0
-16.0
-2.0
7.0
-12.0
14.0
22.0
14.0
8.0
-25.0
-22.0
-22.0
-44.0
-6.0
-7.0
-40.0
-25.0
-69.0
-62.0
-43.0
-80.0
-55.0
-61.0
-84.0
-39.0
-65.0
-48.0
-11.0
-59.0
-29.0
-44.0
-66.0
-42.0
-49.0
-55.0
-50.0
-72.0
-50.0
-65.0
-81.0
-49.0
-62.0
-48.0
-51.0
-71.0
-41.0
-40.0
-68.0
-36.0
-87.0
-65.0
-28.0
-46.0
-36.0
-6.0
-33.0
-14.0
-32.0
-22.0
-31.0
-44.0
-13.0
-23.0
-39.0
-2.0
-42.0
-37.0
-15.0
-44.0
-23.0
-31.0
-36.0
-24.0
-54.0
-43.0
-32.0
-59.0
-28.0
-18.0
-31.0
33.0
-8.0
6.0
10.0
-17.0
25.0
6.0
-25.0
6.0
-45.0
-27.0
5.0
-9.0
23.0
17.0
11.0
42.0
13.0
3.0
3.0
-8.0
1.0
5.0
-12.0
18.0
3.0
11.0
24.0
5.0
38.0
60.0
32.0
70.0
43.0
52.0
62.0
43.0
76.0
64.0
47.0
72.0
67.0
92.0
99.0
58.0
87.0
93.0
86.0
146.0
105.0
62.0
74.0
64.0
82.0
77.0
51.0
79.0
56.0
66.0
80.0
48.0
89.0
74.0
59.0
85.0
43.0
41.0
58.0
14.0
24.0
40.0
41.0
78.0
54.0
51.0
88.0
65.0
87.0
71.0
34.0
66.0
40.0
27.0
63.0
36.0
70.0
73.0
44.0
66.0
39.0
23.0
51.0
33.0
44.0
39.0
27.0
72.0
41.0
81.0
93.0
70.0
80.0
48.0
11.0
38.0
11.0
21.0
32.0
-7.0
48.0
33.0
21.0
44.0
14.0
8.0
30.0
7.0
27.0
-8.0
-21.0
2.0
-24.0
-18.0
21.0
-9.0
-9.0
-18.0
-32.0
-29.0
-37.0
-58.0
-15.0
-44.0
-23.0
-16.0
-42.0
15.0
-2.0
-14.0
-10.0
-67.0
-54.0
-36.0
-51.0
-13.0
-17.0
-7.0
-3.0
-45.0
-30.0
-44.0
-77.0
-45.0
-67.0
-77.0
-68.0
-93.0
-81.0
-81.0
-89.0
-53.0
-73.0
-40.0
-37.0
-74.0
-43.0
-24.0
-45.0
15.0
-2.0
18.0
39.0
-1.0
10.0
20.0
16.0
33.0
6.0
16.0
12.0
-7.0
31.0
31.0
23.0
63.0
54.0
54.0
74.0
50.0
91.0
113.0
111.0
116.0
84.0
84.0
98.0
75.0
100.0
108.0
95.0
107.0
69.0
56.0
87.0
65.0
81.0
109.0
110.0
120.0
82.0
61.0
83.0
45.0
78.0
56.0
32.0
73.0
36.0
43.0
77.0
65.0
90.0
85.0
33.0
62.0
41.0
63.0
94.0
78.0
121.0
112.0
101.0
121.0
87.0
92.0
104.0
77.0
83.0
77.0
63.0
92.0
75.0
78.0
101.0
98.0
95.0
95.0
88.0
116.0
101.0
113.0
118.0
70.0
82.0
100.0
92.0
131.0
104.0
114.0
132.0
93.0
102.0
73.0
71.0
115.0
67.0
58.0
64.0
32.0
49.0
82.0
86.0
122.0
112.0
111.0
118.0
78.0
74.0
51.0
26.0
44.0
5.0
-2.0
29.0
12.0
49.0
76.0
80.0
129.0
120.0
130.0
163.0
128.0
137.0
161.0
135.0
156.0
108.0
124.0
139.0
112.0
144.0
149.0
146.0
150.0
116.0
103.0
118.0
88.0
102.0
87.0
83.0
111.0
86.0
88.0
115.0
115.0
136.0
133.0
103.0
162.0
133.0
115.0
132.0
102.0
133.0
136.0
116.0
138.0
111.0
129.0
169.0
142.0
172.0
185.0
150.0
177.0
148.0
122.0
129.0
119.0
129.0
141.0
111.0
142.0
102.0
108.0
119.0
83.0
94.0
96.0
68.0
86.0
59.0
48.0
80.0
53.0
98.0
99.0
81.0
125.0
85.0
69.0
70.0
51.0
53.0
69.0
68.0
86.0
68.0
61.0
69.0
52.0
71.0
69.0
64.0
83.0
62.0
57.0
78.0
41.0
76.0
81.0
54.0
76.0
40.0
64.0
86.0
70.0
77.0
52.0
54.0
79.0
43.0
48.0
59.0
42.0
59.0
74.0
50.0
90.0
71.0
80.0
107.0
95.0
121.0
139.0
105.0
146.0
125.0
103.0
119.0
77.0
118.0
111.0
68.0
95.0
80.0
90.0
106.0
73.0
112.0
134.0
136.0
175.0
165.0
132.0
140.0
96.0
121.0
119.0
93.0
128.0
87.0
88.0
106.0
93.0
105.0
103.0
97.0
147.0
146.0
158.0
147.0
128.0
171.0
156.0
115.0
155.0
127.0
130.0
146.0
92.0
120.0
98.0
81.0
109.0
97.0
102.0
116.0
57.0
95.0
97.0
68.0
98.0
79.0
81.0
92.0
65.0
49.0
67.0
34.0
52.0
27.0
29.0
45.0
4.0
13.0
-3.0
-19.0
16.0
-18.0
-20.0
10.0
-14.0
-9.0
-14.0
-35.0
2.0
-7.0
-22.0
2.0
-40.0
-17.0
-29.0
-13.0
19.0
32.0
16.0
14.0
-17.0
21.0
30.0
12.0
34.0
21.0
8.0
14.0
-7.0
33.0
24.0
26.0
31.0
17.0
19.0
62.0
21.0
24.0
34.0
5.0
50.0
23.0
20.0
29.0
-20.0
24.0
24.0
4.0
43.0
20.0
-2.0
21.0
-18.0
4.0
12.0
-8.0
24.0
-7.0
11.0
45.0
16.0
21.0
6.0
-3.0
14.0
-16.0
-41.0
5.0
-23.0
11.0
17.0
2.0
45.0
25.0
3.0
-1.0
-59.0
-29.0
-16.0
-23.0
4.0
-31.0
-37.0
-20.0
-46.0
-13.0
7.0
-7.0
11.0
-14.0
2.0
5.0
-28.0
-3.0
-20.0
-17.0
21.0
1.0
1.0
22.0
-30.0
-2.0
5.0
0.0
39.0
33.0
39.0
51.0
43.0
53.0
59.0
35.0
67.0
42.0
36.0
73.0
45.0
61.0
86.0
67.0
105.0
84.0
83.0
99.0
70.0
98.0
124.0
100.0
131.0
101.0
62.0
92.0
74.0
110.0
95.0
80.0
118.0
112.0
111.0
139.0
99.0
143.0
154.0
127.0
159.0
130.0
107.0
118.0
101.0
126.0
137.0
109.0
128.0
121.0
139.0
161.0
119.0
140.0
137.0
112.0
168.0
144.0
158.0
193.0
161.0
178.0
164.0
158.0
182.0
155.0
168.0
185.0
170.0
180.0
176.0
165.0
202.0
171.0
188.0
201.0
166.0
187.0
175.0
155.0
196.0
168.0
190.0
207.0
157.0
172.0
141.0
114.0
118.0
101.0
103.0
126.0
80.0
117.0
123.0
118.0
167.0
145.0
142.0
152.0
108.0
127.0
126.0
90.0
118.0
97.0
103.0
110.0
46.0
82.0
111.0
124.0
163.0
122.0
80.0
86.0
40.0
41.0
19.0
-25.0
18.0
-8.0
8.0
29.0
-6.0
23.0
27.0
22.0
43.0
3.0
-11.0
-15.0
-24.0
-22.0
-1.0
-48.0
-32.0
-36.0
-60.0
-43.0
-71.0
-57.0
-59.0
-54.0
-22.0
-24.0
-24.0
-4.0
-31.0
5.0
-3.0
-7.0
16.0
-24.0
-7.0
10.0
-11.0
-6.0
-12.0
-32.0
29.0
0.0
1.0
24.0
-11.0
21.0
16.0
-11.0
21.0
3.0
17.0
71.0
35.0
62.0
35.0
26.0
60.0
41.0
58.0
77.0
27.0
24.0
12.0
-10.0
42.0
47.0
48.0
73.0
36.0
70.0
44.0
36.0
59.0
24.0
2.0
8.0
-9.0
15.0
16.0
9.0
50.0
44.0
72.0
77.0
58.0
78.0
51.0
11.0
37.0
0.0
-12.0
11.0
-4.0
25.0
-11.0
-4.0
44.0
34.0
49.0
73.0
33.0
59.0
70.0
42.0
76.0
34.0
5.0
42.0
4.0
29.0
36.0
32.0
60.0
16.0
6.0
34.0
12.0
22.0
15.0
-25.0
-13.0
-30.0
-19.0
17.0
-11.0
17.0
21.0
0.0
-1.0
-25.0
-39.0
1.0
-25.0
-17.0
-15.0
-50.0
-25.0
-46.0
-52.0
-35.0
-63.0
-37.0
-46.0
-53.0
-7.0
-15.0
-32.0
6.0
-23.0
10.0
-5.0
-33.0
-18.0
-10.0
-3.0
3.0
-40.0
-19.0
-13.0
-38.0
-5.0
3.0
0.0
30.0
-10.0
-7.0
-16.0
-37.0
-11.0
-27.0
-31.0
-13.0
-31.0
-6.0
-25.0
-54.0
-15.0
-27.0
-31.0
-11.0
-25.0
-13.0
-18.0
-34.0
-22.0
-58.0
-58.0
-53.0
-73.0
-62.0
-72.0
-71.0
-49.0
-74.0
-36.0
2.0
-43.0
-44.0
-25.0
-47.0
4.0
-6.0
-24.0
5.0
-11.0
-8.0
-1.0
-21.0
12.0
-13.0
0.0
48.0
6.0
27.0
33.0
15.0
42.0
19.0
8.0
18.0
-18.0
16.0
1.0
-48.0
-1.0
-13.0
-31.0
-23.0
-33.0
7.0
17.0
-2.0
34.0
38.0
51.0
81.0
59.0
101.0
98.0
77.0
83.0
42.0
43.0
58.0
25.0
43.0
25.0
14.0
35.0
17.0
26.0
54.0
31.0
27.0
36.0
11.0
50.0
20.0
37.0
52.0
40.0
51.0
42.0
32.0
65.0
37.0
24.0
32.0
16.0
48.0
59.0
32.0
60.0
40.0
33.0
50.0
29.0
70.0
83.0
39.0
93.0
63.0
56.0
86.0
56.0
79.0
69.0
52.0
97.0
81.0
92.0
109.0
67.0
90.0
103.0
91.0
117.0
95.0
76.0
100.0
72.0
87.0
93.0
88.0
102.0
88.0
89.0
92.0
52.0
84.0
87.0
79.0
124.0
114.0
120.0
131.0
103.0
115.0
103.0
109.0
127.0
102.0
76.0
71.0
68.0
106.0
128.0
103.0
119.0
105.0
103.0
130.0
99.0
148.0
199.0
187.0
195.0
159.0
164.0
165.0
133.0
152.0
125.0
85.0
136.0
122.0
119.0
141.0
87.0
80.0
96.0
88.0
121.0
87.0
95.0
116.0
101.0
116.0
120.0
114.0
149.0
123.0
115.0
136.0
129.0
146.0
143.0
125.0
169.0
140.0
131.0
149.0
135.0
167.0
167.0
153.0
173.0
137.0
124.0
126.0
87.0
125.0
124.0
105.0
143.0
106.0
133.0
163.0
149.0
158.0
155.0
143.0
168.0
143.0
128.0
150.0
114.0
134.0
148.0
139.0
181.0
147.0
134.0
148.0
122.0
148.0
138.0
98.0
124.0
102.0
93.0
140.0
131.0
133.0
147.0
118.0
117.0
104.0
128.0
130.0
113.0
134.0
108.0
84.0
108.0
108.0
101.0
124.0
114.0
128.0
134.0
121.0
143.0
142.0
157.0
161.0
115.0
145.0
121.0
137.0
169.0
173.0
181.0
186.0
160.0
143.0
131.0
152.0
164.0
161.0
145.0
174.0
130.0
151.0
146.0
143.0
161.0
133.0
125.0
144.0
110.0
145.0
129.0
92.0
112.0
86.0
82.0
130.0
103.0
158.0
159.0
116.0
130.0
116.0
102.0
120.0
94.0
129.0
122.0
109.0
153.0
142.0
148.0
150.0
119.0
139.0
120.0
102.0
118.0
107.0
107.0
111.0
87.0
110.0
110.0
103.0
149.0
133.0
125.0
138.0
128.0
151.0
151.0
126.0
148.0
121.0
119.0
137.0
125.0
137.0
127.0
118.0
146.0
122.0
118.0
134.0
116.0
131.0
127.0
92.0
98.0
80.0
82.0
101.0
113.0
127.0
132.0
121.0
175.0
173.0
166.0
192.0
174.0
180.0
178.0
145.0
172.0
143.0
151.0
186.0
166.0
185.0
164.0
132.0
169.0
132.0
136.0
168.0
141.0
139.0
137.0
90.0
97.0
56.0
31.0
74.0
52.0
65.0
52.0
28.0
83.0
62.0
90.0
105.0
84.0
107.0
95.0
62.0
79.0
45.0
60.0
78.0
36.0
68.0
68.0
51.0
63.0
43.0
24.0
47.0
39.0
62.0
46.0
22.0
48.0
41.0
34.0
64.0
48.0
72.0
88.0
67.0
118.0
103.0
85.0
116.0
103.0
137.0
146.0
147.0
221.0
206.0
203.0
196.0
158.0
190.0
176.0
162.0
201.0
199.0
184.0
200.0
167.0
180.0
168.0
134.0
178.0
173.0
159.0
182.0
172.0
204.0
194.0
163.0
192.0
175.0
161.0
192.0
154.0
163.0
161.0
135.0
162.0
133.0
158.0
178.0
148.0
164.0
147.0
137.0
126.0
96.0
85.0
101.0
65.0
101.0
113.0
104.0
127.0
97.0
95.0
119.0
98.0
114.0
117.0
74.0
100.0
80.0
53.0
74.0
51.0
70.0
81.0
73.0
87.0
50.0
72.0
99.0
71.0
89.0
108.0
104.0
121.0
101.0
99.0
103.0
63.0
110.0
131.0
124.0
161.0
160.0
154.0
160.0
126.0
155.0
127.0
98.0
118.0
89.0
72.0
90.0
70.0
106.0
129.0
121.0
126.0
118.0
134.0
129.0
91.0
77.0
78.0
52.0
69.0
42.0
37.0
53.0
17.0
41.0
79.0
101.0
117.0
107.0
116.0
116.0
69.0
71.0
42.0
1.0
46.0
63.0
64.0
110.0
107.0
149.0
160.0
114.0
122.0
77.0
70.0
73.0
35.0
10.0
-1.0
-35.0
-7.0
-10.0
7.0
42.0
24.0
52.0
49.0
40.0
77.0
58.0
25.0
10.0
-35.0
-39.0
-12.0
-32.0
2.0
-32.0
-17.0
23.0
-7.0
44.0
36.0
13.0
41.0
17.0
-4.0
13.0
-41.0
-21.0
-3.0
-24.0
6.0
-7.0
-9.0
19.0
-17.0
7.0
-3.0
2.0
26.0
17.0
19.0
34.0
-4.0
11.0
22.0
29.0
74.0
68.0
66.0
68.0
35.0
41.0
50.0
26.0
69.0
54.0
33.0
44.0
17.0
7.0
34.0
24.0
35.0
18.0
9.0
41.0
11.0
24.0
30.0
14.0
39.0
11.0
-8.0
-4.0
-24.0
-18.0
-32.0
-36.0
14.0
3.0
-5.0
8.0
-15.0
19.0
37.0
22.0
32.0
-1.0
17.0
33.0
10.0
49.0
33.0
14.0
28.0
21.0
-4.0
20.0
-5.0
20.0
14.0
0.0
4.0
-22.0
-33.0
-7.0
-32.0
-21.0
4.0
-13.0
39.0
-6.0
-17.0
-10.0
-59.0
-41.0
-41.0
-36.0
2.0
-18.0
-39.0
-32.0
-84.0
-62.0
-64.0
-80.0
-61.0
-78.0
-90.0
-63.0
-100.0
-61.0
-64.0
-90.0
-68.0
-104.0
-98.0
-58.0
-111.0
-98.0
-125.0
-165.0
-145.0
-157.0
-156.0
-144.0
-150.0
-131.0
-106.0
-152.0
-114.0
-164.0
-178.0
-135.0
-158.0
-116.0
-83.0
-108.0
-87.0
-102.0
-74.0
-45.0
-83.0
-69.0
-63.0
-70.0
-60.0
-91.0
-111.0
-93.0
-103.0
-84.0
-88.0
-102.0
-71.0
-88.0
-86.0
-68.0
-99.0
-82.0
-78.0
-111.0
-82.0
-92.0
-115.0
-104.0
-116.0
-108.0
-103.0
-116.0
-98.0
-116.0
-109.0
-88.0
-133.0
-124.0
-118.0
-164.0
-128.0
-150.0
-173.0
-134.0
-176.0
-182.0
-175.0
-169.0
-143.0
-153.0
-159.0
-147.0
-193.0
-178.0
-166.0
-205.0
-166.0
-162.0
-179.0
-165.0
-195.0
-156.0
-148.0
-172.0
-144.0
-162.0
-166.0
-134.0
-168.0
-168.0
-168.0
-180.0
-153.0
-160.0
-135.0
-99.0
-129.0
-133.0
-138.0
-163.0
-129.0
-154.0
-162.0
-135.0
-155.0
-145.0
-152.0
-193.0
-150.0
-166.0
-187.0
-158.0
-199.0
-182.0
-161.0
-180.0
-128.0
-164.0
-145.0
-106.0
-97.0
-88.0
-112.0
-138.0
-108.0
-144.0
-163.0
-145.0
-183.0
-180.0
-161.0
-162.0
-125.0
-160.0
-154.0
-112.0
-134.0
-121.0
-110.0
-154.0
-147.0
-169.0
-191.0
-173.0
-192.0
-168.0
-172.0
-219.0
-218.0
-204.0
-177.0
-122.0
-137.0
-108.0
-122.0
-172.0
-157.0
-206.0
-248.0
-212.0
-229.0
-174.0
-135.0
-129.0
-109.0
-149.0
-155.0
-166.0
-219.0
-192.0
-195.0
-229.0
-210.0
-233.0
-230.0
-194.0
-196.0
-163.0
-135.0
-127.0
-71.0
-95.0
-110.0
-123.0
-167.0
-158.0
-164.0
-173.0
-136.0
-154.0
-136.0
-131.0
-168.0
-156.0
-146.0
-143.0
-125.0
-146.0
-177.0
-166.0
-185.0
-187.0
-180.0
-202.0
-194.0
-218.0
-215.0
-172.0
-212.0
-168.0
-155.0
-182.0
-106.0
-163.0
-186.0
-156.0
-147.0
-118.0
-130.0
-165.0
-162.0
-199.0
-212.0
-191.0
-195.0
-177.0
-161.0
-185.0
-158.0
-182.0
-203.0
-175.0
-206.0
-206.0
-170.0
-246.0
-225.0
-248.0
-222.0
-220.0
-233.0
-210.0
-232.0
-271.0
-231.0
-273.0
-291.0
-268.0
-286.0
-275.0
-259.0
-259.0
-241.0
-264.0
-254.0
-187.0
-218.0
-188.0
-181.0
-193.0
-156.0
-172.0
-191.0
-170.0
-226.0
-196.0
-178.0
-203.0
-155.0
-153.0
-195.0
-190.0
-226.0
-217.0
-207.0
-227.0
-215.0
-227.0
-242.0
-235.0
-258.0
-225.0
-241.0
-263.0
-246.0
-261.0
-278.0
-268.0
-321.0
-289.0
-268.0
-280.0
-242.0
-269.0
-282.0
-276.0
-311.0
-289.0
-283.0
-319.0
-275.0
-312.0
-331.0
-277.0
-309.0
-276.0
-251.0
-284.0
-251.0
-264.0
-282.0
-270.0
-292.0
-255.0
-253.0
-299.0
-273.0
-288.0
-294.0
-249.0
-275.0
-252.0
-225.0
-258.0
-229.0
-255.0
-279.0
-260.0
-283.0
-279.0
-286.0
-327.0
-291.0
-316.0
-319.0
-284.0
-276.0
-244.0
-234.0
-271.0
-263.0
-278.0
-266.0
-247.0
-280.0
-268.0
-270.0
-295.0
-272.0
-310.0
-304.0
-279.0
-325.0
-289.0
-279.0
-280.0
-222.0
-256.0
-256.0
-223.0
-257.0
-229.0
-215.0
-235.0
-194.0
-213.0
-232.0
-203.0
-251.0
-229.0
-233.0
-257.0
-228.0
-253.0
-269.0
-216.0
-235.0
-203.0
-209.0
-250.0
-204.0
-219.0
-181.0
-148.0
-206.0
-169.0
-174.0
-213.0
-186.0
-212.0
-238.0
-221.0
-256.0
-249.0
-239.0
-266.0
-220.0
-237.0
-231.0
-193.0
-203.0
-158.0
-159.0
-205.0
-158.0
-181.0
-174.0
-134.0
-182.0
-155.0
-153.0
-182.0
-158.0
-181.0
-186.0
-136.0
-170.0
-155.0
-128.0
-147.0
-85.0
-105.0
-116.0
-72.0
-80.0
-55.0
-48.0
-56.0
-30.0
-65.0
-60.0
-35.0
-78.0
-53.0
-32.0
-58.0
-1.0
-38.0
-24.0
11.0
-47.0
-23.0
-1.0
-17.0
3.0
-33.0
-22.0
-20.0
-61.0
-36.0
-24.0
-52.0
-13.0
-29.0
-27.0
18.0
-28.0
-24.0
-5.0
-17.0
42.0
-6.0
-4.0
35.0
18.0
37.0
65.0
37.0
49.0
24.0
11.0
41.0
9.0
20.0
12.0
-10.0
31.0
16.0
17.0
60.0
30.0
63.0
43.0
2.0
59.0
28.0
59.0
88.0
73.0
90.0
97.0
68.0
108.0
117.0
101.0
116.0
67.0
92.0
92.0
46.0
96.0
64.0
83.0
133.0
104.0
106.0
130.0
85.0
104.0
83.0
76.0
115.0
81.0
105.0
104.0
67.0
119.0
118.0
116.0
107.0
92.0
111.0
110.0
74.0
112.0
97.0
118.0
171.0
148.0
178.0
186.0
151.0
186.0
164.0
165.0
205.0
162.0
193.0
188.0
130.0
189.0
177.0
179.0
223.0
165.0
194.0
179.0
147.0
156.0
139.0
149.0
185.0
153.0
192.0
182.0
161.0
197.0
168.0
166.0
205.0
154.0
178.0
152.0
91.0
120.0
93.0
106.0
142.0
125.0
182.0
215.0
167.0
197.0
159.0
141.0
140.0
99.0
108.0
110.0
78.0
150.0
116.0
147.0
194.0
147.0
148.0
131.0
98.0
122.0
108.0
98.0
127.0
110.0
117.0
119.0
92.0
152.0
140.0
146.0
166.0
148.0
163.0
151.0
137.0
174.0
172.0
180.0
216.0
195.0
202.0
200.0
179.0
226.0
212.0
219.0
231.0
174.0
203.0
210.0
193.0
213.0
198.0
154.0
186.0
147.0
173.0
192.0
165.0
180.0
164.0
166.0
178.0
147.0
190.0
192.0
171.0
193.0
165.0
134.0
149.0
100.0
127.0
130.0
120.0
180.0
140.0
127.0
165.0
140.0
145.0
148.0
131.0
184.0
163.0
186.0
232.0
208.0
225.0
231.0
187.0
215.0
191.0
176.0
193.0
184.0
209.0
214.0
166.0
208.0
194.0
196.0
223.0
193.0
219.0
238.0
201.0
243.0
213.0
181.0
195.0
153.0
166.0
177.0
127.0
174.0
146.0
169.0
193.0
170.0
204.0
190.0
134.0
130.0
90.0
64.0
92.0
53.0
81.0
89.0
72.0
97.0
79.0
78.0
120.0
91.0
120.0
120.0
74.0
61.0
13.0
15.0
71.0
29.0
60.0
66.0
54.0
117.0
110.0
127.0
131.0
82.0
102.0
91.0
63.0
106.0
92.0
90.0
133.0
111.0
126.0
143.0
128.0
191.0
182.0
171.0
188.0
173.0
175.0
161.0
140.0
160.0
131.0
133.0
145.0
114.0
135.0
130.0
93.0
113.0
100.0
108.0
137.0
90.0
102.0
100.0
59.0
98.0
76.0
69.0
78.0
54.0
74.0
79.0
52.0
69.0
71.0
70.0
89.0
68.0
65.0
91.0
59.0
78.0
56.0
32.0
78.0
18.0
42.0
74.0
27.0
53.0
27.0
16.0
60.0
31.0
40.0
37.0
6.0
44.0
31.0
27.0
58.0
41.0
80.0
80.0
26.0
60.0
60.0
49.0
78.0
30.0
41.0
33.0
1.0
48.0
16.0
13.0
40.0
25.0
69.0
82.0
76.0
97.0
40.0
18.0
39.0
9.0
54.0
74.0
59.0
83.0
45.0
45.0
76.0
49.0
55.0
71.0
64.0
82.0
43.0
35.0
65.0
35.0
56.0
64.0
34.0
61.0
31.0
31.0
64.0
29.0
60.0
90.0
67.0
99.0
84.0
71.0
79.0
71.0
81.0
90.0
48.0
80.0
59.0
38.0
71.0
30.0
51.0
66.0
27.0
73.0
52.0
25.0
56.0
3.0
10.0
10.0
-14.0
12.0
14.0
4.0
31.0
-3.0
2.0
21.0
-2.0
41.0
15.0
32.0
51.0
10.0
23.0
44.0
18.0
35.0
31.0
27.0
89.0
55.0
88.0
111.0
93.0
118.0
98.0
78.0
78.0
53.0
44.0
56.0
31.0
47.0
43.0
38.0
44.0
29.0
52.0
72.0
60.0
88.0
61.0
85.0
108.0
88.0
102.0
100.0
90.0
131.0
103.0
106.0
131.0
88.0
124.0
129.0
95.0
126.0
131.0
135.0
162.0
114.0
120.0
125.0
134.0
188.0
147.0
104.0
117.0
55.0
72.0
81.0
39.0
42.0
35.0
21.0
41.0
-3.0
-7.0
-7.0
-28.0
7.0
-12.0
-20.0
21.0
18.0
20.0
53.0
30.0
55.0
52.0
43.0
44.0
8.0
24.0
22.0
-11.0
22.0
19.0
20.0
45.0
34.0
49.0
70.0
57.0
95.0
73.0
47.0
83.0
74.0
72.0
87.0
54.0
83.0
68.0
58.0
69.0
37.0
65.0
77.0
27.0
65.0
46.0
52.0
71.0
25.0
25.0
31.0
-3.0
40.0
31.0
46.0
46.0
14.0
20.0
40.0
10.0
52.0
40.0
20.0
36.0
-16.0
21.0
45.0
24.0
53.0
33.0
39.0
67.0
29.0
63.0
81.0
48.0
97.0
58.0
62.0
91.0
53.0
90.0
84.0
71.0
108.0
119.0
95.0
150.0
126.0
163.0
156.0
132.0
159.0
143.0
134.0
160.0
125.0
120.0
124.0
113.0
134.0
106.0
79.0
145.0
115.0
139.0
162.0
144.0
182.0
178.0
200.0
209.0
149.0
143.0
145.0
113.0
132.0
127.0
123.0
154.0
102.0
78.0
91.0
68.0
70.0
32.0
7.0
30.0
-6.0
19.0
69.0
64.0
127.0
100.0
91.0
120.0
62.0
55.0
34.0
12.0
58.0
49.0
18.0
63.0
40.0
90.0
111.0
83.0
103.0
101.0
82.0
100.0
67.0
78.0
81.0
44.0
52.0
37.0
50.0
125.0
96.0
115.0
120.0
111.0
153.0
110.0
62.0
73.0
42.0
57.0
60.0
22.0
24.0
5.0
3.0
41.0
10.0
40.0
74.0
52.0
78.0
67.0
52.0
70.0
12.0
36.0
21.0
-15.0
16.0
10.0
20.0
47.0
7.0
48.0
35.0
37.0
74.0
28.0
-8.0
26.0
-14.0
-2.0
4.0
-36.0
-3.0
-31.0
-43.0
5.0
-42.0
-37.0
-17.0
-60.0
-20.0
-27.0
-32.0
-11.0
-39.0
-33.0
-16.0
-49.0
1.0
-39.0
-81.0
-86.0
-117.0
-100.0
-65.0
-93.0
-69.0
-61.0
-68.0
-3.0
1.0
15.0
-4.0
-62.0
-46.0
-89.0
-114.0
-65.0
-95.0
-74.0
-65.0
-88.0
-53.0
-74.0
-92.0
-81.0
-116.0
-77.0
-73.0
-110.0
-71.0
-123.0
-150.0
-125.0
-165.0
-130.0
-118.0
-135.0
-110.0
-107.0
-111.0
-60.0
-112.0
-120.0
-117.0
-139.0
-120.0
-147.0
-171.0
-133.0
-138.0
-107.0
-102.0
-106.0
-97.0
-124.0
-152.0
-126.0
-146.0
-135.0
-134.0
-162.0
-130.0
-166.0
-164.0
-142.0
-187.0
-154.0
-133.0
-158.0
-121.0
-124.0
-162.0
-136.0
-181.0
-163.0
-143.0
-170.0
-151.0
-148.0
-184.0
-161.0
-150.0
-166.0
-161.0
-190.0
-145.0
-126.0
-126.0
-87.0
-113.0
-92.0
-98.0
-136.0
-110.0
-147.0
