4 0.454584
5 0.433289
7 0.411126
9 0.400874
11 0.395799
13 0.393686
16 0.392678
20 0.391160
23 0.389557
28 0.387048
33 0.385741
38 0.385850
45 0.387200
52 0.388557
60 0.389303
69 0.388846
79 0.386364
91 0.380532
104 0.371256
119 0.357875
135 0.341428
154 0.319755
174 0.295534
198 0.268231
223 0.245597
252 0.226890
285 0.211988
321 0.198305
362 0.183677
407 0.169777
457 0.156626
513 0.144414
575 0.133663
645 0.123478
723 0.113761
809 0.104393
905 0.095283
1011 0.087007
1130 0.080093
1261 0.074619
1407 0.071867
1570 0.071746
1750 0.074442
