4 0.174369
5 0.236587
7 0.381158
9 0.526240
11 0.640887
13 0.721976
16 0.799869
20 0.857360
23 0.882591
28 0.907905
33 0.922032
38 0.930166
45 0.936111
52 0.938570
60 0.938986
69 0.937717
79 0.935097
91 0.931013
104 0.925951
119 0.919691
135 0.912820
154 0.904601
174 0.895908
198 0.885436
223 0.874617
252 0.862402
285 0.848800
321 0.834013
362 0.816853
407 0.798093
457 0.778506
513 0.758087
575 0.736975
645 0.714073
723 0.688181
809 0.657878
905 0.621849
1011 0.582463
1130 0.542092
1261 0.503052
1407 0.465932
1570 0.431881
1750 0.404060
