4 0.398618
5 0.450538
7 0.529295
9 0.595868
11 0.656527
13 0.704687
16 0.750806
20 0.780443
23 0.790385
28 0.800004
33 0.809662
38 0.819206
45 0.829876
52 0.836675
60 0.840661
69 0.841755
79 0.839940
91 0.834839
104 0.826770
119 0.815371
135 0.801767
154 0.784519
174 0.765711
198 0.742701
223 0.718563
252 0.690851
285 0.660668
321 0.630229
362 0.599098
407 0.569242
457 0.541468
513 0.517319
575 0.497679
645 0.481895
723 0.469879
809 0.461102
905 0.455253
1011 0.452723
1130 0.453749
1261 0.457989
1407 0.462618
1570 0.465282
1750 0.465343
