4 0.188185
5 0.264141
7 0.417390
9 0.542937
11 0.632856
13 0.693053
16 0.749413
20 0.794362
23 0.817729
28 0.845860
33 0.864339
38 0.876871
45 0.888904
52 0.896034
60 0.900688
69 0.903088
79 0.903590
91 0.902360
104 0.899739
119 0.895826
135 0.891152
154 0.885119
174 0.877948
198 0.867823
223 0.855285
252 0.838102
285 0.815861
321 0.790117
362 0.760969
407 0.730014
457 0.697142
513 0.660702
575 0.620500
645 0.576005
723 0.529484
809 0.481663
905 0.430961
1011 0.379278
1130 0.327275
1261 0.279628
1407 0.238485
1570 0.204338
