4 0.332026
5 0.343444
7 0.368654
9 0.392448
11 0.413998
13 0.432743
16 0.453727
20 0.469440
23 0.474652
28 0.475314
33 0.470712
38 0.464141
45 0.454661
52 0.445420
60 0.434044
69 0.419584
79 0.401855
91 0.379460
104 0.355308
119 0.328791
135 0.303099
154 0.276018
174 0.250898
198 0.224608
223 0.201151
252 0.178463
285 0.157792
321 0.139443
362 0.122345
407 0.107620
457 0.095286
513 0.084958
575 0.076223
645 0.067918
723 0.059447
809 0.050902
905 0.042243
1011 0.034699
1130 0.028518
1261 0.024026
1407 0.021610
1570 0.020755
1750 0.022429
