4 0.691790
5 0.699281
7 0.713473
9 0.728743
11 0.741888
13 0.751448
16 0.760307
20 0.766794
23 0.770017
28 0.774422
33 0.778666
38 0.783240
45 0.790256
52 0.797199
60 0.804090
69 0.810276
79 0.815607
91 0.820201
104 0.823192
119 0.824605
135 0.824419
154 0.822748
174 0.819944
198 0.815644
223 0.810309
252 0.803143
285 0.794014
321 0.783183
362 0.770379
407 0.757250
457 0.745157
513 0.734440
575 0.725383
645 0.718034
723 0.712082
809 0.706538
905 0.700804
1011 0.696020
1130 0.693322
1261 0.693375
1407 0.695245
1570 0.696806
1750 0.698231
