4 0.343028
5 0.412966
7 0.514203
9 0.568474
11 0.597877
13 0.616892
16 0.637450
20 0.658748
23 0.671310
28 0.688109
33 0.703929
38 0.719167
45 0.736677
52 0.749910
60 0.761260
69 0.770703
79 0.778764
91 0.786007
104 0.791647
119 0.796112
135 0.799559
154 0.802554
174 0.804904
198 0.807288
223 0.809270
252 0.810545
285 0.811212
321 0.811540
362 0.811073
407 0.808764
457 0.803964
513 0.797472
575 0.790252
645 0.782421
723 0.775517
809 0.770498
905 0.766610
1011 0.762766
1130 0.758381
1261 0.754750
1407 0.751063
1570 0.744643
