4 0.496327
5 0.505308
7 0.532138
9 0.553468
11 0.565880
13 0.572219
16 0.577916
20 0.591822
23 0.609622
28 0.640044
33 0.663847
38 0.685561
45 0.711252
52 0.731018
60 0.747409
69 0.759684
79 0.768229
91 0.773800
104 0.776086
119 0.776443
135 0.776067
154 0.775592
174 0.775113
198 0.773882
223 0.771699
252 0.767732
285 0.762004
321 0.755636
362 0.748337
407 0.739765
457 0.730075
513 0.719575
575 0.707611
645 0.693966
723 0.677232
809 0.657990
905 0.639420
1011 0.621186
1130 0.601509
1261 0.581261
1407 0.559674
1570 0.538871
