4 0.499605
5 0.548825
7 0.625818
9 0.679426
11 0.716298
13 0.742782
16 0.770402
20 0.794303
23 0.806642
28 0.821311
33 0.831128
38 0.837317
45 0.841474
52 0.841853
60 0.839334
69 0.834612
79 0.828380
91 0.820548
104 0.812347
119 0.803808
135 0.796025
154 0.788452
174 0.781630
198 0.773366
223 0.764790
252 0.755379
285 0.746025
321 0.737874
362 0.730641
407 0.724443
457 0.719126
513 0.714699
575 0.711223
645 0.709024
723 0.709097
809 0.712571
905 0.718694
1011 0.724532
1130 0.726859
1261 0.723834
1407 0.715403
1570 0.702860
1750 0.685326
