4 0.670581
5 0.708031
7 0.772798
9 0.821675
11 0.854455
13 0.876666
16 0.899034
20 0.918127
23 0.928033
28 0.939527
33 0.946987
38 0.951782
45 0.955592
52 0.957347
60 0.957979
69 0.957811
79 0.957095
91 0.955895
104 0.954483
119 0.952946
135 0.951545
154 0.950293
174 0.949511
198 0.949065
223 0.948687
252 0.947919
285 0.946449
321 0.944444
362 0.942218
407 0.939809
457 0.936931
513 0.933457
575 0.929227
645 0.923844
723 0.917346
809 0.910093
905 0.902041
1011 0.893546
1130 0.884168
1261 0.873286
1407 0.860286
1570 0.844783
