4 0.257236
5 0.323746
7 0.436715
9 0.525712
11 0.595389
13 0.650398
16 0.713662
20 0.772971
23 0.804006
28 0.838713
33 0.860937
38 0.876643
45 0.892137
52 0.902820
60 0.911553
69 0.918520
79 0.923948
91 0.928236
104 0.931062
119 0.932909
135 0.933826
154 0.934028
174 0.933703
198 0.932884
223 0.931545
252 0.929472
285 0.926654
321 0.923256
362 0.919167
407 0.914404
457 0.908679
513 0.901876
575 0.894302
645 0.886091
723 0.877128
809 0.866688
905 0.853469
1011 0.836865
1130 0.816663
1261 0.793817
1407 0.770213
1570 0.744420
1750 0.719798
