-44.0
-69.0
-20.0
41.0
44.0
47.0
86.0
-84.0
-113.0
-37.0
-10.0
54.0
60.0
17.0
-68.0
-15.0
70.0
7.0
2.0
39.0
70.0
58.0
65.0
4.0
68.0
89.0
60.0
133.0
135.0
121.0
8.0
45.0
175.0
20.0
-11.0
118.0
47.0
89.0
133.0
109.0
100.0
-29.0
-59.0
24.0
79.0
59.0
127.0
67.0
101.0
138.0
155.0
109.0
64.0
125.0
45.0
4.0
93.0
50.0
-43.0
-1.0
45.0
-124.0
-61.0
-88.0
-106.0
-46.0
12.0
-15.0
-27.0
-7.0
-68.0
-8.0
61.0
48.0
10.0
-60.0
35.0
-16.0
-79.0
40.0
-38.0
-24.0
-5.0
-69.0
-45.0
-6.0
0.0
42.0
116.0
222.0
308.0
307.0
216.0
197.0
112.0
53.0
73.0
-7.0
2.0
36.0
-123.0
-105.0
-17.0
-112.0
-159.0
-28.0
-91.0
-212.0
-32.0
-95.0
-115.0
-114.0
-54.0
-196.0
-140.0
-49.0
-140.0
-162.0
-107.0
-217.0
-263.0
-212.0
-213.0
-193.0
-189.0
-192.0
-200.0
-164.0
-275.0
-145.0
49.0
-44.0
-87.0
-53.0
-62.0
-162.0
-101.0
-124.0
-249.0
-90.0
-117.0
-152.0
-47.0
-59.0
-121.0
-28.0
-26.0
-74.0
-134.0
-249.0
-99.0
-81.0
-91.0
-133.0
-158.0
-114.0
-113.0
-221.0
-203.0
-92.0
-86.0
-27.0
-87.0
-28.0
16.0
-32.0
-52.0
-105.0
-108.0
-162.0
-139.0
-64.0
-40.0
-44.0
16.0
17.0
10.0
7.0
-25.0
-100.0
-175.0
-74.0
-139.0
44.0
28.0
-1.0
-23.0
-125.0
-96.0
-38.0
-33.0
15.0
17.0
-60.0
-117.0
-174.0
-52.0
-114.0
-32.0
-76.0
-58.0
-61.0
-72.0
-36.0
-78.0
-129.0
-61.0
-119.0
-134.0
-60.0
-56.0
-37.0
-40.0
-63.0
-59.0
-142.0
-177.0
-54.0
-164.0
-60.0
-94.0
-109.0
-174.0
-226.0
-105.0
-56.0
-8.0
17.0
-2.0
-81.0
-101.0
-119.0
-90.0
-94.0
-116.0
-121.0
-100.0
-64.0
-71.0
-167.0
-163.0
-111.0
-294.0
-138.0
-48.0
-63.0
-131.0
-216.0
-143.0
-172.0
-114.0
-127.0
-92.0
-28.0
-21.0
-87.0
6.0
21.0
-74.0
-15.0
4.0
-40.0
-3.0
-11.0
-54.0
-81.0
-12.0
-48.0
52.0
73.0
-120.0
-67.0
97.0
75.0
29.0
34.0
-40.0
1.0
18.0
-33.0
-11.0
15.0
4.0
46.0
-8.0
76.0
46.0
-13.0
35.0
34.0
-105.0
-68.0
33.0
59.0
-30.0
-49.0
25.0
43.0
62.0
19.0
-11.0
17.0
-11.0
9.0
65.0
-6.0
-68.0
25.0
3.0
8.0
-27.0
-76.0
14.0
62.0
83.0
63.0
52.0
-25.0
6.0
-23.0
61.0
74.0
56.0
83.0
108.0
93.0
72.0
20.0
31.0
78.0
86.0
80.0
-72.0
-143.0
-4.0
-89.0
-64.0
-44.0
-51.0
98.0
126.0
58.0
-32.0
3.0
4.0
-62.0
-35.0
-29.0
39.0
55.0
-12.0
35.0
13.0
-71.0
77.0
69.0
-10.0
-39.0
4.0
-61.0
-83.0
17.0
-27.0
-56.0
19.0
32.0
-57.0
-124.0
-104.0
-121.0
-69.0
-45.0
-122.0
-44.0
-36.0
-79.0
-84.0
-37.0
-25.0
-14.0
-18.0
-59.0
-109.0
-4.0
45.0
-1.0
-21.0
22.0
-42.0
-56.0
-30.0
-3.0
28.0
-17.0
-29.0
79.0
108.0
96.0
132.0
22.0
-42.0
62.0
8.0
32.0
70.0
66.0
68.0
-2.0
-25.0
-114.0
70.0
92.0
9.0
11.0
46.0
-10.0
-12.0
-4.0
-18.0
-36.0
53.0
61.0
17.0
-12.0
95.0
73.0
61.0
79.0
44.0
62.0
58.0
61.0
76.0
31.0
-54.0
-50.0
17.0
-83.0
25.0
56.0
58.0
31.0
5.0
35.0
-18.0
14.0
22.0
-7.0
-19.0
-22.0
-65.0
-162.0
-108.0
-232.0
-154.0
1.0
4.0
-4.0
-10.0
-50.0
-89.0
-75.0
-76.0
-9.0
16.0
-52.0
-16.0
76.0
68.0
51.0
-7.0
-46.0
-132.0
-78.0
-78.0
-81.0
-128.0
-80.0
-4.0
-32.0
-77.0
-72.0
-123.0
-156.0
-130.0
-23.0
-3.0
-143.0
-146.0
-144.0
-206.0
-131.0
-128.0
-144.0
-110.0
-173.0
-161.0
-166.0
-162.0
-116.0
-127.0
-155.0
-39.0
12.0
18.0
-30.0
-73.0
9.0
17.0
28.0
-28.0
14.0
-22.0
-67.0
14.0
-78.0
-59.0
-55.0
-21.0
55.0
24.0
39.0
44.0
34.0
-10.0
-120.0
4.0
73.0
58.0
-24.0
-11.0
33.0
91.0
53.0
39.0
-22.0
-27.0
-66.0
-53.0
-22.0
89.0
59.0
-52.0
-110.0
-183.0
-27.0
-6.0
-41.0
-79.0
-77.0
-9.0
-17.0
31.0
-41.0
-4.0
-20.0
-105.0
53.0
61.0
10.0
-5.0
3.0
-2.0
26.0
6.0
30.0
74.0
59.0
-2.0
67.0
20.0
49.0
23.0
11.0
37.0
60.0
-37.0
-18.0
47.0
5.0
-72.0
-84.0
-41.0
16.0
31.0
-5.0
-16.0
5.0
-109.0
-55.0
-4.0
-158.0
-46.0
43.0
-21.0
-53.0
-15.0
-1.0
1.0
-40.0
-36.0
-41.0
-102.0
-181.0
-164.0
-81.0
-15.0
-47.0
-87.0
-142.0
-83.0
-45.0
-58.0
-62.0
-158.0
-204.0
-117.0
-199.0
-108.0
-81.0
-126.0
-126.0
-271.0
-182.0
-168.0
-225.0
-244.0
-227.0
-230.0
-243.0
-223.0
-126.0
-56.0
-64.0
-138.0
-120.0
-157.0
-108.0
-179.0
-186.0
-197.0
-178.0
-178.0
-260.0
-118.0
-101.0
-62.0
-36.0
-51.0
-38.0
-65.0
22.0
-82.0
-78.0
-33.0
-50.0
-30.0
-13.0
13.0
66.0
121.0
198.0
256.0
284.0
243.0
239.0
151.0
-32.0
-26.0
-159.0
-100.0
-2.0
-44.0
-106.0
43.0
25.0
-6.0
-41.0
-40.0
-80.0
-43.0
-63.0
-106.0
-75.0
-179.0
-103.0
1.0
-101.0
-165.0
-76.0
-83.0
-105.0
-72.0
-176.0
-78.0
17.0
-42.0
-33.0
7.0
-7.0
-11.0
85.0
24.0
-9.0
26.0
-33.0
-55.0
-131.0
-233.0
-183.0
37.0
27.0
-19.0
-21.0
-84.0
-69.0
-83.0
-177.0
-115.0
-68.0
-25.0
24.0
-36.0
-23.0
-86.0
-158.0
-72.0
-180.0
-89.0
-68.0
-105.0
-119.0
-48.0
-34.0
-129.0
-35.0
8.0
-12.0
-11.0
25.0
-22.0
-21.0
4.0
15.0
2.0
4.0
-19.0
-152.0
-155.0
-54.0
-108.0
-70.0
-121.0
-188.0
-70.0
51.0
20.0
80.0
26.0
51.0
70.0
28.0
54.0
27.0
-7.0
-70.0
17.0
-18.0
-65.0
56.0
27.0
-82.0
60.0
9.0
-58.0
-23.0
20.0
-30.0
-10.0
-25.0
-63.0
-45.0
-126.0
-140.0
42.0
-24.0
-134.0
17.0
70.0
25.0
-22.0
-39.0
-2.0
-106.0
-233.0
-18.0
42.0
-21.0
-50.0
115.0
122.0
34.0
31.0
85.0
-39.0
16.0
159.0
-2.0
-53.0
95.0
51.0
58.0
55.0
5.0
37.0
158.0
82.0
91.0
91.0
59.0
69.0
79.0
102.0
-44.0
-36.0
-16.0
-2.0
42.0
77.0
38.0
112.0
86.0
22.0
75.0
42.0
79.0
83.0
112.0
99.0
103.0
153.0
130.0
65.0
144.0
196.0
70.0
-150.0
39.0
151.0
139.0
146.0
70.0
52.0
106.0
150.0
85.0
-31.0
61.0
121.0
42.0
78.0
93.0
-12.0
67.0
87.0
67.0
96.0
100.0
32.0
15.0
46.0
61.0
-62.0
-87.0
-59.0
-81.0
-48.0
55.0
98.0
52.0
69.0
88.0
95.0
95.0
18.0
39.0
76.0
45.0
72.0
23.0
26.0
100.0
106.0
118.0
102.0
184.0
207.0
181.0
130.0
83.0
78.0
29.0
77.0
46.0
59.0
51.0
-31.0
93.0
-51.0
39.0
69.0
-2.0
50.0
61.0
25.0
-42.0
65.0
119.0
77.0
99.0
89.0
34.0
26.0
40.0
24.0
97.0
136.0
84.0
67.0
26.0
7.0
114.0
192.0
148.0
60.0
148.0
202.0
147.0
196.0
166.0
124.0
175.0
169.0
144.0
135.0
126.0
155.0
175.0
168.0
164.0
200.0
157.0
-50.0
106.0
187.0
245.0
181.0
159.0
138.0
68.0
126.0
183.0
164.0
169.0
87.0
118.0
218.0
165.0
147.0
106.0
126.0
187.0
53.0
-62.0
94.0
152.0
117.0
117.0
112.0
109.0
39.0
68.0
127.0
116.0
138.0
153.0
189.0
199.0
139.0
144.0
109.0
101.0
142.0
106.0
90.0
110.0
-40.0
20.0
143.0
80.0
108.0
89.0
30.0
127.0
149.0
156.0
142.0
185.0
181.0
235.0
187.0
128.0
85.0
86.0
94.0
158.0
129.0
37.0
-8.0
26.0
117.0
216.0
122.0
22.0
185.0
142.0
162.0
111.0
135.0
137.0
61.0
96.0
87.0
38.0
117.0
11.0
100.0
174.0
125.0
89.0
243.0
233.0
169.0
119.0
153.0
152.0
128.0
44.0
-9.0
66.0
79.0
34.0
-11.0
56.0
53.0
17.0
-13.0
-20.0
-58.0
-111.0
40.0
115.0
53.0
29.0
-51.0
-42.0
97.0
136.0
-4.0
32.0
87.0
1.0
84.0
89.0
-6.0
41.0
73.0
55.0
-8.0
61.0
98.0
42.0
80.0
91.0
40.0
43.0
87.0
87.0
49.0
-11.0
90.0
127.0
42.0
56.0
21.0
-121.0
-16.0
-14.0
106.0
42.0
119.0
129.0
76.0
-12.0
-71.0
92.0
121.0
54.0
2.0
9.0
96.0
132.0
105.0
74.0
-6.0
25.0
74.0
38.0
-42.0
-5.0
-54.0
-57.0
5.0
49.0
25.0
-51.0
-16.0
-95.0
-117.0
-17.0
3.0
16.0
29.0
32.0
96.0
150.0
95.0
-2.0
101.0
119.0
-22.0
90.0
147.0
43.0
17.0
100.0
151.0
76.0
92.0
53.0
146.0
130.0
120.0
189.0
122.0
22.0
19.0
8.0
73.0
159.0
105.0
88.0
168.0
164.0
88.0
100.0
145.0
149.0
148.0
135.0
107.0
-21.0
41.0
168.0
117.0
-65.0
-112.0
136.0
164.0
144.0
109.0
59.0
7.0
99.0
91.0
109.0
54.0
62.0
92.0
29.0
106.0
176.0
120.0
100.0
69.0
-33.0
-74.0
40.0
136.0
92.0
22.0
135.0
191.0
152.0
137.0
66.0
34.0
13.0
134.0
193.0
170.0
156.0
112.0
59.0
62.0
51.0
89.0
88.0
28.0
25.0
121.0
107.0
48.0
22.0
-69.0
100.0
145.0
112.0
86.0
53.0
-56.0
-16.0
106.0
109.0
140.0
138.0
5.0
48.0
81.0
-42.0
30.0
148.0
108.0
49.0
-19.0
68.0
81.0
125.0
85.0
-5.0
1.0
12.0
3.0
-16.0
-33.0
-73.0
-10.0
15.0
-14.0
35.0
53.0
97.0
159.0
104.0
125.0
168.0
98.0
79.0
-83.0
-97.0
43.0
101.0
16.0
75.0
-18.0
-76.0
107.0
149.0
89.0
84.0
119.0
77.0
58.0
32.0
-74.0
3.0
65.0
26.0
69.0
38.0
-33.0
-49.0
117.0
94.0
71.0
119.0
144.0
71.0
76.0
51.0
2.0
30.0
82.0
39.0
7.0
3.0
50.0
60.0
13.0
-31.0
-91.0
-81.0
87.0
90.0
43.0
22.0
-42.0
60.0
109.0
68.0
87.0
52.0
21.0
60.0
89.0
31.0
-49.0
-31.0
34.0
-36.0
14.0
-20.0
67.0
58.0
-39.0
-33.0
43.0
24.0
95.0
138.0
40.0
9.0
50.0
73.0
87.0
71.0
31.0
-11.0
-89.0
-34.0
232.0
212.0
166.0
106.0
86.0
10.0
102.0
187.0
107.0
43.0
11.0
20.0
70.0
28.0
-21.0
-4.0
-18.0
-18.0
-16.0
-60.0
-84.0
-108.0
-157.0
-178.0
-163.0
-202.0
-100.0
-158.0
-233.0
-221.0
-192.0
-280.0
-140.0
-47.0
-31.0
-52.0
-4.0
-12.0
-85.0
-88.0
-127.0
-117.0
-65.0
-90.0
-50.0
-59.0
-89.0
35.0
-200.0
-158.0
9.0
-38.0
23.0
-94.0
2.0
81.0
26.0
12.0
-11.0
-3.0
-22.0
-103.0
-40.0
78.0
26.0
-28.0
-5.0
39.0
14.0
-3.0
-18.0
-56.0
-56.0
-95.0
-186.0
41.0
65.0
102.0
63.0
25.0
7.0
-61.0
-6.0
-112.0
-138.0
-69.0
-31.0
-6.0
-2.0
21.0
-4.0
-43.0
-25.0
-33.0
-130.0
-65.0
48.0
-29.0
-54.0
-65.0
-60.0
-99.0
-200.0
-229.0
-79.0
-53.0
-118.0
-170.0
-177.0
-181.0
-109.0
-79.0
-80.0
-72.0
-78.0
-41.0
1.0
-63.0
-37.0
23.0
-76.0
-66.0
-110.0
-115.0
-29.0
-101.0
-112.0
-53.0
-64.0
-51.0
-135.0
-120.0
-65.0
-23.0
-41.0
-25.0
22.0
-50.0
-96.0
-29.0
7.0
-16.0
-33.0
-22.0
-26.0
-52.0
-62.0
-73.0
-131.0
-153.0
-125.0
-130.0
-122.0
-183.0
-69.0
-62.0
-72.0
90.0
-24.0
1.0
13.0
-45.0
-23.0
-35.0
-97.0
-72.0
-67.0
-18.0
31.0
26.0
-8.0
-113.0
-133.0
-119.0
-86.0
-18.0
-5.0
2.0
12.0
-130.0
-108.0
32.0
-63.0
-106.0
-70.0
-8.0
14.0
49.0
25.0
30.0
43.0
60.0
23.0
4.0
-37.0
47.0
56.0
32.0
69.0
65.0
41.0
-153.0
-21.0
56.0
36.0
69.0
63.0
80.0
77.0
69.0
24.0
24.0
1.0
37.0
5.0
-103.0
-86.0
-37.0
17.0
111.0
82.0
-42.0
-15.0
45.0
4.0
-29.0
-26.0
58.0
89.0
103.0
-109.0
-15.0
109.0
45.0
-63.0
-46.0
12.0
45.0
10.0
12.0
-4.0
-7.0
102.0
121.0
54.0
10.0
-20.0
-119.0
-81.0
-78.0
-121.0
-42.0
-26.0
-29.0
30.0
-5.0
-174.0
8.0
7.0
-107.0
-65.0
-77.0
-192.0
-108.0
-40.0
-18.0
-23.0
-16.0
-60.0
-129.0
-121.0
-71.0
-66.0
-32.0
5.0
19.0
36.0
24.0
-14.0
82.0
-39.0
-24.0
70.0
114.0
83.0
-44.0
80.0
63.0
-58.0
-55.0
22.0
46.0
52.0
77.0
3.0
53.0
20.0
20.0
20.0
-58.0
-151.0
-63.0
33.0
69.0
-26.0
87.0
20.0
-10.0
-167.0
-94.0
73.0
81.0
69.0
23.0
27.0
-36.0
-87.0
-88.0
-52.0
-103.0
-81.0
-21.0
-25.0
0.0
-38.0
-40.0
-37.0
-51.0
-165.0
-36.0
52.0
29.0
-13.0
4.0
-18.0
-90.0
-10.0
-20.0
-129.0
-62.0
-8.0
-86.0
-51.0
-56.0
-36.0
-13.0
-88.0
-215.0
-124.0
3.0
-20.0
-42.0
-125.0
-15.0
55.0
-17.0
-93.0
77.0
45.0
-50.0
-50.0
-37.0
-37.0
-60.0
-117.0
-62.0
13.0
4.0
65.0
79.0
-51.0
-80.0
-15.0
-42.0
-108.0
-137.0
6.0
5.0
-48.0
-18.0
-8.0
72.0
8.0
1.0
-2.0
-17.0
15.0
-121.0
-144.0
15.0
6.0
30.0
-34.0
-88.0
48.0
-18.0
-44.0
-59.0
-132.0
-122.0
-2.0
-42.0
-21.0
47.0
82.0
73.0
32.0
17.0
-80.0
50.0
111.0
30.0
-31.0
14.0
8.0
-10.0
-89.0
-82.0
70.0
53.0
-10.0
54.0
-6.0
-98.0
18.0
12.0
-77.0
-17.0
18.0
0.0
35.0
66.0
31.0
22.0
47.0
125.0
220.0
327.0
369.0
426.0
328.0
245.0
297.0
112.0
148.0
202.0
171.0
119.0
34.0
73.0
182.0
193.0
144.0
114.0
125.0
58.0
58.0
15.0
-4.0
-42.0
-16.0
39.0
-84.0
-142.0
69.0
3.0
-28.0
91.0
1.0
-119.0
-27.0
-24.0
4.0
-26.0
-102.0
-40.0
-11.0
9.0
-53.0
-42.0
-10.0
-52.0
-41.0
-50.0
7.0
-110.0
-189.0
-10.0
48.0
-65.0
-74.0
-51.0
-122.0
-104.0
-44.0
18.0
22.0
45.0
17.0
-47.0
-29.0
11.0
-115.0
-253.0
1.0
54.0
46.0
86.0
93.0
51.0
-43.0
-8.0
2.0
31.0
-101.0
-196.0
46.0
-11.0
-82.0
76.0
-127.0
-136.0
13.0
-53.0
-92.0
-60.0
-138.0
-143.0
-144.0
-166.0
2.0
55.0
54.0
30.0
-54.0
2.0
33.0
58.0
26.0
-76.0
-42.0
-21.0
-40.0
-84.0
3.0
-99.0
-32.0
8.0
-187.0
-155.0
-4.0
77.0
-55.0
-60.0
56.0
17.0
57.0
44.0
3.0
33.0
1.0
-63.0
-31.0
5.0
83.0
-3.0
-58.0
1.0
31.0
-20.0
-73.0
-69.0
-39.0
36.0
95.0
68.0
91.0
-2.0
69.0
109.0
39.0
3.0
73.0
131.0
112.0
15.0
13.0
21.0
53.0
-25.0
78.0
147.0
21.0
82.0
157.0
111.0
109.0
118.0
207.0
179.0
126.0
61.0
73.0
103.0
101.0
150.0
13.0
62.0
174.0
133.0
61.0
60.0
-30.0
14.0
15.0
114.0
191.0
127.0
63.0
-10.0
-27.0
4.0
17.0
-9.0
-61.0
-93.0
-54.0
10.0
95.0
63.0
-1.0
38.0
65.0
26.0
-71.0
-8.0
-99.0
-31.0
27.0
-78.0
-67.0
-39.0
-47.0
-57.0
-107.0
-173.0
-124.0
-111.0
-132.0
-140.0
-103.0
-140.0
-92.0
82.0
32.0
-74.0
-29.0
60.0
11.0
22.0
70.0
-5.0
-50.0
18.0
31.0
-20.0
68.0
30.0
15.0
56.0
-33.0
-92.0
-95.0
-91.0
-109.0
-42.0
49.0
34.0
-18.0
-25.0
14.0
-4.0
41.0
42.0
-15.0
44.0
46.0
3.0
-77.0
-121.0
-54.0
-84.0
3.0
24.0
29.0
49.0
77.0
62.0
27.0
-7.0
86.0
92.0
24.0
-90.0
75.0
114.0
21.0
93.0
118.0
149.0
121.0
130.0
141.0
37.0
62.0
144.0
116.0
109.0
91.0
52.0
75.0
133.0
110.0
105.0
45.0
117.0
129.0
99.0
159.0
93.0
114.0
124.0
124.0
97.0
-22.0
109.0
145.0
57.0
43.0
80.0
-64.0
29.0
5.0
65.0
26.0
77.0
124.0
90.0
24.0
64.0
71.0
63.0
33.0
8.0
81.0
17.0
-22.0
29.0
-11.0
-22.0
20.0
26.0
-109.0
-106.0
-99.0
-24.0
-37.0
-127.0
-233.0
-234.0
-54.0
11.0
62.0
45.0
49.0
79.0
47.0
-7.0
27.0
5.0
1.0
-23.0
-28.0
6.0
-19.0
-108.0
-91.0
35.0
26.0
20.0
-23.0
4.0
-5.0
-41.0
56.0
-8.0
-20.0
-5.0
-31.0
-1.0
-53.0
-35.0
12.0
-23.0
-16.0
-97.0
-80.0
-153.0
-12.0
44.0
1.0
-12.0
-61.0
-72.0
34.0
-23.0
-20.0
-14.0
-1.0
37.0
36.0
-6.0
-64.0
-64.0
-24.0
6.0
-13.0
1.0
30.0
55.0
54.0
-13.0
-73.0
-8.0
36.0
6.0
35.0
61.0
30.0
4.0
8.0
28.0
-79.0
-58.0
13.0
-59.0
-80.0
5.0
12.0
-54.0
-64.0
21.0
3.0
29.0
-93.0
-176.0
-88.0
-16.0
-42.0
-84.0
-23.0
44.0
36.0
-22.0
-48.0
-70.0
-157.0
-157.0
-124.0
-150.0
-54.0
-82.0
-148.0
-109.0
-11.0
-39.0
-32.0
-26.0
-34.0
-50.0
-47.0
-45.0
-48.0
-22.0
11.0
32.0
-133.0
-212.0
-40.0
-35.0
-90.0
-131.0
-130.0
-60.0
-69.0
-41.0
17.0
71.0
21.0
-26.0
-9.0
8.0
-25.0
-29.0
-49.0
-31.0
-21.0
-59.0
-126.0
-41.0
-21.0
-99.0
-150.0
-84.0
-7.0
-95.0
-64.0
-14.0
-14.0
-2.0
28.0
30.0
57.0
39.0
10.0
-79.0
-26.0
24.0
-43.0
-32.0
27.0
-5.0
47.0
-17.0
39.0
84.0
26.0
-60.0
-92.0
42.0
47.0
81.0
58.0
32.0
31.0
35.0
52.0
61.0
37.0
-4.0
-30.0
-95.0
-192.0
28.0
3.0
-60.0
-6.0
13.0
36.0
-77.0
-78.0
11.0
10.0
-19.0
15.0
41.0
65.0
99.0
79.0
-46.0
-34.0
-41.0
-26.0
-1.0
126.0
99.0
20.0
-14.0
51.0
72.0
18.0
8.0
-19.0
3.0
-74.0
-73.0
-40.0
-6.0
42.0
66.0
-2.0
-87.0
-27.0
-37.0
-150.0
-74.0
-18.0
-72.0
-174.0
-97.0
-78.0
1.0
-73.0
-190.0
22.0
48.0
-24.0
-24.0
-27.0
-230.0
-168.0
-163.0
-78.0
-13.0
-106.0
-63.0
-38.0
-125.0
-110.0
-118.0
-211.0
-300.0
-240.0
-80.0
-29.0
-43.0
-48.0
-33.0
-110.0
-139.0
-125.0
-138.0
-100.0
-54.0
-100.0
-69.0
-95.0
-61.0
-95.0
-220.0
-72.0
-120.0
-55.0
-20.0
-15.0
-165.0
-97.0
-21.0
-232.0
-168.0
41.0
-7.0
-21.0
-35.0
-119.0
-69.0
-47.0
-26.0
-51.0
-28.0
44.0
78.0
-5.0
-77.0
-54.0
25.0
-88.0
-42.0
-25.0
60.0
-81.0
-280.0
80.0
45.0
40.0
53.0
28.0
110.0
8.0
14.0
162.0
100.0
21.0
105.0
71.0
15.0
-51.0
40.0
27.0
4.0
3.0
79.0
39.0
47.0
-67.0
33.0
117.0
77.0
65.0
52.0
20.0
25.0
21.0
17.0
-30.0
-70.0
-2.0
10.0
-4.0
-16.0
-68.0
22.0
15.0
-21.0
-23.0
-17.0
64.0
36.0
53.0
62.0
36.0
5.0
38.0
52.0
104.0
65.0
5.0
-107.0
-204.0
21.0
93.0
1.0
10.0
67.0
13.0
-3.0
-21.0
-22.0
-65.0
34.0
-17.0
-24.0
-5.0
-6.0
-60.0
-106.0
-65.0
-50.0
-14.0
-59.0
-113.0
-144.0
-163.0
-233.0
-159.0
-72.0
-98.0
-29.0
32.0
-27.0
-38.0
27.0
66.0
-29.0
-52.0
-56.0
-104.0
-131.0
-71.0
-61.0
-59.0
-20.0
1.0
-33.0
-77.0
101.0
101.0
78.0
79.0
64.0
130.0
163.0
171.0
175.0
143.0
168.0
175.0
159.0
123.0
216.0
205.0
163.0
221.0
168.0
142.0
96.0
168.0
163.0
150.0
118.0
181.0
168.0
110.0
199.0
264.0
222.0
291.0
343.0
284.0
268.0
247.0
191.0
172.0
146.0
165.0
69.0
165.0
235.0
177.0
280.0
221.0
230.0
195.0
253.0
291.0
221.0
233.0
189.0
237.0
265.0
231.0
237.0
235.0
200.0
232.0
231.0
226.0
197.0
171.0
251.0
190.0
164.0
173.0
70.0
24.0
111.0
47.0
204.0
265.0
221.0
181.0
165.0
145.0
172.0
143.0
84.0
98.0
132.0
72.0
60.0
-60.0
108.0
168.0
156.0
95.0
204.0
140.0
101.0
137.0
95.0
73.0
197.0
204.0
142.0
20.0
55.0
44.0
-38.0
-131.0
-3.0
-34.0
-82.0
74.0
133.0
157.0
-63.0
16.0
153.0
57.0
97.0
172.0
85.0
86.0
134.0
130.0
150.0
135.0
137.0
156.0
60.0
22.0
102.0
216.0
150.0
106.0
159.0
216.0
191.0
189.0
134.0
74.0
190.0
268.0
131.0
120.0
120.0
77.0
62.0
174.0
160.0
144.0
70.0
25.0
72.0
18.0
-66.0
-130.0
61.0
179.0
92.0
133.0
101.0
108.0
98.0
109.0
146.0
108.0
107.0
114.0
105.0
95.0
90.0
83.0
118.0
91.0
-23.0
9.0
50.0
-14.0
-101.0
55.0
196.0
83.0
-8.0
83.0
106.0
70.0
22.0
72.0
107.0
82.0
94.0
91.0
102.0
129.0
62.0
-3.0
-5.0
-41.0
-68.0
164.0
269.0
204.0
153.0
110.0
16.0
67.0
-25.0
-36.0
48.0
35.0
61.0
55.0
22.0
27.0
121.0
125.0
-71.0
13.0
126.0
60.0
-17.0
-20.0
-3.0
2.0
14.0
17.0
27.0
74.0
83.0
120.0
93.0
97.0
73.0
11.0
-51.0
76.0
259.0
125.0
213.0
291.0
237.0
187.0
128.0
172.0
216.0
197.0
144.0
121.0
199.0
101.0
178.0
121.0
77.0
195.0
150.0
120.0
98.0
99.0
163.0
134.0
69.0
98.0
137.0
111.0
70.0
67.0
107.0
133.0
113.0
96.0
82.0
105.0
25.0
67.0
187.0
202.0
109.0
83.0
100.0
124.0
98.0
-3.0
22.0
107.0
121.0
148.0
156.0
68.0
-56.0
74.0
167.0
98.0
166.0
175.0
102.0
147.0
102.0
88.0
115.0
154.0
129.0
124.0
190.0
138.0
113.0
156.0
213.0
159.0
139.0
109.0
84.0
130.0
127.0
148.0
164.0
101.0
117.0
62.0
127.0
159.0
128.0
124.0
174.0
100.0
86.0
81.0
40.0
84.0
128.0
184.0
181.0
131.0
158.0
190.0
165.0
105.0
99.0
25.0
29.0
61.0
44.0
35.0
-54.0
124.0
126.0
82.0
51.0
-25.0
-6.0
16.0
4.0
41.0
8.0
4.0
-29.0
-68.0
-57.0
-32.0
-109.0
-161.0
-163.0
-122.0
-93.0
-105.0
-98.0
-67.0
-84.0
-87.0
-65.0
-64.0
-119.0
-177.0
-134.0
-117.0
-167.0
-217.0
-161.0
-92.0
-90.0
-73.0
-72.0
-50.0
-8.0
-18.0
-35.0
18.0
72.0
124.0
220.0
244.0
243.0
293.0
278.0
263.0
243.0
82.0
69.0
163.0
114.0
48.0
99.0
119.0
65.0
71.0
81.0
36.0
31.0
25.0
-2.0
2.0
53.0
22.0
39.0
53.0
22.0
-2.0
-23.0
-57.0
-60.0
-46.0
5.0
32.0
-31.0
-35.0
-22.0
-36.0
-34.0
-18.0
-23.0
-18.0
-76.0
-69.0
-111.0
-148.0
-129.0
-146.0
-159.0
-158.0
-156.0
-131.0
-171.0
-237.0
-188.0
-100.0
-120.0
-175.0
-225.0
-286.0
-189.0
-193.0
-172.0
-334.0
-215.0
-45.0
-93.0
-119.0
-146.0
-205.0
-145.0
-86.0
-180.0
-70.0
-66.0
-181.0
-252.0
-234.0
-136.0
-148.0
-101.0
-87.0
-105.0
-124.0
-68.0
-69.0
-91.0
-75.0
-83.0
-111.0
-98.0
-95.0
-153.0
-149.0
-137.0
-135.0
-135.0
-154.0
-178.0
-205.0
-224.0
-166.0
-176.0
-246.0
-239.0
-204.0
-162.0
-86.0
-108.0
-129.0
-112.0
-119.0
-144.0
-142.0
-159.0
-195.0
-201.0
-180.0
-191.0
-197.0
-215.0
-157.0
-148.0
-194.0
-195.0
-156.0
-154.0
-215.0
-203.0
-249.0
-113.0
-167.0
-139.0
-104.0
-108.0
-208.0
-225.0
-41.0
-81.0
-139.0
-138.0
-118.0
-106.0
-151.0
-99.0
-106.0
-97.0
-162.0
-214.0
-195.0
-194.0
-185.0
-192.0
-178.0
-130.0
-105.0
-175.0
-172.0
-126.0
-86.0
-37.0
-72.0
-82.0
-17.0
-48.0
-92.0
-18.0
-40.0
-70.0
-50.0
-59.0
-65.0
-72.0
-70.0
-42.0
-58.0
-90.0
-103.0
-127.0
-71.0
-90.0
-98.0
-181.0
-161.0
-113.0
-103.0
-143.0
-125.0
-129.0
-86.0
-114.0
-125.0
-129.0
-144.0
-145.0
-212.0
-158.0
-118.0
-108.0
-65.0
-308.0
-191.0
-131.0
-254.0
-206.0
-167.0
-161.0
-151.0
-76.0
-65.0
-92.0
-61.0
-89.0
-111.0
-143.0
-152.0
-128.0
-181.0
-127.0
-136.0
-274.0
-268.0
-97.0
-250.0
-204.0
-149.0
-155.0
-213.0
-241.0
-218.0
-272.0
-218.0
-142.0
-180.0
-161.0
-64.0
-60.0
12.0
2.0
-48.0
-67.0
-62.0
-158.0
-236.0
-34.0
-11.0
13.0
-20.0
-113.0
-181.0
-130.0
17.0
-2.0
4.0
-17.0
1.0
-50.0
-51.0
-6.0
3.0
43.0
39.0
-8.0
-27.0
-2.0
-22.0
-92.0
-55.0
-124.0
-61.0
-28.0
-84.0
-48.0
-5.0
-55.0
-19.0
56.0
111.0
35.0
68.0
134.0
114.0
118.0
77.0
35.0
91.0
80.0
46.0
-32.0
72.0
158.0
109.0
106.0
101.0
51.0
82.0
109.0
29.0
107.0
121.0
81.0
84.0
71.0
55.0
101.0
43.0
13.0
42.0
97.0
72.0
96.0
59.0
27.0
18.0
-86.0
-27.0
-97.0
-79.0
-20.0
-86.0
-193.0
-32.0
24.0
-44.0
-39.0
-87.0
-143.0
-99.0
-70.0
-14.0
5.0
-60.0
-96.0
-66.0
-18.0
-14.0
3.0
40.0
29.0
-29.0
2.0
-40.0
-91.0
-96.0
-2.0
-22.0
-52.0
-14.0
-66.0
-156.0
-176.0
-174.0
-160.0
-192.0
-248.0
-79.0
-64.0
-105.0
-67.0
-97.0
-162.0
13.0
77.0
23.0
-43.0
-56.0
5.0
-31.0
22.0
-26.0
0.0
68.0
-65.0
-247.0
-30.0
23.0
28.0
1.0
-13.0
20.0
-5.0
20.0
4.0
-44.0
33.0
-5.0
53.0
41.0
-5.0
26.0
54.0
76.0
95.0
-93.0
-137.0
-21.0
48.0
32.0
45.0
79.0
84.0
101.0
97.0
39.0
77.0
47.0
26.0
52.0
34.0
35.0
-11.0
-96.0
-126.0
-20.0
-8.0
-31.0
-31.0
33.0
58.0
29.0
-11.0
-75.0
-19.0
53.0
39.0
16.0
41.0
98.0
82.0
71.0
95.0
83.0
49.0
78.0
54.0
-78.0
51.0
62.0
-40.0
51.0
100.0
74.0
124.0
139.0
89.0
29.0
25.0
83.0
68.0
61.0
49.0
61.0
90.0
70.0
106.0
106.0
-4.0
41.0
65.0
67.0
111.0
60.0
83.0
68.0
33.0
47.0
12.0
-22.0
-51.0
2.0
21.0
-77.0
-121.0
-56.0
-62.0
-78.0
-7.0
0.0
44.0
70.0
46.0
60.0
45.0
30.0
59.0
70.0
30.0
6.0
16.0
46.0
41.0
60.0
60.0
8.0
38.0
47.0
25.0
-25.0
-34.0
64.0
50.0
19.0
-42.0
-180.0
-40.0
73.0
-11.0
-10.0
-46.0
-36.0
3.0
20.0
14.0
-1.0
-53.0
-20.0
-107.0
-175.0
-117.0
-1.0
43.0
41.0
-15.0
-41.0
-8.0
-93.0
-203.0
-42.0
-8.0
-28.0
-26.0
-40.0
2.0
-51.0
-167.0
-74.0
-56.0
-54.0
-63.0
2.0
14.0
-42.0
-3.0
5.0
-24.0
-5.0
-61.0
-32.0
-21.0
-16.0
-24.0
-26.0
18.0
-15.0
-118.0
76.0
52.0
28.0
2.0
18.0
-73.0
-87.0
6.0
4.0
-31.0
54.0
58.0
16.0
-15.0
-97.0
-84.0
-45.0
-159.0
-123.0
-39.0
-53.0
-80.0
-110.0
-82.0
-75.0
-121.0
-5.0
62.0
44.0
-5.0
14.0
5.0
-18.0
9.0
-46.0
-33.0
14.0
-32.0
-28.0
-58.0
-91.0
-100.0
-122.0
-74.0
-46.0
-49.0
-44.0
-62.0
-41.0
-15.0
-27.0
-34.0
-66.0
-95.0
-58.0
-57.0
-107.0
-120.0
-92.0
-117.0
-53.0
-14.0
-56.0
-86.0
-65.0
-101.0
-82.0
-55.0
-43.0
-8.0
-38.0
-68.0
-148.0
-124.0
-52.0
-71.0
-69.0
-81.0
-101.0
-134.0
-89.0
-86.0
-50.0
-4.0
-48.0
-84.0
-105.0
-86.0
-90.0
-51.0
-11.0
-34.0
-42.0
-53.0
-68.0
-37.0
4.0
0.0
-64.0
-76.0
-11.0
-7.0
-21.0
-19.0
-65.0
-55.0
-55.0
-2.0
-54.0
-77.0
-36.0
-47.0
-53.0
-43.0
17.0
-5.0
-105.0
-30.0
-14.0
-55.0
-72.0
-80.0
-85.0
-27.0
-67.0
-117.0
-71.0
-107.0
-48.0
-46.0
-92.0
-16.0
-97.0
-101.0
-35.0
-33.0
-6.0
-32.0
15.0
70.0
33.0
25.0
-31.0
-128.0
-72.0
-2.0
11.0
-15.0
-36.0
5.0
9.0
27.0
18.0
-35.0
-46.0
4.0
-35.0
-63.0
-72.0
-12.0
-3.0
-11.0
-5.0
-71.0
-163.0
-138.0
-177.0
-220.0
-134.0
-117.0
-111.0
-102.0
-101.0
-57.0
-112.0
-116.0
-67.0
-117.0
-71.0
-82.0
-150.0
-98.0
-76.0
-89.0
-188.0
-93.0
-68.0
-59.0
-46.0
-41.0
-70.0
-48.0
-15.0
-74.0
-87.0
-145.0
-156.0
-98.0
-89.0
-120.0
-128.0
-136.0
-183.0
-147.0
-16.0
-34.0
-26.0
-76.0
-62.0
-17.0
-59.0
-32.0
-55.0
-29.0
-60.0
-173.0
-114.0
-67.0
-63.0
-82.0
-48.0
20.0
35.0
-14.0
-86.0
-94.0
-65.0
-62.0
-127.0
-36.0
59.0
1.0
-47.0
2.0
-29.0
-16.0
-23.0
-11.0
-46.0
59.0
72.0
0.0
49.0
33.0
-27.0
-8.0
-9.0
-6.0
-63.0
-182.0
-18.0
16.0
14.0
-4.0
-95.0
-81.0
-52.0
-4.0
-2.0
-61.0
-60.0
-54.0
6.0
-39.0
-67.0
-133.0
-158.0
-110.0
-49.0
-13.0
16.0
-44.0
1.0
-95.0
-64.0
-27.0
-1.0
13.0
-16.0
28.0
7.0
-68.0
-3.0
39.0
22.0
22.0
-59.0
-76.0
-44.0
-18.0
-56.0
-80.0
-121.0
-64.0
4.0
-5.0
-88.0
-63.0
110.0
112.0
67.0
93.0
36.0
2.0
35.0
26.0
12.0
15.0
-3.0
0.0
-18.0
-42.0
15.0
-3.0
11.0
45.0
-6.0
-106.0
-82.0
37.0
30.0
24.0
-40.0
10.0
8.0
-42.0
-27.0
-11.0
15.0
-39.0
-97.0
-20.0
-28.0
-240.0
-196.0
-84.0
-127.0
-141.0
-35.0
-1.0
-25.0
13.0
2.0
-13.0
34.0
36.0
34.0
11.0
12.0
-34.0
-11.0
-19.0
-51.0
49.0
37.0
-51.0
-3.0
32.0
-53.0
-74.0
-21.0
-30.0
-66.0
-16.0
40.0
13.0
21.0
36.0
26.0
-9.0
16.0
-14.0
22.0
35.0
-16.0
-11.0
15.0
36.0
30.0
-118.0
-49.0
65.0
20.0
82.0
39.0
-68.0
-94.0
88.0
42.0
-24.0
8.0
24.0
26.0
6.0
-36.0
29.0
35.0
69.0
-15.0
-18.0
-8.0
2.0
15.0
17.0
21.0
-16.0
-9.0
31.0
41.0
83.0
159.0
191.0
150.0
116.0
84.0
68.0
103.0
130.0
148.0
152.0
107.0
113.0
113.0
87.0
67.0
88.0
34.0
-16.0
54.0
107.0
68.0
1.0
-46.0
-34.0
40.0
58.0
86.0
130.0
135.0
101.0
91.0
117.0
110.0
126.0
58.0
4.0
105.0
126.0
125.0
126.0
143.0
169.0
168.0
90.0
109.0
139.0
105.0
21.0
53.0
112.0
139.0
90.0
65.0
111.0
76.0
116.0
172.0
131.0
142.0
152.0
93.0
119.0
180.0
118.0
76.0
79.0
11.0
112.0
150.0
104.0
151.0
140.0
136.0
118.0
105.0
104.0
82.0
56.0
49.0
117.0
115.0
79.0
68.0
45.0
112.0
110.0
67.0
98.0
61.0
86.0
51.0
25.0
44.0
83.0
89.0
73.0
64.0
52.0
54.0
43.0
32.0
-3.0
46.0
85.0
44.0
29.0
43.0
23.0
-1.0
-14.0
94.0
74.0
18.0
105.0
92.0
65.0
57.0
49.0
63.0
15.0
13.0
62.0
88.0
33.0
-26.0
-7.0
-2.0
-14.0
41.0
91.0
22.0
32.0
67.0
19.0
-3.0
-25.0
-2.0
-47.0
-48.0
-55.0
-52.0
-14.0
33.0
-42.0
-67.0
18.0
37.0
33.0
25.0
52.0
48.0
41.0
1.0
31.0
41.0
11.0
59.0
60.0
52.0
30.0
53.0
56.0
49.0
61.0
22.0
9.0
-8.0
41.0
53.0
-16.0
-40.0
-29.0
-6.0
-10.0
-80.0
-51.0
-30.0
-66.0
6.0
39.0
-27.0
-22.0
-31.0
-13.0
1.0
46.0
76.0
124.0
49.0
40.0
64.0
43.0
37.0
40.0
-5.0
51.0
92.0
44.0
-1.0
-4.0
2.0
-7.0
-39.0
-15.0
5.0
-31.0
-36.0
-20.0
3.0
6.0
-30.0
-58.0
-49.0
-127.0
-48.0
-33.0
-89.0
28.0
116.0
59.0
-39.0
-12.0
-102.0
-150.0
-87.0
-103.0
-6.0
-1.0
-20.0
-20.0
-15.0
-57.0
-79.0
-69.0
-96.0
-101.0
-84.0
-103.0
-94.0
-46.0
-133.0
-114.0
-52.0
-87.0
-84.0
-135.0
-213.0
-229.0
-204.0
-158.0
-102.0
-82.0
-71.0
-61.0
-73.0
-45.0
-71.0
-89.0
-89.0
-78.0
-150.0
-171.0
-70.0
-65.0
-90.0
-119.0
-94.0
-91.0
-94.0
-55.0
-26.0
-33.0
-60.0
2.0
-34.0
-126.0
-107.0
-75.0
-97.0
-94.0
-44.0
-99.0
-94.0
-18.0
3.0
-32.0
-64.0
-42.0
-6.0
16.0
11.0
-16.0
-18.0
4.0
-8.0
-36.0
-14.0
3.0
-61.0
-44.0
-46.0
-45.0
11.0
23.0
-36.0
-10.0
10.0
-43.0
11.0
32.0
-155.0
-8.0
56.0
-45.0
-44.0
30.0
20.0
19.0
71.0
71.0
65.0
8.0
23.0
53.0
41.0
33.0
89.0
55.0
27.0
67.0
46.0
37.0
33.0
7.0
76.0
8.0
14.0
49.0
49.0
68.0
97.0
11.0
-3.0
88.0
5.0
-84.0
11.0
16.0
20.0
-32.0
-36.0
-2.0
106.0
99.0
50.0
-1.0
24.0
5.0
10.0
47.0
108.0
161.0
215.0
280.0
306.0
337.0
309.0
199.0
146.0
139.0
96.0
62.0
68.0
70.0
-81.0
46.0
135.0
22.0
-66.0
-18.0
111.0
6.0
-109.0
42.0
-6.0
-11.0
-41.0
-119.0
-77.0
-31.0
-136.0
-150.0
-61.0
33.0
-42.0
-60.0
-67.0
-103.0
-76.0
-76.0
-99.0
-93.0
-145.0
-151.0
-80.0
-60.0
-59.0
-89.0
-77.0
-78.0
-28.0
-10.0
-37.0
-90.0
-189.0
-139.0
-48.0
-41.0
-80.0
-32.0
40.0
-15.0
-92.0
-7.0
-36.0
-53.0
-65.0
-107.0
-37.0
-5.0
-18.0
-49.0
-18.0
-26.0
-62.0
-23.0
-33.0
2.0
32.0
53.0
74.0
88.0
36.0
-38.0
-81.0
-59.0
-85.0
-27.0
-36.0
11.0
-24.0
-26.0
-98.0
-90.0
48.0
31.0
-56.0
-61.0
-77.0
-80.0
65.0
140.0
39.0
-52.0
-3.0
38.0
8.0
4.0
9.0
20.0
28.0
-30.0
-71.0
-50.0
-37.0
-26.0
-3.0
21.0
32.0
-20.0
-72.0
25.0
45.0
17.0
-38.0
-19.0
-2.0
-22.0
-45.0
-73.0
-77.0
-125.0
-100.0
-66.0
-167.0
-152.0
-3.0
30.0
-52.0
41.0
20.0
7.0
18.0
45.0
37.0
-64.0
27.0
15.0
-44.0
34.0
-9.0
18.0
106.0
112.0
2.0
33.0
109.0
103.0
46.0
60.0
66.0
38.0
33.0
77.0
43.0
-26.0
90.0
64.0
22.0
111.0
102.0
38.0
-9.0
7.0
67.0
42.0
-20.0
34.0
27.0
39.0
58.0
73.0
203.0
162.0
84.0
81.0
-13.0
4.0
60.0
35.0
60.0
29.0
-67.0
68.0
64.0
45.0
86.0
74.0
95.0
76.0
81.0
110.0
114.0
148.0
172.0
53.0
54.0
124.0
147.0
142.0
88.0
13.0
135.0
150.0
77.0
49.0
105.0
96.0
61.0
145.0
117.0
70.0
68.0
70.0
76.0
54.0
97.0
107.0
92.0
78.0
70.0
34.0
92.0
82.0
30.0
36.0
63.0
62.0
59.0
62.0
46.0
17.0
-31.0
12.0
-11.0
-15.0
-12.0
-58.0
-68.0
-8.0
-9.0
-26.0
-12.0
-19.0
36.0
69.0
81.0
161.0
143.0
95.0
78.0
39.0
38.0
10.0
32.0
58.0
-73.0
10.0
112.0
114.0
131.0
109.0
50.0
68.0
89.0
99.0
58.0
45.0
120.0
106.0
85.0
125.0
113.0
73.0
96.0
31.0
14.0
41.0
95.0
106.0
98.0
108.0
118.0
40.0
10.0
-4.0
-7.0
34.0
41.0
33.0
33.0
39.0
23.0
56.0
76.0
82.0
36.0
51.0
43.0
27.0
49.0
46.0
16.0
29.0
59.0
38.0
47.0
80.0
63.0
89.0
13.0
-39.0
55.0
74.0
25.0
10.0
84.0
5.0
-4.0
12.0
92.0
115.0
-16.0
16.0
48.0
12.0
-30.0
-30.0
14.0
21.0
61.0
123.0
83.0
-150.0
-36.0
11.0
-28.0
60.0
85.0
55.0
59.0
25.0
40.0
-2.0
35.0
75.0
16.0
-26.0
31.0
-31.0
-40.0
-40.0
-53.0
-76.0
-80.0
-43.0
-27.0
-40.0
-16.0
-10.0
-61.0
-144.0
-92.0
-46.0
-61.0
-91.0
-146.0
16.0
93.0
-8.0
-46.0
13.0
-20.0
-33.0
29.0
45.0
61.0
63.0
25.0
-4.0
-3.0
25.0
74.0
54.0
39.0
75.0
4.0
-30.0
-24.0
-16.0
29.0
16.0
23.0
39.0
30.0
45.0
25.0
26.0
-25.0
-23.0
54.0
51.0
69.0
77.0
37.0
67.0
29.0
25.0
25.0
34.0
15.0
15.0
-41.0
-50.0
72.0
42.0
-8.0
-10.0
86.0
90.0
19.0
27.0
-3.0
-13.0
1.0
16.0
45.0
9.0
24.0
30.0
11.0
48.0
20.0
29.0
20.0
74.0
101.0
70.0
93.0
48.0
18.0
80.0
70.0
8.0
62.0
-15.0
-44.0
-21.0
-48.0
-27.0
-16.0
-155.0
-141.0
-39.0
-5.0
41.0
20.0
-61.0
-149.0
-50.0
7.0
9.0
-43.0
6.0
-27.0
-36.0
27.0
-42.0
-54.0
-11.0
-17.0
-40.0
-78.0
-89.0
-22.0
-39.0
8.0
26.0
51.0
52.0
13.0
-67.0
-40.0
-89.0
-126.0
-125.0
-124.0
-35.0
80.0
138.0
209.0
218.0
320.0
412.0
391.0
389.0
393.0
393.0
374.0
416.0
507.0
525.0
502.0
538.0
525.0
568.0
554.0
486.0
506.0
419.0
475.0
431.0
286.0
529.0
537.0
541.0
537.0
453.0
441.0
395.0
392.0
425.0
420.0
425.0
437.0
459.0
388.0
449.0
461.0
399.0
365.0
385.0
365.0
391.0
395.0
406.0
312.0
451.0
466.0
384.0
380.0
343.0
382.0
336.0
247.0
281.0
252.0
173.0
208.0
362.0
301.0
294.0
300.0
367.0
366.0
202.0
271.0
343.0
348.0
233.0
317.0
345.0
254.0
233.0
229.0
275.0
312.0
297.0
222.0
185.0
244.0
201.0
184.0
224.0
234.0
252.0
272.0
301.0
301.0
333.0
286.0
139.0
206.0
227.0
178.0
166.0
131.0
129.0
197.0
206.0
147.0
116.0
189.0
201.0
174.0
202.0
177.0
115.0
166.0
107.0
62.0
98.0
131.0
66.0
40.0
121.0
146.0
118.0
65.0
53.0
-4.0
-21.0
-2.0
14.0
77.0
112.0
59.0
11.0
-34.0
-189.0
-147.0
-8.0
71.0
31.0
53.0
40.0
15.0
-51.0
8.0
-29.0
-49.0
-1.0
15.0
-129.0
2.0
43.0
-43.0
-41.0
-119.0
-86.0
21.0
0.0
26.0
32.0
53.0
-8.0
-39.0
47.0
-1.0
-17.0
-10.0
-56.0
-84.0
-75.0
-83.0
-262.0
-215.0
-99.0
-38.0
-100.0
-90.0
-6.0
3.0
-16.0
-83.0
-24.0
-18.0
-86.0
-83.0
5.0
-6.0
-119.0
-61.0
75.0
60.0
-15.0
-89.0
-70.0
7.0
-75.0
-206.0
-128.0
-49.0
-87.0
-59.0
-169.0
-253.0
-194.0
-432.0
-298.0
-26.0
-111.0
-138.0
-44.0
-15.0
-40.0
-98.0
-136.0
-184.0
-214.0
-175.0
-90.0
-91.0
-120.0
-169.0
-203.0
-228.0
-242.0
-256.0
-188.0
-138.0
-121.0
-229.0
-245.0
-219.0
-179.0
-149.0
-216.0
-261.0
-159.0
-139.0
-143.0
-161.0
-169.0
-194.0
-275.0
-259.0
-261.0
-328.0
-323.0
-299.0
-307.0
-299.0
-295.0
-273.0
-287.0
-277.0
-230.0
-206.0
-218.0
-254.0
-233.0
-218.0
-240.0
-328.0
-417.0
-438.0
-365.0
-309.0
-134.0
-166.0
-249.0
-206.0
-216.0
-227.0
-208.0
-195.0
-205.0
-203.0
-262.0
-225.0
-275.0
-386.0
-332.0
-287.0
-277.0
-272.0
-228.0
-229.0
-252.0
-329.0
-200.0
-237.0
-276.0
-392.0
-331.0
-296.0
-220.0
-159.0
-228.0
-177.0
-263.0
-219.0
-224.0
-260.0
-189.0
-200.0
-235.0
-239.0
-246.0
-273.0
-202.0
-201.0
-172.0
-230.0
-323.0
-161.0
-199.0
-195.0
-190.0
-202.0
-194.0
-164.0
-206.0
-231.0
-254.0
-178.0
-136.0
-159.0
-139.0
-171.0
-284.0
-188.0
-219.0
-196.0
-174.0
-215.0
-290.0
-248.0
-313.0
-314.0
-166.0
-147.0
-173.0
-234.0
-299.0
-325.0
-283.0
-263.0
-291.0
-299.0
-380.0
-206.0
-216.0
-267.0
-145.0
-173.0
-297.0
-269.0
-212.0
-222.0
-295.0
-312.0
-249.0
-289.0
-281.0
-288.0
-383.0
-359.0
-209.0
-269.0
-293.0
-338.0
-197.0
-235.0
-276.0
-259.0
-233.0
-190.0
-165.0
-143.0
-298.0
-215.0
-135.0
-241.0
-207.0
-160.0
-208.0
-226.0
-184.0
-137.0
-161.0
-156.0
-219.0
-243.0
-309.0
-278.0
-168.0
-224.0
-176.0
-210.0
-189.0
-233.0
-233.0
-135.0
-122.0
-176.0
-163.0
-102.0
-211.0
-292.0
-133.0
-63.0
-71.0
-112.0
-128.0
-121.0
-209.0
-178.0
-116.0
-76.0
-56.0
-88.0
-72.0
-117.0
-258.0
-237.0
-102.0
-164.0
-146.0
-153.0
-177.0
-173.0
-158.0
-83.0
-124.0
-114.0
-134.0
-216.0
-177.0
-125.0
-142.0
-163.0
-169.0
-148.0
-124.0
-119.0
-105.0
-177.0
-209.0
-164.0
-142.0
-201.0
-192.0
-126.0
-105.0
-128.0
-43.0
-92.0
-183.0
-276.0
-205.0
-81.0
-39.0
-94.0
-159.0
-175.0
-201.0
-161.0
-223.0
-249.0
-194.0
-238.0
-215.0
-186.0
-203.0
-121.0
-158.0
-184.0
-138.0
-186.0
-98.0
-37.0
-91.0
-115.0
-103.0
-93.0
-106.0
-103.0
-60.0
-126.0
-161.0
-163.0
-142.0
-164.0
-162.0
-131.0
-187.0
-174.0
-95.0
-72.0
-73.0
-95.0
-109.0
-67.0
-40.0
-65.0
-142.0
-194.0
-159.0
-114.0
-154.0
-175.0
-161.0
-116.0
-95.0
-2.0
-9.0
-31.0
-34.0
-82.0
-111.0
-91.0
-74.0
-41.0
-67.0
-82.0
-70.0
-134.0
-89.0
-74.0
-72.0
-53.0
-9.0
-37.0
-76.0
-137.0
-103.0
-35.0
-32.0
-73.0
-29.0
-35.0
-81.0
-50.0
-43.0
-98.0
-206.0
-65.0
77.0
27.0
29.0
6.0
45.0
-31.0
-5.0
17.0
-12.0
0.0
31.0
29.0
-20.0
23.0
-26.0
44.0
87.0
37.0
-78.0
2.0
8.0
6.0
-40.0
-1.0
61.0
-8.0
-34.0
-96.0
-7.0
56.0
-96.0
-95.0
-40.0
-78.0
-46.0
-96.0
-64.0
-60.0
-108.0
-72.0
-14.0
-10.0
-31.0
-71.0
-77.0
-102.0
-148.0
-141.0
-180.0
-206.0
-156.0
-120.0
-106.0
-88.0
-76.0
-65.0
-96.0
-75.0
-39.0
-95.0
-81.0
-113.0
-125.0
-97.0
-134.0
-120.0
-140.0
-154.0
-154.0
-209.0
-225.0
-196.0
-215.0
-224.0
-202.0
-129.0
-139.0
-154.0
-129.0
-118.0
-156.0
-138.0
-117.0
-112.0
-139.0
-138.0
-197.0
-211.0
-199.0
-82.0
-86.0
-111.0
-73.0
-100.0
-184.0
-184.0
-93.0
-105.0
-77.0
-20.0
-58.0
-107.0
-64.0
-101.0
-133.0
-116.0
-99.0
-102.0
-160.0
-167.0
-118.0
-148.0
-171.0
-142.0
-166.0
-156.0
-128.0
-178.0
-159.0
-178.0
-251.0
-146.0
-102.0
-191.0
-242.0
-59.0
-78.0
-199.0
-132.0
-69.0
-68.0
-98.0
-127.0
-131.0
-58.0
-89.0
-101.0
-87.0
-93.0
-263.0
-117.0
4.0
-133.0
-240.0
-129.0
-90.0
-83.0
-103.0
-43.0
-21.0
-143.0
-143.0
-108.0
-111.0
-70.0
-72.0
-140.0
-140.0
-148.0
-217.0
-192.0
-117.0
-148.0
-171.0
-121.0
-143.0
-192.0
-167.0
-156.0
-133.0
-134.0
-120.0
-114.0
-169.0
-176.0
-231.0
-144.0
-122.0
-205.0
-204.0
-142.0
-137.0
-180.0
-124.0
-116.0
-122.0
-138.0
-130.0
-173.0
-197.0
-202.0
-246.0
-248.0
-254.0
-271.0
-222.0
-213.0
-221.0
-234.0
-234.0
-277.0
-224.0
-286.0
-340.0
-200.0
-166.0
-155.0
-118.0
-148.0
-138.0
-98.0
-153.0
-166.0
-201.0
-289.0
-202.0
-56.0
-127.0
-144.0
-122.0
-37.0
-40.0
-67.0
-17.0
-58.0
-133.0
-82.0
-74.0
-99.0
-109.0
-79.0
-118.0
-147.0
-171.0
-115.0
-130.0
-107.0
-117.0
-106.0
-72.0
-50.0
-12.0
43.0
85.0
149.0
157.0
112.0
119.0
58.0
-12.0
-12.0
20.0
-83.0
-65.0
-47.0
-105.0
-116.0
-142.0
-179.0
-188.0
-135.0
-148.0
-163.0
-165.0
-148.0
-210.0
-208.0
-144.0
-146.0
-142.0
-143.0
-118.0
-102.0
-167.0
-178.0
-163.0
-164.0
-172.0
-202.0
-196.0
-138.0
-165.0
-187.0
-193.0
-192.0
-285.0
-187.0
-74.0
-98.0
-161.0
-201.0
-108.0
-64.0
-163.0
-160.0
-140.0
-145.0
-139.0
-48.0
-152.0
-132.0
-23.0
-128.0
-4.0
-27.0
-106.0
-97.0
-175.0
-173.0
-86.0
-143.0
-82.0
-68.0
-114.0
-14.0
-67.0
-105.0
-62.0
-43.0
-61.0
-117.0
-76.0
-87.0
-77.0
-47.0
-199.0
-206.0
-97.0
-120.0
-133.0
-173.0
-220.0
-305.0
-165.0
-12.0
-27.0
-17.0
-179.0
-106.0
-115.0
-60.0
-20.0
-117.0
-124.0
-120.0
-117.0
-143.0
-184.0
-82.0
-91.0
-151.0
-42.0
-42.0
-106.0
-84.0
-50.0
-85.0
-124.0
-64.0
-56.0
-32.0
-107.0
-170.0
-75.0
-86.0
-94.0
-95.0
-129.0
-50.0
-163.0
-199.0
-50.0
-53.0
-201.0
-238.0
-196.0
-163.0
-117.0
-103.0
-79.0
-105.0
-96.0
-105.0
-98.0
-86.0
-169.0
-146.0
-167.0
-123.0
-78.0
-289.0
-263.0
-71.0
-72.0
-19.0
13.0
-67.0
-155.0
-64.0
-62.0
-84.0
-85.0
-63.0
-90.0
-155.0
-56.0
-27.0
-74.0
-116.0
-113.0
-101.0
-62.0
-115.0
-36.0
-22.0
-62.0
-34.0
-14.0
-60.0
-79.0
-100.0
-48.0
-59.0
-27.0
-29.0
-29.0
-44.0
-81.0
-37.0
-117.0
-183.0
-109.0
-14.0
-120.0
-120.0
32.0
72.0
1.0
-64.0
-70.0
-29.0
-25.0
-37.0
-168.0
-86.0
-50.0
-67.0
-36.0
-116.0
-139.0
-184.0
-270.0
-280.0
-193.0
-198.0
-175.0
-143.0
-92.0
-90.0
-88.0
-39.0
-37.0
-7.0
10.0
20.0
18.0
-92.0
-183.0
-50.0
-59.0
-127.0
-102.0
-127.0
-147.0
-118.0
-137.0
-105.0
-91.0
-164.0
-130.0
-77.0
-89.0
-92.0
-96.0
-102.0
-56.0
-171.0
-89.0
28.0
-62.0
-26.0
-90.0
-12.0
12.0
-51.0
-105.0
-90.0
-24.0
-52.0
-60.0
-9.0
68.0
30.0
-35.0
-71.0
-80.0
-52.0
-79.0
-89.0
-79.0
-106.0
-120.0
-158.0
-37.0
-55.0
-96.0
-175.0
-192.0
-58.0
-39.0
-44.0
-34.0
-91.0
-200.0
-109.0
-120.0
-19.0
-48.0
-57.0
-38.0
-87.0
-136.0
-83.0
-93.0
-194.0
-154.0
-39.0
-82.0
-156.0
-166.0
-268.0
-123.0
-71.0
-122.0
-36.0
-54.0
-6.0
17.0
-67.0
-87.0
-73.0
-85.0
-140.0
-177.0
-153.0
-100.0
-66.0
-60.0
-136.0
-150.0
-181.0
-303.0
-172.0
-59.0
-98.0
-79.0
-99.0
-184.0
-196.0
-170.0
-186.0
-208.0
-240.0
-225.0
-277.0
-348.0
-269.0
-191.0
-180.0
-118.0
-153.0
-193.0
-73.0
30.0
-10.0
-90.0
-148.0
-85.0
-69.0
-154.0
-31.0
48.0
4.0
-52.0
-14.0
-34.0
-42.0
-4.0
-37.0
-106.0
-20.0
68.0
47.0
16.0
49.0
-34.0
-83.0
7.0
-53.0
-65.0
-76.0
-118.0
-82.0
-33.0
-59.0
-110.0
-113.0
-36.0
-42.0
-135.0
-279.0
-89.0
5.0
-181.0
-200.0
-34.0
-59.0
-138.0
17.0
37.0
-31.0
-5.0
-134.0
-126.0
27.0
-5.0
-8.0
14.0
-27.0
-25.0
-67.0
-19.0
-17.0
-36.0
-46.0
-33.0
-33.0
3.0
-2.0
-93.0
-79.0
-76.0
-82.0
-82.0
-65.0
-61.0
-127.0
-33.0
2.0
-106.0
-99.0
-121.0
-101.0
-54.0
-84.0
-33.0
2.0
-42.0
-27.0
-89.0
14.0
9.0
-118.0
-154.0
-8.0
15.0
-51.0
-39.0
-11.0
-13.0
-45.0
-8.0
-3.0
-54.0
-48.0
-55.0
-106.0
-23.0
65.0
18.0
-117.0
-80.0
-1.0
-61.0
-185.0
-146.0
-152.0
-152.0
-56.0
-51.0
-34.0
-35.0
3.0
-6.0
-38.0
-61.0
-54.0
-43.0
-80.0
-85.0
-79.0
-96.0
-53.0
-73.0
-42.0
-52.0
-106.0
-27.0
-33.0
-32.0
-34.0
-117.0
-2.0
27.0
24.0
20.0
16.0
26.0
3.0
17.0
49.0
69.0
114.0
126.0
80.0
200.0
158.0
128.0
156.0
98.0
-5.0
46.0
59.0
139.0
66.0
72.0
108.0
134.0
138.0
104.0
95.0
133.0
120.0
120.0
23.0
57.0
96.0
114.0
101.0
56.0
32.0
79.0
72.0
75.0
66.0
-5.0
146.0
124.0
85.0
31.0
37.0
116.0
78.0
83.0
99.0
90.0
28.0
6.0
56.0
-28.0
-61.0
-15.0
64.0
120.0
115.0
57.0
67.0
47.0
65.0
147.0
102.0
135.0
141.0
96.0
83.0
88.0
54.0
60.0
53.0
99.0
76.0
107.0
128.0
60.0
-3.0
-57.0
-27.0
-10.0
4.0
3.0
-52.0
-24.0
-39.0
-60.0
-98.0
-165.0
-190.0
-139.0
-116.0
-140.0
-172.0
-68.0
-79.0
-81.0
-51.0
14.0
-11.0
-78.0
11.0
-8.0
-55.0
-7.0
-44.0
-90.0
-20.0
3.0
-51.0
-63.0
8.0
11.0
-56.0
-88.0
129.0
117.0
51.0
74.0
63.0
105.0
60.0
-37.0
-21.0
106.0
100.0
53.0
53.0
5.0
35.0
53.0
41.0
-3.0
-33.0
68.0
73.0
86.0
160.0
62.0
79.0
61.0
42.0
60.0
79.0
61.0
67.0
107.0
152.0
132.0
101.0
2.0
79.0
95.0
49.0
68.0
59.0
-21.0
60.0
56.0
60.0
99.0
17.0
-46.0
-9.0
90.0
-12.0
-33.0
73.0
105.0
45.0
51.0
64.0
-32.0
22.0
95.0
26.0
22.0
19.0
60.0
49.0
69.0
52.0
17.0
-16.0
-12.0
20.0
109.0
117.0
107.0
115.0
41.0
3.0
60.0
41.0
-9.0
41.0
70.0
2.0
60.0
117.0
79.0
127.0
95.0
44.0
57.0
79.0
109.0
8.0
1.0
52.0
41.0
103.0
94.0
53.0
31.0
10.0
42.0
72.0
15.0
-53.0
9.0
24.0
-14.0
-26.0
28.0
103.0
72.0
112.0
115.0
-11.0
32.0
148.0
139.0
79.0
26.0
83.0
101.0
46.0
170.0
175.0
-10.0
42.0
190.0
189.0
144.0
147.0
139.0
76.0
116.0
149.0
167.0
121.0
135.0
111.0
107.0
143.0
131.0
139.0
127.0
120.0
83.0
-27.0
68.0
122.0
85.0
58.0
49.0
60.0
49.0
197.0
153.0
156.0
183.0
172.0
160.0
163.0
182.0
136.0
126.0
157.0
169.0
115.0
84.0
194.0
153.0
87.0
189.0
129.0
143.0
128.0
122.0
77.0
20.0
225.0
220.0
51.0
81.0
144.0
119.0
120.0
106.0
116.0
120.0
14.0
11.0
114.0
114.0
138.0
65.0
92.0
130.0
134.0
168.0
161.0
99.0
107.0
101.0
163.0
211.0
203.0
153.0
110.0
62.0
22.0
55.0
97.0
24.0
111.0
98.0
130.0
173.0
81.0
0.0
21.0
-69.0
-92.0
26.0
40.0
40.0
108.0
59.0
-62.0
-96.0
-10.0
-6.0
-84.0
-167.0
-143.0
-76.0
-110.0
-15.0
-70.0
-44.0
-2.0
21.0
123.0
124.0
112.0
25.0
16.0
55.0
23.0
57.0
110.0
25.0
36.0
17.0
-118.0
-67.0
29.0
115.0
138.0
79.0
60.0
76.0
40.0
76.0
87.0
87.0
70.0
36.0
-10.0
42.0
26.0
83.0
120.0
97.0
-72.0
-67.0
114.0
52.0
-54.0
37.0
32.0
17.0
8.0
73.0
106.0
122.0
78.0
97.0
152.0
109.0
69.0
64.0
89.0
39.0
32.0
34.0
-72.0
-129.0
62.0
-2.0
-66.0
-11.0
-78.0
41.0
61.0
-9.0
34.0
30.0
-32.0
15.0
33.0
20.0
51.0
-30.0
-11.0
82.0
32.0
54.0
6.0
-9.0
-4.0
-108.0
-4.0
8.0
43.0
29.0
58.0
96.0
65.0
74.0
61.0
-8.0
6.0
-2.0
-19.0
-7.0
-31.0
-100.0
-47.0
20.0
-32.0
113.0
112.0
41.0
-87.0
-89.0
-30.0
72.0
33.0
-10.0
-24.0
11.0
-76.0
-114.0
-81.0
-140.0
-137.0
-208.0
-189.0
-171.0
-167.0
-163.0
-172.0
-165.0
-40.0
14.0
64.0
68.0
-73.0
-97.0
-78.0
-61.0
-127.0
-84.0
-89.0
-36.0
-59.0
-165.0
-34.0
16.0
12.0
-79.0
-58.0
2.0
-64.0
-55.0
-32.0
-47.0
3.0
-27.0
-101.0
-81.0
-44.0
8.0
-43.0
-50.0
2.0
8.0
-38.0
-109.0
-201.0
-145.0
-99.0
-79.0
-57.0
-36.0
-13.0
-79.0
-80.0
-71.0
-59.0
-10.0
-60.0
-67.0
-55.0
-115.0
-100.0
-81.0
-126.0
-67.0
-145.0
-122.0
-41.0
-61.0
-88.0
-51.0
-35.0
-84.0
-81.0
-34.0
-149.0
-79.0
-7.0
-133.0
-146.0
8.0
55.0
16.0
17.0
74.0
62.0
-41.0
-33.0
52.0
89.0
60.0
-30.0
-8.0
74.0
133.0
84.0
87.0
135.0
128.0
150.0
118.0
108.0
92.0
80.0
97.0
64.0
63.0
101.0
143.0
124.0
93.0
66.0
-30.0
-87.0
-41.0
-54.0
39.0
97.0
81.0
58.0
42.0
5.0
-22.0
14.0
-16.0
-167.0
-62.0
98.0
52.0
93.0
81.0
68.0
89.0
71.0
30.0
40.0
57.0
61.0
101.0
73.0
87.0
88.0
45.0
91.0
137.0
117.0
12.0
55.0
208.0
10.0
35.0
153.0
169.0
166.0
191.0
152.0
145.0
74.0
36.0
92.0
154.0
197.0
183.0
103.0
154.0
152.0
129.0
118.0
82.0
142.0
116.0
96.0
79.0
66.0
91.0
122.0
118.0
62.0
98.0
171.0
101.0
99.0
89.0
126.0
40.0
15.0
59.0
-17.0
-18.0
105.0
72.0
51.0
108.0
78.0
-39.0
108.0
157.0
61.0
69.0
119.0
60.0
61.0
93.0
16.0
52.0
23.0
-17.0
-31.0
27.0
112.0
111.0
88.0
32.0
53.0
62.0
80.0
76.0
131.0
163.0
107.0
75.0
27.0
20.0
10.0
76.0
78.0
111.0
98.0
77.0
45.0
-165.0
-14.0
154.0
123.0
48.0
44.0
57.0
86.0
106.0
61.0
33.0
86.0
59.0
43.0
-32.0
-24.0
59.0
-1.0
-30.0
41.0
96.0
29.0
34.0
125.0
129.0
62.0
-10.0
-17.0
-13.0
4.0
-4.0
-21.0
28.0
-40.0
-39.0
34.0
-10.0
-32.0
-10.0
-33.0
25.0
-2.0
-52.0
-5.0
22.0
-22.0
-13.0
-25.0
11.0
-1.0
-50.0
-152.0
-49.0
-91.0
-145.0
-23.0
-33.0
-21.0
-18.0
-31.0
-37.0
-48.0
-63.0
-168.0
-119.0
-49.0
-127.0
-155.0
-112.0
-59.0
-80.0
-133.0
-123.0
-50.0
-28.0
-96.0
-46.0
-205.0
-181.0
-81.0
-101.0
-95.0
-86.0
-43.0
-61.0
-142.0
-87.0
-92.0
-56.0
-70.0
-100.0
-139.0
-124.0
-23.0
-17.0
-79.0
-117.0
-55.0
15.0
36.0
-10.0
42.0
15.0
9.0
-33.0
-132.0
-8.0
64.0
38.0
-36.0
-125.0
7.0
-39.0
-69.0
-77.0
-37.0
-31.0
-27.0
50.0
-7.0
-75.0
-37.0
-22.0
-34.0
-38.0
-58.0
-32.0
-26.0
-61.0
3.0
-7.0
-55.0
-45.0
-99.0
-102.0
-51.0
-92.0
-112.0
-95.0
-54.0
-34.0
-80.0
-100.0
-123.0
-184.0
-197.0
-169.0
-234.0
-203.0
-137.0
-106.0
-48.0
-120.0
-114.0
-145.0
-178.0
-182.0
-164.0
16.0
-33.0
-77.0
-2.0
6.0
-40.0
-47.0
-22.0
-37.0
-62.0
-31.0
-107.0
-68.0
-59.0
-115.0
-92.0
-59.0
-71.0
-68.0
-110.0
-138.0
-131.0
-120.0
-60.0
-55.0
-72.0
-99.0
-148.0
-127.0
-20.0
-5.0
-109.0
-94.0
-68.0
-258.0
-135.0
-36.0
-139.0
-65.0
18.0
-170.0
-109.0
-66.0
-83.0
-70.0
-64.0
-93.0
-136.0
-78.0
-59.0
-178.0
-231.0
-149.0
-27.0
-10.0
-77.0
-154.0
-48.0
13.0
-22.0
-42.0
-63.0
4.0
1.0
-13.0
38.0
-1.0
-53.0
7.0
42.0
20.0
-8.0
-22.0
-72.0
-41.0
-16.0
-11.0
-25.0
-79.0
-78.0
-107.0
-16.0
1.0
-21.0
-101.0
-87.0
-11.0
33.0
20.0
-146.0
-145.0
-123.0
-131.0
-114.0
-208.0
-88.0
-24.0
-81.0
-107.0
7.0
-23.0
-17.0
-53.0
-56.0
-11.0
-33.0
-48.0
-155.0
-44.0
-52.0
-128.0
-147.0
-101.0
-87.0
-153.0
-115.0
-97.0
-117.0
-127.0
-103.0
-92.0
-107.0
-106.0
-43.0
-41.0
-19.0
-30.0
-33.0
-3.0
-14.0
-58.0
-89.0
-67.0
20.0
11.0
-35.0
37.0
14.0
23.0
53.0
5.0
52.0
54.0
25.0
-4.0
-6.0
-14.0
-98.0
-211.0
-124.0
-5.0
-21.0
-33.0
-36.0
-61.0
-70.0
-52.0
-25.0
-69.0
-84.0
-97.0
-54.0
-50.0
-91.0
-98.0
-67.0
-185.0
-19.0
52.0
14.0
-13.0
-83.0
-128.0
-125.0
-184.0
-91.0
0.0
-77.0
-107.0
-24.0
-67.0
-115.0
-90.0
-106.0
-31.0
3.0
-20.0
-7.0
-16.0
-70.0
-41.0
-155.0
-109.0
-91.0
-209.0
-176.0
-154.0
-196.0
-154.0
-196.0
-199.0
-206.0
-170.0
-130.0
-190.0
-175.0
-150.0
-162.0
-178.0
-200.0
-277.0
-149.0
-249.0
-193.0
-110.0
-42.0
-63.0
-98.0
-115.0
-60.0
-97.0
-60.0
11.0
50.0
112.0
129.0
152.0
186.0
253.0
291.0
308.0
286.0
179.0
63.0
170.0
111.0
58.0
64.0
56.0
38.0
41.0
5.0
-33.0
-128.0
-184.0
-127.0
-144.0
-133.0
-126.0
-122.0
-153.0
-139.0
-107.0
-144.0
-131.0
-130.0
-74.0
-83.0
-91.0
-154.0
-143.0
-121.0
-163.0
-230.0
-263.0
-114.0
-117.0
-94.0
-125.0
-127.0
-127.0
-166.0
-146.0
-115.0
-87.0
-94.0
-90.0
-35.0
-97.0
-110.0
-99.0
-154.0
-218.0
-54.0
-96.0
-68.0
-43.0
-95.0
-89.0
-107.0
-104.0
-46.0
29.0
23.0
-52.0
-86.0
-11.0
-50.0
-78.0
-89.0
-136.0
-55.0
-20.0
-106.0
-47.0
-83.0
-125.0
-27.0
-131.0
-158.0
-28.0
-29.0
-30.0
5.0
-3.0
4.0
-14.0
-67.0
-123.0
-58.0
-10.0
-18.0
-6.0
32.0
-12.0
1.0
-13.0
-17.0
-69.0
2.0
8.0
-31.0
-33.0
-120.0
-155.0
-68.0
-86.0
-97.0
-73.0
62.0
54.0
33.0
-8.0
-87.0
-29.0
-43.0
-94.0
-68.0
-75.0
-125.0
-48.0
45.0
35.0
-125.0
-99.0
-50.0
-117.0
-160.0
-54.0
21.0
53.0
-105.0
-71.0
-3.0
-14.0
-84.0
-105.0
-135.0
-76.0
-59.0
-76.0
-108.0
-210.0
-189.0
1.0
74.0
38.0
74.0
64.0
137.0
97.0
39.0
41.0
49.0
31.0
23.0
103.0
117.0
60.0
68.0
147.0
110.0
65.0
43.0
72.0
111.0
94.0
72.0
33.0
21.0
34.0
7.0
68.0
65.0
57.0
58.0
-63.0
15.0
79.0
42.0
101.0
89.0
39.0
45.0
21.0
-39.0
39.0
-1.0
-64.0
28.0
15.0
-17.0
-60.0
-86.0
-10.0
-63.0
-46.0
-28.0
-102.0
-78.0
-98.0
-140.0
-167.0
-169.0
-59.0
-13.0
-8.0
-10.0
-36.0
-156.0
-79.0
-72.0
-109.0
-58.0
-60.0
-25.0
-5.0
-51.0
-60.0
-69.0
-68.0
-39.0
20.0
-49.0
-128.0
-23.0
-23.0
-54.0
2.0
-16.0
-34.0
-34.0
-70.0
-63.0
-10.0
-11.0
-107.0
-37.0
-48.0
-72.0
-47.0
-86.0
-100.0
-78.0
-29.0
-16.0
-75.0
-96.0
-13.0
-30.0
-60.0
-55.0
-52.0
-68.0
-74.0
-97.0
-96.0
-110.0
-35.0
-56.0
-92.0
-62.0
-100.0
-144.0
-205.0
-195.0
-153.0
-138.0
-127.0
-124.0
-66.0
-44.0
-30.0
-60.0
-89.0
-99.0
-100.0
-126.0
-154.0
-73.0
-111.0
-62.0
-35.0
-114.0
-151.0
-193.0
-78.0
-54.0
-60.0
-91.0
-144.0
-122.0
-126.0
16.0
25.0
4.0
-55.0
-60.0
-45.0
-81.0
-60.0
-80.0
-107.0
-123.0
-55.0
-30.0
-22.0
-23.0
-64.0
-50.0
-108.0
-110.0
-76.0
-46.0
-73.0
-89.0
-100.0
-127.0
-86.0
-36.0
-34.0
-2.0
-44.0
-25.0
-36.0
-26.0
-46.0
-103.0
-23.0
43.0
16.0
-27.0
-43.0
-8.0
18.0
29.0
-14.0
-12.0
39.0
-15.0
-29.0
8.0
-9.0
97.0
89.0
10.0
42.0
79.0
88.0
97.0
127.0
86.0
-41.0
84.0
126.0
31.0
21.0
108.0
54.0
75.0
116.0
63.0
33.0
23.0
12.0
-18.0
15.0
41.0
52.0
-26.0
-70.0
-8.0
50.0
13.0
23.0
76.0
13.0
75.0
87.0
-18.0
-37.0
10.0
-1.0
-26.0
57.0
18.0
-143.0
-4.0
32.0
-50.0
-190.0
-67.0
-13.0
-82.0
-21.0
1.0
-58.0
42.0
4.0
-10.0
37.0
-23.0
53.0
25.0
5.0
-7.0
21.0
87.0
82.0
39.0
45.0
40.0
118.0
96.0
131.0
68.0
111.0
127.0
110.0
115.0
99.0
27.0
100.0
151.0
131.0
142.0
87.0
88.0
105.0
154.0
226.0
211.0
171.0
157.0
155.0
15.0
72.0
158.0
73.0
58.0
140.0
162.0
116.0
134.0
145.0
115.0
121.0
159.0
103.0
-27.0
106.0
163.0
120.0
128.0
119.0
100.0
165.0
175.0
126.0
99.0
118.0
133.0
107.0
65.0
-7.0
107.0
137.0
74.0
110.0
97.0
101.0
86.0
154.0
197.0
81.0
45.0
120.0
72.0
32.0
6.0
89.0
119.0
137.0
152.0
85.0
-21.0
83.0
177.0
162.0
163.0
218.0
160.0
140.0
110.0
103.0
60.0
105.0
61.0
74.0
63.0
56.0
90.0
65.0
54.0
87.0
-6.0
-38.0
101.0
-1.0
20.0
48.0
-5.0
-28.0
-72.0
-62.0
-46.0
-51.0
-31.0
1.0
-36.0
-98.0
-11.0
81.0
88.0
91.0
64.0
64.0
68.0
82.0
62.0
69.0
71.0
49.0
68.0
68.0
66.0
55.0
55.0
54.0
113.0
115.0
106.0
47.0
4.0
-27.0
-44.0
7.0
-14.0
-5.0
59.0
55.0
30.0
51.0
43.0
58.0
52.0
-19.0
-52.0
-36.0
29.0
62.0
41.0
-10.0
16.0
40.0
-64.0
-39.0
7.0
68.0
71.0
14.0
-4.0
86.0
73.0
43.0
57.0
103.0
59.0
106.0
119.0
44.0
46.0
44.0
82.0
109.0
53.0
73.0
101.0
63.0
81.0
87.0
127.0
44.0
53.0
73.0
66.0
1.0
66.0
65.0
26.0
80.0
-41.0
20.0
53.0
63.0
48.0
20.0
21.0
35.0
13.0
-90.0
-133.0
-5.0
-5.0
-68.0
-24.0
-20.0
2.0
-29.0
-52.0
-31.0
-25.0
-55.0
-38.0
-1.0
-3.0
-16.0
-35.0
-55.0
-56.0
-70.0
-6.0
-16.0
9.0
44.0
3.0
-26.0
-55.0
-18.0
-40.0
-71.0
-114.0
-136.0
-129.0
-131.0
-112.0
-191.0
-133.0
10.0
12.0
41.0
43.0
-14.0
22.0
16.0
-25.0
2.0
-69.0
42.0
50.0
10.0
51.0
10.0
-76.0
-45.0
14.0
12.0
-102.0
-89.0
-55.0
-99.0
-45.0
-43.0
-98.0
-57.0
-78.0
-186.0
-147.0
-145.0
-107.0
-17.0
-35.0
-67.0
-136.0
-172.0
-222.0
-178.0
-169.0
-143.0
-79.0
-63.0
-122.0
-96.0
-119.0
-155.0
-120.0
-138.0
-169.0
-158.0
-202.0
-282.0
-322.0
-260.0
-247.0
-325.0
-395.0
-266.0
-202.0
-242.0
-168.0
-216.0
-247.0
-241.0
-253.0
-263.0
-259.0
-329.0
-299.0
-262.0
-314.0
-332.0
-322.0
-282.0
-325.0
-380.0
-313.0
-308.0
-316.0
-302.0
-316.0
-311.0
-246.0
-208.0
-221.0
-200.0
-177.0
-262.0
-250.0
-262.0
-317.0
-308.0
-250.0
-220.0
-229.0
-260.0
-235.0
-154.0
-178.0
-177.0
-169.0
-211.0
-278.0
-242.0
-262.0
-221.0
-203.0
-228.0
-233.0
-260.0
-229.0
-275.0
-263.0
-337.0
-313.0
-299.0
-238.0
-234.0
-260.0
-193.0
-109.0
-83.0
-105.0
-64.0
-104.0
-135.0
-105.0
-90.0
-78.0
-114.0
-234.0
-168.0
-43.0
-91.0
-112.0
-54.0
-86.0
-46.0
-54.0
-65.0
-129.0
-56.0
-5.0
-49.0
-49.0
-3.0
-45.0
-67.0
-68.0
-3.0
-4.0
-103.0
-67.0
-27.0
-83.0
-61.0
61.0
63.0
6.0
-44.0
-78.0
-153.0
-137.0
-60.0
-4.0
-55.0
-73.0
53.0
38.0
33.0
11.0
-6.0
-59.0
-107.0
-17.0
-26.0
-34.0
-64.0
-51.0
-47.0
28.0
18.0
17.0
-64.0
-33.0
-31.0
-3.0
-25.0
-6.0
-19.0
-11.0
11.0
-50.0
-36.0
-128.0
-55.0
-5.0
23.0
37.0
21.0
26.0
5.0
8.0
-4.0
15.0
44.0
78.0
70.0
-34.0
-142.0
-127.0
-110.0
-84.0
-21.0
-30.0
-49.0
-30.0
-53.0
-39.0
-48.0
-76.0
-60.0
-25.0
-26.0
-14.0
-26.0
-47.0
-69.0
-83.0
-34.0
-42.0
-29.0
-93.0
-59.0
-44.0
-152.0
-165.0
-110.0
-53.0
-32.0
-62.0
-69.0
-67.0
12.0
42.0
14.0
31.0
-42.0
-48.0
-38.0
-60.0
-6.0
17.0
-59.0
-41.0
-4.0
-23.0
24.0
-3.0
-32.0
12.0
61.0
48.0
-10.0
-30.0
63.0
14.0
2.0
43.0
16.0
53.0
55.0
1.0
-59.0
17.0
6.0
27.0
72.0
79.0
62.0
-45.0
-38.0
30.0
15.0
107.0
79.0
-8.0
41.0
131.0
180.0
196.0
136.0
207.0
245.0
239.0
233.0
211.0
223.0
256.0
220.0
193.0
265.0
344.0
335.0
270.0
268.0
246.0
237.0
231.0
232.0
228.0
287.0
286.0
266.0
272.0
245.0
221.0
214.0
224.0
212.0
271.0
284.0
253.0
200.0
204.0
197.0
206.0
242.0
254.0
227.0
225.0
206.0
150.0
190.0
182.0
170.0
124.0
176.0
209.0
216.0
193.0
168.0
193.0
127.0
223.0
293.0
247.0
252.0
241.0
195.0
185.0
167.0
194.0
206.0
268.0
212.0
109.0
73.0
135.0
152.0
179.0
219.0
133.0
142.0
289.0
167.0
194.0
212.0
222.0
212.0
190.0
254.0
250.0
238.0
265.0
237.0
218.0
363.0
398.0
338.0
372.0
414.0
392.0
411.0
440.0
410.0
364.0
359.0
289.0
344.0
381.0
328.0
289.0
281.0
256.0
243.0
212.0
224.0
277.0
269.0
248.0
175.0
111.0
115.0
101.0
159.0
146.0
140.0
156.0
237.0
169.0
133.0
182.0
191.0
177.0
139.0
116.0
158.0
137.0
98.0
49.0
154.0
158.0
130.0
185.0
116.0
81.0
171.0
182.0
106.0
110.0
126.0
108.0
108.0
115.0
101.0
64.0
106.0
147.0
159.0
149.0
67.0
64.0
73.0
53.0
64.0
18.0
14.0
153.0
144.0
41.0
39.0
42.0
-16.0
-10.0
-25.0
8.0
44.0
6.0
7.0
-22.0
-32.0
8.0
5.0
12.0
-29.0
-62.0
-21.0
-14.0
7.0
-15.0
-29.0
-83.0
32.0
21.0
-27.0
-94.0
-137.0
-63.0
-97.0
-97.0
-99.0
-114.0
-21.0
-19.0
-72.0
-60.0
-83.0
2.0
53.0
50.0
26.0
70.0
27.0
-36.0
11.0
20.0
-5.0
-18.0
71.0
68.0
-15.0
-38.0
-59.0
-129.0
-134.0
-52.0
-86.0
-11.0
12.0
-40.0
-101.0
-110.0
-36.0
-38.0
37.0
85.0
62.0
23.0
12.0
86.0
50.0
34.0
53.0
17.0
4.0
39.0
9.0
-27.0
86.0
69.0
45.0
82.0
32.0
121.0
183.0
131.0
130.0
199.0
142.0
82.0
50.0
121.0
154.0
104.0
165.0
119.0
127.0
80.0
106.0
172.0
125.0
69.0
92.0
92.0
42.0
79.0
88.0
91.0
73.0
133.0
127.0
54.0
11.0
43.0
70.0
61.0
32.0
71.0
32.0
-62.0
-3.0
-36.0
-25.0
34.0
-62.0
4.0
63.0
-9.0
-51.0
31.0
22.0
-9.0
-32.0
-53.0
13.0
3.0
-28.0
-12.0
-68.0
-106.0
-50.0
-76.0
-149.0
-173.0
-146.0
-151.0
-116.0
-183.0
-146.0
-117.0
-96.0
-152.0
-131.0
12.0
10.0
24.0
31.0
21.0
-16.0
-141.0
-44.0
14.0
-73.0
-7.0
9.0
58.0
34.0
-3.0
58.0
62.0
16.0
48.0
37.0
66.0
86.0
80.0
124.0
-3.0
-2.0
147.0
105.0
44.0
111.0
138.0
154.0
135.0
102.0
118.0
58.0
9.0
56.0
19.0
93.0
148.0
101.0
92.0
71.0
124.0
112.0
83.0
74.0
62.0
27.0
5.0
26.0
33.0
-8.0
41.0
39.0
35.0
29.0
64.0
128.0
86.0
57.0
56.0
71.0
54.0
4.0
-99.0
-32.0
103.0
76.0
47.0
28.0
39.0
5.0
-9.0
3.0
-48.0
-65.0
-48.0
14.0
21.0
-75.0
-81.0
2.0
20.0
59.0
-7.0
-120.0
-89.0
27.0
-11.0
-131.0
3.0
-54.0
-78.0
114.0
114.0
88.0
81.0
77.0
36.0
14.0
-1.0
36.0
-1.0
-3.0
-88.0
-22.0
44.0
3.0
-46.0
-15.0
-76.0
-63.0
-54.0
-100.0
-118.0
-60.0
-82.0
-99.0
-41.0
-74.0
-21.0
-11.0
8.0
-17.0
-8.0
-43.0
-74.0
-70.0
-35.0
-111.0
-32.0
-30.0
-40.0
43.0
124.0
48.0
4.0
35.0
40.0
22.0
106.0
63.0
4.0
10.0
34.0
11.0
56.0
75.0
34.0
63.0
41.0
-43.0
13.0
92.0
105.0
105.0
22.0
-48.0
-41.0
-8.0
-9.0
-84.0
-25.0
31.0
-48.0
32.0
12.0
-73.0
-62.0
11.0
37.0
61.0
-8.0
39.0
64.0
93.0
72.0
-6.0
37.0
120.0
107.0
114.0
125.0
86.0
107.0
134.0
117.0
90.0
96.0
71.0
-4.0
129.0
145.0
111.0
86.0
100.0
87.0
68.0
81.0
92.0
93.0
72.0
129.0
112.0
72.0
102.0
151.0
182.0
186.0
131.0
81.0
133.0
106.0
70.0
108.0
148.0
106.0
116.0
100.0
118.0
174.0
125.0
112.0
78.0
104.0
139.0
122.0
73.0
75.0
114.0
77.0
53.0
32.0
24.0
94.0
-2.0
51.0
50.0
30.0
-6.0
42.0
101.0
79.0
102.0
107.0
109.0
130.0
85.0
45.0
144.0
126.0
150.0
130.0
112.0
173.0
168.0
121.0
158.0
80.0
44.0
130.0
103.0
77.0
83.0
96.0
116.0
80.0
139.0
86.0
43.0
71.0
-67.0
25.0
72.0
40.0
64.0
45.0
96.0
100.0
41.0
95.0
29.0
102.0
82.0
-10.0
2.0
76.0
65.0
42.0
64.0
38.0
-46.0
56.0
62.0
98.0
95.0
78.0
42.0
-22.0
-46.0
-42.0
-79.0
-12.0
116.0
58.0
20.0
1.0
7.0
83.0
79.0
82.0
46.0
90.0
98.0
69.0
26.0
37.0
66.0
96.0
112.0
126.0
134.0
107.0
96.0
42.0
90.0
81.0
61.0
24.0
-25.0
-10.0
95.0
65.0
-6.0
54.0
18.0
71.0
152.0
105.0
60.0
18.0
67.0
103.0
43.0
83.0
133.0
150.0
187.0
168.0
119.0
143.0
142.0
78.0
60.0
99.0
52.0
11.0
116.0
104.0
71.0
76.0
59.0
53.0
60.0
29.0
-21.0
10.0
26.0
44.0
65.0
112.0
101.0
127.0
134.0
106.0
3.0
-2.0
62.0
78.0
80.0
33.0
21.0
83.0
70.0
82.0
66.0
35.0
134.0
126.0
77.0
70.0
91.0
110.0
98.0
52.0
108.0
85.0
18.0
124.0
116.0
123.0
73.0
64.0
90.0
77.0
13.0
59.0
102.0
43.0
10.0
-10.0
-48.0
-51.0
48.0
22.0
30.0
22.0
76.0
11.0
65.0
122.0
98.0
39.0
22.0
26.0
65.0
101.0
74.0
50.0
62.0
55.0
-35.0
-14.0
63.0
108.0
56.0
23.0
68.0
76.0
10.0
52.0
-30.0
55.0
108.0
45.0
-11.0
42.0
-25.0
-60.0
-19.0
16.0
37.0
-75.0
53.0
23.0
-15.0
-16.0
-52.0
-74.0
-9.0
9.0
124.0
109.0
80.0
21.0
-33.0
30.0
15.0
6.0
22.0
53.0
67.0
-21.0
-30.0
44.0
18.0
11.0
-15.0
-51.0
74.0
65.0
1.0
21.0
-14.0
-110.0
-110.0
37.0
82.0
63.0
11.0
-44.0
-62.0
-36.0
-22.0
-36.0
12.0
49.0
127.0
201.0
257.0
235.0
262.0
265.0
235.0
221.0
173.0
161.0
185.0
232.0
324.0
193.0
195.0
272.0
191.0
167.0
81.0
101.0
94.0
88.0
115.0
62.0
35.0
50.0
63.0
8.0
-103.0
-127.0
-102.0
-10.0
50.0
23.0
-10.0
-13.0
19.0
-17.0
-23.0
-24.0
13.0
-44.0
-1.0
53.0
32.0
-12.0
-7.0
-12.0
-109.0
-126.0
-87.0
-87.0
-98.0
-131.0
-84.0
-85.0
-80.0
-69.0
-71.0
-77.0
-46.0
-130.0
-158.0
-7.0
31.0
-86.0
-124.0
-72.0
-49.0
-49.0
-85.0
-142.0
-71.0
-26.0
-79.0
-68.0
-48.0
-87.0
-36.0
-26.0
-88.0
-119.0
-50.0
-35.0
-112.0
-3.0
79.0
96.0
58.0
24.0
-74.0
-50.0
5.0
-11.0
-111.0
-93.0
-50.0
-78.0
-30.0
24.0
15.0
-42.0
-87.0
-22.0
-31.0
-64.0
-25.0
-80.0
-56.0
-125.0
-69.0
-45.0
-107.0
-125.0
-133.0
-144.0
-115.0
-171.0
-184.0
-108.0
-69.0
-45.0
-8.0
-7.0
6.0
-21.0
54.0
76.0
-110.0
-31.0
12.0
-3.0
-21.0
-92.0
-29.0
40.0
-25.0
8.0
-45.0
55.0
61.0
52.0
81.0
78.0
14.0
15.0
91.0
27.0
68.0
52.0
-40.0
47.0
50.0
39.0
10.0
12.0
74.0
61.0
25.0
28.0
7.0
-14.0
-51.0
40.0
29.0
15.0
56.0
110.0
100.0
87.0
73.0
46.0
-1.0
28.0
-16.0
61.0
74.0
-14.0
58.0
72.0
43.0
81.0
74.0
50.0
66.0
60.0
2.0
73.0
94.0
-11.0
36.0
60.0
29.0
56.0
75.0
55.0
79.0
143.0
96.0
50.0
48.0
95.0
63.0
53.0
33.0
63.0
128.0
119.0
61.0
142.0
206.0
33.0
-6.0
81.0
32.0
61.0
70.0
6.0
-71.0
-22.0
58.0
31.0
25.0
-7.0
13.0
-16.0
-19.0
-49.0
-35.0
-79.0
-74.0
-51.0
-50.0
-33.0
-117.0
-178.0
-233.0
-232.0
-186.0
-233.0
-184.0
-83.0
-126.0
-124.0
-168.0
-83.0
-40.0
-51.0
31.0
-87.0
-108.0
-70.0
-106.0
-58.0
-24.0
-116.0
-121.0
-45.0
-67.0
-22.0
27.0
-32.0
-6.0
-42.0
-12.0
-26.0
12.0
-18.0
31.0
67.0
12.0
-29.0
-15.0
3.0
29.0
21.0
2.0
27.0
27.0
11.0
78.0
79.0
-11.0
112.0
122.0
46.0
108.0
143.0
73.0
39.0
126.0
182.0
160.0
38.0
52.0
59.0
-3.0
-64.0
13.0
-41.0
-61.0
-38.0
14.0
38.0
84.0
78.0
154.0
109.0
29.0
28.0
37.0
78.0
89.0
59.0
-45.0
11.0
4.0
-34.0
22.0
-4.0
4.0
-17.0
0.0
54.0
12.0
10.0
-47.0
-57.0
-59.0
-21.0
150.0
92.0
-6.0
-45.0
-13.0
30.0
-39.0
-10.0
-41.0
-42.0
-14.0
6.0
-47.0
-1.0
10.0
81.0
87.0
31.0
60.0
36.0
-8.0
10.0
114.0
2.0
-39.0
-53.0
-54.0
-73.0
-82.0
-48.0
-74.0
-100.0
-147.0
-135.0
-152.0
-144.0
-63.0
-83.0
-82.0
-131.0
-119.0
-99.0
-84.0
-119.0
-170.0
-168.0
-103.0
-109.0
-147.0
-86.0
-196.0
-195.0
-99.0
-43.0
-90.0
-71.0
-37.0
-26.0
-23.0
-50.0
67.0
35.0
-24.0
51.0
30.0
-16.0
-48.0
-37.0
104.0
64.0
-7.0
26.0
18.0
7.0
56.0
83.0
53.0
102.0
136.0
-38.0
69.0
240.0
217.0
87.0
106.0
45.0
71.0
110.0
97.0
95.0
84.0
95.0
78.0
96.0
120.0
152.0
169.0
119.0
108.0
114.0
81.0
46.0
72.0
63.0
52.0
43.0
143.0
102.0
97.0
138.0
79.0
52.0
87.0
99.0
56.0
96.0
78.0
-3.0
31.0
61.0
70.0
119.0
70.0
-88.0
-56.0
-37.0
-24.0
-26.0
-116.0
-76.0
-66.0
-91.0
-10.0
-15.0
7.0
-39.0
-130.0
-65.0
-42.0
-89.0
-74.0
-111.0
-50.0
-20.0
-101.0
-60.0
-77.0
-100.0
-94.0
-168.0
-107.0
-145.0
-138.0
-41.0
-32.0
-56.0
41.0
117.0
44.0
79.0
64.0
39.0
54.0
31.0
-25.0
-31.0
71.0
48.0
-138.0
12.0
54.0
-54.0
52.0
80.0
62.0
59.0
53.0
113.0
42.0
60.0
174.0
107.0
117.0
127.0
136.0
105.0
125.0
113.0
109.0
100.0
119.0
55.0
60.0
109.0
149.0
176.0
203.0
161.0
111.0
88.0
107.0
123.0
148.0
128.0
126.0
143.0
149.0
155.0
81.0
-44.0
91.0
96.0
35.0
87.0
73.0
92.0
118.0
88.0
92.0
90.0
54.0
78.0
52.0
-69.0
8.0
-7.0
87.0
77.0
79.0
105.0
125.0
53.0
10.0
25.0
34.0
61.0
117.0
155.0
169.0
175.0
75.0
43.0
-45.0
-19.0
38.0
29.0
-6.0
-43.0
-37.0
-100.0
81.0
78.0
-23.0
-53.0
13.0
44.0
36.0
17.0
14.0
-2.0
7.0
17.0
-98.0
-116.0
-30.0
-83.0
-138.0
-68.0
-43.0
-102.0
-57.0
-38.0
-32.0
-42.0
-53.0
6.0
87.0
10.0
-18.0
-20.0
-146.0
-44.0
25.0
-40.0
5.0
16.0
-14.0
12.0
17.0
31.0
54.0
44.0
43.0
55.0
-14.0
-15.0
-64.0
-5.0
-20.0
-63.0
30.0
7.0
-57.0
36.0
18.0
34.0
39.0
3.0
-100.0
-25.0
56.0
38.0
21.0
36.0
22.0
-44.0
-26.0
102.0
92.0
48.0
10.0
17.0
25.0
-70.0
-108.0
-72.0
56.0
31.0
-24.0
-30.0
-35.0
-27.0
17.0
-2.0
-21.0
-30.0
-30.0
-55.0
2.0
-76.0
-52.0
-5.0
-71.0
-81.0
-2.0
-110.0
-143.0
27.0
-41.0
-35.0
-59.0
-74.0
-31.0
-92.0
-118.0
-105.0
-144.0
-166.0
-112.0
-116.0
-136.0
-168.0
-221.0
-202.0
-106.0
-56.0
-74.0
-73.0
-78.0
-87.0
-106.0
-77.0
-65.0
-101.0
-162.0
-58.0
-108.0
-230.0
-254.0
-122.0
-152.0
-171.0
-221.0
-243.0
-90.0
-111.0
-181.0
-149.0
-54.0
4.0
-15.0
-63.0
-46.0
-12.0
-25.0
-90.0
-167.0
-89.0
-62.0
-31.0
-24.0
-12.0
11.0
-20.0
-62.0
-4.0
-13.0
-31.0
-52.0
-89.0
-68.0
-63.0
-43.0
-56.0
-61.0
-69.0
-35.0
19.0
36.0
-2.0
-61.0
13.0
76.0
-19.0
-83.0
-66.0
-15.0
-25.0
-42.0
31.0
-4.0
4.0
26.0
43.0
80.0
125.0
71.0
94.0
99.0
24.0
81.0
64.0
-11.0
67.0
128.0
143.0
108.0
114.0
82.0
17.0
39.0
14.0
-42.0
-7.0
-8.0
34.0
28.0
7.0
15.0
51.0
88.0
24.0
65.0
54.0
42.0
90.0
57.0
33.0
122.0
98.0
47.0
55.0
-20.0
-98.0
-54.0
-13.0
-49.0
12.0
34.0
-69.0
-35.0
26.0
-4.0
-41.0
-35.0
-29.0
-22.0
-85.0
-99.0
-108.0
-97.0
-59.0
-11.0
-61.0
-95.0
-9.0
-96.0
-130.0
-61.0
-109.0
-150.0
-94.0
-4.0
-30.0
-33.0
7.0
-37.0
42.0
82.0
29.0
41.0
19.0
-32.0
-5.0
-12.0
-103.0
-55.0
52.0
55.0
4.0
7.0
64.0
41.0
36.0
89.0
61.0
15.0
68.0
112.0
90.0
90.0
46.0
12.0
28.0
59.0
37.0
8.0
-135.0
22.0
115.0
4.0
-27.0
72.0
2.0
-29.0
-63.0
-21.0
40.0
27.0
-44.0
-36.0
53.0
106.0
42.0
12.0
37.0
35.0
-22.0
-11.0
49.0
46.0
93.0
97.0
69.0
159.0
145.0
146.0
155.0
91.0
90.0
67.0
21.0
-15.0
24.0
106.0
108.0
96.0
39.0
32.0
54.0
-20.0
-57.0
30.0
35.0
21.0
-74.0
-5.0
-29.0
-43.0
-3.0
43.0
16.0
-10.0
-15.0
-48.0
-128.0
-71.0
-54.0
-80.0
-110.0
-77.0
-33.0
-49.0
-71.0
-100.0
-82.0
-97.0
-143.0
-118.0
-96.0
-81.0
-105.0
-117.0
-93.0
-98.0
-72.0
-54.0
-100.0
-164.0
-124.0
-137.0
-120.0
-67.0
-14.0
6.0
21.0
-14.0
-47.0
-126.0
49.0
49.0
-37.0
-53.0
-44.0
21.0
18.0
-13.0
2.0
-116.0
-88.0
4.0
-34.0
-11.0
59.0
-6.0
-12.0
14.0
-11.0
-35.0
-72.0
-17.0
21.0
-4.0
-6.0
-50.0
-68.0
-23.0
-53.0
-19.0
-14.0
8.0
-12.0
3.0
-5.0
-59.0
-40.0
-6.0
-16.0
6.0
-28.0
-61.0
-49.0
37.0
78.0
64.0
79.0
-16.0
-3.0
145.0
105.0
102.0
182.0
207.0
194.0
121.0
97.0
-34.0
134.0
188.0
82.0
112.0
144.0
100.0
89.0
101.0
70.0
56.0
72.0
49.0
-66.0
9.0
63.0
31.0
88.0
88.0
96.0
67.0
-6.0
-31.0
113.0
145.0
45.0
149.0
183.0
129.0
41.0
-118.0
-62.0
199.0
166.0
118.0
111.0
11.0
107.0
92.0
154.0
167.0
97.0
104.0
103.0
93.0
100.0
45.0
126.0
100.0
-58.0
-69.0
-6.0
-95.0
-72.0
-84.0
-205.0
-123.0
-89.0
-117.0
-113.0
-79.0
-13.0
-36.0
16.0
36.0
-34.0
-64.0
11.0
-48.0
-166.0
-166.0
-63.0
-101.0
-43.0
10.0
-114.0
-61.0
91.0
68.0
-83.0
-18.0
50.0
-8.0
-33.0
-95.0
-20.0
-47.0
-28.0
61.0
106.0
86.0
69.0
9.0
2.0
-29.0
57.0
123.0
105.0
59.0
13.0
40.0
71.0
8.0
-23.0
-63.0
-92.0
48.0
58.0
7.0
-119.0
-127.0
7.0
53.0
-6.0
-10.0
-57.0
17.0
42.0
-7.0
-7.0
48.0
7.0
23.0
133.0
93.0
48.0
-21.0
-25.0
-30.0
16.0
43.0
-102.0
-140.0
-3.0
-17.0
26.0
13.0
-59.0
-24.0
-45.0
-39.0
12.0
-64.0
1.0
15.0
-5.0
100.0
36.0
19.0
-43.0
-25.0
-8.0
39.0
73.0
69.0
81.0
62.0
58.0
45.0
99.0
91.0
25.0
29.0
89.0
54.0
-37.0
-1.0
98.0
42.0
-6.0
-31.0
10.0
-43.0
-54.0
-14.0
-34.0
-55.0
-59.0
15.0
44.0
66.0
100.0
109.0
180.0
87.0
99.0
208.0
169.0
100.0
20.0
20.0
80.0
-25.0
40.0
115.0
82.0
81.0
87.0
92.0
27.0
85.0
113.0
110.0
90.0
116.0
105.0
133.0
69.0
34.0
101.0
95.0
24.0
38.0
116.0
120.0
40.0
6.0
90.0
57.0
-15.0
36.0
-6.0
-49.0
35.0
45.0
23.0
-7.0
-22.0
47.0
-2.0
-17.0
-4.0
-2.0
-10.0
58.0
3.0
-4.0
52.0
48.0
65.0
96.0
57.0
25.0
-33.0
67.0
131.0
66.0
1.0
97.0
174.0
150.0
20.0
81.0
118.0
128.0
-9.0
144.0
149.0
114.0
114.0
49.0
10.0
85.0
110.0
40.0
67.0
165.0
125.0
63.0
45.0
102.0
85.0
15.0
41.0
118.0
83.0
43.0
86.0
-10.0
47.0
117.0
112.0
105.0
69.0
14.0
-2.0
67.0
94.0
57.0
98.0
-18.0
-23.0
-24.0
-95.0
-4.0
24.0
-34.0
-13.0
32.0
16.0
15.0
49.0
51.0
-8.0
-40.0
124.0
178.0
90.0
-51.0
-4.0
148.0
94.0
55.0
80.0
142.0
146.0
102.0
54.0
53.0
97.0
118.0
88.0
125.0
146.0
141.0
108.0
123.0
-15.0
48.0
131.0
69.0
12.0
35.0
42.0
115.0
139.0
72.0
122.0
110.0
7.0
5.0
32.0
45.0
26.0
40.0
47.0
42.0
35.0
73.0
58.0
4.0
16.0
81.0
48.0
53.0
11.0
10.0
44.0
71.0
28.0
-33.0
10.0
33.0
24.0
35.0
32.0
20.0
30.0
8.0
97.0
108.0
51.0
61.0
74.0
-17.0
-19.0
31.0
16.0
-12.0
-24.0
2.0
1.0
-7.0
23.0
-68.0
-8.0
71.0
26.0
-20.0
26.0
-46.0
-102.0
-106.0
-131.0
-148.0
-32.0
-14.0
4.0
-3.0
-27.0
21.0
79.0
-20.0
-24.0
32.0
16.0
15.0
51.0
46.0
35.0
-9.0
12.0
-22.0
-62.0
-43.0
-54.0
-125.0
-122.0
-78.0
28.0
23.0
62.0
49.0
11.0
-11.0
-1.0
-8.0
-66.0
-52.0
-76.0
-22.0
-86.0
-79.0
18.0
-19.0
-73.0
-40.0
24.0
88.0
83.0
43.0
-2.0
-29.0
21.0
10.0
69.0
63.0
56.0
50.0
-74.0
-56.0
-35.0
-4.0
16.0
16.0
27.0
73.0
49.0
-28.0
13.0
65.0
9.0
-9.0
5.0
45.0
64.0
84.0
82.0
23.0
71.0
102.0
72.0
54.0
103.0
122.0
83.0
23.0
-33.0
-42.0
61.0
17.0
-12.0
-3.0
-17.0
21.0
24.0
39.0
-43.0
-60.0
-25.0
-29.0
-35.0
-10.0
-30.0
-13.0
37.0
17.0
-55.0
-71.0
-46.0
-134.0
-115.0
-25.0
-64.0
-62.0
-66.0
-22.0
-17.0
55.0
-29.0
-33.0
96.0
91.0
26.0
-36.0
-37.0
-80.0
-43.0
-6.0
-34.0
-43.0
-67.0
-78.0
-48.0
30.0
7.0
-29.0
-12.0
-38.0
-18.0
-12.0
-100.0
-71.0
-55.0
-86.0
-2.0
-67.0
-90.0
-68.0
-131.0
-146.0
-136.0
-134.0
-65.0
-60.0
-4.0
-2.0
-10.0
-7.0
55.0
92.0
45.0
29.0
17.0
24.0
13.0
60.0
56.0
80.0
87.0
95.0
109.0
122.0
150.0
149.0
137.0
53.0
59.0
138.0
209.0
194.0
186.0
228.0
241.0
211.0
226.0
194.0
195.0
199.0
207.0
214.0
198.0
172.0
186.0
155.0
155.0
187.0
199.0
115.0
58.0
132.0
48.0
141.0
165.0
171.0
194.0
202.0
176.0
194.0
219.0
196.0
178.0
162.0
163.0
176.0
116.0
135.0
204.0
203.0
164.0
89.0
36.0
111.0
138.0
36.0
-20.0
52.0
96.0
93.0
73.0
128.0
74.0
76.0
15.0
63.0
106.0
104.0
90.0
30.0
33.0
-5.0
37.0
118.0
60.0
45.0
5.0
49.0
156.0
164.0
143.0
157.0
131.0
100.0
82.0
79.0
23.0
70.0
61.0
21.0
118.0
100.0
59.0
108.0
45.0
23.0
34.0
2.0
33.0
-18.0
-4.0
18.0
-6.0
-27.0
-67.0
-24.0
-24.0
-104.0
-138.0
-120.0
-166.0
-95.0
-43.0
1.0
46.0
27.0
59.0
93.0
31.0
-89.0
-47.0
24.0
-29.0
33.0
1.0
-41.0
3.0
37.0
72.0
49.0
7.0
38.0
12.0
12.0
63.0
71.0
37.0
7.0
-63.0
-60.0
-1.0
-6.0
-25.0
-61.0
-22.0
-66.0
-17.0
44.0
6.0
-39.0
-116.0
-117.0
-115.0
-105.0
-86.0
-48.0
-49.0
-56.0
-64.0
-18.0
15.0
-22.0
-17.0
-14.0
19.0
1.0
7.0
5.0
0.0
-12.0
-7.0
21.0
-38.0
1.0
24.0
72.0
138.0
68.0
115.0
31.0
-25.0
58.0
20.0
29.0
36.0
13.0
29.0
48.0
-27.0
-37.0
-32.0
-76.0
-61.0
41.0
5.0
-15.0
-2.0
-48.0
-119.0
-72.0
-31.0
-19.0
8.0
-12.0
-86.0
-92.0
-104.0
-26.0
-10.0
-69.0
3.0
-18.0
37.0
37.0
12.0
19.0
64.0
-8.0
36.0
42.0
-3.0
-25.0
21.0
20.0
-11.0
-48.0
-60.0
-72.0
-93.0
-97.0
-169.0
-185.0
-166.0
-181.0
-99.0
-101.0
-174.0
-78.0
-7.0
93.0
39.0
19.0
78.0
43.0
-16.0
-82.0
-31.0
-19.0
-36.0
17.0
37.0
-15.0
-48.0
-18.0
3.0
-21.0
1.0
23.0
13.0
16.0
-3.0
24.0
-28.0
-54.0
-4.0
75.0
2.0
39.0
36.0
42.0
53.0
-61.0
-84.0
-118.0
-109.0
-34.0
-31.0
1.0
-2.0
-73.0
-13.0
-15.0
2.0
-29.0
-84.0
-35.0
-17.0
-27.0
-111.0
-110.0
-9.0
-16.0
-50.0
-69.0
-115.0
-34.0
5.0
-49.0
-36.0
-37.0
-94.0
-46.0
34.0
34.0
19.0
21.0
41.0
-25.0
-4.0
-13.0
-11.0
25.0
32.0
1.0
33.0
31.0
-27.0
-31.0
20.0
-16.0
-93.0
-131.0
-20.0
23.0
10.0
-76.0
-110.0
-93.0
-80.0
-105.0
-107.0
-112.0
-126.0
9.0
-15.0
-77.0
-32.0
-45.0
-43.0
-37.0
-115.0
-58.0
-45.0
-87.0
-49.0
-51.0
-60.0
-51.0
-58.0
-61.0
-101.0
-112.0
-159.0
-161.0
-124.0
-89.0
-74.0
-28.0
-52.0
10.0
18.0
-8.0
22.0
56.0
-13.0
-37.0
-48.0
-75.0
-42.0
-74.0
-30.0
-6.0
11.0
-11.0
-20.0
-61.0
-59.0
-57.0
-87.0
-21.0
7.0
-43.0
-50.0
-43.0
-34.0
-63.0
-31.0
-35.0
-65.0
-56.0
-8.0
34.0
42.0
49.0
53.0
59.0
85.0
95.0
99.0
73.0
127.0
206.0
182.0
168.0
212.0
254.0
269.0
265.0
206.0
185.0
153.0
223.0
158.0
66.0
131.0
106.0
96.0
116.0
84.0
7.0
20.0
96.0
77.0
31.0
54.0
-21.0
-20.0
-14.0
-20.0
-13.0
-54.0
-91.0
-24.0
-31.0
-21.0
-21.0
-32.0
-29.0
-128.0
-72.0
-1.0
-43.0
-50.0
-22.0
-82.0
-35.0
-11.0
1.0
-43.0
-148.0
-128.0
-48.0
-67.0
-98.0
-83.0
-108.0
-87.0
-85.0
-126.0
-182.0
-200.0
-184.0
-117.0
-67.0
-91.0
-126.0
-140.0
-108.0
-128.0
-138.0
-191.0
-213.0
-205.0
-280.0
-305.0
-267.0
-240.0
-235.0
-199.0
-182.0
-133.0
-110.0
-129.0
-161.0
-89.0
-65.0
-86.0
-102.0
-146.0
-151.0
-104.0
-109.0
-68.0
-47.0
-4.0
17.0
-29.0
-58.0
-46.0
-11.0
-7.0
-3.0
20.0
-2.0
-34.0
-36.0
13.0
-19.0
37.0
70.0
25.0
-17.0
-51.0
22.0
35.0
31.0
89.0
113.0
39.0
-20.0
27.0
-62.0
-33.0
-19.0
-49.0
-100.0
13.0
33.0
-19.0
-43.0
7.0
70.0
41.0
-5.0
51.0
42.0
46.0
32.0
39.0
26.0
11.0
17.0
4.0
-61.0
-65.0
16.0
57.0
51.0
5.0
43.0
94.0
115.0
95.0
49.0
14.0
99.0
112.0
42.0
82.0
84.0
81.0
97.0
83.0
55.0
81.0
108.0
44.0
-41.0
75.0
120.0
134.0
153.0
59.0
55.0
41.0
37.0
47.0
21.0
36.0
57.0
82.0
67.0
107.0
126.0
48.0
21.0
81.0
105.0
106.0
106.0
117.0
154.0
61.0
35.0
92.0
82.0
45.0
34.0
6.0
4.0
-23.0
21.0
65.0
127.0
135.0
146.0
150.0
119.0
133.0
145.0
95.0
109.0
128.0
188.0
152.0
139.0
175.0
140.0
204.0
150.0
105.0
82.0
152.0
195.0
145.0
92.0
121.0
159.0
120.0
142.0
90.0
106.0
212.0
124.0
70.0
79.0
87.0
103.0
95.0
41.0
181.0
123.0
103.0
94.0
90.0
83.0
39.0
-5.0
74.0
54.0
99.0
121.0
120.0
129.0
108.0
123.0
70.0
122.0
99.0
21.0
3.0
61.0
-3.0
4.0
26.0
62.0
78.0
1.0
-34.0
2.0
-51.0
13.0
63.0
59.0
77.0
58.0
10.0
-35.0
-54.0
-38.0
-3.0
-97.0
-103.0
-7.0
-52.0
-22.0
15.0
-178.0
-277.0
-45.0
-31.0
-20.0
-8.0
41.0
-10.0
-155.0
-169.0
-39.0
-56.0
-11.0
-8.0
18.0
24.0
55.0
67.0
37.0
-47.0
-32.0
1.0
-17.0
-14.0
-58.0
-12.0
-50.0
18.0
26.0
1.0
65.0
0.0
-45.0
-58.0
-68.0
-52.0
-155.0
-67.0
-26.0
43.0
167.0
123.0
128.0
127.0
101.0
100.0
60.0
29.0
62.0
140.0
45.0
65.0
31.0
3.0
22.0
-10.0
24.0
-40.0
-26.0
65.0
66.0
26.0
43.0
76.0
56.0
37.0
41.0
82.0
108.0
-24.0
4.0
74.0
147.0
80.0
44.0
118.0
99.0
3.0
93.0
107.0
99.0
72.0
65.0
122.0
98.0
34.0
69.0
77.0
66.0
39.0
47.0
24.0
35.0
73.0
90.0
50.0
46.0
124.0
108.0
-36.0
-100.0
78.0
93.0
119.0
132.0
83.0
52.0
89.0
76.0
31.0
43.0
76.0
76.0
71.0
65.0
76.0
71.0
36.0
31.0
-16.0
-55.0
2.0
46.0
-17.0
-24.0
53.0
61.0
3.0
-49.0
-40.0
-43.0
-44.0
-30.0
28.0
58.0
20.0
15.0
86.0
39.0
32.0
25.0
65.0
41.0
-2.0
-29.0
-11.0
45.0
6.0
-39.0
-86.0
-42.0
-43.0
-42.0
-65.0
-97.0
-130.0
-116.0
-44.0
-81.0
-43.0
16.0
67.0
76.0
92.0
90.0
72.0
18.0
19.0
-11.0
-18.0
17.0
12.0
45.0
58.0
78.0
126.0
121.0
49.0
12.0
33.0
35.0
76.0
46.0
78.0
77.0
90.0
128.0
69.0
39.0
-8.0
85.0
67.0
65.0
144.0
130.0
52.0
13.0
15.0
-22.0
-21.0
13.0
41.0
74.0
83.0
59.0
111.0
134.0
35.0
48.0
122.0
73.0
30.0
74.0
88.0
85.0
77.0
15.0
54.0
53.0
82.0
49.0
-15.0
15.0
-30.0
4.0
52.0
71.0
72.0
36.0
-13.0
81.0
102.0
71.0
52.0
41.0
39.0
-9.0
-7.0
4.0
-53.0
-55.0
-91.0
-33.0
-54.0
-145.0
-73.0
0.0
-50.0
-61.0
-126.0
-167.0
-150.0
-165.0
-140.0
-72.0
-118.0
-114.0
-103.0
-168.0
-133.0
-101.0
-97.0
-58.0
-2.0
-21.0
-47.0
-36.0
-64.0
-81.0
-93.0
-116.0
-121.0
-114.0
-131.0
-130.0
-180.0
-168.0
-82.0
-45.0
-26.0
-73.0
-67.0
-11.0
-39.0
-32.0
58.0
4.0
-64.0
-61.0
-25.0
-23.0
3.0
-30.0
10.0
27.0
-40.0
-17.0
-5.0
-48.0
-5.0
20.0
26.0
14.0
30.0
-21.0
8.0
28.0
-3.0
5.0
-13.0
14.0
-7.0
-41.0
-54.0
-29.0
42.0
-21.0
-32.0
-16.0
-40.0
-27.0
-12.0
-54.0
-30.0
-16.0
-48.0
-35.0
36.0
12.0
-45.0
6.0
51.0
22.0
-39.0
-48.0
-44.0
5.0
43.0
-50.0
23.0
12.0
4.0
-37.0
10.0
61.0
50.0
43.0
21.0
-55.0
-35.0
7.0
0.0
8.0
64.0
63.0
22.0
-67.0
-51.0
-9.0
-27.0
-52.0
30.0
-9.0
41.0
-44.0
-18.0
80.0
43.0
-1.0
-64.0
-142.0
-117.0
-97.0
-100.0
-110.0
-116.0
-100.0
-64.0
-63.0
17.0
-16.0
4.0
-11.0
-56.0
-38.0
-36.0
-44.0
-51.0
-3.0
-31.0
-37.0
-24.0
6.0
12.0
-47.0
-88.0
-59.0
-73.0
-125.0
-169.0
-61.0
-7.0
-132.0
-55.0
15.0
-32.0
-23.0
-55.0
-101.0
-125.0
-110.0
-3.0
7.0
-30.0
-50.0
-81.0
-109.0
-17.0
23.0
10.0
55.0
11.0
-15.0
0.0
17.0
93.0
63.0
43.0
37.0
21.0
40.0
89.0
15.0
75.0
87.0
70.0
59.0
45.0
49.0
-70.0
-81.0
27.0
35.0
36.0
-5.0
10.0
60.0
9.0
81.0
131.0
72.0
103.0
169.0
149.0
152.0
193.0
187.0
185.0
172.0
139.0
157.0
170.0
206.0
152.0
164.0
186.0
178.0
177.0
85.0
118.0
98.0
55.0
119.0
144.0
119.0
126.0
110.0
54.0
70.0
95.0
54.0
25.0
14.0
71.0
97.0
117.0
150.0
103.0
127.0
110.0
98.0
163.0
139.0
60.0
-36.0
78.0
49.0
51.0
48.0
68.0
84.0
74.0
56.0
107.0
143.0
76.0
79.0
93.0
33.0
3.0
36.0
17.0
43.0
65.0
3.0
-60.0
-50.0
58.0
-9.0
-39.0
-103.0
-131.0
-179.0
-177.0
-150.0
-120.0
-39.0
2.0
25.0
-27.0
-114.0
-11.0
-16.0
-38.0
-78.0
-73.0
-130.0
-195.0
-176.0
-183.0
-140.0
-89.0
-106.0
-97.0
-116.0
-108.0
-122.0
-91.0
-154.0
-274.0
-161.0
-100.0
-54.0
-53.0
-175.0
-197.0
-136.0
-110.0
-148.0
-94.0
-78.0
-97.0
-87.0
-84.0
-105.0
-106.0
-56.0
-45.0
-102.0
-78.0
-78.0
-15.0
-60.0
-56.0
-5.0
-59.0
-64.0
-79.0
-25.0
-44.0
-130.0
-58.0
-32.0
-70.0
-122.0
-80.0
-59.0
-64.0
-31.0
-41.0
-27.0
-40.0
-73.0
-31.0
-45.0
-73.0
-121.0
-142.0
-45.0
-5.0
-54.0
-131.0
-155.0
-51.0
-46.0
-121.0
-111.0
-103.0
-102.0
-97.0
-26.0
-5.0
15.0
-25.0
-54.0
-83.0
-132.0
-114.0
-114.0
-88.0
-36.0
-37.0
-11.0
-50.0
-126.0
-68.0
-79.0
-76.0
-94.0
-109.0
-79.0
-103.0
-80.0
-97.0
-117.0
-124.0
-130.0
-145.0
-152.0
-120.0
-148.0
-159.0
-201.0
-197.0
-174.0
-165.0
-171.0
-143.0
-68.0
-1.0
-49.0
-78.0
-89.0
-117.0
-146.0
-174.0
-100.0
-82.0
-95.0
-114.0
-77.0
-136.0
-158.0
-96.0
-123.0
-142.0
-151.0
-148.0
-135.0
-171.0
-151.0
-131.0
-152.0
-178.0
-156.0
-100.0
-53.0
-92.0
-123.0
-121.0
-82.0
-86.0
-117.0
-147.0
-148.0
-148.0
-120.0
-166.0
-127.0
-57.0
-84.0
-88.0
-104.0
-54.0
-59.0
-23.0
-30.0
-83.0
-124.0
-15.0
-27.0
-76.0
-95.0
-60.0
-29.0
-39.0
-58.0
-58.0
-93.0
-109.0
-90.0
-40.0
-86.0
-52.0
-77.0
-96.0
-121.0
-58.0
-1.0
-70.0
-125.0
19.0
71.0
41.0
-47.0
-6.0
19.0
-58.0
-60.0
-26.0
12.0
-8.0
5.0
-5.0
6.0
-33.0
-61.0
-35.0
-3.0
-50.0
-78.0
-45.0
70.0
73.0
-5.0
-46.0
-102.0
-72.0
-33.0
-14.0
-53.0
-44.0
-46.0
-44.0
-69.0
-109.0
-120.0
-121.0
-60.0
-101.0
-120.0
-134.0
-147.0
-132.0
-120.0
-72.0
-34.0
-54.0
-14.0
19.0
22.0
-48.0
9.0
54.0
-14.0
-25.0
-45.0
-51.0
-18.0
-61.0
-29.0
32.0
-11.0
-90.0
-74.0
-5.0
41.0
-42.0
-21.0
-19.0
-59.0
-29.0
-30.0
-40.0
-130.0
-90.0
-13.0
-91.0
-51.0
25.0
20.0
-15.0
-76.0
-81.0
-59.0
-89.0
-78.0
-90.0
-83.0
-76.0
-71.0
-62.0
-21.0
10.0
-17.0
-4.0
10.0
1.0
-82.0
-24.0
35.0
-43.0
-41.0
43.0
-32.0
-24.0
-5.0
2.0
8.0
27.0
26.0
-23.0
-12.0
-12.0
-22.0
-60.0
-34.0
42.0
36.0
29.0
-3.0
-18.0
3.0
-10.0
46.0
-22.0
-37.0
-18.0
-3.0
24.0
1.0
-45.0
22.0
26.0
13.0
36.0
3.0
-11.0
58.0
31.0
-22.0
-78.0
-72.0
-11.0
-21.0
-31.0
29.0
54.0
56.0
36.0
-6.0
-60.0
-69.0
-61.0
-47.0
-52.0
-32.0
-41.0
-30.0
-84.0
-68.0
-79.0
-145.0
-179.0
-122.0
-125.0
-99.0
-129.0
-133.0
-99.0
-125.0
-118.0
-159.0
-186.0
-109.0
-75.0
-134.0
-162.0
-205.0
-201.0
-162.0
-142.0
-105.0
-115.0
-101.0
-48.0
14.0
12.0
-58.0
-108.0
-76.0
-66.0
-116.0
-83.0
-62.0
3.0
5.0
-30.0
-19.0
-76.0
-96.0
-98.0
-95.0
-67.0
-64.0
-69.0
-24.0
-32.0
-88.0
-56.0
16.0
-13.0
-24.0
-21.0
15.0
11.0
-17.0
31.0
41.0
55.0
17.0
4.0
34.0
-8.0
-7.0
46.0
-4.0
17.0
-20.0
23.0
74.0
60.0
39.0
22.0
59.0
64.0
73.0
61.0
31.0
33.0
-69.0
6.0
101.0
79.0
77.0
67.0
48.0
32.0
75.0
74.0
55.0
-19.0
19.0
112.0
93.0
89.0
101.0
115.0
91.0
102.0
88.0
41.0
59.0
37.0
50.0
73.0
58.0
80.0
114.0
106.0
102.0
89.0
123.0
169.0
169.0
187.0
155.0
86.0
146.0
182.0
109.0
71.0
82.0
67.0
-16.0
-110.0
-82.0
-119.0
-158.0
-132.0
-81.0
-117.0
-69.0
-95.0
-136.0
-162.0
-54.0
-70.0
-216.0
-152.0
-82.0
-89.0
-93.0
-178.0
-147.0
-72.0
-64.0
-70.0
-61.0
6.0
10.0
-35.0
-98.0
-145.0
-77.0
-68.0
-124.0
-32.0
12.0
-8.0
-4.0
-8.0
-60.0
17.0
-20.0
-64.0
-31.0
-19.0
32.0
50.0
44.0
79.0
22.0
-58.0
-4.0
-7.0
1.0
14.0
44.0
51.0
53.0
49.0
-34.0
-51.0
46.0
43.0
-16.0
-29.0
69.0
-19.0
-2.0
46.0
-15.0
-44.0
45.0
1.0
70.0
164.0
142.0
113.0
61.0
69.0
99.0
93.0
109.0
148.0
46.0
-77.0
-45.0
88.0
105.0
118.0
129.0
77.0
68.0
140.0
116.0
37.0
-40.0
36.0
48.0
87.0
101.0
77.0
47.0
26.0
-10.0
-34.0
-73.0
-67.0
-35.0
29.0
76.0
36.0
14.0
-42.0
-30.0
-29.0
46.0
-4.0
25.0
53.0
-34.0
5.0
46.0
-7.0
-65.0
-64.0
-49.0
-82.0
-144.0
-110.0
-181.0
-113.0
-93.0
-156.0
-165.0
-28.0
-25.0
-105.0
-26.0
39.0
16.0
4.0
-4.0
-61.0
-41.0
9.0
-28.0
-10.0
-71.0
-57.0
27.0
34.0
-39.0
-66.0
2.0
17.0
-35.0
9.0
-23.0
-6.0
36.0
-37.0
-13.0
-25.0
0.0
-62.0
-55.0
-24.0
11.0
16.0
14.0
-18.0
-6.0
-36.0
-56.0
-97.0
-130.0
20.0
14.0
5.0
13.0
-55.0
77.0
107.0
41.0
40.0
50.0
71.0
60.0
30.0
2.0
-85.0
20.0
37.0
109.0
65.0
34.0
22.0
21.0
43.0
9.0
-8.0
-42.0
22.0
7.0
-11.0
-37.0
-39.0
-70.0
-73.0
-84.0
-15.0
-2.0
-56.0
-27.0
-85.0
-77.0
-109.0
-145.0
-46.0
-36.0
-64.0
7.0
-55.0
-148.0
-64.0
-116.0
-110.0
-63.0
-67.0
-75.0
-77.0
-78.0
-35.0
-46.0
-44.0
-38.0
37.0
53.0
46.0
-2.0
31.0
39.0
37.0
53.0
-7.0
-36.0
-9.0
-46.0
-74.0
-109.0
-162.0
-92.0
-11.0
3.0
2.0
-17.0
-5.0
-76.0
-39.0
1.0
14.0
-23.0
-71.0
-21.0
-34.0
-78.0
-61.0
-31.0
-32.0
-101.0
-54.0
-24.0
-77.0
-114.0
-63.0
-46.0
-77.0
-58.0
-18.0
-59.0
-89.0
1.0
-1.0
-4.0
18.0
82.0
44.0
33.0
23.0
45.0
37.0
21.0
-6.0
11.0
1.0
70.0
91.0
69.0
34.0
32.0
31.0
2.0
38.0
-12.0
-54.0
-23.0
12.0
80.0
11.0
-100.0
-77.0
-31.0
-13.0
5.0
-26.0
-8.0
37.0
56.0
51.0
33.0
-1.0
-44.0
-3.0
8.0
-20.0
-27.0
122.0
108.0
54.0
65.0
62.0
46.0
107.0
92.0
85.0
78.0
-1.0
19.0
98.0
175.0
191.0
192.0
194.0
196.0
170.0
171.0
145.0
89.0
119.0
215.0
145.0
142.0
180.0
183.0
150.0
84.0
95.0
107.0
71.0
125.0
114.0
23.0
80.0
73.0
43.0
106.0
102.0
66.0
30.0
30.0
-16.0
-53.0
-10.0
9.0
52.0
52.0
64.0
124.0
118.0
107.0
54.0
11.0
92.0
86.0
3.0
8.0
36.0
34.0
-59.0
3.0
95.0
75.0
94.0
73.0
35.0
29.0
-61.0
66.0
65.0
-31.0
14.0
25.0
1.0
22.0
53.0
52.0
29.0
21.0
11.0
62.0
94.0
48.0
68.0
64.0
88.0
76.0
80.0
101.0
-27.0
27.0
66.0
35.0
-40.0
61.0
80.0
78.0
25.0
8.0
64.0
72.0
114.0
82.0
55.0
103.0
104.0
18.0
-16.0
-6.0
31.0
89.0
118.0
63.0
29.0
76.0
71.0
53.0
79.0
58.0
64.0
50.0
-42.0
-17.0
103.0
74.0
25.0
52.0
41.0
32.0
-6.0
10.0
-16.0
23.0
69.0
75.0
112.0
153.0
145.0
92.0
98.0
17.0
-34.0
15.0
8.0
-64.0
5.0
58.0
-6.0
-10.0
37.0
41.0
34.0
23.0
-6.0
-49.0
-11.0
-3.0
-56.0
3.0
18.0
31.0
37.0
18.0
-25.0
-89.0
-72.0
-105.0
-45.0
-59.0
-50.0
25.0
21.0
47.0
40.0
42.0
36.0
14.0
2.0
9.0
26.0
25.0
-10.0
-27.0
0.0
-12.0
-33.0
0.0
-2.0
3.0
43.0
7.0
36.0
68.0
24.0
49.0
32.0
-9.0
-56.0
-4.0
-54.0
14.0
30.0
-54.0
-71.0
-41.0
34.0
7.0
-23.0
14.0
24.0
-22.0
-88.0
-27.0
-10.0
-48.0
24.0
15.0
5.0
-27.0
-2.0
-21.0
-46.0
-41.0
-39.0
-29.0
-73.0
-35.0
-25.0
-12.0
22.0
-8.0
18.0
34.0
34.0
33.0
67.0
165.0
116.0
42.0
53.0
4.0
21.0
61.0
71.0
62.0
68.0
62.0
94.0
46.0
13.0
71.0
-16.0
-84.0
-21.0
-7.0
20.0
-16.0
-44.0
-54.0
-62.0
-88.0
-111.0
-109.0
-70.0
-80.0
-63.0
-69.0
-95.0
-61.0
-74.0
-145.0
-133.0
-131.0
-119.0
-81.0
-100.0
-84.0
-71.0
-104.0
-100.0
-72.0
-62.0
-86.0
-149.0
-141.0
-87.0
-118.0
-134.0
-144.0
-232.0
-111.0
-73.0
-195.0
-231.0
-252.0
-202.0
-196.0
-205.0
-170.0
-184.0
-163.0
-118.0
-109.0
-100.0
-85.0
-130.0
-145.0
-153.0
-184.0
-187.0
-43.0
-69.0
-169.0
-84.0
-97.0
-89.0
-47.0
-45.0
-68.0
-60.0
-34.0
-106.0
-177.0
-145.0
-74.0
-85.0
-96.0
-36.0
-47.0
-74.0
-86.0
-127.0
-135.0
-102.0
-105.0
-100.0
-61.0
-142.0
-157.0
-125.0
-167.0
-129.0
-112.0
-147.0
-97.0
-88.0
-79.0
-67.0
-126.0
-175.0
-130.0
-10.0
-77.0
-49.0
-41.0
-74.0
-53.0
-77.0
-129.0
-109.0
-154.0
-120.0
-108.0
-89.0
-37.0
-48.0
-88.0
-77.0
-88.0
-99.0
-115.0
-119.0
-14.0
-34.0
-99.0
-121.0
-110.0
-90.0
-109.0
-94.0
-146.0
-122.0
-63.0
-53.0
-101.0
-126.0
-87.0
-118.0
-85.0
2.0
29.0
-26.0
-56.0
-110.0
-136.0
-81.0
-80.0
-166.0
-107.0
-86.0
-94.0
-48.0
-69.0
-112.0
-102.0
-64.0
-22.0
-77.0
-96.0
-19.0
-16.0
-60.0
-56.0
-80.0
-96.0
-89.0
-95.0
-153.0
-188.0
-169.0
-139.0
-152.0
-189.0
-138.0
-87.0
-39.0
58.0
26.0
-23.0
-6.0
-1.0
-25.0
-81.0
-57.0
-33.0
-16.0
-84.0
-48.0
-10.0
5.0
10.0
-21.0
29.0
18.0
22.0
-16.0
-29.0
-13.0
-2.0
-29.0
14.0
9.0
13.0
37.0
35.0
24.0
-13.0
30.0
30.0
-54.0
-15.0
14.0
3.0
-34.0
-45.0
20.0
-41.0
-81.0
-12.0
82.0
97.0
43.0
36.0
52.0
54.0
-4.0
-7.0
33.0
21.0
42.0
53.0
-27.0
-76.0
-1.0
-62.0
-31.0
-35.0
-67.0
8.0
34.0
-4.0
-61.0
-46.0
-47.0
-21.0
-21.0
-34.0
14.0
21.0
-106.0
-28.0
-20.0
-63.0
-21.0
-42.0
-65.0
-48.0
-18.0
-43.0
-105.0
-45.0
-34.0
-114.0
-85.0
-76.0
-96.0
-101.0
-89.0
-73.0
-61.0
-143.0
-173.0
-67.0
-37.0
-35.0
-115.0
-122.0
-62.0
-112.0
-68.0
-47.0
-86.0
-88.0
-100.0
-48.0
-7.0
-41.0
-43.0
-32.0
-127.0
-177.0
-146.0
-153.0
-204.0
-190.0
-181.0
-107.0
-34.0
-63.0
14.0
32.0
-37.0
-86.0
-34.0
10.0
-14.0
-13.0
-89.0
-49.0
-35.0
-19.0
-42.0
11.0
43.0
60.0
49.0
7.0
66.0
90.0
13.0
-26.0
-6.0
-26.0
54.0
58.0
59.0
81.0
65.0
82.0
99.0
92.0
88.0
127.0
68.0
63.0
-16.0
-31.0
65.0
54.0
52.0
26.0
-14.0
84.0
75.0
83.0
41.0
-52.0
-13.0
33.0
14.0
-4.0
32.0
34.0
29.0
112.0
98.0
-16.0
44.0
60.0
36.0
70.0
71.0
70.0
41.0
45.0
67.0
49.0
-3.0
77.0
99.0
73.0
84.0
93.0
134.0
60.0
55.0
62.0
80.0
54.0
31.0
-3.0
27.0
25.0
-47.0
-29.0
23.0
117.0
130.0
126.0
104.0
50.0
23.0
-73.0
-49.0
20.0
32.0
24.0
52.0
39.0
25.0
16.0
-14.0
26.0
47.0
63.0
27.0
12.0
55.0
80.0
77.0
-4.0
22.0
36.0
6.0
-24.0
-61.0
-73.0
-79.0
-38.0
-83.0
-32.0
-18.0
6.0
-44.0
43.0
134.0
88.0
49.0
43.0
50.0
53.0
43.0
38.0
47.0
62.0
77.0
91.0
72.0
48.0
60.0
108.0
79.0
99.0
101.0
99.0
118.0
81.0
90.0
106.0
64.0
124.0
229.0
159.0
105.0
119.0
189.0
232.0
183.0
194.0
178.0
162.0
159.0
156.0
86.0
131.0
84.0
58.0
144.0
152.0
169.0
146.0
147.0
173.0
150.0
158.0
128.0
110.0
211.0
232.0
178.0
185.0
134.0
80.0
144.0
152.0
140.0
174.0
163.0
111.0
131.0
145.0
130.0
78.0
38.0
67.0
99.0
64.0
56.0
87.0
111.0
47.0
27.0
29.0
51.0
13.0
102.0
129.0
95.0
86.0
153.0
97.0
39.0
72.0
176.0
175.0
137.0
115.0
107.0
74.0
88.0
106.0
118.0
68.0
140.0
180.0
119.0
130.0
125.0
95.0
88.0
95.0
129.0
109.0
49.0
26.0
45.0
31.0
-5.0
25.0
37.0
80.0
-3.0
-61.0
-81.0
-78.0
-79.0
-12.0
7.0
43.0
61.0
87.0
112.0
51.0
30.0
64.0
120.0
46.0
20.0
41.0
14.0
26.0
83.0
91.0
85.0
121.0
52.0
10.0
79.0
131.0
136.0
60.0
51.0
62.0
63.0
78.0
31.0
-35.0
-39.0
29.0
2.0
-4.0
9.0
29.0
71.0
17.0
17.0
18.0
-32.0
-23.0
-29.0
-48.0
4.0
41.0
14.0
65.0
34.0
-12.0
-25.0
11.0
41.0
36.0
31.0
36.0
54.0
-49.0
-15.0
25.0
6.0
46.0
44.0
90.0
85.0
53.0
-3.0
2.0
-27.0
21.0
35.0
-14.0
-40.0
-47.0
-97.0
-58.0
-45.0
-20.0
-88.0
-40.0
29.0
9.0
-31.0
-13.0
-25.0
-45.0
-34.0
-14.0
21.0
-29.0
-61.0
21.0
81.0
140.0
92.0
14.0
22.0
-44.0
-71.0
-26.0
16.0
5.0
63.0
56.0
48.0
12.0
3.0
-8.0
2.0
33.0
-36.0
-13.0
11.0
-2.0
-6.0
-40.0
-41.0
-35.0
-22.0
-81.0
-129.0
-100.0
-121.0
-130.0
-136.0
-54.0
-32.0
-35.0
1.0
-9.0
44.0
143.0
78.0
60.0
55.0
4.0
7.0
2.0
-52.0
-60.0
11.0
-7.0
-18.0
-18.0
-13.0
-34.0
-27.0
4.0
-17.0
-16.0
-27.0
-60.0
-88.0
-63.0
-35.0
-95.0
-87.0
-109.0
-127.0
-78.0
-41.0
-72.0
-61.0
-56.0
-52.0
-98.0
-128.0
-76.0
-62.0
-113.0
-115.0
-74.0
-95.0
-88.0
-70.0
-70.0
-72.0
-60.0
-101.0
-194.0
-106.0
-33.0
-56.0
-81.0
-102.0
-181.0
-125.0
-72.0
-96.0
-69.0
-142.0
-171.0
-89.0
-133.0
-105.0
-129.0
-191.0
-195.0
-201.0
-208.0
-184.0
-191.0
-123.0
-127.0
-155.0
-181.0
-181.0
-160.0
-183.0
-191.0
-216.0
-168.0
-128.0
-55.0
-72.0
-42.0
-91.0
-173.0
-91.0
-103.0
-228.0
-188.0
-141.0
-136.0
-104.0
-150.0
-114.0
-177.0
-205.0
-133.0
-166.0
-154.0
-129.0
-117.0
-79.0
-144.0
-150.0
-181.0
-194.0
-214.0
-183.0
-200.0
-222.0
-215.0
-160.0
-178.0
-194.0
-117.0
-214.0
-211.0
-98.0
-131.0
-180.0
-78.0
-49.0
-52.0
-29.0
-79.0
-87.0
-64.0
-75.0
-104.0
-104.0
-56.0
-123.0
-71.0
-25.0
-58.0
-73.0
-82.0
-26.0
-61.0
-93.0
-96.0
-88.0
-121.0
-84.0
-97.0
-161.0
-147.0
-176.0
-119.0
-65.0
-116.0
-121.0
-131.0
-165.0
-206.0
-197.0
-172.0
-127.0
-163.0
-201.0
-115.0
-105.0
-36.0
-76.0
-84.0
-55.0
-73.0
-72.0
-99.0
-147.0
-128.0
-110.0
-102.0
-48.0
-60.0
-79.0
-72.0
-111.0
-65.0
-26.0
13.0
-16.0
-13.0
50.0
-16.0
-43.0
13.0
29.0
10.0
37.0
53.0
48.0
5.0
-23.0
-23.0
-30.0
-21.0
2.0
6.0
25.0
69.0
30.0
83.0
125.0
67.0
99.0
86.0
106.0
150.0
100.0
76.0
140.0
162.0
150.0
172.0
133.0
154.0
176.0
96.0
77.0
126.0
130.0
141.0
146.0
185.0
159.0
156.0
100.0
102.0
134.0
106.0
91.0
98.0
106.0
93.0
103.0
90.0
76.0
153.0
118.0
213.0
208.0
225.0
246.0
191.0
168.0
163.0
168.0
185.0
177.0
191.0
156.0
137.0
149.0
161.0
155.0
152.0
190.0
175.0
136.0
97.0
178.0
219.0
171.0
144.0
121.0
99.0
100.0
70.0
26.0
87.0
157.0
85.0
124.0
232.0
140.0
146.0
151.0
95.0
123.0
131.0
113.0
36.0
52.0
152.0
137.0
116.0
118.0
114.0
123.0
131.0
76.0
33.0
63.0
78.0
53.0
63.0
43.0
-33.0
32.0
93.0
33.0
16.0
40.0
48.0
45.0
144.0
69.0
77.0
100.0
146.0
125.0
146.0
105.0
54.0
151.0
184.0
155.0
80.0
63.0
91.0
84.0
139.0
148.0
90.0
97.0
173.0
163.0
68.0
96.0
105.0
48.0
38.0
-6.0
1.0
96.0
54.0
80.0
82.0
76.0
26.0
-14.0
8.0
77.0
105.0
78.0
91.0
91.0
88.0
55.0
4.0
28.0
70.0
50.0
-3.0
-2.0
-32.0
-52.0
-34.0
-21.0
11.0
-11.0
72.0
62.0
20.0
5.0
3.0
-52.0
12.0
-10.0
-51.0
-29.0
2.0
-13.0
-50.0
25.0
24.0
14.0
59.0
35.0
1.0
24.0
82.0
30.0
37.0
41.0
54.0
72.0
52.0
12.0
67.0
86.0
86.0
22.0
26.0
45.0
35.0
76.0
15.0
-26.0
70.0
65.0
4.0
46.0
101.0
116.0
34.0
71.0
103.0
95.0
103.0
90.0
54.0
54.0
71.0
62.0
75.0
60.0
116.0
20.0
10.0
44.0
62.0
42.0
41.0
86.0
50.0
49.0
92.0
70.0
48.0
93.0
100.0
55.0
-13.0
17.0
27.0
11.0
42.0
52.0
50.0
52.0
7.0
34.0
68.0
35.0
16.0
37.0
-6.0
14.0
24.0
20.0
32.0
84.0
16.0
-22.0
-42.0
-63.0
-2.0
42.0
4.0
-41.0
-39.0
58.0
66.0
29.0
103.0
85.0
64.0
89.0
15.0
30.0
51.0
-35.0
21.0
60.0
-1.0
-96.0
-55.0
-55.0
-81.0
-51.0
-77.0
-99.0
-54.0
-100.0
-151.0
-98.0
23.0
12.0
-44.0
-45.0
-23.0
-4.0
-118.0
-134.0
-77.0
-90.0
-79.0
-87.0
-107.0
-60.0
-33.0
-45.0
-24.0
-77.0
-52.0
-50.0
-71.0
-77.0
-110.0
-48.0
-27.0
-10.0
-43.0
-30.0
16.0
-38.0
-68.0
-47.0
-54.0
-51.0
50.0
105.0
54.0
-42.0
-2.0
-5.0
-27.0
-37.0
-45.0
-25.0
3.0
-3.0
-62.0
-69.0
79.0
69.0
34.0
33.0
53.0
54.0
15.0
45.0
69.0
62.0
45.0
37.0
71.0
54.0
-6.0
50.0
114.0
74.0
72.0
103.0
132.0
82.0
2.0
8.0
-29.0
11.0
88.0
92.0
69.0
10.0
10.0
43.0
-50.0
-7.0
82.0
16.0
-56.0
7.0
-7.0
-17.0
-13.0
27.0
29.0
-23.0
-24.0
-3.0
-26.0
-13.0
-1.0
-26.0
16.0
59.0
48.0
37.0
-40.0
19.0
18.0
11.0
-7.0
-44.0
-25.0
7.0
74.0
73.0
-11.0
-17.0
-6.0
-50.0
-30.0
-44.0
-99.0
-70.0
-9.0
-29.0
-71.0
8.0
59.0
42.0
49.0
33.0
-16.0
3.0
16.0
-24.0
-29.0
26.0
13.0
-61.0
20.0
4.0
1.0
28.0
7.0
51.0
51.0
0.0
1.0
27.0
32.0
-4.0
-62.0
38.0
-25.0
-53.0
-121.0
-123.0
-71.0
-73.0
-27.0
-33.0
-66.0
-64.0
-107.0
-118.0
-70.0
-46.0
-92.0
-23.0
8.0
17.0
17.0
-37.0
6.0
-25.0
-73.0
-36.0
-30.0
-41.0
-71.0
7.0
24.0
-17.0
-90.0
-34.0
-22.0
-67.0
-31.0
-39.0
15.0
0.0
-34.0
-68.0
-135.0
-43.0
-34.0
-15.0
-4.0
-11.0
-26.0
27.0
34.0
-61.0
-43.0
-35.0
-20.0
-2.0
-93.0
-126.0
-100.0
-119.0
-118.0
-84.0
-102.0
-84.0
-43.0
-4.0
-32.0
-67.0
-37.0
-95.0
-110.0
-99.0
-85.0
-25.0
-42.0
-61.0
-67.0
-135.0
-65.0
-13.0
-159.0
-126.0
-51.0
-105.0
-100.0
-95.0
-143.0
-168.0
-113.0
-14.0
-48.0
-133.0
-111.0
-155.0
-239.0
-183.0
-156.0
-162.0
-88.0
-51.0
4.0
101.0
48.0
52.0
42.0
-16.0
41.0
56.0
26.0
-4.0
-8.0
31.0
97.0
65.0
83.0
90.0
74.0
64.0
29.0
65.0
96.0
16.0
16.0
85.0
86.0
51.0
-13.0
-14.0
54.0
101.0
20.0
27.0
54.0
46.0
41.0
3.0
63.0
74.0
5.0
-23.0
-21.0
-41.0
-8.0
-42.0
-68.0
-8.0
-72.0
-42.0
53.0
-3.0
-47.0
-7.0
21.0
0.0
-26.0
-6.0
0.0
19.0
69.0
79.0
60.0
83.0
114.0
121.0
103.0
164.0
150.0
137.0
142.0
147.0
106.0
92.0
137.0
145.0
153.0
136.0
114.0
156.0
111.0
93.0
128.0
95.0
41.0
46.0
51.0
58.0
20.0
29.0
83.0
65.0
99.0
59.0
-24.0
-3.0
35.0
50.0
48.0
25.0
21.0
12.0
10.0
-17.0
-73.0
1.0
2.0
-62.0
-86.0
-12.0
-33.0
-60.0
-11.0
-25.0
-7.0
5.0
1.0
-17.0
-68.0
-70.0
-117.0
-120.0
-126.0
-149.0
-129.0
-93.0
-34.0
-54.0
-68.0
-37.0
-6.0
-48.0
-102.0
-77.0
-53.0
-56.0
-33.0
-15.0
17.0
-16.0
-45.0
-36.0
-105.0
-57.0
32.0
7.0
1.0
-20.0
-23.0
-105.0
-84.0
-18.0
-70.0
-99.0
-124.0
-48.0
-18.0
-41.0
-29.0
10.0
44.0
84.0
100.0
76.0
-31.0
-67.0
-22.0
17.0
-30.0
-32.0
-10.0
-14.0
-30.0
-60.0
-95.0
-40.0
-71.0
-92.0
-81.0
-58.0
-111.0
-150.0
-140.0
-72.0
-87.0
-83.0
-56.0
-52.0
-98.0
-129.0
-93.0
-61.0
-62.0
-37.0
-31.0
-35.0
-8.0
-4.0
-9.0
21.0
22.0
20.0
11.0
-56.0
-49.0
-53.0
-17.0
42.0
-23.0
-44.0
1.0
50.0
3.0
-11.0
-11.0
29.0
-8.0
21.0
68.0
37.0
43.0
22.0
2.0
31.0
-25.0
-42.0
-13.0
26.0
23.0
41.0
26.0
-2.0
-13.0
-26.0
20.0
18.0
21.0
39.0
-4.0
-7.0
10.0
15.0
31.0
42.0
-11.0
23.0
-5.0
-49.0
-75.0
-88.0
-144.0
-124.0
-79.0
-136.0
-83.0
-15.0
-50.0
-61.0
0.0
32.0
-40.0
-27.0
-17.0
-42.0
-51.0
-30.0
-11.0
29.0
54.0
-13.0
-49.0
40.0
48.0
52.0
21.0
29.0
18.0
52.0
36.0
46.0
3.0
13.0
36.0
42.0
-16.0
-15.0
-3.0
0.0
52.0
70.0
76.0
20.0
-2.0
67.0
-35.0
-58.0
-27.0
-42.0
-4.0
-30.0
-42.0
-55.0
-13.0
-41.0
-74.0
-37.0
-14.0
-74.0
-115.0
-67.0
-128.0
-87.0
-61.0
-95.0
-89.0
-81.0
-75.0
-54.0
-59.0
-64.0
-47.0
-31.0
-3.0
-44.0
-67.0
13.0
1.0
-20.0
-2.0
-17.0
0.0
-63.0
12.0
62.0
14.0
-8.0
-17.0
32.0
31.0
7.0
-14.0
9.0
31.0
7.0
-30.0
-14.0
34.0
8.0
42.0
36.0
-22.0
8.0
43.0
-26.0
35.0
142.0
39.0
-44.0
3.0
46.0
-34.0
-68.0
34.0
35.0
12.0
-11.0
13.0
49.0
18.0
4.0
22.0
-9.0
36.0
72.0
15.0
-11.0
-15.0
46.0
59.0
-17.0
-43.0
-30.0
-41.0
-104.0
-95.0
-83.0
-62.0
-54.0
17.0
47.0
66.0
77.0
96.0
65.0
-39.0
-68.0
-36.0
-116.0
-73.0
-22.0
-61.0
-87.0
-87.0
-136.0
-125.0
-93.0
-95.0
-76.0
-58.0
-45.0
-88.0
-131.0
-129.0
-115.0
-123.0
-122.0
-68.0
-103.0
-116.0
-126.0
-127.0
-102.0
-88.0
-76.0
-94.0
-65.0
-115.0
-146.0
-130.0
-153.0
-155.0
-152.0
-203.0
-161.0
-118.0
-153.0
-113.0
-125.0
-116.0
-93.0
-134.0
-162.0
-136.0
-152.0
-148.0
-91.0
-76.0
-109.0
-137.0
-97.0
-72.0
-83.0
-74.0
-60.0
-122.0
-130.0
-58.0
-53.0
-73.0
-69.0
-5.0
-24.0
-111.0
-96.0
-67.0
-42.0
-38.0
-46.0
-29.0
-18.0
-67.0
-86.0
-54.0
-29.0
24.0
-51.0
-48.0
-14.0
-8.0
0.0
24.0
4.0
72.0
103.0
106.0
33.0
0.0
20.0
32.0
-7.0
-20.0
22.0
-7.0
-49.0
-57.0
-64.0
-114.0
-110.0
-77.0
-132.0
-147.0
-87.0
-67.0
-65.0
-96.0
-76.0
-66.0
-121.0
-123.0
-123.0
-187.0
-169.0
-184.0
-250.0
-159.0
-107.0
-53.0
-49.0
-31.0
29.0
25.0
-45.0
-69.0
-79.0
-58.0
-60.0
-61.0
-11.0
-44.0
-11.0
7.0
17.0
33.0
27.0
-13.0
-1.0
73.0
42.0
5.0
11.0
14.0
1.0
-46.0
30.0
98.0
58.0
17.0
8.0
37.0
109.0
105.0
60.0
35.0
78.0
23.0
5.0
56.0
26.0
37.0
88.0
84.0
47.0
72.0
67.0
84.0
129.0
34.0
65.0
73.0
81.0
41.0
-54.0
55.0
118.0
119.0
110.0
95.0
80.0
101.0
144.0
154.0
115.0
110.0
82.0
16.0
26.0
76.0
29.0
-14.0
36.0
55.0
83.0
87.0
114.0
62.0
39.0
84.0
78.0
98.0
80.0
73.0
81.0
57.0
59.0
76.0
51.0
64.0
109.0
105.0
111.0
87.0
94.0
122.0
134.0
150.0
129.0
120.0
93.0
140.0
165.0
83.0
42.0
51.0
42.0
-24.0
23.0
49.0
8.0
5.0
-41.0
-79.0
-78.0
-72.0
-143.0
-112.0
-163.0
-168.0
-149.0
-166.0
-136.0
-52.0
-33.0
-72.0
-6.0
47.0
14.0
16.0
40.0
15.0
-13.0
0.0
6.0
-3.0
17.0
-3.0
-51.0
-22.0
18.0
46.0
-15.0
-36.0
-32.0
-39.0
-34.0
15.0
9.0
-53.0
-5.0
-8.0
-31.0
-46.0
8.0
-56.0
-55.0
-7.0
-22.0
-54.0
-42.0
-29.0
-21.0
-75.0
-143.0
-161.0
-82.0
-25.0
-60.0
-97.0
-88.0
-85.0
-100.0
-71.0
-64.0
-50.0
-26.0
-14.0
-60.0
-44.0
-41.0
-56.0
-93.0
-33.0
-49.0
-88.0
-12.0
-27.0
-60.0
-80.0
-85.0
-55.0
-61.0
-34.0
-35.0
-48.0
-37.0
-90.0
-72.0
-5.0
7.0
-36.0
-12.0
-51.0
-63.0
53.0
78.0
-21.0
37.0
48.0
8.0
2.0
-18.0
-73.0
-55.0
-26.0
-23.0
-23.0
-30.0
-73.0
-77.0
-20.0
6.0
-1.0
40.0
39.0
-22.0
-8.0
-62.0
4.0
-26.0
-35.0
-14.0
-25.0
-6.0
17.0
38.0
41.0
40.0
22.0
-32.0
-43.0
-30.0
-70.0
-42.0
-68.0
-38.0
-67.0
-30.0
30.0
26.0
-32.0
23.0
50.0
14.0
5.0
-48.0
-1.0
36.0
32.0
19.0
17.0
-46.0
-25.0
-61.0
-30.0
-32.0
-33.0
-32.0
-63.0
-83.0
-90.0
-59.0
-56.0
-15.0
-40.0
-69.0
-125.0
-71.0
-100.0
-81.0
-71.0
-115.0
-111.0
-110.0
-22.0
-70.0
-141.0
-171.0
-149.0
-148.0
-157.0
-93.0
-110.0
-125.0
-102.0
-33.0
-3.0
-62.0
-81.0
-67.0
-93.0
-80.0
-5.0
-30.0
-58.0
-10.0
-26.0
-43.0
-29.0
-50.0
-1.0
45.0
39.0
-1.0
-16.0
-14.0
-14.0
-63.0
8.0
106.0
30.0
-79.0
-44.0
-25.0
-33.0
-40.0
-27.0
-51.0
14.0
68.0
3.0
-10.0
71.0
60.0
7.0
16.0
59.0
107.0
112.0
60.0
37.0
13.0
-44.0
60.0
79.0
34.0
12.0
32.0
45.0
-22.0
20.0
26.0
-3.0
-5.0
7.0
10.0
6.0
21.0
23.0
-16.0
-110.0
-61.0
-18.0
-36.0
7.0
-38.0
-77.0
-44.0
-71.0
-80.0
-85.0
-27.0
-27.0
-60.0
-46.0
-21.0
-7.0
-29.0
-79.0
-84.0
-60.0
14.0
20.0
-36.0
-56.0
-97.0
-112.0
-56.0
-52.0
-27.0
-30.0
-28.0
-44.0
-60.0
-21.0
36.0
-35.0
-99.0
15.0
76.0
18.0
-1.0
-7.0
39.0
30.0
58.0
51.0
43.0
103.0
0.0
-26.0
-23.0
-34.0
-15.0
26.0
65.0
59.0
66.0
14.0
63.0
84.0
71.0
30.0
17.0
93.0
86.0
87.0
59.0
110.0
128.0
136.0
106.0
120.0
176.0
152.0
124.0
159.0
152.0
156.0
136.0
117.0
134.0
82.0
144.0
171.0
143.0
117.0
71.0
102.0
52.0
43.0
73.0
68.0
98.0
89.0
99.0
87.0
77.0
74.0
105.0
182.0
244.0
311.0
338.0
238.0
106.0
153.0
213.0
196.0
158.0
140.0
136.0
120.0
137.0
54.0
90.0
68.0
-12.0
34.0
95.0
22.0
33.0
19.0
-14.0
-27.0
-45.0
-38.0
-25.0
-34.0
-18.0
-8.0
-84.0
-130.0
-135.0
-124.0
-108.0
-19.0
-33.0
-41.0
-41.0
-12.0
-76.0
-130.0
-87.0
-89.0
-93.0
-92.0
-112.0
-165.0
-101.0
-70.0
-106.0
-72.0
-22.0
-10.0
-26.0
-77.0
-47.0
-31.0
-8.0
-52.0
-30.0
-23.0
32.0
-19.0
-138.0
-95.0
-64.0
-60.0
-51.0
-65.0
-43.0
-71.0
-41.0
-77.0
-115.0
-100.0
-96.0
-144.0
-102.0
-91.0
-86.0
-36.0
-19.0
-17.0
3.0
-18.0
-61.0
-42.0
-42.0
-64.0
-139.0
-121.0
-2.0
-12.0
13.0
-9.0
-9.0
-43.0
-78.0
-31.0
-9.0
-41.0
-79.0
-77.0
-84.0
10.0
13.0
-42.0
-11.0
34.0
0.0
-93.0
-122.0
-46.0
-8.0
-1.0
-1.0
-27.0
30.0
7.0
-5.0
-11.0
15.0
25.0
48.0
35.0
80.0
-9.0
-60.0
12.0
54.0
38.0
24.0
9.0
55.0
61.0
-24.0
34.0
49.0
37.0
44.0
13.0
17.0
37.0
7.0
34.0
-49.0
-83.0
-79.0
-136.0
-136.0
-131.0
-176.0
-122.0
-164.0
-247.0
-141.0
-67.0
-67.0
-31.0
-71.0
-100.0
-78.0
-68.0
-80.0
-53.0
-154.0
-122.0
-68.0
-68.0
-44.0
-87.0
-152.0
-172.0
-125.0
-90.0
-134.0
-138.0
-67.0
-79.0
-40.0
-92.0
-156.0
-105.0
-78.0
-49.0
-66.0
-98.0
-115.0
-51.0
-40.0
-55.0
-97.0
-24.0
-40.0
-117.0
-126.0
-106.0
-130.0
-108.0
-57.0
27.0
-38.0
-91.0
-77.0
-19.0
-56.0
-116.0
-126.0
-176.0
-147.0
-31.0
-73.0
-79.0
-32.0
-30.0
-43.0
-17.0
-1.0
-63.0
-71.0
21.0
72.0
14.0
3.0
68.0
-39.0
15.0
88.0
47.0
23.0
72.0
81.0
55.0
31.0
32.0
76.0
37.0
117.0
104.0
115.0
126.0
149.0
131.0
110.0
36.0
39.0
74.0
7.0
-68.0
22.0
-1.0
23.0
67.0
58.0
2.0
62.0
70.0
45.0
-23.0
-7.0
-23.0
-14.0
42.0
46.0
19.0
41.0
62.0
37.0
52.0
27.0
8.0
-62.0
-135.0
-76.0
40.0
11.0
89.0
107.0
70.0
133.0
150.0
134.0
117.0
67.0
66.0
112.0
79.0
87.0
82.0
117.0
72.0
74.0
107.0
58.0
48.0
132.0
110.0
142.0
121.0
109.0
100.0
143.0
93.0
77.0
80.0
-26.0
12.0
68.0
31.0
81.0
106.0
84.0
112.0
131.0
105.0
18.0
21.0
33.0
10.0
30.0
32.0
92.0
87.0
73.0
25.0
61.0
128.0
154.0
87.0
81.0
81.0
22.0
23.0
78.0
28.0
3.0
67.0
32.0
48.0
72.0
113.0
48.0
12.0
44.0
-13.0
12.0
11.0
-5.0
-24.0
18.0
-12.0
-54.0
-75.0
-54.0
-43.0
9.0
27.0
14.0
4.0
84.0
87.0
18.0
89.0
128.0
102.0
1.0
-1.0
4.0
11.0
25.0
-10.0
-30.0
32.0
51.0
12.0
-53.0
-21.0
-11.0
32.0
31.0
36.0
35.0
74.0
70.0
80.0
47.0
56.0
4.0
-2.0
71.0
63.0
10.0
10.0
1.0
-23.0
18.0
34.0
51.0
77.0
25.0
-13.0
82.0
-52.0
-8.0
43.0
36.0
52.0
58.0
48.0
55.0
120.0
62.0
32.0
110.0
118.0
137.0
131.0
97.0
66.0
78.0
71.0
70.0
79.0
106.0
153.0
107.0
125.0
95.0
76.0
119.0
137.0
38.0
61.0
129.0
109.0
115.0
78.0
31.0
-2.0
-74.0
8.0
72.0
-37.0
31.0
87.0
102.0
130.0
122.0
120.0
82.0
95.0
124.0
102.0
71.0
24.0
88.0
87.0
76.0
93.0
126.0
90.0
91.0
96.0
69.0
61.0
60.0
78.0
78.0
116.0
90.0
44.0
98.0
107.0
108.0
108.0
75.0
76.0
46.0
42.0
62.0
71.0
54.0
119.0
174.0
137.0
107.0
93.0
87.0
117.0
164.0
73.0
78.0
91.0
82.0
94.0
18.0
27.0
50.0
18.0
48.0
25.0
67.0
103.0
22.0
157.0
119.0
97.0
84.0
66.0
55.0
91.0
93.0
82.0
40.0
64.0
34.0
-26.0
-32.0
10.0
-28.0
-32.0
-47.0
-12.0
82.0
16.0
21.0
52.0
35.0
36.0
28.0
67.0
-14.0
-56.0
50.0
88.0
18.0
15.0
24.0
11.0
25.0
59.0
70.0
36.0
40.0
107.0
109.0
129.0
64.0
49.0
140.0
79.0
124.0
131.0
128.0
94.0
42.0
14.0
124.0
175.0
180.0
200.0
136.0
121.0
106.0
96.0
125.0
146.0
101.0
96.0
130.0
123.0
190.0
242.0
145.0
76.0
158.0
157.0
106.0
135.0
118.0
87.0
90.0
129.0
135.0
109.0
120.0
134.0
134.0
95.0
87.0
13.0
114.0
177.0
107.0
119.0
88.0
53.0
80.0
91.0
54.0
108.0
159.0
117.0
61.0
52.0
96.0
89.0
138.0
134.0
37.0
1.0
122.0
119.0
105.0
106.0
101.0
86.0
61.0
107.0
108.0
11.0
58.0
43.0
40.0
26.0
110.0
114.0
87.0
115.0
36.0
-71.0
60.0
114.0
38.0
7.0
36.0
36.0
43.0
23.0
-10.0
-42.0
-72.0
-70.0
-16.0
-36.0
-89.0
-101.0
-125.0
-116.0
-71.0
-95.0
-94.0
-78.0
60.0
100.0
-27.0
-5.0
35.0
-11.0
-23.0
-8.0
-37.0
14.0
-33.0
-48.0
-13.0
