4 0.590519
5 0.618070
7 0.669048
9 0.711305
11 0.743250
13 0.765990
16 0.787592
20 0.803929
23 0.811941
28 0.822271
33 0.830566
38 0.836871
45 0.842724
52 0.845850
60 0.846779
69 0.845249
79 0.841247
91 0.834591
104 0.826481
119 0.817019
135 0.807525
154 0.797745
174 0.789429
198 0.781521
223 0.774630
252 0.767371
285 0.759541
321 0.751245
362 0.742248
407 0.732890
457 0.722521
513 0.710486
575 0.695971
645 0.677399
723 0.653421
809 0.623806
905 0.589523
1011 0.553010
1130 0.516561
1261 0.483003
1407 0.454312
1570 0.433221
1750 0.421193
