4 0.588627
5 0.612143
7 0.657204
9 0.695472
11 0.724336
13 0.746212
16 0.771574
20 0.798473
23 0.815885
28 0.840694
33 0.860049
38 0.874663
45 0.889269
52 0.898967
60 0.905792
69 0.910078
79 0.912677
91 0.914254
104 0.914880
119 0.914746
135 0.913908
154 0.912224
174 0.909905
198 0.906795
223 0.903510
252 0.899870
285 0.895897
321 0.891401
362 0.885560
407 0.878334
457 0.869420
513 0.858194
575 0.844217
645 0.827626
723 0.808335
809 0.786160
905 0.760788
1011 0.732949
1130 0.702661
1261 0.673359
1407 0.648944
1570 0.628138
1750 0.611653
