4 0.501815
5 0.529026
7 0.576504
9 0.615115
11 0.644459
13 0.666060
16 0.688751
20 0.709875
23 0.722889
28 0.742340
33 0.759295
38 0.773431
45 0.789057
52 0.800671
60 0.810593
69 0.819025
79 0.826167
91 0.832430
104 0.837039
119 0.840333
135 0.841826
154 0.841900
174 0.840314
198 0.836384
223 0.830816
252 0.823045
285 0.812421
321 0.799214
362 0.783615
407 0.767126
457 0.750508
513 0.733678
575 0.716224
645 0.697978
723 0.679014
809 0.659523
905 0.640351
1011 0.622798
1130 0.608007
1261 0.597465
1407 0.589638
1570 0.581071
1750 0.571906
