4 0.635431
5 0.624264
7 0.622469
9 0.628723
11 0.635072
13 0.639273
16 0.640918
20 0.637838
23 0.633274
28 0.623829
33 0.613779
38 0.604155
45 0.591573
52 0.579342
60 0.565561
69 0.550583
79 0.535284
91 0.519933
104 0.507985
119 0.500510
135 0.498981
154 0.502868
174 0.508624
198 0.512056
223 0.510589
252 0.505715
285 0.499712
321 0.493008
362 0.484583
407 0.475334
457 0.465748
513 0.456393
575 0.448200
645 0.442533
723 0.440899
809 0.441534
905 0.441670
1011 0.443720
1130 0.449804
1261 0.458243
1407 0.466781
1570 0.472901
