4 0.351186
5 0.353124
7 0.358681
9 0.376420
11 0.405531
13 0.441356
16 0.497787
20 0.564637
23 0.605567
28 0.658048
33 0.695291
38 0.722409
45 0.749291
52 0.767808
60 0.782535
69 0.793805
79 0.802090
91 0.808068
104 0.810832
119 0.810182
135 0.805811
154 0.797076
174 0.785809
198 0.772569
223 0.761979
252 0.755080
285 0.752636
321 0.753017
362 0.754237
407 0.754843
457 0.753375
513 0.748603
575 0.740454
645 0.729933
723 0.719517
809 0.710462
905 0.702615
1011 0.695278
1130 0.687492
1261 0.676879
1407 0.662550
1570 0.647067
