4 0.527480
5 0.556987
7 0.616477
9 0.665990
11 0.700252
13 0.726163
16 0.756794
20 0.788050
23 0.806444
28 0.829449
33 0.845403
38 0.856479
45 0.866156
52 0.871315
60 0.874027
69 0.874857
79 0.874367
91 0.872883
104 0.870763
119 0.867811
135 0.864078
154 0.859207
174 0.853763
198 0.846744
223 0.838791
252 0.828614
285 0.816261
321 0.803294
362 0.790561
407 0.779540
457 0.771394
513 0.767606
575 0.768137
645 0.771007
723 0.773958
809 0.775078
905 0.774255
1011 0.772406
1130 0.770487
1261 0.769041
1407 0.766916
1570 0.763631
