4 0.813886
5 0.785229
7 0.727177
9 0.702487
11 0.703002
13 0.718312
16 0.750722
20 0.788044
23 0.808418
28 0.830976
33 0.844049
38 0.851316
45 0.855669
52 0.855907
60 0.853190
69 0.847914
79 0.840548
91 0.830469
104 0.818258
119 0.802718
135 0.785198
154 0.764786
174 0.744807
198 0.722995
223 0.702252
252 0.680330
285 0.658630
321 0.638111
362 0.617366
407 0.597534
457 0.578443
513 0.559838
575 0.540390
645 0.518691
723 0.495603
809 0.473100
905 0.450836
1011 0.428705
1130 0.406931
1261 0.386736
1407 0.369815
1570 0.356528
1750 0.347979
