4 0.572804
5 0.567254
7 0.581430
9 0.613952
11 0.644423
13 0.669153
16 0.697619
20 0.725287
23 0.741145
28 0.761096
33 0.775090
38 0.784883
45 0.793808
52 0.798987
60 0.801878
69 0.802499
79 0.800785
91 0.796239
104 0.789083
119 0.778829
135 0.766298
154 0.749606
174 0.730328
198 0.705681
223 0.679578
252 0.650534
285 0.620992
321 0.594032
362 0.570152
407 0.551022
457 0.535804
513 0.522675
575 0.510544
645 0.500659
723 0.494633
809 0.494955
905 0.501286
1011 0.509839
1130 0.515725
1261 0.516029
1407 0.510324
1570 0.499446
1750 0.487644
