4 0.620137
5 0.642790
7 0.676867
9 0.700615
11 0.716600
13 0.726523
16 0.733798
20 0.736910
23 0.737659
28 0.736611
33 0.731820
38 0.723524
45 0.707991
52 0.690491
60 0.670194
69 0.647542
79 0.623390
91 0.597320
104 0.572647
119 0.548284
135 0.527440
154 0.508613
174 0.494518
198 0.484073
223 0.478901
252 0.477915
285 0.480690
321 0.485820
362 0.492245
407 0.498417
457 0.502802
513 0.502883
575 0.496450
645 0.482590
723 0.462928
809 0.441000
905 0.420136
1011 0.404262
1130 0.395845
1261 0.395021
1407 0.397522
1570 0.401116
