4 0.074847
5 0.117575
7 0.247301
9 0.401350
11 0.537004
13 0.639244
16 0.741830
20 0.819274
23 0.853463
28 0.887514
33 0.906529
38 0.917800
45 0.926739
52 0.931331
60 0.933691
69 0.934250
79 0.933305
91 0.930832
104 0.927111
119 0.921915
135 0.915649
154 0.907584
174 0.898446
198 0.886624
223 0.873455
252 0.857371
285 0.838580
321 0.818224
362 0.795954
407 0.773372
457 0.750952
513 0.728253
575 0.705234
645 0.681382
723 0.656565
809 0.629936
905 0.601235
1011 0.573888
1130 0.546619
1261 0.516820
1407 0.485600
1570 0.454931
