4 0.954402
5 0.937639
7 0.897208
9 0.864304
11 0.837362
13 0.814257
16 0.788527
20 0.761931
23 0.745500
28 0.721525
33 0.702218
38 0.687372
45 0.672316
52 0.661736
60 0.652817
69 0.645053
79 0.637869
91 0.630498
104 0.623354
119 0.615728
135 0.607765
154 0.597566
174 0.586461
198 0.573975
223 0.563881
252 0.557089
285 0.553920
321 0.553577
362 0.555341
407 0.560036
457 0.567557
513 0.578245
575 0.592314
645 0.610502
723 0.632238
809 0.654517
905 0.674594
1011 0.691070
1130 0.704480
1261 0.714573
1407 0.720375
1570 0.720404
1750 0.715443
