4 0.515759
5 0.548030
7 0.612231
9 0.668558
11 0.712660
13 0.744949
16 0.777515
20 0.803732
23 0.816091
28 0.828878
33 0.835843
38 0.839330
45 0.840563
52 0.839068
60 0.835153
69 0.828758
79 0.819886
91 0.807592
104 0.792983
119 0.775572
135 0.757773
154 0.738297
174 0.719882
198 0.700386
223 0.682508
252 0.663958
285 0.644129
321 0.623069
362 0.599783
407 0.575744
457 0.551763
513 0.528709
575 0.507363
645 0.487493
723 0.469011
809 0.452090
905 0.436327
1011 0.421746
1130 0.406532
1261 0.388588
1407 0.366663
1570 0.340217
1750 0.311439
