4 0.800241
5 0.752164
7 0.684147
9 0.665025
11 0.663674
13 0.667805
16 0.677991
20 0.692758
23 0.704209
28 0.723338
33 0.739999
38 0.752466
45 0.763062
52 0.767672
60 0.768125
69 0.765357
79 0.760596
91 0.754694
104 0.749361
119 0.744950
135 0.742577
154 0.743095
174 0.746602
198 0.752207
223 0.756593
252 0.756915
285 0.750721
321 0.738701
362 0.721484
407 0.699311
457 0.672562
513 0.642132
575 0.606242
645 0.566719
723 0.528304
809 0.493116
905 0.463538
1011 0.442730
1130 0.429626
1261 0.423209
1407 0.420981
1570 0.420647
1750 0.420956
