4 0.727141
5 0.781909
7 0.856300
9 0.899927
11 0.925912
13 0.941732
16 0.955865
20 0.966386
23 0.971133
28 0.975976
33 0.978780
38 0.980528
45 0.982007
52 0.982864
60 0.983434
69 0.983804
79 0.984014
91 0.984091
104 0.984039
119 0.983891
135 0.983658
154 0.983271
174 0.982723
198 0.981887
223 0.980827
252 0.979381
285 0.977566
321 0.975511
362 0.973183
407 0.970624
457 0.967574
513 0.963677
575 0.958852
645 0.953206
723 0.946966
809 0.940363
905 0.933614
1011 0.927162
1130 0.921008
1261 0.915320
1407 0.909898
1570 0.904971
1750 0.901384
