4 0.862202
5 0.864562
7 0.875494
9 0.886769
11 0.894670
13 0.899592
16 0.903805
20 0.907214
23 0.909349
28 0.912442
33 0.914616
38 0.915814
45 0.915940
52 0.914647
60 0.912168
69 0.908740
79 0.904469
91 0.898784
104 0.891965
119 0.883473
135 0.874151
154 0.863255
174 0.852168
198 0.839039
223 0.824938
252 0.807660
285 0.786854
321 0.763925
362 0.739252
407 0.714227
457 0.687879
513 0.660295
575 0.633348
645 0.608060
723 0.583114
809 0.558773
905 0.536141
1011 0.515605
1130 0.497014
1261 0.481528
1407 0.471200
1570 0.464120
1750 0.455971
