4 0.738373
5 0.746239
7 0.754002
9 0.758891
11 0.765461
13 0.773461
16 0.786521
20 0.803494
23 0.814157
28 0.826893
33 0.835290
38 0.841257
45 0.846585
52 0.849500
60 0.851772
69 0.853503
79 0.854365
91 0.853952
104 0.852115
119 0.848834
135 0.844524
154 0.839125
174 0.833574
198 0.827058
223 0.820296
252 0.812357
285 0.802928
321 0.792051
362 0.778856
407 0.763220
457 0.744015
513 0.720602
575 0.693569
645 0.663369
723 0.631207
809 0.597047
905 0.560540
1011 0.525338
1130 0.493996
1261 0.468935
1407 0.448032
1570 0.428053
1750 0.412512
