4 0.549132
5 0.566110
7 0.594879
9 0.621672
11 0.644555
13 0.662167
16 0.679542
20 0.690627
23 0.694156
28 0.696938
33 0.699853
38 0.703826
45 0.710398
52 0.717153
60 0.723895
69 0.729511
79 0.733214
91 0.734570
104 0.732928
119 0.728145
135 0.721094
154 0.711587
174 0.701076
198 0.688301
223 0.675360
252 0.661374
285 0.647072
321 0.633303
362 0.619577
407 0.606742
457 0.595333
513 0.585737
575 0.578187
645 0.572971
723 0.570391
809 0.569620
905 0.569411
1011 0.568696
1130 0.565121
1261 0.557124
1407 0.543746
1570 0.526573
1750 0.506567
