4 0.510644
5 0.507451
7 0.517575
9 0.538466
11 0.562922
13 0.586911
16 0.619633
20 0.659139
23 0.685708
28 0.720608
33 0.745058
38 0.763647
45 0.783560
52 0.797438
60 0.808199
69 0.815823
79 0.820620
91 0.823330
104 0.824018
119 0.823120
135 0.821135
154 0.818049
174 0.814248
198 0.809091
223 0.802757
252 0.794128
285 0.782650
321 0.768126
362 0.749785
407 0.728983
457 0.706846
513 0.685197
575 0.664950
645 0.645400
723 0.626154
809 0.607717
905 0.592395
1011 0.580878
1130 0.571964
1261 0.565128
1407 0.557308
1570 0.547717
