4 0.795986
5 0.827578
7 0.869818
9 0.895031
11 0.911144
13 0.922470
16 0.934755
20 0.946189
23 0.952210
28 0.958779
33 0.962573
38 0.964779
45 0.966258
52 0.966586
60 0.966194
69 0.965228
79 0.963795
91 0.961779
104 0.959404
119 0.956572
135 0.953580
154 0.950107
174 0.946429
198 0.941940
223 0.937087
252 0.931046
285 0.923749
321 0.915384
362 0.905325
407 0.894061
457 0.882366
513 0.870894
575 0.859613
645 0.847847
723 0.836263
809 0.824496
905 0.810705
1011 0.794599
1130 0.774675
1261 0.750685
1407 0.722459
1570 0.692088
