4 0.569280
5 0.564064
7 0.564391
9 0.568481
11 0.572845
13 0.576316
16 0.579020
20 0.578872
23 0.576796
28 0.571125
33 0.564853
38 0.558713
45 0.550816
52 0.543744
60 0.536242
69 0.528091
79 0.519166
91 0.508521
104 0.496821
119 0.482275
135 0.464824
154 0.441976
174 0.417916
198 0.392700
223 0.372413
252 0.355871
285 0.343122
321 0.333519
362 0.325853
407 0.318793
457 0.309971
513 0.300934
575 0.294562
645 0.290606
723 0.288492
809 0.286552
905 0.284910
1011 0.285772
1130 0.291074
1261 0.299879
1407 0.312723
1570 0.327647
1750 0.345386
