4 0.455281
5 0.440222
7 0.425002
9 0.417083
11 0.412146
13 0.408631
16 0.403491
20 0.394733
23 0.387443
28 0.375694
33 0.366172
38 0.359158
45 0.352506
52 0.348071
60 0.344533
69 0.341616
79 0.338925
91 0.335483
104 0.330944
119 0.323822
135 0.313402
154 0.298880
174 0.283053
198 0.264872
223 0.248096
252 0.231460
285 0.215059
321 0.199114
362 0.183931
407 0.171895
457 0.162707
513 0.155076
575 0.148017
645 0.139583
723 0.129272
809 0.117936
905 0.108854
1011 0.104817
1130 0.107324
1261 0.115991
1407 0.131508
1570 0.151300
