4 0.754273
5 0.766247
7 0.796546
9 0.825051
11 0.847309
13 0.863802
16 0.881274
20 0.896698
23 0.904825
28 0.914635
33 0.921579
38 0.926681
45 0.931709
52 0.935023
60 0.937416
69 0.938969
79 0.939835
91 0.940148
104 0.939919
119 0.939196
135 0.938093
154 0.936493
174 0.934551
198 0.932023
223 0.929295
252 0.925906
285 0.921568
321 0.916192
362 0.909180
407 0.900292
457 0.889223
513 0.875840
575 0.860228
645 0.842089
723 0.822408
809 0.802620
905 0.783050
1011 0.764091
1130 0.745171
1261 0.725363
1407 0.703174
1570 0.675060
