4 0.626801
5 0.663491
7 0.698639
9 0.713211
11 0.720537
13 0.725124
16 0.731322
20 0.743449
23 0.755940
28 0.780310
33 0.804426
38 0.824994
45 0.846220
52 0.860746
60 0.872454
69 0.881552
79 0.888595
91 0.894291
104 0.898132
119 0.900644
135 0.901926
154 0.902360
174 0.902095
198 0.901244
223 0.899862
252 0.897562
285 0.894360
321 0.890778
362 0.886758
407 0.882233
457 0.877168
513 0.871950
575 0.866847
645 0.861578
723 0.855493
809 0.848023
905 0.838921
1011 0.828576
1130 0.817434
1261 0.806013
1407 0.794628
1570 0.783672
1750 0.772115
