4 0.698351
5 0.704089
7 0.711855
9 0.716681
11 0.720948
13 0.726304
16 0.737455
20 0.756001
23 0.769686
28 0.788726
33 0.805246
38 0.822557
45 0.846342
52 0.865996
60 0.883468
69 0.898160
79 0.910101
91 0.920106
104 0.927397
119 0.932896
135 0.936694
154 0.939695
174 0.941923
198 0.943941
223 0.945542
252 0.946814
285 0.947568
321 0.947733
362 0.947112
407 0.945661
457 0.943541
513 0.940936
575 0.937766
645 0.933853
723 0.929095
809 0.923374
905 0.916592
1011 0.909230
1130 0.901815
1261 0.894879
1407 0.888456
1570 0.882355
1750 0.875728
