4 0.652745
5 0.646775
7 0.652914
9 0.665229
11 0.675336
13 0.682983
16 0.691472
20 0.699618
23 0.704080
28 0.708907
33 0.711331
38 0.712030
45 0.710828
52 0.707937
60 0.703660
69 0.698738
79 0.694133
91 0.690427
104 0.688574
119 0.688527
135 0.689971
154 0.692746
174 0.696297
198 0.700776
223 0.705413
252 0.710703
285 0.716622
321 0.723035
362 0.730618
407 0.738974
457 0.746132
513 0.750199
575 0.750200
645 0.745186
723 0.734700
809 0.719596
905 0.701774
1011 0.684546
1130 0.670406
1261 0.660159
1407 0.651929
1570 0.644262
