4 0.438781
5 0.481325
7 0.550628
9 0.606906
11 0.649238
13 0.679113
16 0.707601
20 0.726701
23 0.732853
28 0.734491
33 0.730185
38 0.722732
45 0.709425
52 0.694445
60 0.676803
69 0.657228
79 0.636269
91 0.612710
104 0.589555
119 0.566161
135 0.545130
154 0.525061
174 0.508862
198 0.494582
223 0.483683
252 0.473574
285 0.463092
321 0.453449
362 0.446543
407 0.443657
457 0.443676
513 0.445542
575 0.447692
645 0.449387
723 0.452909
809 0.458797
905 0.466086
1011 0.472596
1130 0.477296
1261 0.480178
1407 0.481884
1570 0.484830
1750 0.491132
