4 0.795716
5 0.802726
7 0.807159
9 0.805318
11 0.801856
13 0.798832
16 0.796136
20 0.794616
23 0.793436
28 0.789870
33 0.785403
38 0.781219
45 0.775248
52 0.768325
60 0.759714
69 0.749915
79 0.739201
91 0.726968
104 0.715194
119 0.704415
135 0.696692
154 0.690986
174 0.686587
198 0.683161
223 0.681357
252 0.680290
285 0.679601
321 0.679182
362 0.679214
407 0.679742
457 0.681769
513 0.686318
575 0.692864
645 0.700721
723 0.708547
809 0.715743
905 0.722388
1011 0.728542
1130 0.733725
1261 0.737152
1407 0.738910
1570 0.739322
1750 0.737825
