4 0.391223
5 0.351293
7 0.318441
9 0.318674
11 0.328347
13 0.340973
16 0.363223
20 0.398728
23 0.427269
28 0.469769
33 0.501945
38 0.525539
45 0.548548
52 0.563186
60 0.573212
69 0.577755
79 0.577813
91 0.574822
104 0.571850
119 0.571408
135 0.575047
154 0.583393
174 0.593736
198 0.604491
223 0.611436
252 0.614498
285 0.614642
321 0.613160
362 0.610197
407 0.605944
457 0.600815
513 0.594838
575 0.588818
645 0.584008
723 0.581068
809 0.580378
905 0.581324
1011 0.581631
1130 0.579465
1261 0.574262
1407 0.564468
1570 0.549538
