4 0.553230
5 0.578517
7 0.637067
9 0.683726
11 0.713640
13 0.732632
16 0.750835
20 0.767757
23 0.778443
28 0.792880
33 0.802852
38 0.809429
45 0.814239
52 0.815214
60 0.813438
69 0.809457
79 0.803876
91 0.796428
104 0.788021
119 0.778334
135 0.768288
154 0.756855
174 0.745182
198 0.731551
223 0.718221
252 0.704308
285 0.690473
321 0.677578
362 0.665167
407 0.654048
457 0.644835
513 0.638597
575 0.636833
645 0.640251
723 0.648911
809 0.661290
905 0.675265
1011 0.688585
1130 0.700010
1261 0.708113
1407 0.712161
1570 0.711021
1750 0.703054
