4 0.487212
5 0.489425
7 0.521125
9 0.570526
11 0.619313
13 0.657725
16 0.695663
20 0.727808
23 0.747854
28 0.781265
33 0.812954
38 0.839096
45 0.867232
52 0.888076
60 0.904869
69 0.917679
79 0.926997
91 0.933637
104 0.937240
119 0.938426
135 0.937334
154 0.934052
174 0.929617
198 0.924803
223 0.921576
252 0.919880
285 0.919089
321 0.918588
362 0.918571
407 0.919217
457 0.920301
513 0.922033
575 0.924398
645 0.927109
723 0.929839
809 0.932555
905 0.935629
1011 0.939351
1130 0.943658
1261 0.947986
1407 0.951925
1570 0.955156
