4 0.686973
5 0.724068
7 0.782769
9 0.821637
11 0.847590
13 0.865997
16 0.885207
20 0.901677
23 0.909946
28 0.919154
33 0.924838
38 0.928330
45 0.930908
52 0.931811
60 0.931612
69 0.930462
79 0.928510
91 0.925565
104 0.921841
119 0.916954
135 0.911087
154 0.903263
174 0.894233
198 0.882778
223 0.870794
252 0.857596
285 0.843894
321 0.830216
362 0.815675
407 0.801143
457 0.786803
513 0.772390
575 0.758971
645 0.746758
723 0.734044
809 0.718744
905 0.699700
1011 0.677509
1130 0.653769
1261 0.631428
1407 0.610977
1570 0.589742
1750 0.572068
