4 0.588330
5 0.595453
7 0.618340
9 0.648403
11 0.680956
13 0.712428
16 0.753622
20 0.795018
23 0.817159
28 0.842655
33 0.859248
38 0.870387
45 0.880169
52 0.885618
60 0.888550
69 0.889349
79 0.888496
91 0.886185
104 0.882910
119 0.878697
135 0.873923
154 0.867818
174 0.860829
198 0.851722
223 0.841545
252 0.829239
285 0.814967
321 0.799557
362 0.783068
407 0.766982
457 0.751084
513 0.735366
575 0.719320
645 0.701475
723 0.680135
809 0.653950
905 0.624071
1011 0.594415
1130 0.568994
1261 0.552478
1407 0.545714
1570 0.545456
