4 0.365682
5 0.365677
7 0.374028
9 0.385777
11 0.400093
13 0.417289
16 0.446913
20 0.484680
23 0.504360
28 0.517913
33 0.519001
38 0.517939
45 0.514924
52 0.508295
60 0.497978
69 0.485410
79 0.472148
91 0.459223
104 0.449058
119 0.441759
135 0.437169
154 0.433435
174 0.429215
198 0.422136
223 0.411771
252 0.396085
285 0.376374
321 0.356393
362 0.336656
407 0.318228
457 0.301141
513 0.284008
575 0.264948
645 0.246574
723 0.235483
809 0.230197
905 0.227478
1011 0.227638
1130 0.232670
1261 0.242817
1407 0.257620
1570 0.277172
1750 0.300933
