4 0.585640
5 0.584937
7 0.579893
9 0.575089
11 0.574114
13 0.577888
16 0.591094
20 0.616170
23 0.634605
28 0.657136
33 0.670327
38 0.679297
45 0.687665
52 0.691251
60 0.692021
69 0.690980
79 0.689004
91 0.686511
104 0.684907
119 0.683802
135 0.682698
154 0.681047
174 0.678557
198 0.675420
223 0.672590
252 0.669739
285 0.666569
321 0.662858
362 0.658058
407 0.651659
457 0.642751
513 0.631910
575 0.620634
645 0.608909
723 0.597654
809 0.587271
905 0.577440
1011 0.568121
1130 0.558605
1261 0.546475
1407 0.530603
1570 0.511105
1750 0.489280
