4 0.507706
5 0.523601
7 0.551714
9 0.574590
11 0.592694
13 0.606210
16 0.618805
20 0.624600
23 0.623184
28 0.616002
33 0.609314
38 0.603935
45 0.595502
52 0.586806
60 0.577469
69 0.567826
79 0.557775
91 0.546057
104 0.534123
119 0.522112
135 0.511502
154 0.501759
174 0.493925
198 0.487020
223 0.482315
252 0.480501
285 0.482709
321 0.488298
362 0.496261
407 0.505490
457 0.516109
513 0.528751
575 0.542075
645 0.554362
723 0.563832
809 0.571073
905 0.576005
1011 0.576361
1130 0.571835
1261 0.566284
1407 0.564372
1570 0.568447
