4 0.685849
5 0.692785
7 0.725760
9 0.762041
11 0.794359
13 0.821756
16 0.854035
20 0.883464
23 0.898223
28 0.914528
33 0.924989
38 0.932288
45 0.939426
52 0.944432
60 0.948469
69 0.951519
79 0.953667
91 0.955164
104 0.955950
119 0.956347
135 0.956863
154 0.958151
174 0.960276
198 0.963119
223 0.965686
252 0.967976
285 0.969982
321 0.971723
362 0.973320
407 0.974719
457 0.975932
513 0.977046
575 0.978134
645 0.979267
723 0.980546
809 0.981938
905 0.983474
1011 0.985052
1130 0.986609
1261 0.988073
1407 0.989442
1570 0.990715
