4 0.690664
5 0.733956
7 0.801333
9 0.843378
11 0.870551
13 0.889261
16 0.908196
20 0.923936
23 0.931643
28 0.940150
33 0.945429
38 0.948765
45 0.951532
52 0.953078
60 0.953987
69 0.954321
79 0.954231
91 0.953946
104 0.953762
119 0.953800
135 0.954109
154 0.954737
174 0.955529
198 0.956390
223 0.957010
252 0.957318
285 0.957187
321 0.956682
362 0.955876
407 0.954944
457 0.954113
513 0.953602
575 0.953394
645 0.953390
723 0.953545
809 0.953545
905 0.953244
1011 0.952762
1130 0.952136
1261 0.951211
1407 0.949872
1570 0.947913
