4 0.511417
5 0.547973
7 0.620623
9 0.671546
11 0.702530
13 0.722289
16 0.742377
20 0.763363
23 0.777627
28 0.797486
33 0.811426
38 0.820842
45 0.828791
52 0.832611
60 0.833908
69 0.832977
79 0.830347
91 0.826107
104 0.820914
119 0.814826
135 0.808606
154 0.801654
174 0.794525
198 0.786063
223 0.777310
252 0.767076
285 0.755455
321 0.743010
362 0.729167
407 0.714328
457 0.698160
513 0.680469
575 0.661531
645 0.640922
723 0.618504
809 0.594230
905 0.565990
1011 0.530508
1130 0.488820
1261 0.447157
1407 0.408904
1570 0.376116
