4 0.599983
5 0.626355
7 0.683612
9 0.724166
11 0.747873
13 0.762002
16 0.775486
20 0.790606
23 0.802377
28 0.819593
33 0.831430
38 0.839575
45 0.846592
52 0.849896
60 0.851171
69 0.850709
79 0.849203
91 0.846997
104 0.844734
119 0.842615
135 0.840910
154 0.839409
174 0.838135
198 0.836648
223 0.834894
252 0.832418
285 0.828986
321 0.824939
362 0.820043
407 0.814197
457 0.806765
513 0.797344
575 0.786111
645 0.773225
723 0.759001
809 0.743476
905 0.726886
1011 0.710315
1130 0.694764
1261 0.681973
1407 0.671005
1570 0.660246
1750 0.648460
