4 0.373544
5 0.338836
7 0.302333
9 0.296442
11 0.301365
13 0.309188
16 0.324014
20 0.352883
23 0.379617
28 0.420636
33 0.451056
38 0.475719
45 0.502339
52 0.520979
60 0.536286
69 0.548603
79 0.559182
91 0.569705
104 0.579905
119 0.591313
135 0.603574
154 0.617883
174 0.632144
198 0.647789
223 0.662150
252 0.676693
285 0.691597
321 0.706381
362 0.721237
407 0.735158
457 0.748084
513 0.759950
575 0.770675
645 0.780354
723 0.789348
809 0.798154
905 0.806907
1011 0.815184
1130 0.822557
1261 0.828445
1407 0.833275
1570 0.837225
1750 0.839897
