4 0.760348
5 0.791085
7 0.831017
9 0.854614
11 0.869285
13 0.878980
16 0.888457
20 0.896193
23 0.900181
28 0.905114
33 0.908392
38 0.910090
45 0.910243
52 0.908758
60 0.906154
69 0.902884
79 0.899254
91 0.894890
104 0.890018
119 0.884388
135 0.878715
154 0.872749
174 0.867900
198 0.864186
223 0.862274
252 0.861533
285 0.861222
321 0.860457
362 0.858566
407 0.855290
457 0.850309
513 0.842893
575 0.833287
645 0.823069
723 0.814571
809 0.807324
905 0.799257
1011 0.788528
1130 0.773680
1261 0.755773
1407 0.734684
1570 0.713622
