4 0.810110
5 0.831775
7 0.861285
9 0.879504
11 0.891089
13 0.898890
16 0.906772
20 0.913590
23 0.917286
28 0.921986
33 0.925176
38 0.926878
45 0.927123
52 0.925787
60 0.923432
69 0.920572
79 0.917537
91 0.914062
104 0.910360
119 0.906224
135 0.902171
154 0.898037
174 0.894825
198 0.892507
223 0.891340
252 0.890587
285 0.889415
321 0.887273
362 0.883711
407 0.878201
457 0.870024
513 0.858475
575 0.843473
645 0.825790
723 0.807584
809 0.788358
905 0.764747
1011 0.735447
1130 0.700761
1261 0.664607
1407 0.625870
1570 0.583157
