4 0.691001
5 0.718426
7 0.759350
9 0.788422
11 0.809302
13 0.823742
16 0.836668
20 0.845581
23 0.849895
28 0.854148
33 0.855684
38 0.855590
45 0.853672
52 0.850642
60 0.846628
69 0.841838
79 0.836422
91 0.829902
104 0.822671
119 0.813884
135 0.803963
154 0.791611
174 0.778999
198 0.765213
223 0.752341
252 0.738923
285 0.724711
321 0.710246
362 0.695885
407 0.682970
457 0.672126
513 0.665173
575 0.663926
645 0.669255
723 0.680712
809 0.696563
905 0.715411
1011 0.734333
1130 0.751027
1261 0.763323
1407 0.770360
1570 0.773477
