4 0.374279
5 0.392603
7 0.454895
9 0.527659
11 0.591297
13 0.641330
16 0.695339
20 0.741134
23 0.763439
28 0.786703
33 0.799430
38 0.806199
45 0.809937
52 0.809599
60 0.806326
69 0.800590
79 0.792998
91 0.783546
104 0.773905
119 0.764038
135 0.754829
154 0.745141
174 0.736109
198 0.726872
223 0.719294
252 0.713068
285 0.708698
321 0.706011
362 0.704061
407 0.702334
457 0.700726
513 0.699513
575 0.699405
645 0.700493
723 0.702001
809 0.703006
905 0.703027
1011 0.701586
1130 0.698487
1261 0.693246
1407 0.685657
1570 0.674534
1750 0.660338
