4 0.773155
5 0.738904
7 0.667371
9 0.630749
11 0.618021
13 0.622963
16 0.650139
20 0.691836
23 0.719093
28 0.753362
33 0.776233
38 0.791418
45 0.804845
52 0.812885
60 0.818175
69 0.820782
79 0.820727
91 0.818104
104 0.813538
119 0.807372
135 0.800892
154 0.793913
174 0.787319
198 0.780204
223 0.773529
252 0.766916
285 0.760352
321 0.753844
362 0.747340
407 0.741810
457 0.737425
513 0.732479
575 0.725854
645 0.718325
723 0.710237
809 0.701629
905 0.690931
1011 0.676906
1130 0.660820
1261 0.645487
1407 0.632208
1570 0.622283
