4 0.892199
5 0.846004
7 0.745276
9 0.681620
11 0.647123
13 0.630401
16 0.630202
20 0.651371
23 0.672843
28 0.707544
33 0.736532
38 0.759004
45 0.781512
52 0.796359
60 0.807237
69 0.814974
79 0.820724
91 0.825624
104 0.829524
119 0.832928
135 0.835843
154 0.838724
174 0.841294
198 0.844023
223 0.846613
252 0.849294
285 0.851756
321 0.853794
362 0.855831
407 0.858017
457 0.860121
513 0.861678
575 0.861973
645 0.860425
723 0.857348
809 0.853090
905 0.847204
1011 0.839085
1130 0.828062
1261 0.815174
1407 0.801764
1570 0.790500
1750 0.783107
