4 0.402390
5 0.348845
7 0.284292
9 0.262595
11 0.258230
13 0.260709
16 0.270781
20 0.291620
23 0.309819
28 0.336916
33 0.360540
38 0.384559
45 0.413599
52 0.437676
60 0.459897
69 0.478201
79 0.492205
91 0.504342
104 0.515665
119 0.528385
135 0.541836
154 0.558207
174 0.574937
198 0.591471
223 0.602676
252 0.609762
285 0.614328
321 0.617721
362 0.619684
407 0.619877
457 0.620011
513 0.620831
575 0.623003
645 0.626131
723 0.628040
809 0.626658
905 0.619693
1011 0.604628
1130 0.579704
1261 0.545669
1407 0.502599
1570 0.451623
