4 0.527577
5 0.549196
7 0.599115
9 0.649654
11 0.695307
13 0.733619
16 0.778252
20 0.819749
23 0.841580
28 0.866365
33 0.881650
38 0.890853
45 0.897137
52 0.898674
60 0.897371
69 0.894302
79 0.890575
91 0.886801
104 0.883768
119 0.881058
135 0.878445
154 0.875279
174 0.871611
198 0.866565
223 0.860496
252 0.852536
285 0.842511
321 0.830922
362 0.818164
407 0.805521
457 0.793676
513 0.783832
575 0.777615
645 0.775801
723 0.777689
809 0.781152
905 0.784539
1011 0.787254
1130 0.789185
1261 0.790518
1407 0.791441
1570 0.792655
