4 0.707527
5 0.741794
7 0.803204
9 0.848534
11 0.879062
13 0.899801
16 0.919836
20 0.935543
23 0.943049
28 0.951380
33 0.956745
38 0.960406
45 0.963764
52 0.965827
60 0.967217
69 0.968018
79 0.968349
91 0.968302
104 0.967917
119 0.967202
135 0.966235
154 0.964865
174 0.963179
198 0.960825
223 0.957981
252 0.954217
285 0.949523
321 0.944082
362 0.937508
407 0.929923
457 0.921161
513 0.911231
575 0.900465
645 0.888407
723 0.874472
809 0.857498
905 0.837413
1011 0.815759
1130 0.793860
1261 0.774023
1407 0.757762
1570 0.740469
