4 0.709318
5 0.742796
7 0.802138
9 0.845900
11 0.875544
13 0.895825
16 0.915607
20 0.931372
23 0.939019
28 0.947579
33 0.953117
38 0.956881
45 0.960300
52 0.962377
60 0.963763
69 0.964558
79 0.964884
91 0.964846
104 0.964509
119 0.963918
135 0.963163
154 0.962148
174 0.960942
198 0.959280
223 0.957297
252 0.954720
285 0.951531
321 0.947741
362 0.943061
407 0.937527
457 0.930888
513 0.922956
575 0.913729
645 0.902998
723 0.890611
809 0.875899
905 0.858365
1011 0.839127
1130 0.819213
1261 0.801168
1407 0.786637
1570 0.772082
1750 0.756030
