4 0.368297
5 0.358508
7 0.351055
9 0.367800
11 0.401610
13 0.448121
16 0.531735
20 0.642528
23 0.712036
28 0.795917
33 0.848997
38 0.882549
45 0.910805
52 0.927170
60 0.938220
69 0.945366
79 0.949615
91 0.951669
104 0.951451
119 0.949022
135 0.944668
154 0.937977
174 0.929750
198 0.918571
223 0.905326
252 0.887741
285 0.864947
321 0.837098
362 0.802410
407 0.762409
457 0.717230
513 0.668364
575 0.619048
645 0.568411
723 0.516666
809 0.463873
905 0.409517
1011 0.356794
1130 0.307984
1261 0.268088
1407 0.238620
1570 0.220248
