4 0.833914
5 0.844543
7 0.867533
9 0.889294
11 0.907231
13 0.920941
16 0.936238
20 0.951182
23 0.959344
28 0.968550
33 0.974189
38 0.977826
45 0.981027
52 0.982971
60 0.984334
69 0.985241
79 0.985796
91 0.986104
104 0.986158
119 0.985959
135 0.985517
154 0.984797
174 0.983923
198 0.982796
223 0.981540
252 0.979925
285 0.977823
321 0.975259
362 0.972190
407 0.968776
457 0.965067
513 0.961047
575 0.956868
645 0.952795
723 0.949078
809 0.945316
905 0.941266
1011 0.937171
1130 0.933152
1261 0.929178
1407 0.925091
1570 0.920509
1750 0.915632
