4 0.446844
5 0.494919
7 0.597833
9 0.696695
11 0.775857
13 0.833306
16 0.889527
20 0.931073
23 0.948810
28 0.965931
33 0.975350
38 0.981058
45 0.985903
52 0.988856
60 0.991039
69 0.992673
79 0.993914
91 0.994928
104 0.995656
119 0.996195
135 0.996549
154 0.996775
174 0.996843
198 0.996732
223 0.996437
252 0.995952
285 0.995405
321 0.994999
362 0.994679
407 0.994236
457 0.993658
513 0.993117
575 0.992467
645 0.991703
723 0.990953
809 0.990156
905 0.989390
1011 0.988567
1130 0.987599
1261 0.986464
1407 0.985097
1570 0.983629
