4 0.353845
5 0.415892
7 0.514996
9 0.591960
11 0.656864
13 0.709508
16 0.767396
20 0.819177
23 0.846633
28 0.877834
33 0.897434
38 0.910318
45 0.921893
52 0.928826
60 0.933231
69 0.935443
79 0.935843
91 0.934622
104 0.931997
119 0.927846
135 0.922470
154 0.915234
174 0.906957
198 0.896344
223 0.884835
252 0.871539
285 0.857026
321 0.842291
362 0.826838
407 0.811100
457 0.794179
513 0.774849
575 0.752347
645 0.725969
723 0.695460
809 0.658670
905 0.614898
1011 0.566858
1130 0.518477
1261 0.476373
1407 0.441592
1570 0.411633
