4 0.450886
5 0.504050
7 0.586890
9 0.650199
11 0.703282
13 0.746520
16 0.794355
20 0.837791
23 0.861430
28 0.889029
33 0.906796
38 0.918617
45 0.929291
52 0.935752
60 0.939932
69 0.942114
79 0.942654
91 0.941753
104 0.939634
119 0.936234
135 0.931809
154 0.925865
174 0.919054
198 0.910173
223 0.900270
252 0.888440
285 0.874987
321 0.860725
362 0.845261
407 0.829054
457 0.811150
513 0.790138
575 0.765231
645 0.735707
723 0.701313
809 0.660097
905 0.611591
1011 0.559105
1130 0.506748
1261 0.461286
1407 0.423369
1570 0.391049
