4 0.610980
5 0.567436
7 0.525240
9 0.519503
11 0.519932
13 0.519894
16 0.517362
20 0.510835
23 0.506951
28 0.506784
33 0.513456
38 0.522876
45 0.536310
52 0.548282
60 0.559558
69 0.569515
79 0.578071
91 0.586157
104 0.593093
119 0.598921
135 0.602701
154 0.604582
174 0.604270
198 0.601851
223 0.597933
252 0.592336
285 0.584934
321 0.575389
362 0.562675
407 0.546701
457 0.526733
513 0.502352
575 0.474151
645 0.441965
723 0.407975
809 0.373748
905 0.339645
1011 0.307620
1130 0.279638
1261 0.258444
1407 0.243831
1570 0.234760
1750 0.231907
