4 0.484220
5 0.549319
7 0.648994
9 0.715849
11 0.761657
13 0.794288
16 0.827607
20 0.854168
23 0.866416
28 0.878811
33 0.885002
38 0.887523
45 0.888070
52 0.887217
60 0.886076
69 0.885249
79 0.884651
91 0.883822
104 0.882357
119 0.879601
135 0.875092
154 0.867419
174 0.856785
198 0.841086
223 0.822455
252 0.800079
285 0.776152
321 0.752883
362 0.728759
407 0.703334
457 0.675103
513 0.641952
575 0.602044
645 0.553293
723 0.498021
809 0.443126
905 0.395191
1011 0.358912
1130 0.331179
1261 0.309177
1407 0.295580
1570 0.294979
