4 0.585837
5 0.603794
7 0.648206
9 0.692421
11 0.731576
13 0.764631
16 0.803205
20 0.838309
23 0.856086
28 0.874873
33 0.885024
38 0.890549
45 0.894584
52 0.896566
60 0.897945
69 0.899261
79 0.900429
91 0.901157
104 0.900934
119 0.899363
135 0.896216
154 0.890798
174 0.883460
198 0.872835
223 0.860392
252 0.845371
285 0.829084
321 0.813429
362 0.798000
407 0.783101
457 0.768246
513 0.752407
575 0.733428
645 0.708344
723 0.677356
809 0.644920
905 0.614938
1011 0.590634
1130 0.570788
1261 0.552539
1407 0.536028
1570 0.524968
