4 0.687308
5 0.672343
7 0.666656
9 0.680204
11 0.699061
13 0.716395
16 0.737096
20 0.757971
23 0.770088
28 0.785005
33 0.795176
38 0.802209
45 0.808598
52 0.812290
60 0.814927
69 0.817106
79 0.819012
91 0.820326
104 0.820419
119 0.818845
135 0.815261
154 0.808811
174 0.799906
198 0.786893
223 0.771323
252 0.750898
285 0.725404
321 0.696079
362 0.662263
407 0.625544
457 0.585887
513 0.544269
575 0.503907
645 0.466592
723 0.433363
809 0.405075
905 0.382130
1011 0.365572
1130 0.354871
1261 0.350797
1407 0.355324
1570 0.370191
