4 0.162861
5 0.222809
7 0.372474
9 0.525693
11 0.646658
13 0.732198
16 0.815116
20 0.877518
23 0.904936
28 0.932194
33 0.947668
38 0.957306
45 0.965795
52 0.971177
60 0.975348
69 0.978658
79 0.981332
91 0.983659
104 0.985477
119 0.986992
135 0.988160
154 0.989124
174 0.989741
198 0.990039
223 0.989961
252 0.989546
285 0.988890
321 0.988141
362 0.987243
407 0.986196
457 0.985194
513 0.984320
575 0.983378
645 0.982318
723 0.981145
809 0.979911
905 0.978609
1011 0.977103
1130 0.975256
1261 0.973012
1407 0.970238
1570 0.967059
