4 0.633649
5 0.617137
7 0.595405
9 0.589604
11 0.591311
13 0.596207
16 0.606819
20 0.624198
23 0.638045
28 0.659691
33 0.677340
38 0.690914
45 0.704204
52 0.712020
60 0.716286
69 0.717403
79 0.716011
91 0.712245
104 0.706678
119 0.699074
135 0.690230
154 0.679980
174 0.670251
198 0.660264
223 0.651871
252 0.644756
285 0.639607
321 0.636540
362 0.635270
407 0.636018
457 0.639090
513 0.644921
575 0.653533
645 0.664657
723 0.676786
809 0.688503
905 0.698713
1011 0.706420
1130 0.711706
1261 0.714480
1407 0.715980
1570 0.717669
