4 0.993184
5 0.992006
7 0.992104
9 0.993631
11 0.995083
13 0.996181
16 0.997189
20 0.997920
23 0.998241
28 0.998591
33 0.998815
38 0.998957
45 0.999068
52 0.999119
60 0.999135
69 0.999122
79 0.999087
91 0.999034
104 0.998973
119 0.998905
135 0.998840
154 0.998770
174 0.998703
198 0.998626
223 0.998550
252 0.998463
285 0.998359
321 0.998233
362 0.998075
407 0.997888
457 0.997667
513 0.997409
575 0.997105
645 0.996733
723 0.996299
809 0.995816
905 0.995297
1011 0.994774
1130 0.994273
1261 0.993872
1407 0.993603
1570 0.993473
