4 0.736161
5 0.747818
7 0.758841
9 0.763079
11 0.766996
13 0.771516
16 0.778877
20 0.788159
23 0.793002
28 0.796084
33 0.795442
38 0.792820
45 0.785781
52 0.776003
60 0.764218
69 0.751103
79 0.737825
91 0.724665
104 0.712720
119 0.702007
135 0.692462
154 0.680267
174 0.666452
198 0.650167
223 0.634034
252 0.615652
285 0.593924
321 0.569575
362 0.541885
407 0.512111
457 0.481772
513 0.451474
575 0.423230
645 0.398363
723 0.376822
809 0.358828
905 0.344546
1011 0.333831
1130 0.326328
1261 0.321542
1407 0.319346
1570 0.318987
