4 0.660732
5 0.681244
7 0.729217
9 0.766193
11 0.791817
13 0.809802
16 0.828435
20 0.844837
23 0.853747
28 0.864910
33 0.873009
38 0.878769
45 0.883585
52 0.885632
60 0.885899
69 0.884798
79 0.882770
91 0.879705
104 0.875662
119 0.870098
135 0.863201
154 0.854140
174 0.844039
198 0.831402
223 0.817488
252 0.800311
285 0.779702
321 0.757177
362 0.732851
407 0.708130
457 0.683428
513 0.659634
575 0.638252
645 0.619948
723 0.604412
809 0.591697
905 0.581173
1011 0.571911
1130 0.562095
1261 0.551344
1407 0.538369
1570 0.521733
1750 0.498422
