4 0.576343
5 0.536872
7 0.509028
9 0.515042
11 0.530434
13 0.548608
16 0.576641
20 0.610587
23 0.631693
28 0.657671
33 0.675142
38 0.687514
45 0.699585
52 0.707495
60 0.712419
69 0.713965
79 0.712715
91 0.708837
104 0.702694
119 0.694170
135 0.684841
154 0.674346
174 0.664415
198 0.654135
223 0.645218
252 0.636630
285 0.628121
321 0.619726
362 0.611096
407 0.602718
457 0.594739
513 0.587429
575 0.581112
645 0.576012
723 0.572558
809 0.570167
905 0.568031
1011 0.564728
1130 0.558721
1261 0.549061
1407 0.535073
1570 0.518119
