4 0.491812
5 0.526313
7 0.596922
9 0.656346
11 0.700518
13 0.732519
16 0.764829
20 0.790088
23 0.801541
28 0.812739
33 0.818083
38 0.820090
45 0.819770
52 0.817453
60 0.813525
69 0.808287
79 0.801903
91 0.793558
104 0.783646
119 0.771173
135 0.756566
154 0.738180
174 0.718897
198 0.696949
223 0.675564
252 0.652694
285 0.629837
321 0.610507
362 0.596240
407 0.587415
457 0.582162
513 0.577064
575 0.569564
645 0.558498
723 0.544200
809 0.527079
905 0.508864
1011 0.491585
1130 0.477370
1261 0.470986
1407 0.476150
1570 0.494253
