4 0.710083
5 0.712122
7 0.725930
9 0.745587
11 0.767584
13 0.790113
16 0.821764
20 0.856917
23 0.877430
28 0.901762
33 0.917928
38 0.929320
45 0.940305
52 0.947809
60 0.953548
69 0.957687
79 0.960528
91 0.962520
104 0.963757
119 0.964610
135 0.965236
154 0.965808
174 0.966254
198 0.966650
223 0.967118
252 0.967746
285 0.968501
321 0.969396
362 0.970459
407 0.971562
457 0.972466
513 0.972976
575 0.973078
645 0.972882
723 0.972492
809 0.971887
905 0.971123
1011 0.970314
1130 0.969307
1261 0.968100
1407 0.966886
1570 0.965727
