4 0.285002
5 0.278175
7 0.271473
9 0.269466
11 0.270735
13 0.274441
16 0.283325
20 0.298896
23 0.312050
28 0.335485
33 0.359636
38 0.383797
45 0.416003
52 0.443727
60 0.468126
69 0.485891
79 0.495082
91 0.495479
104 0.487978
119 0.475145
135 0.460474
154 0.443518
174 0.426464
198 0.407769
223 0.391232
252 0.375958
285 0.362515
321 0.350849
362 0.339798
407 0.328692
457 0.317300
513 0.306464
575 0.296913
645 0.288408
723 0.281174
809 0.275815
905 0.271441
1011 0.262997
1130 0.247418
1261 0.225734
1407 0.201913
1570 0.182302
