4 0.604578
5 0.657896
7 0.743273
9 0.803269
11 0.843539
13 0.870773
16 0.897419
20 0.919108
23 0.929877
28 0.942129
33 0.950014
38 0.955174
45 0.959568
52 0.961999
60 0.963404
69 0.963971
79 0.963839
91 0.962996
104 0.961503
119 0.959181
135 0.956042
154 0.951495
174 0.945976
198 0.938602
223 0.930121
252 0.919328
285 0.906131
321 0.891119
362 0.874036
407 0.856149
457 0.837630
513 0.819334
575 0.802342
645 0.786677
723 0.772659
809 0.759807
905 0.747642
1011 0.736149
1130 0.725301
1261 0.714782
1407 0.705013
1570 0.695885
1750 0.686618
