4 0.531561
5 0.557796
7 0.604755
9 0.638924
11 0.664317
13 0.683745
16 0.705331
20 0.724379
23 0.732819
28 0.739407
33 0.742834
38 0.747695
45 0.757312
52 0.768185
60 0.780542
69 0.793279
79 0.805632
91 0.817832
104 0.828055
119 0.836517
135 0.842216
154 0.845610
174 0.846725
198 0.846258
223 0.844500
252 0.841546
285 0.837520
321 0.832708
362 0.827763
407 0.823837
457 0.820329
513 0.816144
575 0.810917
645 0.804620
723 0.797730
809 0.789720
905 0.780168
1011 0.768128
1130 0.751880
1261 0.732046
1407 0.708927
1570 0.682337
1750 0.654182
