4 0.393456
5 0.473930
7 0.589900
9 0.650863
11 0.682181
13 0.699817
16 0.713829
20 0.722784
23 0.727070
28 0.735075
33 0.745560
38 0.756293
45 0.768758
52 0.778215
60 0.786443
69 0.792888
79 0.797940
91 0.801890
104 0.804592
119 0.806765
135 0.808476
154 0.810587
174 0.813261
198 0.817070
223 0.821288
252 0.825741
285 0.829347
321 0.831853
362 0.833518
407 0.834444
457 0.834553
513 0.833714
575 0.832542
645 0.831268
723 0.829971
809 0.828408
905 0.826001
1011 0.822702
1130 0.818166
1261 0.812756
1407 0.807068
1570 0.802103
