4 0.378630
5 0.407672
7 0.463794
9 0.518818
11 0.568315
13 0.606862
16 0.646123
20 0.678044
23 0.693657
28 0.712402
33 0.727111
38 0.739937
45 0.754591
52 0.765649
60 0.774889
69 0.782129
79 0.787680
91 0.792010
104 0.794675
119 0.796267
135 0.796950
154 0.796923
174 0.796306
198 0.795112
223 0.793447
252 0.790568
285 0.785319
321 0.776800
362 0.763662
407 0.746056
457 0.725064
513 0.702547
575 0.680762
645 0.660116
723 0.639342
809 0.616915
905 0.592859
1011 0.569013
1130 0.547251
1261 0.528893
1407 0.514655
1570 0.500364
1750 0.485409
