4 0.563891
5 0.544655
7 0.526974
9 0.527387
11 0.534121
13 0.542413
16 0.555499
20 0.573311
23 0.586074
28 0.604500
33 0.618328
38 0.627850
45 0.635266
52 0.637807
60 0.637208
69 0.634093
79 0.629109
91 0.621824
104 0.612673
119 0.600840
135 0.586860
154 0.568763
174 0.548833
198 0.524101
223 0.497573
252 0.466404
285 0.431639
321 0.396174
362 0.362639
407 0.335270
457 0.314499
513 0.300792
575 0.293936
645 0.290838
723 0.289144
809 0.288576
905 0.290212
1011 0.292986
1130 0.294735
1261 0.295002
1407 0.293701
1570 0.291042
1750 0.285784
