4 0.576040
5 0.621173
7 0.704595
9 0.770285
11 0.816800
13 0.848931
16 0.880353
20 0.904889
23 0.916469
28 0.929196
33 0.937460
38 0.943233
45 0.948824
52 0.952621
60 0.955577
69 0.957720
79 0.959044
91 0.959629
104 0.959442
119 0.958483
135 0.956813
154 0.954162
174 0.950668
198 0.945582
223 0.939396
252 0.931387
285 0.921399
321 0.909702
362 0.895823
407 0.880272
457 0.862900
513 0.843613
575 0.822526
645 0.799160
723 0.774862
809 0.751935
905 0.731287
1011 0.712802
1130 0.695947
1261 0.680274
1407 0.665399
1570 0.646989
1750 0.622349
