4 0.585414
5 0.581041
7 0.591079
9 0.609749
11 0.628990
13 0.646084
16 0.668280
20 0.694301
23 0.711692
28 0.736079
33 0.755784
38 0.772846
45 0.792277
52 0.806842
60 0.819598
69 0.831025
79 0.841445
91 0.851923
104 0.861444
119 0.870452
135 0.878034
154 0.884541
174 0.888825
198 0.891606
223 0.892711
252 0.892690
285 0.891524
321 0.889079
362 0.885507
407 0.881722
457 0.877815
513 0.872929
575 0.866390
645 0.858525
723 0.849918
809 0.840108
905 0.828974
1011 0.816907
1130 0.804250
1261 0.791924
1407 0.780707
1570 0.772024
