4 0.472979
5 0.464923
7 0.473760
9 0.502722
11 0.531034
13 0.554549
16 0.584047
20 0.616840
23 0.637007
28 0.662610
33 0.680989
38 0.694218
45 0.706341
52 0.713483
60 0.717577
69 0.718682
79 0.717057
91 0.712434
104 0.704707
119 0.692531
135 0.676871
154 0.656965
174 0.636599
198 0.615548
223 0.599589
252 0.588146
285 0.581164
321 0.578072
362 0.577205
407 0.575777
457 0.572884
513 0.567702
575 0.559374
645 0.547614
723 0.534123
809 0.518924
905 0.503331
1011 0.488212
1130 0.472232
1261 0.454441
1407 0.434447
1570 0.411169
