4 0.729175
5 0.721272
7 0.724975
9 0.740950
11 0.760433
13 0.779712
16 0.805976
20 0.834468
23 0.850628
28 0.869813
33 0.883228
38 0.893427
45 0.903817
52 0.910829
60 0.916017
69 0.919378
79 0.920897
91 0.920571
104 0.918794
119 0.915945
135 0.912665
154 0.908817
174 0.904897
198 0.900300
223 0.895361
252 0.888875
285 0.880056
321 0.869093
362 0.855835
407 0.840985
457 0.824003
513 0.802608
575 0.775311
645 0.741689
723 0.701860
809 0.655872
905 0.605325
1011 0.553665
1130 0.504600
1261 0.460545
1407 0.423088
1570 0.395351
