4 0.696367
5 0.726036
7 0.781435
9 0.824487
11 0.856477
13 0.880322
16 0.905618
20 0.927392
23 0.938331
28 0.950456
33 0.958034
38 0.963039
45 0.967562
52 0.970399
60 0.972449
69 0.973815
79 0.974591
91 0.974875
104 0.974657
119 0.973902
135 0.972629
154 0.970648
174 0.968203
198 0.965049
223 0.961785
252 0.958237
285 0.954641
321 0.951119
362 0.947344
407 0.943384
457 0.939482
513 0.935674
575 0.931343
645 0.926477
723 0.921524
809 0.916808
905 0.913040
1011 0.910128
1130 0.907437
1261 0.904558
1407 0.901093
1570 0.896394
1750 0.889572
