4 0.607473
5 0.577295
7 0.557783
9 0.564089
11 0.570850
13 0.575063
16 0.580581
20 0.595005
23 0.612235
28 0.640924
33 0.663853
38 0.684577
45 0.708758
52 0.726648
60 0.740894
69 0.751554
79 0.759264
91 0.764948
104 0.767920
119 0.768337
135 0.766782
154 0.764200
174 0.761578
198 0.759059
223 0.756534
252 0.752099
285 0.743887
321 0.732502
362 0.717672
407 0.699103
457 0.677359
513 0.654001
575 0.628953
645 0.602784
723 0.577104
809 0.553836
905 0.533496
1011 0.517151
1130 0.504561
1261 0.495340
1407 0.487316
1570 0.479155
