4 0.377704
5 0.393638
7 0.422114
9 0.444345
11 0.460698
13 0.471632
16 0.479250
20 0.476893
23 0.469370
28 0.457113
33 0.454921
38 0.459171
45 0.466305
52 0.473848
60 0.482378
69 0.491557
79 0.502179
91 0.515613
104 0.531144
119 0.550477
135 0.572254
154 0.598262
174 0.624711
198 0.654496
223 0.682595
252 0.710841
285 0.737216
321 0.760045
362 0.780183
407 0.796839
457 0.810560
513 0.822125
575 0.832283
645 0.841929
723 0.851404
809 0.860977
905 0.870602
1011 0.879773
1130 0.888462
1261 0.896697
1407 0.904927
1570 0.913060
