4 0.387469
5 0.404499
7 0.434302
9 0.457328
11 0.474324
13 0.485832
16 0.494246
20 0.492651
23 0.485121
28 0.471296
33 0.466516
38 0.467957
45 0.470230
52 0.472902
60 0.476598
69 0.480761
79 0.486036
91 0.493070
104 0.501974
119 0.514121
135 0.528801
154 0.547193
174 0.566645
198 0.589470
223 0.611871
252 0.635292
285 0.657929
321 0.678109
362 0.696379
407 0.711894
457 0.725165
513 0.737109
575 0.748463
645 0.760152
723 0.772809
809 0.786695
905 0.801481
1011 0.816076
1130 0.830307
1261 0.843915
1407 0.856879
1570 0.868995
1750 0.879852
