4 0.695137
5 0.692160
7 0.713130
9 0.741041
11 0.763151
13 0.779544
16 0.797230
20 0.813263
23 0.821880
28 0.832154
33 0.839027
38 0.843409
45 0.846082
52 0.845726
60 0.842930
69 0.837982
79 0.831255
91 0.822055
104 0.810891
119 0.796584
135 0.779685
154 0.757773
174 0.733443
198 0.703802
223 0.673441
252 0.639953
285 0.605126
321 0.571293
362 0.537460
407 0.505178
457 0.473751
513 0.442282
575 0.410987
645 0.380023
723 0.351409
809 0.327504
905 0.309500
1011 0.296422
1130 0.286211
1261 0.278417
1407 0.271968
1570 0.264052
1750 0.253527
