4 0.557005
5 0.590367
7 0.657571
9 0.715306
11 0.755242
13 0.779741
16 0.799105
20 0.809929
23 0.813416
28 0.816029
33 0.818307
38 0.821895
45 0.827981
52 0.833284
60 0.837993
69 0.841861
79 0.844806
91 0.847126
104 0.848832
119 0.850348
135 0.851875
154 0.854029
174 0.856978
198 0.861635
223 0.867382
252 0.874327
285 0.881711
321 0.888647
362 0.895142
407 0.901026
457 0.906632
513 0.912196
575 0.917699
645 0.923226
723 0.928641
809 0.933772
905 0.938434
1011 0.942266
1130 0.945090
1261 0.946781
1407 0.947480
1570 0.947282
1750 0.946278
