4 0.882383
5 0.842256
7 0.762638
9 0.720889
11 0.709028
13 0.715750
16 0.742662
20 0.780474
23 0.803815
28 0.832568
33 0.851971
38 0.865257
45 0.877495
52 0.885185
60 0.890512
69 0.893742
79 0.895062
91 0.894169
104 0.890710
119 0.884692
135 0.877688
154 0.870624
174 0.865708
198 0.862440
223 0.860516
252 0.859445
285 0.859333
321 0.859555
362 0.859216
407 0.857217
457 0.852996
513 0.846031
575 0.836983
645 0.826820
723 0.816434
809 0.806617
905 0.797878
1011 0.790355
1130 0.782646
1261 0.772693
1407 0.757949
1570 0.739895
1750 0.721348
