4 0.638060
5 0.679387
7 0.742489
9 0.785973
11 0.816507
13 0.838398
16 0.860887
20 0.879576
23 0.888553
28 0.897948
33 0.903268
38 0.906126
45 0.907616
52 0.907336
60 0.905725
69 0.902974
79 0.899436
91 0.895139
104 0.890684
119 0.885851
135 0.881042
154 0.875723
174 0.870369
198 0.863901
223 0.856974
252 0.848942
285 0.840140
321 0.830691
362 0.819102
407 0.804036
457 0.784326
513 0.759008
575 0.727821
645 0.691232
723 0.651913
809 0.611073
905 0.568640
1011 0.527061
1130 0.487894
1261 0.451825
1407 0.417126
1570 0.383833
1750 0.353757
