4 0.870455
5 0.843851
7 0.793356
9 0.774875
11 0.778596
13 0.793233
16 0.821197
20 0.853648
23 0.872016
28 0.893308
33 0.906773
38 0.915405
45 0.922656
52 0.926552
60 0.928528
69 0.928854
79 0.927859
91 0.925641
104 0.922679
119 0.919160
135 0.915740
154 0.912504
174 0.909989
198 0.907786
223 0.906032
252 0.904371
285 0.902824
321 0.901328
362 0.899478
407 0.897010
457 0.893097
513 0.887170
575 0.879010
645 0.867820
723 0.853814
809 0.836957
905 0.817319
1011 0.795770
1130 0.772632
1261 0.748473
1407 0.723551
1570 0.697843
