4 0.285573
5 0.388196
7 0.578896
9 0.717425
11 0.801047
13 0.851870
16 0.896603
20 0.927744
23 0.941039
28 0.954059
33 0.961272
38 0.965602
45 0.969161
52 0.971181
60 0.972535
69 0.973425
79 0.973988
91 0.974313
104 0.974412
119 0.974277
135 0.973836
154 0.972940
174 0.971700
198 0.969964
223 0.968085
252 0.966067
285 0.964067
321 0.962181
362 0.960465
407 0.959052
457 0.957848
513 0.956709
575 0.955628
645 0.954675
723 0.953587
809 0.952254
905 0.950770
1011 0.949346
1130 0.947917
1261 0.946455
1407 0.945018
1570 0.943563
1750 0.942253
