4 0.270172
5 0.281590
7 0.299537
9 0.313460
11 0.323703
13 0.331214
16 0.339767
20 0.350909
23 0.360220
28 0.375593
33 0.388665
38 0.398940
45 0.409978
52 0.418475
60 0.426028
69 0.432897
79 0.439754
91 0.448405
104 0.458805
119 0.471775
135 0.485917
154 0.502220
174 0.518408
198 0.536258
223 0.552663
252 0.568727
285 0.583423
321 0.595736
362 0.606045
407 0.614352
457 0.621182
513 0.626474
575 0.629638
645 0.630307
723 0.628786
809 0.626896
905 0.627440
1011 0.629809
1130 0.632764
1261 0.635620
1407 0.638189
1570 0.640002
1750 0.640512
