229.0
185.0
232.0
257.0
213.0
253.0
205.0
149.0
191.0
144.0
189.0
205.0
174.0
223.0
197.0
185.0
221.0
164.0
168.0
219.0
179.0
220.0
182.0
147.0
166.0
162.0
187.0
185.0
169.0
198.0
188.0
168.0
232.0
200.0
256.0
221.0
157.0
204.0
121.0
171.0
204.0
183.0
225.0
232.0
193.0
223.0
187.0
185.0
239.0
197.0
196.0
212.0
173.0
193.0
187.0
168.0
193.0
218.0
218.0
261.0
211.0
228.0
239.0
202.0
218.0
171.0
193.0
212.0
184.0
217.0
200.0
198.0
209.0
182.0
206.0
253.0
228.0
285.0
262.0
247.0
287.0
271.0
268.0
277.0
250.0
304.0
297.0
308.0
354.0
332.0
383.0
366.0
341.0
355.0
342.0
326.0
346.0
343.0
336.0
326.0
319.0
353.0
342.0
318.0
354.0
317.0
315.0
322.0
272.0
300.0
268.0
278.0
307.0
266.0
278.0
280.0
242.0
294.0
253.0
261.0
325.0
273.0
269.0
280.0
234.0
248.0
240.0
249.0
266.0
258.0
254.0
277.0
222.0
287.0
260.0
229.0
242.0
217.0
221.0
231.0
227.0
259.0
237.0
227.0
238.0
210.0
239.0
247.0
214.0
247.0
233.0
191.0
241.0
204.0
246.0
257.0
241.0
259.0
235.0
242.0
282.0
198.0
222.0
232.0
204.0
258.0
213.0
224.0
231.0
216.0
254.0
238.0
180.0
189.0
201.0
166.0
223.0
185.0
187.0
200.0
165.0
167.0
156.0
149.0
192.0
143.0
179.0
188.0
151.0
168.0
159.0
150.0
191.0
183.0
183.0
185.0
194.0
216.0
199.0
215.0
251.0
195.0
197.0
231.0
196.0
241.0
224.0
216.0
252.0
214.0
219.0
219.0
168.0
196.0
207.0
199.0
223.0
199.0
218.0
229.0
195.0
235.0
228.0
198.0
240.0
178.0
210.0
201.0
199.0
227.0
209.0
189.0
203.0
178.0
208.0
216.0
157.0
185.0
186.0
156.0
190.0
127.0
150.0
173.0
148.0
198.0
175.0
152.0
191.0
141.0
152.0
159.0
105.0
156.0
167.0
122.0
169.0
108.0
125.0
131.0
89.0
142.0
136.0
112.0
155.0
150.0
153.0
175.0
131.0
172.0
136.0
94.0
134.0
74.0
101.0
127.0
100.0
119.0
107.0
108.0
158.0
148.0
162.0
184.0
131.0
153.0
158.0
117.0
167.0
130.0
161.0
159.0
135.0
147.0
165.0
162.0
180.0
155.0
177.0
192.0
166.0
206.0
157.0
157.0
185.0
147.0
173.0
184.0
185.0
199.0
179.0
159.0
191.0
147.0
150.0
102.0
105.0
161.0
140.0
129.0
166.0
131.0
167.0
177.0
138.0
163.0
133.0
112.0
152.0
110.0
149.0
159.0
142.0
147.0
127.0
133.0
156.0
118.0
120.0
110.0
121.0
172.0
170.0
138.0
156.0
83.0
111.0
113.0
67.0
97.0
92.0
57.0
111.0
85.0
85.0
103.0
67.0
117.0
85.0
67.0
112.0
84.0
102.0
104.0
75.0
95.0
60.0
79.0
110.0
77.0
82.0
103.0
65.0
85.0
81.0
55.0
63.0
53.0
111.0
92.0
47.0
72.0
45.0
33.0
64.0
19.0
31.0
46.0
21.0
73.0
54.0
45.0
72.0
17.0
27.0
17.0
-9.0
37.0
7.0
4.0
43.0
-26.0
5.0
13.0
-11.0
61.0
31.0
18.0
54.0
4.0
36.0
39.0
0.0
26.0
12.0
-26.0
17.0
-34.0
-17.0
-14.0
-32.0
18.0
20.0
2.0
11.0
3.0
7.0
23.0
-26.0
26.0
17.0
21.0
30.0
-21.0
18.0
20.0
-10.0
32.0
22.0
10.0
16.0
-34.0
-14.0
-2.0
-29.0
-14.0
-35.0
-26.0
-7.0
10.0
16.0
5.0
-34.0
13.0
-26.0
-29.0
11.0
-32.0
-16.0
21.0
-28.0
2.0
-21.0
-40.0
-3.0
-20.0
-6.0
10.0
-34.0
-32.0
-58.0
-67.0
-10.0
-23.0
-6.0
10.0
13.0
22.0
13.0
10.0
45.0
1.0
9.0
42.0
-14.0
40.0
34.0
0.0
11.0
-33.0
-17.0
9.0
-15.0
12.0
-27.0
-41.0
-37.0
-52.0
-25.0
-13.0
-57.0
-10.0
-30.0
-46.0
-14.0
-72.0
-38.0
-12.0
-48.0
-18.0
-66.0
-81.0
-20.0
-53.0
-23.0
-18.0
-68.0
-37.0
-68.0
-81.0
-44.0
-78.0
-75.0
-58.0
-115.0
-108.0
-105.0
-128.0
-53.0
-87.0
-90.0
-74.0
-124.0
-77.0
-112.0
-117.0
-106.0
-131.0
-129.0
-95.0
-135.0
-105.0
-127.0
-116.0
-74.0
-97.0
-83.0
-81.0
-90.0
-84.0
-90.0
-123.0
-110.0
-111.0
-78.0
-52.0
-98.0
-56.0
-79.0
-84.0
-71.0
-115.0
-96.0
-89.0
-101.0
-63.0
-118.0
-93.0
-73.0
-110.0
-73.0
-73.0
-70.0
-50.0
-34.0
-46.0
-19.0
-48.0
-42.0
3.0
-22.0
5.0
-11.0
-31.0
-1.0
-31.0
-1.0
7.0
-26.0
5.0
-22.0
-35.0
-25.0
-41.0
-16.0
6.0
-48.0
-1.0
-30.0
-50.0
13.0
-25.0
-11.0
3.0
-12.0
12.0
8.0
-2.0
31.0
8.0
42.0
34.0
30.0
57.0
41.0
10.0
50.0
14.0
56.0
53.0
11.0
40.0
14.0
11.0
58.0
2.0
29.0
37.0
6.0
37.0
40.0
24.0
71.0
48.0
63.0
59.0
43.0
91.0
90.0
65.0
79.0
53.0
50.0
58.0
20.0
39.0
-8.0
6.0
0.0
-17.0
18.0
7.0
-38.0
14.0
-18.0
-61.0
-8.0
-35.0
-7.0
-12.0
-35.0
12.0
-16.0
-20.0
33.0
-23.0
14.0
40.0
-5.0
6.0
-1.0
-52.0
-35.0
-59.0
-53.0
-37.0
-55.0
-36.0
-51.0
-65.0
-17.0
-73.0
-81.0
-58.0
-74.0
-42.0
-85.0
-67.0
-54.0
-74.0
-51.0
8.0
-28.0
-3.0
-50.0
-51.0
-5.0
-24.0
-25.0
13.0
-23.0
29.0
-11.0
-52.0
-50.0
-74.0
-39.0
-45.0
-70.0
-22.0
-36.0
-32.0
-20.0
-67.0
-21.0
-1.0
-6.0
18.0
9.0
-10.0
44.0
-12.0
-7.0
-5.0
-37.0
-5.0
-11.0
2.0
37.0
-13.0
4.0
30.0
-21.0
32.0
13.0
-23.0
-5.0
-32.0
-18.0
-17.0
-39.0
-8.0
-11.0
-31.0
12.0
-42.0
-24.0
5.0
-33.0
-15.0
-48.0
-35.0
23.0
-15.0
-2.0
3.0
-2.0
35.0
12.0
0.0
26.0
-40.0
-25.0
-27.0
-68.0
-26.0
-84.0
-80.0
-49.0
-98.0
-69.0
-43.0
-103.0
-60.0
-92.0
-109.0
-49.0
-77.0
-76.0
-34.0
-70.0
-46.0
-77.0
-102.0
-87.0
-115.0
-100.0
-96.0
-123.0
-92.0
-89.0
-118.0
-97.0
-136.0
-147.0
-119.0
-165.0
-94.0
-92.0
-101.0
-106.0
-141.0
-116.0
-106.0
-134.0
-108.0
-108.0
-110.0
-106.0
-148.0
-145.0
-142.0
-184.0
-134.0
-136.0
-168.0
-137.0
-161.0
-131.0
-103.0
-139.0
-136.0
-166.0
-150.0
-144.0
-168.0
-130.0
-102.0
-156.0
-128.0
-133.0
-151.0
-123.0
-162.0
-171.0
-136.0
-137.0
-105.0
-127.0
-129.0
-81.0
-104.0
-89.0
-92.0
-119.0
-82.0
-103.0
-79.0
-56.0
-109.0
-96.0
-87.0
-117.0
-76.0
-88.0
-97.0
-42.0
-72.0
-70.0
-63.0
-84.0
-46.0
-70.0
-94.0
-63.0
-84.0
-71.0
-32.0
-57.0
-23.0
-43.0
-64.0
-44.0
-78.0
-73.0
-52.0
-88.0
-36.0
-29.0
-60.0
-57.0
-83.0
-82.0
-68.0
-119.0
-80.0
-89.0
-103.0
-65.0
-105.0
-83.0
-89.0
-88.0
-88.0
-91.0
-114.0
-58.0
-99.0
-83.0
-70.0
-90.0
-81.0
-112.0
-137.0
-100.0
-157.0
-133.0
-116.0
-165.0
-131.0
-158.0
-180.0
-137.0
-156.0
-128.0
-142.0
-185.0
-135.0
-150.0
-151.0
-146.0
-168.0
-156.0
-140.0
-137.0
-125.0
-135.0
-164.0
-128.0
-165.0
-155.0
-128.0
-155.0
-123.0
-138.0
-157.0
-134.0
-171.0
-160.0
-129.0
-156.0
-106.0
-146.0
-139.0
-108.0
-163.0
-131.0
-134.0
-176.0
-126.0
-108.0
-132.0
-117.0
-162.0
-142.0
-133.0
-150.0
-127.0
-150.0
-149.0
-121.0
-152.0
-156.0
-148.0
-178.0
-142.0
-159.0
-183.0
-134.0
-162.0
-142.0
-132.0
-179.0
-149.0
-179.0
-177.0
-149.0
-200.0
-162.0
-148.0
-194.0
-138.0
-160.0
-156.0
-107.0
-127.0
-111.0
-85.0
-134.0
-84.0
-120.0
-142.0
-120.0
-143.0
-113.0
-92.0
-109.0
-74.0
-112.0
-112.0
-61.0
-87.0
-81.0
-64.0
-92.0
-59.0
-83.0
-55.0
-37.0
-84.0
-54.0
-54.0
-68.0
-23.0
-51.0
-40.0
5.0
-49.0
-38.0
-45.0
-94.0
-62.0
-56.0
-50.0
-19.0
-50.0
-22.0
-2.0
-23.0
-24.0
-55.0
-79.0
-21.0
-46.0
-51.0
-35.0
-72.0
-26.0
-63.0
-61.0
-16.0
-66.0
-33.0
-15.0
-57.0
-7.0
-45.0
-39.0
11.0
-23.0
-13.0
-12.0
-51.0
-22.0
-42.0
-65.0
-45.0
-74.0
-51.0
-13.0
-42.0
7.0
-32.0
-10.0
17.0
-27.0
-6.0
10.0
-36.0
25.0
21.0
14.0
37.0
-12.0
-8.0
-9.0
-27.0
1.0
-29.0
-41.0
-1.0
-19.0
-9.0
13.0
-30.0
15.0
-3.0
-5.0
25.0
-42.0
-9.0
-17.0
-47.0
-22.0
-32.0
-46.0
-15.0
-64.0
-49.0
-53.0
-47.0
-6.0
-17.0
-11.0
30.0
-1.0
18.0
10.0
1.0
24.0
-14.0
-29.0
-7.0
-1.0
28.0
34.0
7.0
42.0
29.0
52.0
66.0
45.0
74.0
78.0
43.0
80.0
77.0
63.0
119.0
63.0
74.0
70.0
52.0
90.0
49.0
42.0
58.0
46.0
60.0
69.0
22.0
52.0
33.0
52.0
83.0
23.0
46.0
65.0
-17.0
39.0
22.0
1.0
35.0
18.0
30.0
37.0
-14.0
36.0
-3.0
-2.0
16.0
-22.0
17.0
20.0
-31.0
4.0
4.0
11.0
24.0
-27.0
-21.0
12.0
-14.0
31.0
-1.0
-1.0
41.0
3.0
16.0
35.0
2.0
29.0
11.0
33.0
60.0
16.0
13.0
23.0
-23.0
25.0
3.0
-8.0
29.0
-19.0
-1.0
10.0
-21.0
26.0
1.0
-4.0
30.0
4.0
58.0
56.0
5.0
46.0
18.0
-1.0
46.0
-12.0
10.0
11.0
-21.0
57.0
44.0
18.0
50.0
36.0
49.0
60.0
8.0
77.0
63.0
45.0
86.0
24.0
44.0
62.0
19.0
72.0
32.0
34.0
82.0
31.0
57.0
58.0
18.0
45.0
29.0
29.0
63.0
22.0
23.0
35.0
26.0
76.0
36.0
10.0
50.0
29.0
37.0
44.0
13.0
43.0
36.0
21.0
64.0
30.0
58.0
65.0
27.0
55.0
16.0
-23.0
23.0
-11.0
-3.0
21.0
-3.0
56.0
51.0
33.0
74.0
20.0
47.0
54.0
42.0
84.0
52.0
60.0
78.0
32.0
84.0
75.0
39.0
65.0
55.0
30.0
84.0
63.0
71.0
71.0
37.0
90.0
67.0
56.0
103.0
42.0
78.0
55.0
33.0
60.0
47.0
48.0
83.0
43.0
71.0
78.0
45.0
71.0
40.0
4.0
19.0
-7.0
-1.0
24.0
35.0
48.0
39.0
36.0
69.0
36.0
53.0
64.0
49.0
81.0
65.0
45.0
96.0
49.0
56.0
63.0
32.0
95.0
71.0
65.0
90.0
51.0
60.0
67.0
37.0
62.0
54.0
40.0
53.0
25.0
80.0
73.0
54.0
78.0
30.0
40.0
67.0
39.0
45.0
63.0
39.0
73.0
51.0
14.0
60.0
12.0
39.0
79.0
51.0
82.0
50.0
41.0
59.0
48.0
80.0
73.0
40.0
78.0
78.0
72.0
123.0
47.0
74.0
108.0
39.0
99.0
77.0
95.0
131.0
102.0
112.0
126.0
80.0
105.0
93.0
85.0
91.0
69.0
93.0
74.0
54.0
81.0
64.0
32.0
49.0
25.0
39.0
36.0
34.0
85.0
53.0
50.0
73.0
40.0
65.0
79.0
24.0
50.0
16.0
3.0
58.0
24.0
72.0
63.0
20.0
62.0
39.0
62.0
107.0
74.0
86.0
97.0
41.0
80.0
67.0
50.0
74.0
58.0
50.0
43.0
17.0
58.0
47.0
28.0
53.0
17.0
41.0
56.0
16.0
36.0
20.0
-10.0
55.0
34.0
38.0
26.0
8.0
25.0
2.0
-3.0
14.0
-2.0
-2.0
-11.0
-54.0
-20.0
-24.0
-36.0
14.0
-27.0
0.0
2.0
-25.0
28.0
3.0
-26.0
-2.0
-27.0
-6.0
2.0
-25.0
-4.0
1.0
-14.0
54.0
17.0
27.0
44.0
25.0
74.0
48.0
25.0
31.0
10.0
30.0
32.0
16.0
69.0
52.0
39.0
68.0
42.0
51.0
62.0
26.0
49.0
20.0
24.0
70.0
37.0
60.0
48.0
-7.0
63.0
49.0
28.0
46.0
-3.0
33.0
68.0
67.0
107.0
87.0
81.0
111.0
71.0
91.0
98.0
64.0
80.0
75.0
84.0
126.0
60.0
80.0
90.0
62.0
86.0
61.0
22.0
61.0
32.0
53.0
61.0
35.0
74.0
46.0
30.0
73.0
26.0
39.0
59.0
7.0
24.0
2.0
-28.0
0.0
-48.0
-37.0
-30.0
-49.0
-18.0
-42.0
-35.0
1.0
-55.0
-33.0
-22.0
-51.0
-14.0
-35.0
-35.0
25.0
-8.0
18.0
31.0
-4.0
37.0
12.0
16.0
45.0
-3.0
34.0
32.0
0.0
29.0
23.0
14.0
30.0
-4.0
22.0
23.0
8.0
26.0
28.0
-2.0
22.0
-32.0
10.0
36.0
39.0
80.0
76.0
51.0
66.0
24.0
33.0
49.0
31.0
31.0
6.0
-1.0
40.0
23.0
59.0
78.0
53.0
59.0
30.0
1.0
51.0
4.0
-3.0
6.0
-32.0
-7.0
-36.0
-41.0
-18.0
-49.0
-5.0
5.0
-22.0
7.0
-23.0
-33.0
3.0
-49.0
-25.0
-28.0
-65.0
-34.0
-29.0
-29.0
4.0
-30.0
-4.0
6.0
-27.0
13.0
-4.0
-21.0
19.0
-1.0
7.0
1.0
-34.0
7.0
-9.0
-16.0
37.0
20.0
47.0
42.0
-11.0
43.0
38.0
23.0
49.0
14.0
25.0
41.0
-5.0
49.0
2.0
-2.0
57.0
25.0
53.0
36.0
-11.0
16.0
-11.0
-14.0
25.0
-16.0
-11.0
-16.0
-27.0
-9.0
-30.0
-41.0
-13.0
-61.0
-56.0
-62.0
-105.0
-85.0
-84.0
-101.0
-68.0
-98.0
-72.0
-63.0
-118.0
-77.0
-92.0
-95.0
-47.0
-102.0
-83.0
-52.0
-63.0
-43.0
-83.0
-99.0
-34.0
-76.0
-59.0
-8.0
-61.0
-51.0
-60.0
-62.0
-29.0
-65.0
-55.0
-31.0
-62.0
-50.0
-77.0
-87.0
-58.0
-110.0
-105.0
-101.0
-116.0
-86.0
-101.0
-105.0
-58.0
-92.0
-78.0
-65.0
-124.0
-105.0
-112.0
-139.0
-83.0
-121.0
-85.0
-102.0
-151.0
-148.0
-162.0
-155.0
-125.0
-122.0
-126.0
-111.0
-127.0
-96.0
-128.0
-147.0
-111.0
-138.0
-110.0
-79.0
-121.0
-85.0
-98.0
-111.0
-80.0
-108.0
-107.0
-93.0
-104.0
-100.0
-142.0
-152.0
-107.0
-144.0
-128.0
-116.0
-139.0
-108.0
-98.0
-95.0
-76.0
-103.0
-79.0
-62.0
-79.0
-50.0
-59.0
-95.0
-56.0
-92.0
-93.0
-88.0
-133.0
-105.0
-129.0
-118.0
-118.0
-138.0
-127.0
-76.0
-89.0
-43.0
-74.0
-91.0
-64.0
-119.0
-76.0
-45.0
-112.0
-79.0
-112.0
-131.0
-99.0
-118.0
-83.0
-80.0
-95.0
-56.0
-73.0
-108.0
-82.0
-95.0
-61.0
-41.0
-108.0
-86.0
-102.0
-97.0
-62.0
-101.0
-67.0
-73.0
-89.0
-56.0
-65.0
-89.0
-79.0
-108.0
-84.0
-68.0
-85.0
-49.0
-61.0
-69.0
-44.0
-75.0
-48.0
-30.0
-68.0
-43.0
-81.0
-112.0
-99.0
-107.0
-85.0
-64.0
-88.0
-41.0
-54.0
-78.0
-54.0
-96.0
-105.0
-105.0
-156.0
-116.0
-120.0
-119.0
-93.0
-121.0
-99.0
-85.0
-98.0
-62.0
-68.0
-91.0
-64.0
-98.0
-77.0
-85.0
-95.0
-54.0
-82.0
-87.0
-60.0
-76.0
-65.0
-67.0
-105.0
-62.0
-102.0
-104.0
-56.0
-115.0
-82.0
-73.0
-103.0
-51.0
-74.0
-67.0
-43.0
-87.0
-45.0
-43.0
-88.0
-34.0
-64.0
-83.0
-46.0
-81.0
-54.0
-64.0
-88.0
-52.0
-54.0
-67.0
-41.0
-72.0
-39.0
-34.0
-71.0
-62.0
-80.0
-92.0
-53.0
-94.0
-41.0
-50.0
-80.0
-68.0
-87.0
-88.0
-49.0
-102.0
-88.0
-40.0
-67.0
-70.0
-96.0
-81.0
-63.0
-92.0
-95.0
-68.0
-92.0
-68.0
-72.0
-61.0
-55.0
-108.0
-84.0
-75.0
-134.0
-96.0
-100.0
-96.0
-53.0
-68.0
-31.0
-38.0
-75.0
-37.0
-69.0
-70.0
-41.0
-79.0
-64.0
-49.0
-90.0
-63.0
-68.0
-92.0
-69.0
-110.0
-82.0
-81.0
-142.0
-106.0
-117.0
-111.0
-68.0
-113.0
-98.0
-94.0
-121.0
-91.0
-89.0
-122.0
-89.0
-160.0
-129.0
-102.0
-117.0
-98.0
-133.0
-192.0
-186.0
-200.0
-188.0
-143.0
-173.0
-125.0
-136.0
-121.0
-84.0
-120.0
-99.0
-93.0
-120.0
-84.0
-99.0
-140.0
-126.0
-180.0
-168.0
-150.0
-181.0
-140.0
-164.0
-173.0
-152.0
-191.0
-174.0
-145.0
-207.0
-142.0
-157.0
-178.0
-146.0
-155.0
-141.0
-164.0
-206.0
-173.0
-159.0
-146.0
-139.0
-154.0
-141.0
-142.0
-197.0
-174.0
-180.0
-186.0
-156.0
-175.0
-147.0
-125.0
-142.0
-132.0
-143.0
-172.0
-157.0
-187.0
-168.0
-184.0
-202.0
-146.0
-152.0
-156.0
-120.0
-126.0
-112.0
-100.0
-119.0
-89.0
-114.0
-146.0
-97.0
-125.0
-103.0
-58.0
-83.0
-59.0
-105.0
-137.0
-112.0
-142.0
-136.0
-127.0
-174.0
-153.0
-157.0
-161.0
-87.0
-145.0
-117.0
-101.0
-131.0
-81.0
-112.0
-114.0
-100.0
-130.0
-124.0
-125.0
-173.0
-136.0
-159.0
-158.0
-120.0
-148.0
-125.0
-106.0
-127.0
-112.0
-127.0
-121.0
-101.0
-129.0
-110.0
-95.0
-120.0
-85.0
-102.0
-76.0
-24.0
-60.0
-62.0
-46.0
-82.0
-53.0
-74.0
-81.0
-42.0
-81.0
-84.0
-93.0
-116.0
-95.0
-101.0
-93.0
-39.0
-77.0
-44.0
-29.0
-27.0
-4.0
-39.0
-55.0
-30.0
-62.0
-28.0
-12.0
-46.0
-30.0
-64.0
-44.0
-11.0
-56.0
-36.0
-34.0
-96.0
-74.0
-74.0
-100.0
-76.0
-82.0
-65.0
-55.0
-86.0
-63.0
-91.0
-85.0
-87.0
-149.0
-119.0
-118.0
-129.0
-110.0
-104.0
-117.0
-73.0
-102.0
-74.0
-56.0
-80.0
-61.0
-68.0
-72.0
-41.0
-84.0
-68.0
-45.0
-67.0
-41.0
-45.0
-49.0
-6.0
-24.0
-34.0
-30.0
-63.0
-49.0
-73.0
-105.0
-64.0
-90.0
-56.0
-35.0
-62.0
-18.0
-43.0
-24.0
4.0
-48.0
-48.0
-36.0
-85.0
-84.0
-56.0
-69.0
-34.0
-34.0
5.0
2.0
-18.0
24.0
8.0
-27.0
1.0
-51.0
-45.0
-14.0
-48.0
-1.0
-17.0
-16.0
25.0
10.0
5.0
24.0
-6.0
39.0
8.0
-13.0
-6.0
-43.0
-13.0
11.0
-3.0
46.0
16.0
-1.0
39.0
31.0
59.0
55.0
18.0
10.0
-5.0
-17.0
32.0
23.0
35.0
40.0
30.0
58.0
58.0
50.0
98.0
48.0
83.0
77.0
29.0
69.0
56.0
35.0
93.0
90.0
95.0
112.0
55.0
88.0
58.0
46.0
73.0
39.0
39.0
37.0
-5.0
21.0
11.0
15.0
64.0
60.0
69.0
82.0
49.0
89.0
58.0
64.0
114.0
63.0
77.0
107.0
68.0
127.0
124.0
111.0
125.0
79.0
96.0
115.0
87.0
127.0
119.0
82.0
108.0
83.0
102.0
102.0
62.0
110.0
91.0
67.0
91.0
62.0
79.0
101.0
69.0
97.0
86.0
76.0
94.0
69.0
106.0
112.0
70.0
131.0
103.0
99.0
112.0
53.0
79.0
109.0
65.0
106.0
80.0
72.0
147.0
124.0
143.0
139.0
96.0
134.0
156.0
128.0
149.0
107.0
148.0
149.0
109.0
131.0
108.0
106.0
166.0
120.0
143.0
164.0
127.0
172.0
155.0
134.0
159.0
117.0
118.0
126.0
115.0
143.0
119.0
121.0
152.0
122.0
141.0
126.0
100.0
157.0
150.0
103.0
126.0
90.0
125.0
146.0
111.0
124.0
98.0
73.0
125.0
111.0
150.0
153.0
119.0
163.0
141.0
109.0
157.0
108.0
116.0
123.0
98.0
138.0
142.0
126.0
171.0
130.0
128.0
147.0
93.0
93.0
78.0
71.0
104.0
68.0
100.0
115.0
65.0
74.0
90.0
67.0
63.0
36.0
46.0
52.0
17.0
61.0
57.0
40.0
80.0
67.0
78.0
89.0
68.0
89.0
51.0
26.0
30.0
-3.0
15.0
24.0
2.0
65.0
63.0
50.0
62.0
46.0
64.0
96.0
43.0
68.0
73.0
74.0
108.0
91.0
119.0
116.0
95.0
124.0
115.0
92.0
128.0
101.0
120.0
131.0
98.0
112.0
93.0
90.0
143.0
110.0
159.0
140.0
129.0
138.0
128.0
125.0
145.0
101.0
110.0
125.0
112.0
137.0
143.0
114.0
149.0
128.0
159.0
160.0
111.0
159.0
147.0
146.0
190.0
144.0
167.0
151.0
134.0
148.0
171.0
148.0
186.0
133.0
142.0
142.0
117.0
149.0
128.0
114.0
125.0
62.0
77.0
103.0
69.0
125.0
118.0
108.0
122.0
67.0
96.0
109.0
80.0
136.0
96.0
62.0
63.0
34.0
84.0
80.0
64.0
101.0
73.0
91.0
114.0
81.0
86.0
96.0
63.0
97.0
72.0
51.0
108.0
72.0
83.0
110.0
83.0
136.0
116.0
93.0
113.0
71.0
79.0
76.0
55.0
81.0
58.0
28.0
51.0
20.0
39.0
34.0
33.0
73.0
72.0
54.0
76.0
31.0
37.0
52.0
42.0
82.0
71.0
61.0
59.0
25.0
48.0
62.0
30.0
54.0
31.0
29.0
71.0
37.0
45.0
58.0
32.0
76.0
63.0
61.0
96.0
72.0
82.0
101.0
80.0
97.0
72.0
57.0
71.0
30.0
18.0
20.0
-10.0
24.0
23.0
7.0
65.0
29.0
18.0
36.0
-3.0
21.0
14.0
18.0
44.0
24.0
52.0
60.0
30.0
60.0
31.0
29.0
47.0
35.0
42.0
54.0
-1.0
42.0
9.0
21.0
47.0
-2.0
31.0
15.0
-3.0
35.0
45.0
23.0
53.0
-4.0
-4.0
26.0
7.0
53.0
30.0
22.0
36.0
-11.0
-6.0
18.0
-2.0
42.0
40.0
39.0
58.0
19.0
32.0
48.0
6.0
28.0
15.0
12.0
32.0
15.0
33.0
41.0
-2.0
19.0
3.0
-22.0
-1.0
-7.0
5.0
6.0
-32.0
0.0
-24.0
-31.0
12.0
-10.0
9.0
23.0
-11.0
23.0
27.0
-24.0
16.0
-59.0
-43.0
-46.0
-73.0
-30.0
-25.0
-39.0
15.0
-11.0
-16.0
-10.0
-43.0
-18.0
-30.0
-21.0
2.0
-21.0
-10.0
5.0
0.0
28.0
5.0
-6.0
19.0
-12.0
-5.0
8.0
-14.0
37.0
18.0
24.0
26.0
-4.0
3.0
23.0
-2.0
24.0
-3.0
-14.0
11.0
-22.0
6.0
37.0
4.0
49.0
34.0
6.0
43.0
-3.0
4.0
66.0
38.0
84.0
63.0
34.0
69.0
33.0
62.0
93.0
65.0
100.0
87.0
72.0
98.0
42.0
58.0
74.0
51.0
78.0
58.0
48.0
90.0
66.0
101.0
105.0
50.0
79.0
49.0
42.0
68.0
71.0
87.0
107.0
72.0
114.0
77.0
46.0
54.0
37.0
71.0
92.0
54.0
79.0
66.0
37.0
92.0
56.0
64.0
72.0
35.0
77.0
51.0
34.0
58.0
18.0
44.0
56.0
25.0
81.0
55.0
37.0
108.0
88.0
124.0
116.0
91.0
117.0
81.0
55.0
79.0
64.0
54.0
63.0
16.0
50.0
39.0
33.0
54.0
33.0
79.0
78.0
44.0
68.0
56.0
37.0
49.0
39.0
48.0
64.0
20.0
55.0
78.0
85.0
102.0
72.0
72.0
78.0
39.0
90.0
65.0
43.0
60.0
15.0
24.0
37.0
1.0
36.0
44.0
30.0
48.0
36.0
51.0
44.0
25.0
48.0
56.0
42.0
100.0
63.0
81.0
71.0
0.0
36.0
33.0
22.0
51.0
18.0
50.0
54.0
9.0
44.0
26.0
20.0
54.0
-1.0
36.0
61.0
21.0
62.0
46.0
18.0
35.0
3.0
24.0
19.0
-10.0
7.0
-15.0
-24.0
-4.0
-23.0
-33.0
-15.0
-32.0
24.0
-4.0
-7.0
34.0
1.0
18.0
12.0
-24.0
-39.0
-32.0
-65.0
-32.0
-67.0
-61.0
-40.0
-53.0
-11.0
-23.0
-61.0
-9.0
-66.0
-37.0
-8.0
-38.0
-7.0
-36.0
-51.0
-26.0
-52.0
-26.0
-27.0
-41.0
-20.0
-64.0
-42.0
11.0
-6.0
1.0
46.0
6.0
52.0
17.0
14.0
48.0
8.0
-5.0
4.0
-18.0
-3.0
-3.0
-10.0
45.0
-23.0
-34.0
-24.0
-46.0
10.0
-10.0
-37.0
-26.0
-73.0
-50.0
-44.0
-82.0
-58.0
-44.0
-52.0
-41.0
-93.0
-73.0
-72.0
-95.0
-57.0
-86.0
-93.0
-56.0
-72.0
-59.0
-35.0
-45.0
-4.0
-22.0
-40.0
23.0
-41.0
-46.0
-45.0
-67.0
-74.0
-81.0
-95.0
-45.0
-67.0
-49.0
-34.0
-41.0
-29.0
-41.0
-72.0
-43.0
-88.0
-56.0
-26.0
-69.0
-42.0
-49.0
-54.0
-42.0
-89.0
-90.0
-72.0
-114.0
-88.0
-84.0
-99.0
-72.0
-112.0
-93.0
-80.0
-114.0
-79.0
-89.0
-122.0
-93.0
-130.0
-118.0
-105.0
-127.0
-114.0
-143.0
-161.0
-125.0
-146.0
-135.0
-104.0
-114.0
-73.0
-82.0
-102.0
-74.0
-112.0
-75.0
-67.0
-127.0
-76.0
-105.0
-96.0
-55.0
-68.0
-59.0
-49.0
-101.0
-82.0
-65.0
-82.0
-45.0
-87.0
-79.0
-68.0
-96.0
-55.0
-64.0
-76.0
-35.0
-80.0
-53.0
-37.0
-74.0
-68.0
-84.0
-110.0
-73.0
-100.0
-101.0
-69.0
-88.0
-51.0
-61.0
-102.0
-48.0
-73.0
-74.0
-74.0
-127.0
-59.0
-79.0
-93.0
-79.0
-95.0
-76.0
-72.0
-98.0
-56.0
-76.0
-77.0
-24.0
-62.0
-65.0
-65.0
-98.0
-77.0
-91.0
-107.0
-58.0
-83.0
-77.0
-60.0
-99.0
-69.0
-67.0
-76.0
-29.0
-53.0
-51.0
-45.0
-67.0
-43.0
-65.0
-76.0
-54.0
-82.0
-55.0
-53.0
-111.0
-75.0
-100.0
-117.0
-93.0
-103.0
-82.0
-72.0
-101.0
-61.0
-90.0
-97.0
-79.0
-129.0
-118.0
-118.0
-178.0
-101.0
-117.0
-155.0
-107.0
-111.0
-100.0
-80.0
-116.0
-73.0
-100.0
-97.0
-74.0
-88.0
-77.0
-81.0
-144.0
-119.0
-147.0
-157.0
-114.0
-148.0
-117.0
-122.0
-136.0
-113.0
-139.0
-165.0
-134.0
-154.0
-103.0
-95.0
-127.0
-94.0
-103.0
-102.0
-41.0
-87.0
-111.0
-92.0
-112.0
-65.0
-100.0
-128.0
-121.0
-137.0
-121.0
-110.0
-168.0
-119.0
-119.0
-130.0
-92.0
-128.0
-110.0
-95.0
-140.0
-97.0
-102.0
-138.0
-126.0
-133.0
-115.0
-91.0
-118.0
-96.0
-109.0
-110.0
-50.0
-90.0
-76.0
-71.0
-121.0
-86.0
-105.0
-92.0
-70.0
-101.0
-84.0
-74.0
-111.0
-76.0
-84.0
-100.0
-81.0
-96.0
-75.0
-57.0
-76.0
-62.0
-85.0
-77.0
-59.0
-99.0
-78.0
-60.0
-99.0
-100.0
-102.0
-116.0
-91.0
-110.0
-98.0
-72.0
-126.0
-89.0
-102.0
-114.0
-104.0
-127.0
-83.0
-78.0
-136.0
-93.0
-104.0
-116.0
-79.0
-106.0
-91.0
-83.0
-100.0
-48.0
-50.0
-67.0
-61.0
-82.0
-60.0
-59.0
-86.0
-49.0
-51.0
-86.0
-33.0
-54.0
-62.0
-33.0
-71.0
-10.0
-24.0
-35.0
-27.0
-86.0
-65.0
-50.0
-89.0
-41.0
-37.0
-38.0
6.0
-42.0
-18.0
-8.0
-60.0
-44.0
-92.0
-94.0
-65.0
-78.0
-63.0
-45.0
-91.0
-54.0
-51.0
-72.0
-24.0
-69.0
-60.0
-65.0
-95.0
-65.0
-87.0
-115.0
-70.0
-90.0
-76.0
-56.0
-112.0
-86.0
-105.0
-133.0
-91.0
-146.0
-123.0
-76.0
-94.0
-64.0
-65.0
-90.0
-47.0
-71.0
-64.0
-50.0
-53.0
-21.0
-30.0
-43.0
-39.0
-63.0
-61.0
-53.0
-67.0
-28.0
-49.0
-71.0
-34.0
-58.0
-34.0
-12.0
-46.0
-22.0
-49.0
-64.0
-32.0
-62.0
-44.0
-28.0
-80.0
-46.0
-80.0
-79.0
-36.0
-81.0
-64.0
-59.0
-78.0
-77.0
-85.0
-91.0
-61.0
-91.0
-75.0
-67.0
-96.0
-32.0
-33.0
-49.0
-36.0
-64.0
-38.0
-23.0
-61.0
-18.0
-37.0
-68.0
-21.0
-56.0
-47.0
-20.0
-56.0
-15.0
-31.0
-69.0
-22.0
-51.0
-54.0
-40.0
-38.0
14.0
2.0
-26.0
-1.0
-34.0
-35.0
-29.0
-65.0
-63.0
-58.0
-62.0
-29.0
-78.0
-79.0
-80.0
-108.0
-41.0
-52.0
-53.0
-32.0
-72.0
-79.0
-69.0
-100.0
-67.0
-85.0
-95.0
-60.0
-77.0
-69.0
-49.0
-79.0
-59.0
-79.0
-71.0
-47.0
-87.0
-68.0
-55.0
-99.0
-65.0
-96.0
-103.0
-62.0
-93.0
-82.0
-61.0
-97.0
-69.0
-97.0
-130.0
-58.0
-92.0
-88.0
-67.0
-97.0
-59.0
-79.0
-70.0
-41.0
-60.0
-43.0
-37.0
-79.0
-40.0
-56.0
-59.0
-10.0
-45.0
-22.0
-25.0
-64.0
-15.0
-33.0
-37.0
-14.0
-43.0
-1.0
-11.0
-40.0
8.0
7.0
5.0
10.0
-15.0
1.0
4.0
-48.0
-2.0
-10.0
-31.0
6.0
-6.0
5.0
6.0
-33.0
-7.0
-12.0
-22.0
8.0
-21.0
-44.0
-17.0
-58.0
-6.0
-53.0
-49.0
-39.0
-63.0
-48.0
-24.0
-68.0
-39.0
-46.0
-58.0
-20.0
-52.0
-37.0
-22.0
-48.0
-25.0
-23.0
-46.0
3.0
-17.0
-13.0
-30.0
-64.0
-24.0
-5.0
-46.0
-30.0
-32.0
-45.0
-17.0
-36.0
7.0
-34.0
-50.0
-27.0
-27.0
-5.0
11.0
-16.0
11.0
-25.0
-53.0
-17.0
-52.0
-73.0
-40.0
-59.0
-20.0
-32.0
-40.0
4.0
-43.0
-12.0
-13.0
-52.0
-17.0
-27.0
-44.0
-2.0
-48.0
-34.0
-5.0
-46.0
-18.0
-5.0
-7.0
37.0
21.0
33.0
52.0
22.0
40.0
17.0
-26.0
20.0
-33.0
-25.0
-2.0
-38.0
23.0
15.0
11.0
45.0
10.0
16.0
31.0
-2.0
36.0
35.0
-1.0
23.0
16.0
27.0
15.0
-7.0
36.0
13.0
-5.0
43.0
43.0
56.0
70.0
37.0
67.0
52.0
38.0
59.0
33.0
15.0
40.0
12.0
45.0
35.0
10.0
44.0
54.0
36.0
80.0
32.0
62.0
46.0
54.0
84.0
76.0
77.0
78.0
39.0
72.0
30.0
35.0
91.0
45.0
63.0
87.0
56.0
71.0
50.0
49.0
107.0
67.0
107.0
88.0
83.0
88.0
97.0
69.0
83.0
24.0
41.0
88.0
69.0
95.0
60.0
18.0
47.0
-8.0
-34.0
-27.0
-43.0
8.0
25.0
18.0
16.0
-51.0
-32.0
-3.0
-20.0
15.0
2.0
-7.0
23.0
-6.0
-11.0
11.0
-12.0
31.0
33.0
33.0
72.0
23.0
30.0
40.0
19.0
50.0
34.0
17.0
12.0
-30.0
-10.0
2.0
-21.0
10.0
1.0
-24.0
4.0
-40.0
-27.0
-7.0
-20.0
20.0
36.0
23.0
74.0
30.0
36.0
48.0
30.0
42.0
37.0
7.0
50.0
17.0
14.0
32.0
36.0
71.0
59.0
60.0
76.0
46.0
32.0
17.0
-17.0
34.0
30.0
13.0
52.0
3.0
32.0
48.0
24.0
51.0
60.0
45.0
98.0
25.0
41.0
40.0
-19.0
20.0
23.0
-6.0
32.0
-23.0
23.0
16.0
-33.0
21.0
-1.0
-1.0
37.0
-11.0
13.0
9.0
-21.0
10.0
-6.0
-16.0
31.0
-2.0
45.0
53.0
21.0
58.0
27.0
15.0
51.0
-10.0
10.0
-6.0
-32.0
12.0
15.0
4.0
46.0
2.0
45.0
43.0
-4.0
17.0
12.0
-8.0
35.0
7.0
22.0
21.0
10.0
53.0
37.0
11.0
39.0
-2.0
33.0
52.0
22.0
39.0
34.0
-12.0
37.0
-2.0
12.0
35.0
-4.0
49.0
37.0
3.0
56.0
43.0
35.0
39.0
1.0
20.0
-5.0
2.0
52.0
18.0
31.0
45.0
2.0
45.0
44.0
36.0
74.0
38.0
42.0
47.0
7.0
24.0
3.0
2.0
8.0
-12.0
29.0
32.0
31.0
57.0
69.0
36.0
82.0
68.0
69.0
76.0
44.0
96.0
89.0
99.0
129.0
95.0
95.0
93.0
39.0
71.0
46.0
39.0
58.0
29.0
50.0
67.0
24.0
45.0
39.0
12.0
55.0
53.0
94.0
117.0
77.0
102.0
83.0
61.0
70.0
4.0
-6.0
9.0
-21.0
39.0
2.0
-7.0
29.0
-39.0
-15.0
-2.0
-11.0
20.0
31.0
17.0
49.0
-21.0
-4.0
22.0
-43.0
7.0
-14.0
-10.0
15.0
-2.0
-17.0
5.0
-29.0
-4.0
-5.0
-1.0
34.0
8.0
43.0
53.0
20.0
30.0
1.0
7.0
22.0
-16.0
-16.0
-22.0
-69.0
-14.0
-16.0
-38.0
8.0
-9.0
18.0
6.0
-30.0
-1.0
4.0
6.0
61.0
17.0
32.0
38.0
-22.0
32.0
32.0
13.0
36.0
1.0
24.0
62.0
18.0
54.0
45.0
58.0
86.0
50.0
50.0
88.0
38.0
74.0
77.0
51.0
103.0
59.0
86.0
100.0
71.0
113.0
113.0
111.0
140.0
97.0
91.0
109.0
72.0
97.0
73.0
56.0
84.0
68.0
96.0
108.0
68.0
92.0
96.0
88.0
145.0
100.0
99.0
93.0
67.0
114.0
87.0
102.0
132.0
117.0
107.0
130.0
64.0
102.0
80.0
68.0
91.0
67.0
72.0
90.0
55.0
100.0
64.0
60.0
90.0
36.0
51.0
55.0
1.0
34.0
13.0
-17.0
58.0
17.0
48.0
64.0
32.0
64.0
29.0
27.0
48.0
4.0
7.0
5.0
-38.0
2.0
5.0
-12.0
40.0
-26.0
-26.0
-3.0
-52.0
13.0
-3.0
5.0
43.0
-3.0
-12.0
13.0
-13.0
39.0
24.0
22.0
82.0
60.0
55.0
87.0
33.0
53.0
31.0
32.0
58.0
41.0
30.0
44.0
6.0
37.0
18.0
23.0
50.0
40.0
60.0
72.0
37.0
70.0
59.0
40.0
45.0
-18.0
-10.0
10.0
-34.0
-1.0
-6.0
-24.0
21.0
-6.0
31.0
38.0
-24.0
4.0
-25.0
-63.0
-10.0
-45.0
-9.0
9.0
-54.0
-10.0
-7.0
-13.0
49.0
25.0
33.0
28.0
-27.0
-29.0
-53.0
-101.0
-35.0
-61.0
-30.0
-29.0
-64.0
3.0
-7.0
-11.0
27.0
-48.0
-42.0
-31.0
-54.0
-17.0
-22.0
-33.0
-1.0
-46.0
-11.0
6.0
-14.0
13.0
26.0
-3.0
43.0
5.0
24.0
29.0
-21.0
8.0
-11.0
-11.0
4.0
-28.0
0.0
54.0
3.0
66.0
35.0
-3.0
23.0
-40.0
-30.0
-36.0
-92.0
-49.0
-15.0
-21.0
6.0
-12.0
8.0
29.0
-9.0
-6.0
-9.0
-41.0
-29.0
-50.0
-41.0
-41.0
-77.0
-64.0
-71.0
-90.0
-26.0
-48.0
-5.0
11.0
-28.0
-4.0
-17.0
-51.0
-43.0
-96.0
-69.0
-73.0
-96.0
-52.0
-39.0
-54.0
-8.0
-55.0
-23.0
16.0
-36.0
-30.0
-43.0
-67.0
-39.0
-60.0
-33.0
17.0
-35.0
-8.0
-29.0
-43.0
-41.0
-88.0
-72.0
-50.0
-72.0
-37.0
-63.0
-68.0
-33.0
-71.0
-32.0
-22.0
-72.0
-47.0
-77.0
-86.0
-70.0
-96.0
-34.0
-11.0
-31.0
3.0
-9.0
-42.0
17.0
-27.0
-16.0
-13.0
-77.0
-36.0
-50.0
-46.0
-14.0
-89.0
-58.0
-41.0
-72.0
-40.0
-48.0
-50.0
-24.0
-32.0
-27.0
0.0
-40.0
3.0
-9.0
-19.0
18.0
-28.0
-13.0
-20.0
-26.0
17.0
8.0
1.0
36.0
-15.0
-19.0
-2.0
-42.0
-12.0
-25.0
-47.0
-31.0
-35.0
-14.0
5.0
-1.0
16.0
-3.0
1.0
55.0
44.0
39.0
45.0
20.0
30.0
5.0
-11.0
16.0
17.0
31.0
41.0
-8.0
11.0
-4.0
-8.0
33.0
14.0
55.0
61.0
10.0
44.0
12.0
-3.0
47.0
10.0
10.0
36.0
17.0
62.0
58.0
41.0
72.0
21.0
8.0
41.0
-30.0
18.0
-6.0
-6.0
31.0
-15.0
-18.0
-10.0
-41.0
10.0
2.0
-24.0
7.0
-16.0
-2.0
15.0
-37.0
-21.0
-42.0
-54.0
12.0
-20.0
-6.0
-12.0
-34.0
5.0
-18.0
-34.0
-8.0
-39.0
-37.0
-20.0
-84.0
-52.0
-63.0
-82.0
-39.0
-75.0
-58.0
-34.0
-45.0
-4.0
-7.0
-24.0
-19.0
-58.0
-32.0
-35.0
-25.0
7.0
-12.0
-26.0
10.0
-37.0
-5.0
-18.0
-45.0
-3.0
-29.0
-63.0
-11.0
-31.0
5.0
17.0
-17.0
10.0
3.0
-14.0
35.0
18.0
15.0
9.0
-35.0
0.0
-2.0
-21.0
11.0
-25.0
-12.0
-24.0
-62.0
-50.0
-71.0
-64.0
-32.0
-58.0
-72.0
-35.0
-82.0
-60.0
-60.0
-60.0
-21.0
-62.0
-42.0
-40.0
-67.0
-69.0
-74.0
-102.0
-72.0
-93.0
-71.0
-25.0
-68.0
-31.0
-53.0
-76.0
-2.0
-70.0
-62.0
-6.0
-73.0
-34.0
-41.0
-59.0
-18.0
-60.0
-41.0
-37.0
-105.0
-69.0
-107.0
-109.0
-72.0
-109.0
-84.0
-69.0
-120.0
-79.0
-88.0
-142.0
-120.0
-138.0
-130.0
-98.0
-125.0
-109.0
-130.0
-138.0
-100.0
-137.0
-120.0
-79.0
-126.0
-79.0
-93.0
-133.0
-102.0
-134.0
-127.0
-91.0
-114.0
-78.0
-106.0
-111.0
-90.0
-129.0
-113.0
-95.0
-117.0
-95.0
-107.0
-139.0
-122.0
-176.0
-148.0
-118.0
-163.0
-142.0
-149.0
-146.0
-112.0
-133.0
-86.0
-70.0
-102.0
-82.0
-121.0
-122.0
-78.0
-126.0
-115.0
-115.0
-135.0
-107.0
-103.0
-110.0
-61.0
-78.0
-68.0
-56.0
-110.0
-87.0
-130.0
-138.0
-109.0
-124.0
-109.0
-89.0
-136.0
-108.0
-133.0
-149.0
-90.0
-133.0
-84.0
-82.0
-119.0
-135.0
-158.0
-178.0
-139.0
-141.0
-112.0
-74.0
-88.0
-51.0
-52.0
-106.0
-55.0
-81.0
-51.0
-33.0
-60.0
-10.0
-18.0
-46.0
-41.0
-84.0
-81.0
-56.0
-77.0
-62.0
-59.0
-65.0
-9.0
-40.0
-21.0
-7.0
-7.0
49.0
30.0
7.0
14.0
-34.0
-33.0
-42.0
-50.0
2.0
3.0
3.0
11.0
-20.0
-32.0
0.0
-12.0
13.0
-4.0
-14.0
22.0
-25.0
-13.0
17.0
-7.0
15.0
7.0
-4.0
48.0
18.0
-1.0
13.0
-16.0
6.0
-17.0
-7.0
29.0
1.0
8.0
35.0
-5.0
14.0
6.0
1.0
45.0
20.0
54.0
58.0
21.0
71.0
77.0
67.0
101.0
63.0
70.0
103.0
82.0
79.0
44.0
40.0
64.0
35.0
58.0
67.0
33.0
65.0
77.0
76.0
99.0
46.0
41.0
62.0
37.0
87.0
63.0
49.0
76.0
42.0
66.0
84.0
71.0
112.0
97.0
111.0
122.0
73.0
110.0
120.0
81.0
93.0
60.0
19.0
26.0
-15.0
15.0
40.0
-4.0
20.0
25.0
-19.0
14.0
-20.0
-22.0
-24.0
-22.0
-27.0
-23.0
-71.0
-40.0
-89.0
-68.0
-27.0
-59.0
-36.0
-38.0
-64.0
-32.0
-58.0
-42.0
-42.0
-63.0
-23.0
-40.0
-58.0
-21.0
-56.0
-37.0
-41.0
-69.0
-40.0
-22.0
-24.0
34.0
4.0
-4.0
3.0
-55.0
-7.0
-22.0
-39.0
-8.0
-48.0
-32.0
-7.0
-71.0
-32.0
-46.0
-43.0
-11.0
-30.0
-39.0
-30.0
-74.0
-36.0
-34.0
-59.0
-11.0
-55.0
-23.0
-24.0
-57.0
-8.0
-22.0
-52.0
-39.0
-82.0
-59.0
-41.0
-62.0
-21.0
-41.0
-33.0
-27.0
-84.0
-57.0
-51.0
-98.0
-63.0
-98.0
-113.0
-82.0
-107.0
-100.0
-80.0
-96.0
-36.0
-49.0
-78.0
-51.0
-91.0
-81.0
-71.0
-106.0
-83.0
-84.0
-106.0
-76.0
-102.0
-89.0
-58.0
-87.0
-50.0
-72.0
-105.0
-60.0
-115.0
-96.0
-95.0
-145.0
-126.0
-127.0
-110.0
-53.0
-47.0
4.0
11.0
-29.0
-24.0
-63.0
-102.0
-71.0
-126.0
-112.0
-53.0
-91.0
-33.0
-45.0
-48.0
-21.0
-56.0
-51.0
-22.0
-63.0
-48.0
-67.0
-79.0
-8.0
-52.0
-35.0
-23.0
-45.0
-28.0
-42.0
-46.0
-20.0
-40.0
-14.0
-13.0
-57.0
-27.0
-45.0
-58.0
-10.0
-11.0
4.0
25.0
-36.0
13.0
-15.0
-37.0
-20.0
-54.0
-31.0
-24.0
-41.0
7.0
-4.0
2.0
21.0
3.0
16.0
28.0
-20.0
15.0
36.0
-4.0
32.0
-26.0
1.0
5.0
-25.0
33.0
31.0
32.0
59.0
16.0
49.0
58.0
8.0
39.0
27.0
-13.0
9.0
-20.0
4.0
27.0
-6.0
35.0
18.0
19.0
83.0
52.0
53.0
71.0
51.0
86.0
48.0
31.0
44.0
33.0
62.0
55.0
43.0
77.0
86.0
74.0
108.0
77.0
88.0
116.0
87.0
126.0
115.0
114.0
137.0
88.0
103.0
98.0
52.0
104.0
103.0
96.0
119.0
89.0
95.0
118.0
89.0
140.0
136.0
134.0
155.0
126.0
136.0
139.0
120.0
150.0
116.0
107.0
143.0
87.0
125.0
116.0
76.0
102.0
88.0
77.0
122.0
122.0
149.0
172.0
128.0
170.0
162.0
143.0
135.0
134.0
129.0
126.0
81.0
120.0
104.0
84.0
108.0
87.0
78.0
101.0
71.0
115.0
112.0
97.0
108.0
59.0
70.0
78.0
34.0
90.0
73.0
61.0
70.0
46.0
55.0
96.0
67.0
85.0
74.0
53.0
102.0
81.0
103.0
99.0
72.0
91.0
77.0
62.0
74.0
39.0
73.0
74.0
59.0
80.0
64.0
49.0
90.0
66.0
90.0
79.0
90.0
116.0
110.0
80.0
110.0
81.0
81.0
93.0
84.0
126.0
125.0
77.0
135.0
112.0
143.0
170.0
143.0
185.0
172.0
145.0
175.0
138.0
158.0
174.0
126.0
125.0
117.0
127.0
154.0
129.0
129.0
141.0
133.0
143.0
127.0
93.0
112.0
74.0
68.0
72.0
61.0
87.0
114.0
126.0
169.0
146.0
158.0
161.0
130.0
173.0
106.0
91.0
87.0
62.0
86.0
130.0
71.0
117.0
99.0
92.0
116.0
91.0
92.0
104.0
94.0
146.0
147.0
133.0
176.0
134.0
129.0
170.0
138.0
201.0
191.0
172.0
219.0
182.0
196.0
219.0
202.0
210.0
187.0
157.0
222.0
203.0
222.0
222.0
172.0
208.0
190.0
168.0
174.0
122.0
135.0
170.0
121.0
152.0
134.0
144.0
189.0
160.0
156.0
164.0
145.0
211.0
178.0
172.0
176.0
127.0
131.0
145.0
116.0
163.0
125.0
126.0
182.0
163.0
148.0
178.0
140.0
169.0
126.0
133.0
178.0
115.0
138.0
133.0
105.0
150.0
114.0
105.0
134.0
90.0
156.0
181.0
172.0
222.0
229.0
186.0
220.0
168.0
178.0
202.0
144.0
195.0
168.0
140.0
168.0
144.0
175.0
182.0
154.0
169.0
174.0
178.0
195.0
165.0
153.0
187.0
143.0
161.0
128.0
110.0
143.0
140.0
152.0
173.0
165.0
178.0
182.0
200.0
238.0
167.0
162.0
137.0
79.0
102.0
73.0
78.0
89.0
32.0
56.0
62.0
70.0
99.0
97.0
105.0
136.0
117.0
120.0
101.0
62.0
81.0
49.0
16.0
46.0
2.0
18.0
16.0
-3.0
40.0
73.0
39.0
45.0
46.0
40.0
33.0
-23.0
31.0
0.0
-27.0
15.0
-38.0
-43.0
8.0
-24.0
7.0
-13.0
-34.0
8.0
0.0
3.0
-15.0
-35.0
-15.0
-23.0
-23.0
3.0
-8.0
10.0
3.0
-17.0
23.0
-6.0
-10.0
32.0
-3.0
12.0
43.0
3.0
15.0
3.0
26.0
36.0
53.0
33.0
44.0
0.0
42.0
30.0
7.0
59.0
22.0
34.0
44.0
-5.0
32.0
6.0
16.0
4.0
-22.0
-10.0
13.0
-24.0
13.0
-7.0
-2.0
22.0
-2.0
22.0
37.0
-10.0
53.0
43.0
22.0
29.0
7.0
45.0
49.0
7.0
18.0
6.0
-21.0
25.0
-15.0
4.0
22.0
30.0
40.0
27.0
-11.0
40.0
-14.0
20.0
38.0
-10.0
22.0
-18.0
-30.0
-1.0
-22.0
-4.0
3.0
-17.0
7.0
-5.0
-6.0
2.0
-26.0
-5.0
9.0
-26.0
8.0
-19.0
-13.0
17.0
-36.0
-10.0
-28.0
-39.0
-8.0
-16.0
-35.0
-4.0
-44.0
-15.0
13.0
-10.0
19.0
9.0
9.0
30.0
-33.0
5.0
-3.0
-26.0
9.0
-20.0
-49.0
-21.0
-39.0
-13.0
1.0
-22.0
32.0
15.0
-44.0
8.0
-36.0
-32.0
-7.0
-34.0
-2.0
1.0
-18.0
40.0
-2.0
19.0
35.0
-31.0
5.0
5.0
-20.0
-25.0
-63.0
-21.0
-11.0
-46.0
-17.0
-18.0
-28.0
6.0
-28.0
-34.0
-27.0
-54.0
-8.0
-40.0
-84.0
-71.0
-83.0
-60.0
-44.0
-54.0
-6.0
-13.0
-49.0
-21.0
-40.0
-29.0
-3.0
-43.0
4.0
-8.0
-13.0
17.0
-38.0
-36.0
-20.0
-34.0
-18.0
-42.0
-48.0
-8.0
-39.0
-7.0
-1.0
-39.0
-16.0
-26.0
-69.0
-31.0
-73.0
-49.0
-24.0
-79.0
-69.0
-45.0
-51.0
-10.0
-72.0
-68.0
-24.0
-74.0
-26.0
-15.0
-54.0
-14.0
-60.0
-32.0
-18.0
-58.0
-32.0
-39.0
-66.0
-39.0
-50.0
-41.0
-31.0
-39.0
-17.0
-26.0
-41.0
-20.0
-84.0
-79.0
-77.0
-113.0
-79.0
-106.0
-91.0
-64.0
-79.0
-57.0
-61.0
-96.0
-71.0
-73.0
-86.0
-65.0
-114.0
-87.0
-96.0
-158.0
-134.0
-161.0
-168.0
-119.0
-169.0
-153.0
-144.0
-167.0
-141.0
-139.0
-132.0
-86.0
-105.0
-84.0
-88.0
-131.0
-107.0
-105.0
-99.0
-91.0
-115.0
-143.0
-86.0
-163.0
-115.0
-158.0
-139.0
-110.0
-161.0
-130.0
-85.0
-152.0
-148.0
-153.0
-165.0
-115.0
-141.0
-109.0
-90.0
-132.0
-94.0
-142.0
-120.0
-55.0
-112.0
-90.0
-105.0
-131.0
-93.0
-113.0
-128.0
-116.0
-168.0
-148.0
-118.0
-148.0
-115.0
-113.0
-128.0
-91.0
-103.0
-99.0
-72.0
-110.0
-70.0
-105.0
-119.0
-86.0
-137.0
-121.0
-102.0
-147.0
-133.0
-138.0
-142.0
-108.0
-152.0
-116.0
-107.0
-137.0
-111.0
-132.0
-166.0
-126.0
-138.0
-98.0
-71.0
-116.0
-111.0
-148.0
-159.0
-133.0
-189.0
-176.0
-163.0
-162.0
-128.0
-145.0
-169.0
-107.0
-158.0
-120.0
-110.0
-134.0
-97.0
-104.0
-138.0
-98.0
-122.0
-120.0
-99.0
-117.0
-76.0
-101.0
-101.0
-51.0
-72.0
-77.0
-72.0
-118.0
-80.0
-100.0
-115.0
-74.0
-120.0
-77.0
-92.0
-119.0
-73.0
-98.0
-122.0
-105.0
-136.0
-115.0
-122.0
-146.0
-109.0
-103.0
-130.0
-91.0
-85.0
-96.0
-105.0
-162.0
-108.0
-154.0
-169.0
-144.0
-155.0
-138.0
-133.0
-144.0
-105.0
-140.0
-152.0
-97.0
-117.0
-126.0
-112.0
-160.0
-125.0
-148.0
-142.0
-106.0
-120.0
-99.0
-103.0
-118.0
-91.0
-99.0
-126.0
-91.0
-147.0
-119.0
-109.0
-162.0
-106.0
-149.0
-166.0
-101.0
-129.0
-109.0
-114.0
-159.0
-133.0
-118.0
-117.0
-96.0
-133.0
-148.0
-146.0
-173.0
-149.0
-147.0
-146.0
-120.0
-145.0
-101.0
-129.0
-130.0
-79.0
-89.0
-88.0
-58.0
-97.0
-113.0
-120.0
-181.0
-136.0
-151.0
-161.0
-128.0
-126.0
-70.0
-43.0
-97.0
-42.0
-50.0
-80.0
-32.0
-73.0
-98.0
-80.0
-108.0
-67.0
-96.0
-103.0
-59.0
-91.0
-68.0
-32.0
-59.0
-19.0
-43.0
-37.0
6.0
-41.0
-21.0
-35.0
-75.0
-52.0
-55.0
-78.0
-61.0
-83.0
-44.0
-23.0
-44.0
-27.0
-46.0
-66.0
-41.0
-65.0
-55.0
-40.0
-65.0
-62.0
-74.0
-111.0
-72.0
-120.0
-103.0
-77.0
-95.0
-41.0
-55.0
-73.0
-31.0
-58.0
-34.0
-3.0
-52.0
-22.0
-55.0
-50.0
-43.0
-88.0
-68.0
-64.0
-107.0
-74.0
-86.0
-80.0
-46.0
-68.0
-61.0
-69.0
-106.0
-76.0
-125.0
-111.0
-43.0
-54.0
-41.0
-55.0
-78.0
-27.0
-40.0
-46.0
2.0
-52.0
-41.0
-42.0
-50.0
-24.0
-23.0
-38.0
36.0
23.0
-2.0
17.0
-33.0
1.0
-32.0
-41.0
-12.0
-46.0
-30.0
-42.0
-66.0
-12.0
15.0
39.0
49.0
8.0
7.0
-29.0
-119.0
-69.0
-97.0
-105.0
-61.0
-51.0
-15.0
26.0
13.0
54.0
-4.0
-1.0
6.0
-54.0
-24.0
-36.0
-67.0
-18.0
-43.0
-59.0
-48.0
-59.0
-55.0
-37.0
-76.0
-16.0
-32.0
-62.0
-28.0
-79.0
-39.0
-12.0
-31.0
-6.0
-43.0
-35.0
4.0
-42.0
-14.0
-13.0
-50.0
-4.0
-18.0
-44.0
-3.0
-17.0
-13.0
-9.0
-27.0
-11.0
-12.0
-8.0
-16.0
-29.0
-31.0
-43.0
-96.0
-53.0
-81.0
-50.0
26.0
-14.0
-1.0
12.0
-20.0
-5.0
-13.0
-41.0
-8.0
-67.0
-43.0
-5.0
-49.0
-6.0
2.0
-25.0
23.0
-11.0
3.0
3.0
-37.0
0.0
-20.0
-34.0
10.0
-29.0
-14.0
-2.0
-30.0
-6.0
-11.0
-4.0
-4.0
-33.0
-35.0
-2.0
-31.0
32.0
28.0
29.0
56.0
13.0
52.0
63.0
37.0
78.0
57.0
30.0
58.0
35.0
58.0
70.0
27.0
67.0
58.0
48.0
95.0
66.0
68.0
70.0
60.0
79.0
35.0
27.0
37.0
-2.0
39.0
63.0
37.0
94.0
66.0
49.0
102.0
52.0
105.0
71.0
47.0
102.0
97.0
80.0
98.0
81.0
82.0
112.0
99.0
154.0
109.0
110.0
121.0
107.0
137.0
146.0
164.0
194.0
188.0
212.0
287.0
282.0
282.0
289.0
275.0
307.0
271.0
255.0
278.0
214.0
220.0
238.0
178.0
203.0
164.0
143.0
173.0
131.0
161.0
177.0
105.0
138.0
117.0
100.0
147.0
118.0
134.0
128.0
98.0
135.0
89.0
59.0
93.0
67.0
67.0
87.0
48.0
63.0
48.0
44.0
83.0
80.0
92.0
97.0
60.0
98.0
81.0
59.0
102.0
68.0
91.0
92.0
51.0
95.0
66.0
58.0
86.0
54.0
82.0
91.0
56.0
105.0
118.0
71.0
97.0
58.0
74.0
87.0
63.0
74.0
70.0
110.0
108.0
71.0
86.0
72.0
35.0
80.0
68.0
67.0
100.0
58.0
65.0
91.0
38.0
63.0
54.0
30.0
78.0
45.0
90.0
76.0
40.0
64.0
40.0
30.0
63.0
8.0
46.0
56.0
28.0
61.0
40.0
29.0
37.0
8.0
53.0
62.0
44.0
73.0
63.0
43.0
60.0
33.0
64.0
75.0
34.0
55.0
35.0
17.0
85.0
37.0
50.0
72.0
40.0
86.0
65.0
73.0
111.0
72.0
101.0
128.0
89.0
104.0
54.0
52.0
103.0
90.0
142.0
118.0
79.0
117.0
84.0
51.0
83.0
56.0
67.0
55.0
42.0
87.0
49.0
52.0
58.0
21.0
21.0
40.0
18.0
69.0
53.0
44.0
69.0
50.0
49.0
23.0
12.0
27.0
4.0
12.0
43.0
19.0
35.0
47.0
27.0
58.0
40.0
29.0
64.0
37.0
72.0
106.0
93.0
114.0
108.0
120.0
160.0
116.0
148.0
161.0
112.0
129.0
111.0
99.0
152.0
96.0
110.0
119.0
107.0
125.0
121.0
107.0
136.0
72.0
75.0
83.0
43.0
81.0
60.0
55.0
117.0
90.0
121.0
109.0
96.0
117.0
102.0
79.0
116.0
67.0
98.0
78.0
48.0
67.0
61.0
51.0
84.0
38.0
39.0
54.0
23.0
55.0
24.0
17.0
57.0
37.0
35.0
54.0
21.0
39.0
13.0
13.0
35.0
-26.0
-33.0
-23.0
-34.0
39.0
22.0
24.0
45.0
7.0
11.0
-5.0
-28.0
6.0
7.0
16.0
63.0
56.0
70.0
49.0
-15.0
-1.0
-12.0
-15.0
44.0
3.0
37.0
27.0
-12.0
46.0
27.0
8.0
36.0
1.0
19.0
22.0
-44.0
3.0
-46.0
-60.0
-40.0
-62.0
-10.0
8.0
-38.0
2.0
1.0
8.0
37.0
-10.0
-6.0
7.0
-10.0
24.0
1.0
-14.0
25.0
4.0
16.0
23.0
0.0
31.0
4.0
35.0
77.0
24.0
47.0
70.0
32.0
61.0
54.0
77.0
129.0
79.0
95.0
97.0
54.0
90.0
69.0
55.0
96.0
49.0
60.0
61.0
47.0
78.0
67.0
58.0
99.0
56.0
71.0
91.0
56.0
86.0
52.0
35.0
59.0
4.0
23.0
13.0
-11.0
43.0
50.0
37.0
63.0
23.0
21.0
35.0
12.0
56.0
49.0
37.0
56.0
-3.0
30.0
40.0
28.0
90.0
101.0
97.0
106.0
42.0
72.0
74.0
32.0
59.0
49.0
52.0
94.0
55.0
89.0
105.0
87.0
119.0
95.0
88.0
127.0
102.0
133.0
127.0
99.0
125.0
93.0
93.0
132.0
74.0
109.0
131.0
110.0
152.0
137.0
142.0
182.0
133.0
143.0
156.0
127.0
133.0
102.0
105.0
147.0
115.0
145.0
143.0
105.0
135.0
122.0
107.0
136.0
93.0
125.0
114.0
76.0
159.0
122.0
131.0
147.0
110.0
99.0
122.0
83.0
110.0
74.0
70.0
102.0
80.0
100.0
101.0
77.0
103.0
78.0
69.0
119.0
60.0
104.0
103.0
69.0
102.0
103.0
98.0
133.0
100.0
131.0
122.0
76.0
144.0
97.0
99.0
137.0
106.0
127.0
129.0
91.0
101.0
84.0
61.0
96.0
65.0
58.0
72.0
31.0
69.0
84.0
89.0
105.0
65.0
76.0
102.0
70.0
127.0
99.0
96.0
139.0
95.0
121.0
118.0
92.0
130.0
118.0
132.0
156.0
145.0
150.0
147.0
116.0
124.0
91.0
39.0
83.0
42.0
46.0
40.0
16.0
83.0
101.0
103.0
115.0
77.0
111.0
119.0
102.0
125.0
61.0
41.0
46.0
-12.0
13.0
25.0
14.0
68.0
74.0
70.0
109.0
82.0
108.0
88.0
27.0
90.0
60.0
37.0
77.0
31.0
60.0
84.0
81.0
101.0
95.0
122.0
157.0
139.0
169.0
154.0
131.0
140.0
106.0
114.0
143.0
83.0
130.0
140.0
114.0
197.0
149.0
155.0
183.0
140.0
148.0
150.0
125.0
131.0
95.0
120.0
137.0
110.0
129.0
127.0
103.0
140.0
115.0
115.0
112.0
72.0
128.0
140.0
94.0
126.0
135.0
123.0
177.0
137.0
152.0
136.0
92.0
110.0
83.0
55.0
102.0
74.0
86.0
110.0
67.0
99.0
102.0
80.0
152.0
124.0
155.0
137.0
85.0
82.0
65.0
36.0
72.0
51.0
87.0
85.0
64.0
93.0
83.0
63.0
97.0
61.0
91.0
122.0
91.0
110.0
89.0
77.0
91.0
68.0
97.0
111.0
86.0
119.0
89.0
87.0
114.0
61.0
82.0
71.0
42.0
78.0
62.0
57.0
79.0
44.0
80.0
64.0
44.0
84.0
60.0
40.0
72.0
53.0
73.0
98.0
57.0
93.0
50.0
62.0
96.0
23.0
48.0
51.0
25.0
67.0
68.0
67.0
80.0
45.0
48.0
56.0
26.0
79.0
72.0
54.0
68.0
3.0
31.0
39.0
27.0
68.0
40.0
53.0
67.0
34.0
58.0
75.0
30.0
55.0
48.0
42.0
96.0
40.0
53.0
34.0
21.0
66.0
21.0
21.0
82.0
31.0
47.0
48.0
56.0
97.0
58.0
81.0
102.0
65.0
79.0
100.0
39.0
88.0
56.0
30.0
55.0
23.0
36.0
23.0
17.0
81.0
57.0
76.0
103.0
28.0
61.0
71.0
48.0
55.0
13.0
7.0
32.0
4.0
43.0
111.0
105.0
158.0
154.0
138.0
162.0
95.0
115.0
117.0
89.0
147.0
137.0
137.0
163.0
115.0
127.0
160.0
120.0
172.0
159.0
130.0
169.0
148.0
157.0
169.0
154.0
180.0
157.0
148.0
188.0
136.0
139.0
121.0
95.0
109.0
62.0
52.0
78.0
56.0
79.0
55.0
22.0
65.0
54.0
20.0
72.0
35.0
69.0
74.0
65.0
94.0
59.0
88.0
75.0
33.0
79.0
70.0
22.0
62.0
39.0
40.0
69.0
31.0
61.0
82.0
76.0
110.0
87.0
97.0
119.0
70.0
91.0
89.0
67.0
108.0
74.0
32.0
90.0
52.0
92.0
100.0
81.0
124.0
116.0
118.0
147.0
110.0
152.0
138.0
78.0
108.0
63.0
64.0
94.0
40.0
57.0
79.0
69.0
118.0
97.0
95.0
107.0
80.0
93.0
73.0
30.0
63.0
53.0
34.0
83.0
34.0
61.0
67.0
58.0
98.0
86.0
68.0
105.0
70.0
83.0
74.0
14.0
32.0
1.0
-22.0
19.0
4.0
36.0
53.0
46.0
89.0
64.0
56.0
72.0
19.0
30.0
19.0
-31.0
25.0
-12.0
-18.0
22.0
-40.0
1.0
27.0
-8.0
27.0
40.0
38.0
53.0
20.0
36.0
43.0
-6.0
18.0
-15.0
-11.0
6.0
-38.0
5.0
10.0
-29.0
2.0
-4.0
13.0
60.0
14.0
17.0
30.0
-2.0
21.0
-20.0
-38.0
-18.0
-65.0
-25.0
-30.0
-57.0
-15.0
-47.0
-39.0
-13.0
-59.0
-21.0
-24.0
-73.0
-21.0
-18.0
-18.0
-25.0
-53.0
-32.0
-20.0
-29.0
-5.0
-35.0
-53.0
-39.0
-79.0
-52.0
-30.0
-75.0
-38.0
-56.0
-71.0
-54.0
-92.0
-55.0
-21.0
-43.0
-11.0
-12.0
-41.0
-25.0
-61.0
-18.0
-39.0
-82.0
-34.0
-59.0
-74.0
-52.0
-58.0
-36.0
-18.0
-53.0
-18.0
-26.0
-23.0
-14.0
-46.0
-33.0
-35.0
-71.0
-32.0
-61.0
-64.0
-27.0
-72.0
-42.0
-31.0
-44.0
5.0
6.0
13.0
35.0
-33.0
-10.0
6.0
-34.0
15.0
-7.0
-14.0
22.0
-6.0
36.0
26.0
36.0
80.0
55.0
38.0
76.0
58.0
55.0
62.0
49.0
71.0
16.0
12.0
53.0
17.0
45.0
40.0
6.0
40.0
30.0
12.0
57.0
25.0
50.0
36.0
-3.0
20.0
-8.0
-49.0
-1.0
-33.0
-23.0
-12.0
-33.0
1.0
-25.0
-20.0
-22.0
-62.0
-40.0
-28.0
-44.0
5.0
-5.0
8.0
20.0
-25.0
-13.0
-24.0
-41.0
11.0
-7.0
7.0
9.0
-67.0
-70.0
-69.0
-101.0
-58.0
-64.0
-65.0
-36.0
-84.0
-66.0
-46.0
-49.0
-8.0
-22.0
-42.0
29.0
-6.0
44.0
37.0
19.0
60.0
17.0
-6.0
23.0
-24.0
-6.0
11.0
-30.0
20.0
-10.0
-25.0
20.0
-35.0
17.0
66.0
-1.0
16.0
-21.0
-27.0
-27.0
-52.0
-37.0
-11.0
-50.0
-3.0
-17.0
-20.0
-1.0
-36.0
-22.0
-26.0
-67.0
-48.0
-56.0
-69.0
-25.0
-61.0
-17.0
3.0
-35.0
-1.0
-27.0
-49.0
-28.0
-74.0
-82.0
-69.0
-103.0
-60.0
-78.0
-84.0
3.0
-37.0
-10.0
-12.0
-53.0
-20.0
-44.0
-61.0
-52.0
-91.0
-64.0
-48.0
-62.0
23.0
5.0
-14.0
26.0
-12.0
7.0
13.0
-17.0
24.0
-7.0
-43.0
-4.0
-64.0
-12.0
-10.0
-44.0
1.0
-9.0
-13.0
48.0
31.0
33.0
31.0
-26.0
6.0
-30.0
-17.0
27.0
-11.0
18.0
50.0
51.0
107.0
73.0
39.0
54.0
-11.0
1.0
-21.0
-50.0
5.0
-11.0
-17.0
7.0
-32.0
-10.0
3.0
-2.0
22.0
-25.0
-16.0
-6.0
-50.0
-37.0
-27.0
-61.0
-42.0
-65.0
-40.0
10.0
-38.0
-30.0
-30.0
-54.0
-8.0
-13.0
-40.0
-6.0
-58.0
-3.0
5.0
-7.0
12.0
-8.0
-14.0
-6.0
-32.0
-3.0
11.0
-50.0
8.0
-36.0
-54.0
-31.0
-21.0
12.0
14.0
2.0
13.0
-23.0
-35.0
-21.0
-42.0
-8.0
-20.0
-54.0
-26.0
-37.0
-36.0
17.0
-20.0
15.0
-3.0
-29.0
18.0
-5.0
-13.0
3.0
-44.0
-46.0
-25.0
-43.0
-5.0
-14.0
-8.0
35.0
-20.0
26.0
32.0
7.0
37.0
33.0
27.0
56.0
-8.0
48.0
63.0
42.0
90.0
70.0
52.0
67.0
13.0
18.0
13.0
-10.0
34.0
-3.0
9.0
38.0
11.0
33.0
50.0
50.0
78.0
34.0
12.0
26.0
-13.0
10.0
34.0
7.0
41.0
14.0
2.0
21.0
-14.0
18.0
43.0
21.0
60.0
25.0
18.0
42.0
-11.0
-12.0
1.0
-28.0
24.0
-5.0
21.0
50.0
6.0
35.0
39.0
24.0
52.0
8.0
21.0
37.0
-10.0
14.0
30.0
-7.0
24.0
1.0
-6.0
30.0
-1.0
47.0
46.0
40.0
83.0
60.0
32.0
37.0
17.0
27.0
37.0
-10.0
44.0
4.0
3.0
46.0
13.0
22.0
3.0
-8.0
34.0
20.0
19.0
25.0
-4.0
43.0
39.0
-19.0
15.0
-45.0
-53.0
-26.0
-46.0
-21.0
-24.0
-68.0
-17.0
-29.0
-23.0
29.0
26.0
8.0
-20.0
-52.0
-26.0
-65.0
-69.0
-35.0
-65.0
-63.0
-62.0
-81.0
-57.0
-87.0
-92.0
-31.0
-52.0
-27.0
-34.0
-75.0
-50.0
-70.0
-75.0
-61.0
-102.0
-76.0
-74.0
-90.0
-51.0
-59.0
-67.0
-45.0
-69.0
-48.0
-47.0
-49.0
-43.0
-54.0
-37.0
-16.0
-62.0
-40.0
-39.0
-70.0
-45.0
-77.0
-91.0
-69.0
-106.0
-91.0
-77.0
-104.0
-71.0
-87.0
-101.0
-64.0
-94.0
-71.0
-45.0
-79.0
-45.0
-74.0
-104.0
-82.0
-98.0
-84.0
-49.0
-92.0
-53.0
-77.0
-59.0
-42.0
-63.0
-33.0
-33.0
-69.0
-40.0
-92.0
-92.0
-69.0
-103.0
-85.0
-71.0
-76.0
-70.0
-61.0
-49.0
-25.0
-56.0
-37.0
-48.0
-81.0
-53.0
-84.0
-117.0
-74.0
-121.0
-83.0
-59.0
-74.0
-54.0
-84.0
-89.0
-62.0
-98.0
-81.0
-64.0
-121.0
-98.0
-116.0
-95.0
-61.0
-93.0
-57.0
-32.0
-58.0
-26.0
-44.0
-24.0
0.0
-18.0
-24.0
-28.0
-47.0
-11.0
-48.0
-15.0
14.0
-17.0
22.0
34.0
-1.0
43.0
-6.0
-30.0
8.0
-29.0
8.0
10.0
-25.0
-17.0
-28.0
-21.0
3.0
-37.0
-16.0
-22.0
-61.0
-17.0
-45.0
-62.0
-25.0
-61.0
-27.0
-23.0
-63.0
-30.0
-55.0
-53.0
-29.0
-61.0
-27.0
-46.0
-82.0
-42.0
-92.0
-88.0
-53.0
-71.0
-51.0
-37.0
-64.0
-25.0
-47.0
-42.0
-12.0
-37.0
-15.0
-10.0
-23.0
25.0
15.0
18.0
51.0
8.0
22.0
41.0
1.0
13.0
17.0
46.0
65.0
33.0
53.0
47.0
2.0
34.0
27.0
23.0
42.0
12.0
27.0
41.0
29.0
80.0
52.0
55.0
77.0
27.0
35.0
34.0
1.0
38.0
-6.0
-7.0
18.0
-12.0
8.0
12.0
-10.0
31.0
11.0
-2.0
29.0
-16.0
-4.0
6.0
-27.0
15.0
13.0
16.0
51.0
-5.0
23.0
-2.0
-22.0
16.0
-9.0
-15.0
28.0
23.0
36.0
33.0
-24.0
4.0
-11.0
-16.0
25.0
-26.0
-11.0
-20.0
-45.0
14.0
-1.0
-5.0
29.0
-1.0
7.0
5.0
-17.0
10.0
-23.0
-36.0
-6.0
-53.0
-31.0
-21.0
-40.0
4.0
-27.0
-11.0
-4.0
-54.0
-39.0
-21.0
-70.0
-14.0
-57.0
-65.0
-36.0
-56.0
-17.0
-3.0
-39.0
-3.0
-3.0
-24.0
9.0
-32.0
-31.0
-14.0
-36.0
-4.0
-44.0
-49.0
-21.0
-63.0
-24.0
8.0
-10.0
17.0
5.0
-37.0
-12.0
-50.0
-49.0
-44.0
-52.0
-27.0
-42.0
-12.0
43.0
8.0
15.0
12.0
10.0
29.0
24.0
11.0
35.0
11.0
51.0
60.0
-3.0
39.0
10.0
6.0
45.0
-2.0
61.0
88.0
59.0
101.0
84.0
80.0
98.0
52.0
63.0
56.0
16.0
54.0
42.0
49.0
82.0
49.0
86.0
97.0
54.0
75.0
54.0
30.0
31.0
8.0
43.0
65.0
16.0
62.0
22.0
8.0
49.0
29.0
73.0
79.0
57.0
87.0
58.0
62.0
84.0
40.0
79.0
79.0
46.0
68.0
55.0
34.0
73.0
49.0
90.0
122.0
88.0
103.0
82.0
45.0
47.0
14.0
39.0
47.0
62.0
100.0
78.0
65.0
67.0
30.0
50.0
77.0
46.0
95.0
81.0
84.0
103.0
64.0
64.0
62.0
26.0
73.0
42.0
34.0
56.0
65.0
100.0
108.0
55.0
110.0
96.0
85.0
77.0
38.0
54.0
69.0
18.0
48.0
41.0
19.0
58.0
19.0
58.0
87.0
37.0
72.0
31.0
20.0
20.0
-14.0
6.0
-26.0
-58.0
6.0
1.0
-7.0
15.0
-7.0
43.0
40.0
17.0
57.0
19.0
20.0
48.0
-9.0
10.0
24.0
8.0
33.0
21.0
25.0
50.0
43.0
82.0
114.0
83.0
114.0
78.0
76.0
88.0
41.0
61.0
45.0
13.0
51.0
52.0
70.0
122.0
113.0
129.0
164.0
105.0
142.0
97.0
111.0
143.0
92.0
101.0
98.0
51.0
92.0
97.0
98.0
131.0
93.0
113.0
101.0
85.0
121.0
71.0
77.0
106.0
52.0
87.0
75.0
41.0
75.0
55.0
40.0
102.0
63.0
46.0
62.0
16.0
33.0
55.0
46.0
49.0
8.0
13.0
17.0
-6.0
23.0
15.0
30.0
35.0
15.0
37.0
68.0
-1.0
8.0
-38.0
-53.0
-31.0
-76.0
-51.0
-18.0
-33.0
6.0
-13.0
-11.0
22.0
-21.0
-1.0
-11.0
-58.0
-16.0
-37.0
-33.0
-17.0
-56.0
-38.0
-23.0
-36.0
2.0
-21.0
-25.0
-10.0
-49.0
1.0
6.0
-16.0
23.0
-11.0
-26.0
7.0
-16.0
15.0
-11.0
-43.0
10.0
0.0
-19.0
14.0
-13.0
34.0
27.0
18.0
33.0
-17.0
-23.0
2.0
-45.0
-45.0
-54.0
-37.0
-1.0
-27.0
-16.0
14.0
11.0
27.0
25.0
9.0
39.0
29.0
13.0
36.0
15.0
45.0
20.0
3.0
38.0
13.0
15.0
63.0
35.0
62.0
44.0
6.0
29.0
-17.0
2.0
42.0
0.0
22.0
40.0
30.0
76.0
52.0
63.0
79.0
62.0
73.0
90.0
56.0
90.0
71.0
59.0
57.0
7.0
31.0
22.0
7.0
37.0
8.0
10.0
42.0
1.0
23.0
22.0
-11.0
32.0
24.0
-3.0
31.0
4.0
16.0
7.0
-44.0
-31.0
-36.0
-27.0
-1.0
-34.0
-13.0
-26.0
-51.0
-12.0
-21.0
-41.0
-8.0
-32.0
8.0
1.0
-18.0
12.0
-8.0
-1.0
23.0
-2.0
-6.0
-25.0
-57.0
20.0
5.0
13.0
54.0
13.0
42.0
27.0
-2.0
36.0
4.0
-20.0
26.0
-20.0
-17.0
-12.0
-18.0
13.0
-13.0
-1.0
41.0
26.0
36.0
52.0
17.0
68.0
49.0
48.0
60.0
49.0
69.0
76.0
67.0
97.0
74.0
86.0
105.0
67.0
103.0
103.0
96.0
111.0
67.0
66.0
77.0
36.0
65.0
61.0
42.0
70.0
63.0
80.0
111.0
72.0
106.0
100.0
71.0
133.0
122.0
93.0
117.0
93.0
105.0
112.0
77.0
114.0
107.0
104.0
134.0
82.0
90.0
96.0
75.0
116.0
95.0
89.0
90.0
65.0
77.0
64.0
47.0
87.0
73.0
53.0
67.0
34.0
61.0
86.0
50.0
95.0
70.0
31.0
60.0
8.0
18.0
13.0
-21.0
18.0
12.0
0.0
28.0
13.0
41.0
49.0
34.0
71.0
52.0
36.0
18.0
-32.0
-32.0
-25.0
-71.0
-7.0
-14.0
-33.0
-10.0
-42.0
-8.0
-15.0
-15.0
25.0
24.0
14.0
40.0
-8.0
-18.0
-29.0
-66.0
-44.0
-52.0
-64.0
-30.0
-62.0
-25.0
-22.0
-60.0
-23.0
-49.0
-39.0
-35.0
-49.0
-32.0
9.0
-41.0
-10.0
-33.0
-14.0
3.0
-20.0
5.0
16.0
-10.0
24.0
-4.0
12.0
37.0
-9.0
47.0
36.0
4.0
37.0
22.0
16.0
16.0
2.0
53.0
44.0
10.0
43.0
8.0
-3.0
3.0
-37.0
-12.0
1.0
-35.0
12.0
18.0
35.0
60.0
13.0
26.0
17.0
0.0
55.0
35.0
29.0
46.0
21.0
46.0
55.0
12.0
38.0
23.0
-3.0
26.0
-12.0
-1.0
3.0
5.0
59.0
23.0
3.0
45.0
-16.0
26.0
21.0
18.0
80.0
71.0
50.0
67.0
22.0
51.0
54.0
43.0
84.0
54.0
34.0
77.0
50.0
97.0
53.0
49.0
98.0
53.0
64.0
88.0
42.0
65.0
104.0
78.0
147.0
123.0
90.0
132.0
87.0
120.0
142.0
102.0
106.0
74.0
79.0
117.0
91.0
130.0
160.0
140.0
180.0
151.0
131.0
175.0
143.0
179.0
193.0
162.0
180.0
117.0
127.0
158.0
144.0
162.0
172.0
131.0
153.0
140.0
127.0
136.0
127.0
143.0
138.0
105.0
115.0
103.0
79.0
127.0
116.0
130.0
153.0
131.0
167.0
116.0
99.0
100.0
78.0
87.0
82.0
45.0
78.0
62.0
75.0
90.0
45.0
50.0
53.0
21.0
58.0
26.0
29.0
71.0
20.0
40.0
39.0
20.0
67.0
56.0
52.0
62.0
40.0
46.0
56.0
20.0
55.0
23.0
15.0
49.0
17.0
36.0
23.0
11.0
49.0
41.0
22.0
68.0
45.0
74.0
69.0
46.0
75.0
46.0
46.0
66.0
7.0
32.0
34.0
24.0
42.0
24.0
7.0
45.0
26.0
23.0
20.0
-28.0
16.0
-16.0
-11.0
10.0
-21.0
37.0
22.0
-5.0
43.0
3.0
-18.0
21.0
4.0
53.0
50.0
6.0
42.0
24.0
-5.0
41.0
3.0
20.0
17.0
-13.0
20.0
-15.0
-11.0
49.0
6.0
32.0
36.0
-4.0
37.0
20.0
-22.0
-14.0
-39.0
-33.0
-3.0
-35.0
10.0
-2.0
-4.0
21.0
-31.0
17.0
5.0
-15.0
1.0
-28.0
-25.0
24.0
9.0
17.0
45.0
17.0
46.0
10.0
2.0
41.0
-11.0
-13.0
-12.0
-46.0
-22.0
-22.0
-18.0
21.0
19.0
41.0
34.0
14.0
66.0
60.0
44.0
77.0
58.0
87.0
88.0
64.0
93.0
39.0
43.0
57.0
38.0
49.0
56.0
7.0
53.0
34.0
40.0
52.0
39.0
46.0
35.0
26.0
77.0
46.0
41.0
60.0
25.0
35.0
58.0
18.0
73.0
60.0
43.0
63.0
4.0
49.0
63.0
48.0
86.0
69.0
62.0
82.0
17.0
22.0
42.0
15.0
37.0
20.0
20.0
59.0
46.0
43.0
53.0
23.0
59.0
13.0
-8.0
30.0
-10.0
13.0
14.0
-8.0
33.0
29.0
37.0
85.0
72.0
92.0
76.0
43.0
68.0
45.0
26.0
46.0
-3.0
41.0
45.0
15.0
81.0
54.0
56.0
85.0
74.0
82.0
72.0
26.0
56.0
-7.0
-6.0
41.0
22.0
63.0
69.0
67.0
99.0
87.0
100.0
108.0
85.0
96.0
122.0
88.0
144.0
116.0
97.0
119.0
60.0
90.0
114.0
85.0
140.0
100.0
112.0
143.0
103.0
120.0
90.0
67.0
111.0
93.0
101.0
137.0
105.0
136.0
131.0
112.0
130.0
124.0
133.0
159.0
147.0
159.0
148.0
127.0
155.0
122.0
93.0
103.0
73.0
108.0
101.0
76.0
109.0
79.0
81.0
116.0
96.0
133.0
120.0
92.0
142.0
117.0
98.0
137.0
101.0
107.0
129.0
120.0
116.0
93.0
94.0
108.0
71.0
96.0
110.0
87.0
115.0
92.0
114.0
135.0
78.0
109.0
89.0
54.0
83.0
58.0
59.0
67.0
27.0
75.0
87.0
62.0
90.0
72.0
98.0
111.0
79.0
104.0
130.0
96.0
111.0
57.0
59.0
90.0
74.0
89.0
79.0
42.0
73.0
66.0
28.0
43.0
-14.0
1.0
1.0
-2.0
46.0
38.0
18.0
37.0
-7.0
30.0
22.0
44.0
79.0
42.0
11.0
12.0
-35.0
-4.0
13.0
-22.0
36.0
18.0
22.0
67.0
17.0
39.0
62.0
13.0
47.0
17.0
15.0
32.0
22.0
45.0
41.0
6.0
26.0
-18.0
-22.0
10.0
-29.0
-7.0
14.0
10.0
42.0
17.0
40.0
88.0
25.0
51.0
37.0
10.0
4.0
-15.0
-15.0
2.0
-59.0
-13.0
-21.0
-17.0
2.0
-5.0
-8.0
-6.0
-55.0
-31.0
-37.0
-50.0
-32.0
-57.0
-43.0
-29.0
-86.0
-42.0
-48.0
-58.0
-10.0
-22.0
-34.0
-13.0
-46.0
-34.0
-17.0
-23.0
31.0
8.0
11.0
45.0
13.0
15.0
3.0
-10.0
12.0
-20.0
-6.0
54.0
15.0
22.0
30.0
-15.0
27.0
12.0
17.0
53.0
7.0
36.0
26.0
-21.0
26.0
-2.0
-14.0
18.0
-26.0
-10.0
8.0
-14.0
23.0
-9.0
1.0
27.0
-4.0
26.0
8.0
-22.0
15.0
-17.0
-18.0
-8.0
-27.0
7.0
-8.0
-9.0
13.0
-24.0
-32.0
-7.0
-57.0
-35.0
0.0
-40.0
2.0
-14.0
-13.0
26.0
-12.0
22.0
11.0
-31.0
-15.0
-56.0
-40.0
-29.0
-41.0
-23.0
-37.0
-44.0
-10.0
-32.0
-32.0
-10.0
-30.0
-33.0
-6.0
-40.0
14.0
-14.0
-27.0
-19.0
-83.0
-41.0
-27.0
-16.0
18.0
-5.0
-29.0
1.0
-27.0
8.0
56.0
30.0
47.0
18.0
6.0
36.0
-3.0
27.0
29.0
29.0
55.0
28.0
17.0
20.0
-26.0
-10.0
-8.0
-55.0
-25.0
-37.0
-27.0
42.0
-10.0
-5.0
-14.0
-35.0
-4.0
-35.0
-28.0
-1.0
-30.0
0.0
-15.0
-28.0
-7.0
-27.0
-12.0
11.0
-5.0
-5.0
8.0
-18.0
7.0
-18.0
-17.0
15.0
-33.0
-2.0
19.0
-32.0
8.0
-20.0
-6.0
-3.0
-26.0
4.0
-6.0
-32.0
-5.0
-26.0
-10.0
20.0
-11.0
12.0
41.0
15.0
35.0
12.0
14.0
44.0
27.0
44.0
36.0
-17.0
30.0
11.0
14.0
23.0
-16.0
-4.0
-7.0
-20.0
8.0
-6.0
7.0
40.0
12.0
34.0
77.0
29.0
64.0
44.0
21.0
49.0
39.0
40.0
33.0
1.0
24.0
12.0
21.0
51.0
7.0
54.0
44.0
18.0
46.0
22.0
16.0
37.0
-4.0
10.0
-1.0
-26.0
6.0
2.0
-1.0
51.0
15.0
30.0
21.0
-12.0
4.0
-12.0
-35.0
-15.0
-29.0
-1.0
4.0
-31.0
17.0
-7.0
-33.0
9.0
-18.0
-18.0
7.0
-31.0
-3.0
-12.0
6.0
33.0
-9.0
15.0
13.0
-25.0
3.0
-37.0
-32.0
1.0
-23.0
2.0
-11.0
-24.0
17.0
13.0
41.0
59.0
21.0
23.0
21.0
-3.0
29.0
-4.0
-7.0
13.0
-10.0
-2.0
20.0
9.0
70.0
20.0
8.0
43.0
3.0
64.0
69.0
28.0
54.0
31.0
35.0
48.0
1.0
21.0
18.0
-20.0
14.0
-2.0
-13.0
4.0
-32.0
-13.0
-5.0
-22.0
-12.0
-59.0
-49.0
-34.0
-84.0
-74.0
-91.0
-80.0
-59.0
-54.0
-45.0
-6.0
-39.0
-5.0
23.0
3.0
44.0
-9.0
1.0
20.0
-22.0
6.0
16.0
-17.0
36.0
11.0
13.0
53.0
6.0
20.0
40.0
-1.0
55.0
22.0
9.0
47.0
23.0
31.0
10.0
-37.0
13.0
-11.0
4.0
34.0
12.0
5.0
2.0
-1.0
33.0
28.0
21.0
46.0
11.0
15.0
10.0
14.0
47.0
34.0
37.0
41.0
6.0
51.0
33.0
10.0
25.0
-5.0
-17.0
9.0
-5.0
33.0
42.0
12.0
32.0
18.0
-2.0
23.0
-3.0
10.0
36.0
2.0
42.0
3.0
13.0
6.0
-38.0
1.0
-18.0
-44.0
-28.0
-49.0
-63.0
-36.0
-64.0
-53.0
-51.0
-78.0
-27.0
-22.0
-25.0
-13.0
-43.0
-8.0
-15.0
-44.0
20.0
-31.0
-11.0
-5.0
-43.0
-30.0
-32.0
-59.0
-20.0
-16.0
-11.0
16.0
-16.0
-8.0
1.0
-36.0
-18.0
-39.0
-26.0
-9.0
-46.0
-12.0
18.0
-25.0
-11.0
-40.0
-25.0
17.0
10.0
30.0
30.0
1.0
16.0
11.0
7.0
26.0
-5.0
22.0
21.0
20.0
59.0
29.0
32.0
51.0
7.0
19.0
18.0
-29.0
-3.0
1.0
-11.0
26.0
-43.0
-25.0
-22.0
-39.0
-11.0
-51.0
-41.0
-10.0
-58.0
-46.0
-12.0
-53.0
-16.0
-40.0
-23.0
5.0
-7.0
-5.0
3.0
-59.0
-13.0
-53.0
-45.0
-25.0
-49.0
-22.0
-31.0
-48.0
-3.0
-16.0
-20.0
-3.0
-20.0
-10.0
2.0
-24.0
13.0
14.0
29.0
42.0
1.0
18.0
21.0
29.0
64.0
32.0
14.0
19.0
-2.0
27.0
18.0
-10.0
12.0
3.0
13.0
44.0
0.0
8.0
16.0
-22.0
27.0
23.0
-2.0
25.0
-8.0
16.0
16.0
1.0
21.0
13.0
13.0
52.0
8.0
32.0
39.0
-4.0
23.0
-17.0
-24.0
-10.0
-17.0
18.0
15.0
-20.0
10.0
-7.0
-26.0
-16.0
-48.0
-18.0
-27.0
-64.0
-11.0
-24.0
-37.0
-18.0
-48.0
-35.0
-24.0
-55.0
-32.0
-27.0
-34.0
-6.0
-39.0
-18.0
16.0
-27.0
20.0
3.0
5.0
19.0
-8.0
2.0
5.0
-25.0
-7.0
-45.0
-28.0
-11.0
-61.0
-31.0
-18.0
-18.0
2.0
-21.0
-31.0
-2.0
-33.0
3.0
20.0
1.0
20.0
-7.0
-15.0
19.0
-16.0
-30.0
-1.0
-29.0
1.0
1.0
-31.0
-3.0
-30.0
-21.0
-16.0
-41.0
-12.0
-36.0
-28.0
22.0
-16.0
-3.0
-12.0
-30.0
-22.0
-65.0
-72.0
-27.0
-44.0
-27.0
-4.0
-36.0
7.0
-3.0
13.0
30.0
-27.0
-19.0
-22.0
-69.0
-41.0
-69.0
-74.0
-27.0
-59.0
-33.0
-53.0
-80.0
-43.0
-84.0
-102.0
-55.0
-114.0
-73.0
-78.0
-91.0
-59.0
-74.0
-75.0
-45.0
-74.0
-44.0
-48.0
-73.0
-14.0
-32.0
-3.0
15.0
-31.0
-41.0
-26.0
-31.0
27.0
5.0
-23.0
-1.0
-48.0
-1.0
0.0
-8.0
17.0
8.0
-11.0
21.0
-11.0
35.0
10.0
1.0
30.0
4.0
-4.0
22.0
-4.0
23.0
17.0
-24.0
27.0
3.0
11.0
33.0
8.0
57.0
61.0
34.0
42.0
20.0
27.0
58.0
22.0
37.0
35.0
10.0
40.0
39.0
26.0
50.0
1.0
23.0
20.0
-16.0
22.0
-3.0
16.0
46.0
8.0
12.0
9.0
-34.0
-7.0
-25.0
-22.0
14.0
-12.0
14.0
0.0
-19.0
-3.0
-10.0
-1.0
22.0
-16.0
1.0
2.0
-46.0
-36.0
-54.0
-52.0
-11.0
-43.0
-39.0
-17.0
-35.0
10.0
-13.0
-24.0
-4.0
-31.0
-6.0
-6.0
-25.0
-4.0
-12.0
11.0
45.0
-11.0
12.0
7.0
10.0
50.0
20.0
46.0
59.0
31.0
50.0
83.0
50.0
61.0
29.0
6.0
37.0
19.0
66.0
48.0
14.0
31.0
24.0
16.0
38.0
18.0
41.0
28.0
12.0
59.0
16.0
9.0
47.0
11.0
49.0
54.0
14.0
62.0
48.0
62.0
86.0
49.0
69.0
61.0
52.0
87.0
45.0
37.0
46.0
20.0
43.0
75.0
58.0
90.0
65.0
81.0
80.0
44.0
56.0
76.0
54.0
87.0
35.0
29.0
82.0
35.0
51.0
42.0
20.0
67.0
32.0
46.0
110.0
71.0
103.0
106.0
85.0
125.0
117.0
120.0
144.0
124.0
138.0
138.0
130.0
149.0
91.0
125.0
142.0
97.0
126.0
157.0
145.0
184.0
166.0
165.0
206.0
141.0
162.0
166.0
136.0
177.0
137.0
126.0
143.0
105.0
131.0
123.0
120.0
150.0
138.0
136.0
161.0
110.0
143.0
150.0
115.0
144.0
107.0
129.0
135.0
90.0
121.0
115.0
81.0
134.0
103.0
80.0
105.0
83.0
92.0
86.0
65.0
93.0
71.0
62.0
91.0
48.0
75.0
91.0
50.0
103.0
81.0
69.0
81.0
56.0
72.0
86.0
80.0
135.0
110.0
109.0
138.0
79.0
90.0
86.0
56.0
69.0
59.0
71.0
93.0
48.0
70.0
67.0
68.0
107.0
86.0
74.0
119.0
82.0
101.0
97.0
56.0
114.0
98.0
100.0
124.0
107.0
109.0
126.0
113.0
155.0
136.0
143.0
166.0
112.0
167.0
154.0
99.0
161.0
134.0
134.0
180.0
150.0
168.0
174.0
104.0
146.0
135.0
136.0
158.0
123.0
149.0
151.0
113.0
181.0
124.0
132.0
140.0
109.0
101.0
93.0
102.0
166.0
130.0
136.0
142.0
97.0
125.0
144.0
120.0
144.0
112.0
115.0
139.0
98.0
108.0
109.0
96.0
117.0
97.0
87.0
125.0
90.0
109.0
117.0
81.0
101.0
69.0
51.0
102.0
52.0
68.0
53.0
22.0
37.0
21.0
18.0
32.0
-5.0
36.0
42.0
10.0
33.0
-16.0
-13.0
25.0
-12.0
15.0
-7.0
-22.0
6.0
-42.0
-22.0
-2.0
-20.0
3.0
14.0
8.0
29.0
-12.0
-17.0
-1.0
-36.0
-20.0
-2.0
-13.0
27.0
-1.0
-4.0
9.0
-36.0
3.0
7.0
-43.0
17.0
-4.0
-23.0
-2.0
-52.0
-36.0
-59.0
-86.0
-52.0
-37.0
-62.0
-41.0
-99.0
-47.0
-76.0
-110.0
-79.0
-65.0
-49.0
-26.0
-74.0
-59.0
-49.0
-71.0
-46.0
-71.0
-70.0
-54.0
-105.0
-63.0
-77.0
-105.0
-71.0
-106.0
-101.0
-55.0
-102.0
-84.0
-85.0
-92.0
-41.0
-64.0
-68.0
-35.0
-62.0
-32.0
-34.0
-65.0
-27.0
-36.0
-31.0
6.0
-30.0
-4.0
2.0
-39.0
8.0
4.0
6.0
13.0
-31.0
-7.0
-5.0
-41.0
21.0
-14.0
1.0
26.0
-27.0
11.0
-3.0
-27.0
5.0
4.0
13.0
27.0
-15.0
26.0
31.0
21.0
35.0
29.0
31.0
49.0
19.0
38.0
45.0
22.0
43.0
8.0
3.0
37.0
-20.0
2.0
-8.0
-37.0
15.0
-4.0
1.0
3.0
-36.0
16.0
7.0
-16.0
24.0
-6.0
2.0
10.0
-8.0
29.0
25.0
8.0
46.0
-7.0
-10.0
22.0
2.0
18.0
-13.0
-16.0
22.0
11.0
16.0
55.0
24.0
54.0
33.0
-6.0
33.0
12.0
52.0
66.0
21.0
22.0
34.0
23.0
30.0
1.0
-11.0
6.0
-18.0
13.0
14.0
-10.0
44.0
12.0
11.0
33.0
-17.0
16.0
30.0
2.0
25.0
-1.0
11.0
21.0
-21.0
2.0
-20.0
-39.0
15.0
-37.0
-10.0
23.0
-5.0
4.0
-3.0
-13.0
24.0
-12.0
3.0
39.0
21.0
43.0
74.0
42.0
71.0
22.0
7.0
36.0
8.0
66.0
51.0
24.0
66.0
26.0
37.0
61.0
34.0
41.0
60.0
48.0
55.0
17.0
26.0
65.0
33.0
77.0
74.0
46.0
84.0
80.0
96.0
116.0
87.0
107.0
114.0
94.0
138.0
96.0
83.0
116.0
85.0
101.0
97.0
67.0
108.0
76.0
103.0
123.0
83.0
86.0
96.0
69.0
109.0
91.0
104.0
131.0
97.0
114.0
124.0
82.0
98.0
62.0
66.0
92.0
72.0
87.0
93.0
45.0
89.0
35.0
56.0
61.0
5.0
17.0
11.0
-40.0
-2.0
-40.0
-24.0
14.0
0.0
40.0
37.0
7.0
60.0
31.0
31.0
55.0
14.0
48.0
56.0
26.0
60.0
13.0
5.0
45.0
-2.0
5.0
-1.0
-27.0
11.0
-10.0
-5.0
39.0
-7.0
30.0
50.0
36.0
69.0
55.0
52.0
53.0
14.0
28.0
34.0
14.0
63.0
39.0
36.0
67.0
21.0
34.0
37.0
23.0
51.0
23.0
21.0
40.0
16.0
41.0
42.0
-5.0
18.0
7.0
24.0
38.0
23.0
27.0
19.0
-14.0
30.0
5.0
28.0
59.0
18.0
44.0
34.0
19.0
40.0
34.0
39.0
61.0
17.0
42.0
32.0
-10.0
29.0
-10.0
6.0
37.0
5.0
13.0
-8.0
-35.0
28.0
26.0
50.0
65.0
35.0
65.0
66.0
48.0
68.0
26.0
32.0
53.0
18.0
37.0
55.0
20.0
40.0
23.0
34.0
31.0
11.0
51.0
42.0
26.0
30.0
14.0
-12.0
2.0
-29.0
1.0
-3.0
-17.0
5.0
-32.0
-28.0
-30.0
-61.0
-42.0
-30.0
-81.0
-31.0
-63.0
-63.0
-67.0
-124.0
-90.0
-68.0
-62.0
-52.0
-66.0
-59.0
-37.0
-80.0
-34.0
-32.0
-80.0
-42.0
-65.0
-70.0
-36.0
-69.0
-41.0
-60.0
-81.0
-44.0
-64.0
-51.0
-41.0
-96.0
-58.0
-53.0
-69.0
-45.0
-89.0
-62.0
-31.0
-59.0
-50.0
-40.0
-73.0
-34.0
-71.0
-90.0
-70.0
-81.0
-56.0
-74.0
-106.0
-79.0
-130.0
-124.0
-99.0
-121.0
-106.0
-87.0
-115.0
-53.0
-80.0
-64.0
-41.0
-68.0
-43.0
-53.0
-102.0
-56.0
-82.0
-73.0
-33.0
-78.0
-40.0
-18.0
-62.0
-22.0
-44.0
-49.0
-26.0
-55.0
-18.0
-30.0
-50.0
-49.0
-80.0
-69.0
-41.0
-68.0
-31.0
-46.0
-79.0
-64.0
-76.0
-60.0
-20.0
-88.0
-45.0
-60.0
-98.0
-49.0
-88.0
-76.0
-61.0
-93.0
-66.0
-56.0
-96.0
-65.0
-115.0
-123.0
-98.0
-126.0
-92.0
-102.0
-129.0
-98.0
-131.0
-125.0
-76.0
-97.0
-56.0
-83.0
-126.0
-110.0
-132.0
-134.0
-93.0
-137.0
-108.0
-79.0
-123.0
-77.0
-82.0
-82.0
-67.0
-91.0
-47.0
-59.0
-91.0
-81.0
-97.0
-100.0
-83.0
-130.0
-88.0
-97.0
-137.0
-126.0
-159.0
-146.0
-88.0
-131.0
-100.0
-101.0
-116.0
-70.0
-97.0
-102.0
-93.0
-119.0
-117.0
-125.0
-163.0
-109.0
-152.0
-153.0
-119.0
-162.0
-133.0
-122.0
-144.0
-91.0
-149.0
-155.0
-130.0
-171.0
-146.0
-134.0
-146.0
-115.0
-138.0
-129.0
-108.0
-131.0
-123.0
-125.0
-158.0
-107.0
-152.0
-142.0
-130.0
-181.0
-152.0
-147.0
-172.0
-129.0
-159.0
-164.0
-137.0
-173.0
-149.0
-150.0
-162.0
-143.0
-173.0
-168.0
-156.0
-200.0
-172.0
-168.0
-188.0
-146.0
-173.0
-164.0
-118.0
-167.0
-157.0
-159.0
-162.0
-124.0
-155.0
-162.0
-116.0
-163.0
-132.0
-150.0
-145.0
-96.0
-137.0
-144.0
-133.0
-187.0
-152.0
-143.0
-172.0
-126.0
-143.0
-138.0
-109.0
-161.0
-140.0
-110.0
-134.0
-101.0
-136.0
-130.0
-95.0
-136.0
-125.0
-134.0
-166.0
-140.0
-155.0
-169.0
-147.0
-180.0
-154.0
-165.0
-193.0
-145.0
-151.0
-145.0
-114.0
-150.0
-118.0
-150.0
-184.0
-139.0
-166.0
-165.0
-136.0
-191.0
-162.0
-147.0
-194.0
-147.0
-175.0
-185.0
-182.0
-224.0
-188.0
-183.0
-204.0
-150.0
-167.0
-143.0
-107.0
-162.0
-125.0
-144.0
-193.0
-131.0
-155.0
-154.0
-135.0
-168.0
-145.0
-155.0
-183.0
-131.0
-157.0
-131.0
-84.0
-148.0
-133.0
-134.0
-159.0
-124.0
-149.0
-154.0
-136.0
-190.0
-165.0
-175.0
-188.0
-149.0
-164.0
-142.0
-122.0
-154.0
-103.0
-106.0
-118.0
-76.0
-105.0
-128.0
-97.0
-114.0
-74.0
-90.0
-112.0
-76.0
-99.0
-96.0
-74.0
-119.0
-97.0
-109.0
-130.0
-61.0
-96.0
-82.0
-60.0
-110.0
-79.0
-83.0
-82.0
-48.0
-81.0
-88.0
-49.0
-102.0
-61.0
-34.0
-47.0
-18.0
-40.0
-65.0
-69.0
-112.0
-63.0
-90.0
-125.0
-67.0
-114.0
-109.0
-90.0
-126.0
-81.0
-79.0
-112.0
-56.0
-73.0
-71.0
-41.0
-102.0
-98.0
-81.0
-133.0
-92.0
-98.0
-95.0
-61.0
-102.0
-66.0
-62.0
-66.0
-11.0
-14.0
-13.0
3.0
-22.0
17.0
31.0
2.0
40.0
-4.0
-7.0
31.0
-7.0
42.0
55.0
43.0
87.0
94.0
124.0
145.0
146.0
204.0
216.0
174.0
209.0
207.0
192.0
220.0
174.0
229.0
230.0
218.0
224.0
174.0
194.0
234.0
176.0
190.0
201.0
177.0
212.0
211.0
195.0
194.0
150.0
164.0
168.0
150.0
167.0
121.0
131.0
161.0
121.0
125.0
111.0
49.0
82.0
43.0
40.0
59.0
35.0
45.0
44.0
5.0
26.0
-18.0
-8.0
-3.0
-59.0
-35.0
-61.0
-76.0
-21.0
-61.0
-63.0
-50.0
-88.0
-64.0
-85.0
-112.0
-57.0
-95.0
-65.0
-52.0
-98.0
-53.0
-69.0
-98.0
-96.0
-114.0
-117.0
-79.0
-117.0
-71.0
-77.0
-120.0
-74.0
-79.0
-80.0
-43.0
-106.0
-78.0
-90.0
-143.0
-122.0
-145.0
-118.0
-106.0
-130.0
-86.0
-115.0
-151.0
-116.0
-161.0
-157.0
-145.0
-188.0
-169.0
-186.0
-190.0
-138.0
-171.0
-193.0
-149.0
-197.0
-161.0
-157.0
-173.0
-138.0
-157.0
-172.0
-152.0
-169.0
-131.0
-142.0
-147.0
-125.0
-168.0
-163.0
-128.0
-178.0
-157.0
-151.0
-195.0
-148.0
-170.0
-152.0
-107.0
-165.0
-148.0
-157.0
-168.0
-142.0
-165.0
-179.0
-152.0
-203.0
-180.0
-169.0
-210.0
-149.0
-172.0
-157.0
-144.0
-181.0
-167.0
-174.0
-208.0
-157.0
-187.0
-174.0
-153.0
-195.0
-176.0
-163.0
-179.0
-129.0
-158.0
-160.0
-127.0
-165.0
-140.0
-158.0
-174.0
-114.0
-126.0
-111.0
-91.0
-131.0
-100.0
-94.0
-127.0
-99.0
-125.0
-124.0
-98.0
-148.0
-118.0
-126.0
-122.0
-109.0
-136.0
-116.0
-76.0
-113.0
-87.0
-117.0
-134.0
-81.0
-104.0
-85.0
-55.0
-110.0
-101.0
-67.0
-69.0
-50.0
-101.0
-95.0
-73.0
-107.0
-106.0
-117.0
-153.0
-80.0
-126.0
-107.0
-98.0
-125.0
-91.0
-83.0
-120.0
-53.0
-98.0
-113.0
-72.0
-124.0
-87.0
-111.0
-154.0
-134.0
-155.0
-143.0
-114.0
-143.0
-122.0
-138.0
-171.0
-154.0
-190.0
-168.0
-160.0
-192.0
-151.0
-161.0
-163.0
-147.0
-181.0
-173.0
-144.0
-175.0
-150.0
-145.0
-182.0
-125.0
-143.0
-131.0
-109.0
-158.0
-148.0
-160.0
-188.0
-138.0
-154.0
-150.0
-118.0
-164.0
-109.0
-107.0
-124.0
-94.0
-139.0
-140.0
-134.0
-164.0
-138.0
-149.0
-161.0
-106.0
-110.0
-112.0
-104.0
-149.0
-110.0
-118.0
-153.0
-108.0
-102.0
-91.0
-72.0
-128.0
-96.0
-100.0
-116.0
-83.0
-136.0
-133.0
-111.0
-146.0
-108.0
-121.0
-126.0
-84.0
-83.0
-64.0
-43.0
-72.0
-44.0
-72.0
-95.0
-60.0
-96.0
-93.0
-53.0
-82.0
-51.0
-42.0
-46.0
-17.0
-70.0
-63.0
-44.0
-70.0
-39.0
-61.0
-90.0
-66.0
-72.0
-62.0
-38.0
-69.0
-69.0
-61.0
-80.0
-24.0
-76.0
-83.0
-78.0
-127.0
-98.0
-76.0
-94.0
-71.0
-80.0
-93.0
-53.0
-96.0
-69.0
-101.0
-129.0
-82.0
-108.0
-104.0
-68.0
-110.0
-100.0
-92.0
-118.0
-86.0
-129.0
-124.0
-82.0
-115.0
-60.0
-57.0
-63.0
-8.0
-40.0
-39.0
-43.0
-80.0
-60.0
-69.0
-75.0
-50.0
-109.0
-79.0
-53.0
-83.0
-70.0
-64.0
-96.0
-71.0
-78.0
-76.0
-33.0
-48.0
-56.0
-73.0
-81.0
-37.0
-80.0
-78.0
-87.0
-111.0
-114.0
-96.0
-112.0
-78.0
-98.0
-84.0
-45.0
-80.0
-54.0
-62.0
-68.0
-27.0
-60.0
-92.0
-61.0
-86.0
-58.0
-59.0
-95.0
-58.0
-99.0
-95.0
-81.0
-124.0
-90.0
-72.0
-87.0
-58.0
-128.0
-109.0
-83.0
-119.0
-95.0
-99.0
-130.0
-71.0
-97.0
-90.0
-95.0
-112.0
-93.0
-82.0
-119.0
-77.0
-102.0
-100.0
-83.0
-135.0
-105.0
-110.0
-137.0
-86.0
-114.0
-102.0
-72.0
-118.0
-90.0
-61.0
-70.0
-40.0
-90.0
-48.0
-40.0
-88.0
-48.0
-54.0
-87.0
-44.0
-78.0
-65.0
1.0
-41.0
-32.0
-63.0
-81.0
-60.0
-79.0
-83.0
-51.0
-112.0
-68.0
-85.0
-94.0
-49.0
-58.0
-53.0
2.0
-23.0
-42.0
-67.0
-110.0
-67.0
-81.0
-61.0
-55.0
-90.0
-68.0
-67.0
-78.0
-43.0
-81.0
-45.0
-52.0
-89.0
-50.0
-49.0
-48.0
-3.0
-33.0
-1.0
63.0
15.0
72.0
35.0
12.0
30.0
-17.0
5.0
30.0
-32.0
-5.0
-21.0
-48.0
46.0
27.0
23.0
29.0
-15.0
26.0
11.0
-7.0
22.0
-6.0
-7.0
29.0
6.0
41.0
54.0
42.0
79.0
36.0
50.0
62.0
13.0
46.0
46.0
15.0
74.0
54.0
61.0
97.0
81.0
128.0
103.0
97.0
134.0
80.0
65.0
105.0
50.0
97.0
97.0
69.0
106.0
80.0
102.0
86.0
64.0
65.0
63.0
53.0
88.0
68.0
77.0
106.0
72.0
113.0
105.0
74.0
129.0
103.0
110.0
125.0
64.0
92.0
77.0
54.0
96.0
87.0
100.0
138.0
105.0
154.0
141.0
115.0
156.0
127.0
112.0
125.0
89.0
112.0
108.0
87.0
143.0
98.0
117.0
152.0
111.0
122.0
132.0
116.0
154.0
113.0
139.0
175.0
142.0
179.0
156.0
101.0
124.0
109.0
84.0
100.0
40.0
76.0
78.0
69.0
97.0
67.0
85.0
122.0
61.0
108.0
127.0
110.0
155.0
109.0
101.0
114.0
78.0
111.0
105.0
71.0
111.0
79.0
84.0
114.0
97.0
144.0
124.0
107.0
135.0
119.0
108.0
110.0
94.0
111.0
106.0
74.0
107.0
79.0
85.0
102.0
94.0
108.0
99.0
72.0
115.0
75.0
87.0
107.0
73.0
90.0
87.0
51.0
124.0
84.0
102.0
150.0
96.0
127.0
105.0
102.0
124.0
85.0
98.0
114.0
81.0
131.0
122.0
62.0
95.0
63.0
92.0
138.0
98.0
103.0
94.0
80.0
110.0
96.0
124.0
147.0
112.0
125.0
97.0
41.0
100.0
83.0
74.0
96.0
30.0
69.0
35.0
20.0
84.0
40.0
60.0
77.0
54.0
100.0
107.0
85.0
124.0
70.0
81.0
95.0
77.0
118.0
89.0
72.0
102.0
71.0
87.0
98.0
50.0
84.0
83.0
75.0
81.0
63.0
86.0
115.0
84.0
97.0
77.0
85.0
116.0
100.0
93.0
124.0
69.0
86.0
83.0
81.0
114.0
65.0
74.0
121.0
70.0
114.0
123.0
102.0
116.0
84.0
97.0
126.0
116.0
119.0
115.0
97.0
117.0
96.0
124.0
156.0
101.0
143.0
118.0
96.0
124.0
91.0
110.0
131.0
92.0
134.0
130.0
131.0
169.0
124.0
136.0
152.0
128.0
171.0
162.0
153.0
192.0
154.0
150.0
191.0
140.0
159.0
127.0
82.0
112.0
77.0
108.0
126.0
84.0
93.0
86.0
78.0
150.0
112.0
122.0
118.0
76.0
113.0
114.0
95.0
140.0
89.0
91.0
86.0
48.0
81.0
83.0
44.0
107.0
78.0
98.0
82.0
77.0
116.0
110.0
89.0
119.0
77.0
72.0
81.0
33.0
35.0
22.0
6.0
35.0
16.0
14.0
18.0
-34.0
10.0
-2.0
-21.0
29.0
3.0
7.0
50.0
21.0
49.0
30.0
7.0
32.0
-12.0
15.0
34.0
-3.0
33.0
58.0
44.0
78.0
41.0
37.0
80.0
48.0
70.0
53.0
15.0
48.0
-1.0
30.0
95.0
76.0
100.0
105.0
82.0
107.0
72.0
88.0
82.0
37.0
96.0
76.0
48.0
95.0
72.0
78.0
113.0
77.0
111.0
96.0
64.0
92.0
50.0
52.0
81.0
64.0
79.0
72.0
61.0
102.0
81.0
72.0
95.0
28.0
71.0
51.0
16.0
39.0
6.0
12.0
45.0
6.0
50.0
45.0
32.0
80.0
48.0
48.0
74.0
12.0
34.0
23.0
24.0
61.0
20.0
24.0
56.0
36.0
91.0
79.0
33.0
47.0
36.0
39.0
61.0
41.0
84.0
88.0
85.0
110.0
85.0
109.0
127.0
98.0
136.0
128.0
91.0
105.0
82.0
117.0
119.0
97.0
115.0
119.0
92.0
139.0
128.0
140.0
163.0
123.0
141.0
135.0
109.0
130.0
107.0
119.0
142.0
95.0
120.0
120.0
112.0
135.0
115.0
106.0
126.0
86.0
122.0
94.0
77.0
118.0
85.0
93.0
77.0
33.0
35.0
38.0
31.0
77.0
53.0
51.0
88.0
37.0
47.0
6.0
-5.0
24.0
-5.0
13.0
19.0
-20.0
26.0
14.0
17.0
45.0
15.0
22.0
39.0
8.0
22.0
20.0
-17.0
34.0
-7.0
10.0
21.0
-27.0
-2.0
-9.0
-28.0
4.0
-16.0
15.0
18.0
-31.0
14.0
1.0
-33.0
-18.0
-56.0
-31.0
-23.0
-73.0
-61.0
-100.0
-103.0
-37.0
-44.0
-30.0
-12.0
-52.0
-15.0
-3.0
-33.0
-8.0
-30.0
-10.0
17.0
-14.0
23.0
30.0
4.0
24.0
-4.0
4.0
16.0
3.0
34.0
27.0
-3.0
43.0
-7.0
22.0
35.0
-3.0
20.0
14.0
-2.0
14.0
-7.0
19.0
44.0
5.0
37.0
90.0
41.0
84.0
19.0
45.0
44.0
20.0
69.0
126.0
32.0
89.0
15.0
59.0
231.0
-40.0
46.0
131.0
209.0
-53.0
200.0
-106.0
30.0
3.0
42.0
48.0
37.0
74.0
33.0
58.0
94.0
71.0
89.0
61.0
35.0
91.0
48.0
68.0
96.0
50.0
81.0
65.0
67.0
109.0
100.0
106.0
113.0
76.0
59.0
41.0
19.0
74.0
72.0
69.0
106.0
88.0
165.0
147.0
104.0
132.0
72.0
78.0
65.0
18.0
30.0
73.0
63.0
101.0
84.0
115.0
136.0
98.0
113.0
106.0
87.0
117.0
91.0
106.0
84.0
102.0
108.0
138.0
88.0
152.0
139.0
155.0
196.0
159.0
201.0
218.0
172.0
224.0
175.0
235.0
241.0
221.0
276.0
271.0
316.0
323.0
298.0
288.0
321.0
301.0
338.0
390.0
438.0
364.0
335.0
352.0
377.0
370.0
411.0
418.0
397.0
435.0
391.0
504.0
366.0
341.0
433.0
461.0
435.0
419.0
423.0
445.0
464.0
416.0
383.0
365.0
360.0
390.0
420.0
436.0
477.0
496.0
456.0
463.0
446.0
465.0
445.0
470.0
494.0
463.0
504.0
477.0
432.0
461.0
428.0
441.0
435.0
419.0
440.0
436.0
408.0
447.0
426.0
413.0
442.0
384.0
428.0
408.0
394.0
436.0
408.0
451.0
455.0
410.0
448.0
433.0
394.0
444.0
404.0
413.0
403.0
349.0
362.0
352.0
323.0
380.0
348.0
381.0
423.0
398.0
421.0
381.0
342.0
364.0
276.0
267.0
277.0
265.0
303.0
308.0
318.0
386.0
360.0
373.0
352.0
313.0
320.0
275.0
256.0
284.0
235.0
238.0
246.0
224.0
277.0
294.0
287.0
332.0
344.0
360.0
380.0
298.0
325.0
280.0
249.0
262.0
198.0
219.0
260.0
251.0
342.0
333.0
308.0
344.0
304.0
300.0
286.0
238.0
240.0
230.0
195.0
249.0
212.0
236.0
269.0
248.0
294.0
277.0
281.0
316.0
290.0
287.0
302.0
235.0
251.0
224.0
195.0
219.0
192.0
200.0
225.0
213.0
265.0
262.0
241.0
302.0
245.0
257.0
272.0
214.0
231.0
175.0
157.0
201.0
168.0
159.0
193.0
156.0
191.0
178.0
168.0
203.0
174.0
193.0
199.0
140.0
177.0
163.0
121.0
143.0
111.0
105.0
107.0
56.0
88.0
97.0
72.0
92.0
36.0
29.0
63.0
-10.0
29.0
8.0
-50.0
-42.0
-82.0
-111.0
-130.0
-182.0
-162.0
-172.0
-188.0
-169.0
-201.0
-200.0
-191.0
-242.0
-213.0
-234.0
-246.0
-219.0
-282.0
-296.0
-291.0
-309.0
-288.0
-287.0
-299.0
-270.0
-262.0
-253.0
-236.0
-277.0
-269.0
-287.0
-308.0
-283.0
-288.0
-268.0
-289.0
-308.0
-295.0
-304.0
-305.0
-276.0
-281.0
-256.0
-247.0
-248.0
-235.0
-253.0
-269.0
-239.0
-265.0
-260.0
-244.0
-267.0
-224.0
-240.0
-277.0
-222.0
-238.0
-253.0
-234.0
-285.0
-275.0
-290.0
-305.0
-271.0
-293.0
-290.0
-243.0
-292.0
-272.0
-268.0
-293.0
-270.0
-296.0
-279.0
-271.0
-319.0
-280.0
-297.0
-328.0
-266.0
-291.0
-262.0
-247.0
-291.0
-253.0
-254.0
-268.0
-247.0
-287.0
-277.0
-267.0
-288.0
-266.0
-284.0
-312.0
-267.0
-290.0
-286.0
-279.0
-297.0
-271.0
-289.0
-305.0
-301.0
-336.0
-324.0
-295.0
-323.0
-295.0
-278.0
-301.0
-279.0
-310.0
-310.0
-265.0
-305.0
-261.0
-281.0
-297.0
-248.0
-266.0
-248.0
-229.0
-266.0
-238.0
-249.0
-269.0
-235.0
-268.0
-236.0
-235.0
-259.0
-231.0
-244.0
-272.0
-237.0
-239.0
-246.0
-237.0
-259.0
-237.0
-244.0
-260.0
-223.0
-254.0
-244.0
-211.0
-247.0
-213.0
-220.0
-214.0
-192.0
-214.0
-231.0
-227.0
-259.0
-215.0
-239.0
-252.0
-214.0
-218.0
-220.0
-202.0
-229.0
-205.0
-187.0
-213.0
-165.0
-193.0
-183.0
-159.0
-180.0
-161.0
-168.0
-171.0
-156.0
-204.0
-203.0
-195.0
-209.0
-193.0
-202.0
-230.0
-170.0
-183.0
-178.0
-156.0
-190.0
-154.0
-163.0
-179.0
-135.0
-143.0
-156.0
-106.0
-153.0
-117.0
-109.0
-145.0
-122.0
-162.0
-154.0
-155.0
-180.0
-161.0
-156.0
-164.0
-150.0
-168.0
-185.0
-163.0
-200.0
-166.0
-192.0
-190.0
-166.0
-173.0
-169.0
-172.0
-199.0
-154.0
-181.0
-186.0
-159.0
-209.0
-183.0
-141.0
-216.0
-171.0
-172.0
-199.0
-185.0
-207.0
-173.0
-161.0
-202.0
-173.0
-174.0
-201.0
-155.0
-190.0
-200.0
-190.0
-215.0
-170.0
-176.0
-185.0
-146.0
-167.0
-168.0
-166.0
-206.0
-184.0
-182.0
-212.0
-167.0
-184.0
-182.0
-171.0
-193.0
-183.0
-178.0
-171.0
-137.0
-165.0
-156.0
-139.0
-171.0
-154.0
-165.0
-173.0
-128.0
-161.0
-141.0
-87.0
-121.0
-83.0
-70.0
-90.0
-53.0
-74.0
-78.0
-42.0
-60.0
-30.0
-56.0
-80.0
-56.0
-89.0
-103.0
-70.0
-97.0
-63.0
-46.0
-51.0
5.0
-31.0
-27.0
-20.0
-62.0
-9.0
-26.0
-47.0
-27.0
-64.0
-64.0
-44.0
-73.0
-39.0
-24.0
-40.0
1.0
-42.0
-37.0
-20.0
-59.0
-15.0
-52.0
-62.0
-18.0
-16.0
9.0
27.0
-1.0
38.0
-22.0
-75.0
-64.0
-105.0
-81.0
-51.0
-91.0
-65.0
-86.0
-110.0
-58.0
-59.0
-56.0
-27.0
-62.0
-18.0
-40.0
-30.0
-15.0
-42.0
-33.0
-44.0
-91.0
-61.0
-55.0
-73.0
-47.0
-80.0
-77.0
-57.0
-88.0
-37.0
-48.0
-69.0
-43.0
-64.0
-71.0
-59.0
-128.0
-94.0
-95.0
-126.0
-89.0
-114.0
-122.0
-80.0
-118.0
-62.0
-59.0
-91.0
-58.0
-82.0
-68.0
-46.0
-48.0
-30.0
-26.0
-68.0
-25.0
-71.0
-48.0
-50.0
-95.0
-55.0
-54.0
-83.0
-78.0
-93.0
-102.0
-106.0
-126.0
-96.0
-84.0
-105.0
-76.0
-109.0
-101.0
-69.0
-128.0
-90.0
-99.0
-110.0
-65.0
-112.0
-75.0
-51.0
-74.0
-48.0
-11.0
-32.0
-4.0
-40.0
-52.0
-19.0
-31.0
-8.0
-5.0
-36.0
4.0
-7.0
-37.0
-42.0
-60.0
-30.0
-37.0
-56.0
-25.0
-69.0
-85.0
-42.0
-79.0
-35.0
-16.0
-40.0
-34.0
-51.0
-43.0
-21.0
-48.0
-26.0
-26.0
-28.0
-11.0
-29.0
2.0
5.0
-43.0
-3.0
-7.0
-43.0
-4.0
-20.0
6.0
-10.0
-52.0
-26.0
-48.0
-64.0
-23.0
-69.0
-34.0
-56.0
-65.0
-46.0
-42.0
-50.0
-17.0
-69.0
-68.0
-35.0
-63.0
-16.0
-36.0
-55.0
-24.0
-55.0
-29.0
-1.0
-30.0
17.0
9.0
-20.0
-21.0
-27.0
-29.0
15.0
-34.0
-15.0
-7.0
-12.0
25.0
14.0
33.0
43.0
-18.0
19.0
-4.0
-25.0
21.0
-29.0
-7.0
50.0
12.0
64.0
62.0
72.0
84.0
34.0
39.0
36.0
8.0
63.0
52.0
42.0
68.0
44.0
51.0
91.0
76.0
82.0
73.0
75.0
125.0
79.0
98.0
112.0
91.0
148.0
150.0
133.0
170.0
124.0
149.0
156.0
116.0
165.0
143.0
140.0
179.0
137.0
162.0
175.0
128.0
131.0
116.0
87.0
136.0
123.0
141.0
147.0
102.0
137.0
102.0
90.0
120.0
91.0
112.0
126.0
103.0
139.0
138.0
94.0
142.0
114.0
99.0
125.0
98.0
109.0
88.0
61.0
112.0
91.0
101.0
113.0
60.0
69.0
70.0
72.0
123.0
119.0
130.0
135.0
107.0
134.0
140.0
108.0
149.0
143.0
161.0
182.0
126.0
167.0
151.0
115.0
165.0
110.0
131.0
139.0
125.0
143.0
134.0
118.0
146.0
136.0
162.0
162.0
143.0
174.0
153.0
122.0
154.0
122.0
147.0
178.0
113.0
146.0
142.0
125.0
169.0
125.0
136.0
182.0
142.0
178.0
172.0
162.0
187.0
146.0
147.0
173.0
145.0
188.0
172.0
116.0
127.0
105.0
153.0
180.0
147.0
188.0
180.0
172.0
214.0
193.0
212.0
224.0
187.0
207.0
219.0
178.0
218.0
162.0
173.0
176.0
136.0
171.0
144.0
145.0
175.0
143.0
136.0
161.0
140.0
195.0
199.0
189.0
242.0
193.0
214.0
206.0
190.0
216.0
206.0
208.0
232.0
221.0
223.0
227.0
202.0
231.0
216.0
194.0
231.0
192.0
204.0
211.0
180.0
227.0
228.0
218.0
241.0
177.0
185.0
186.0
174.0
216.0
202.0
213.0
260.0
214.0
242.0
284.0
220.0
257.0
246.0
199.0
230.0
205.0
228.0
274.0
219.0
246.0
220.0
213.0
237.0
213.0
212.0
208.0
159.0
191.0
170.0
171.0
191.0
141.0
147.0
173.0
154.0
213.0
182.0
147.0
180.0
134.0
149.0
173.0
140.0
178.0
188.0
164.0
232.0
184.0
220.0
242.0
209.0
229.0
194.0
195.0
232.0
205.0
197.0
213.0
133.0
176.0
197.0
174.0
203.0
161.0
177.0
194.0
163.0
196.0
170.0
144.0
158.0
123.0
106.0
121.0
101.0
116.0
106.0
100.0
154.0
128.0
129.0
137.0
110.0
168.0
146.0
123.0
140.0
99.0
106.0
135.0
89.0
133.0
109.0
116.0
131.0
97.0
110.0
114.0
104.0
122.0
94.0
68.0
103.0
71.0
77.0
91.0
65.0
111.0
83.0
79.0
123.0
88.0
77.0
102.0
63.0
92.0
73.0
54.0
96.0
85.0
88.0
106.0
49.0
88.0
63.0
40.0
87.0
39.0
47.0
65.0
31.0
54.0
49.0
49.0
72.0
-2.0
21.0
62.0
29.0
71.0
55.0
24.0
62.0
20.0
35.0
61.0
33.0
43.0
39.0
25.0
58.0
15.0
3.0
5.0
-36.0
11.0
36.0
14.0
51.0
-23.0
-22.0
-42.0
-84.0
-44.0
-69.0
-65.0
-26.0
-59.0
-69.0
-68.0
-82.0
-37.0
-43.0
-40.0
2.0
-10.0
2.0
12.0
-25.0
-3.0
-7.0
-18.0
15.0
-5.0
24.0
33.0
6.0
23.0
5.0
-14.0
11.0
-6.0
16.0
42.0
-6.0
26.0
18.0
12.0
36.0
10.0
39.0
35.0
-11.0
17.0
-15.0
-35.0
-16.0
-43.0
-27.0
1.0
-5.0
32.0
6.0
-24.0
-4.0
-51.0
-71.0
-63.0
-106.0
-46.0
-60.0
-67.0
-54.0
-111.0
-128.0
-112.0
-138.0
-96.0
-98.0
-117.0
-95.0
-139.0
-128.0
-136.0
-192.0
-147.0
-148.0
-144.0
-118.0
-153.0
-167.0
-139.0
-177.0
-124.0
-124.0
-147.0
-110.0
-149.0
-146.0
-154.0
-185.0
-139.0
-149.0
-176.0
-131.0
-152.0
-134.0
-124.0
-146.0
-124.0
-134.0
-158.0
-126.0
-163.0
-135.0
-112.0
-146.0
-118.0
-150.0
-176.0
-171.0
-193.0
-174.0
-150.0
-191.0
-153.0
-175.0
-183.0
-135.0
-157.0
-126.0
-88.0
-122.0
-90.0
-116.0
-126.0
-84.0
-136.0
-100.0
-70.0
-126.0
-88.0
-115.0
-135.0
-113.0
-168.0
-150.0
-133.0
-168.0
-121.0
-106.0
-118.0
-109.0
-122.0
-124.0
-78.0
-83.0
-62.0
-85.0
-113.0
-64.0
-103.0
-97.0
-68.0
-108.0
-82.0
-90.0
-98.0
-57.0
-78.0
-55.0
-34.0
-84.0
-40.0
-67.0
-95.0
-38.0
-69.0
-51.0
-60.0
-87.0
-67.0
-78.0
-93.0
-81.0
-91.0
-42.0
-31.0
-48.0
-35.0
-66.0
-91.0
-79.0
-157.0
-134.0
-92.0
-114.0
-88.0
-104.0
-133.0
-124.0
-129.0
-116.0
-99.0
-132.0
-106.0
-101.0
-116.0
-84.0
-109.0
-94.0
-93.0
-124.0
-98.0
-105.0
-116.0
-85.0
-133.0
-122.0
-99.0
-124.0
-88.0
-91.0
-95.0
-68.0
-101.0
-101.0
-81.0
-114.0
-85.0
-83.0
-115.0
-91.0
-130.0
-93.0
-82.0
-116.0
-77.0
-88.0
-116.0
-60.0
-94.0
-92.0
-75.0
-127.0
-87.0
-89.0
-103.0
-56.0
-95.0
-82.0
-76.0
-88.0
-71.0
-62.0
-81.0
-30.0
-76.0
-78.0
-53.0
-67.0
-28.0
-46.0
-53.0
-6.0
-49.0
-42.0
-31.0
-70.0
-41.0
-46.0
-51.0
-30.0
-43.0
-43.0
-30.0
-50.0
-6.0
-23.0
-18.0
27.0
-3.0
20.0
33.0
24.0
47.0
43.0
15.0
38.0
13.0
21.0
59.0
31.0
60.0
43.0
30.0
59.0
29.0
39.0
32.0
-8.0
34.0
34.0
1.0
38.0
-2.0
23.0
48.0
20.0
43.0
23.0
-3.0
28.0
-3.0
-2.0
27.0
11.0
33.0
23.0
-6.0
27.0
-11.0
5.0
61.0
22.0
61.0
31.0
24.0
65.0
48.0
47.0
72.0
26.0
67.0
63.0
50.0
86.0
55.0
69.0
82.0
67.0
97.0
94.0
94.0
133.0
106.0
124.0
124.0
83.0
100.0
92.0
111.0
131.0
95.0
114.0
121.0
72.0
97.0
76.0
53.0
98.0
41.0
44.0
86.0
48.0
68.0
49.0
25.0
68.0
50.0
46.0
58.0
13.0
37.0
38.0
5.0
2.0
-29.0
-25.0
-11.0
-55.0
-30.0
-45.0
-81.0
-40.0
-40.0
-15.0
10.0
-25.0
-26.0
-15.0
-43.0
-16.0
-54.0
-70.0
-45.0
-110.0
-87.0
-90.0
-92.0
-52.0
-84.0
-46.0
-18.0
-64.0
-19.0
-50.0
-112.0
-77.0
-123.0
-108.0
-96.0
-138.0
-102.0
-99.0
-99.0
-53.0
-86.0
-67.0
-56.0
-72.0
-56.0
-84.0
-107.0
-96.0
-128.0
-113.0
-85.0
-119.0
-80.0
-88.0
-79.0
-48.0
-78.0
-59.0
-49.0
-105.0
-62.0
-68.0
-73.0
-16.0
-29.0
-14.0
-7.0
-23.0
-3.0
-4.0
-26.0
9.0
-39.0
-28.0
1.0
-37.0
-22.0
-33.0
-41.0
4.0
-31.0
-22.0
-1.0
-32.0
4.0
-5.0
-38.0
16.0
-27.0
-3.0
12.0
-9.0
14.0
-128.0
-82.0
-32.0
-65.0
-17.0
4.0
-39.0
15.0
-13.0
-18.0
9.0
-27.0
-16.0
4.0
-34.0
-1.0
-6.0
-22.0
17.0
4.0
8.0
35.0
9.0
25.0
11.0
-11.0
36.0
21.0
42.0
47.0
25.0
67.0
41.0
39.0
55.0
40.0
47.0
66.0
28.0
60.0
67.0
37.0
71.0
60.0
71.0
86.0
50.0
86.0
74.0
56.0
120.0
103.0
132.0
148.0
70.0
105.0
101.0
80.0
78.0
81.0
92.0
122.0
78.0
132.0
126.0
108.0
110.0
76.0
82.0
109.0
54.0
80.0
100.0
60.0
104.0
65.0
50.0
75.0
37.0
71.0
81.0
44.0
89.0
64.0
80.0
90.0
32.0
84.0
67.0
41.0
67.0
7.0
29.0
55.0
17.0
71.0
87.0
57.0
115.0
90.0
101.0
127.0
122.0
163.0
159.0
146.0
184.0
154.0
169.0
202.0
154.0
202.0
193.0
184.0
207.0
180.0
216.0
244.0
243.0
294.0
293.0
264.0
306.0
268.0
297.0
305.0
262.0
305.0
277.0
256.0
305.0
268.0
274.0
297.0
286.0
297.0
294.0
254.0
310.0
293.0
299.0
307.0
266.0
300.0
283.0
261.0
305.0
267.0
279.0
312.0
257.0
281.0
279.0
252.0
308.0
277.0
271.0
282.0
239.0
290.0
265.0
251.0
277.0
251.0
241.0
251.0
209.0
247.0
214.0
184.0
199.0
147.0
135.0
147.0
101.0
154.0
146.0
97.0
124.0
86.0
81.0
108.0
90.0
103.0
67.0
29.0
24.0
-32.0
-24.0
-1.0
-34.0
-18.0
-10.0
-19.0
14.0
-1.0
14.0
25.0
-31.0
21.0
6.0
-43.0
-24.0
-55.0
-27.0
-3.0
-58.0
-20.0
-28.0
-23.0
30.0
-23.0
-18.0
-4.0
-42.0
2.0
-10.0
-26.0
34.0
-12.0
-13.0
-14.0
-60.0
-42.0
-48.0
-89.0
-30.0
-54.0
-55.0
-29.0
-61.0
-24.0
8.0
-8.0
29.0
-12.0
-23.0
-15.0
-58.0
-21.0
-30.0
-69.0
-36.0
-65.0
-73.0
-60.0
-95.0
-58.0
-75.0
-89.0
-36.0
-77.0
-70.0
-66.0
-89.0
-50.0
-63.0
-78.0
-37.0
-72.0
-65.0
-39.0
-70.0
-55.0
-65.0
-78.0
-54.0
-60.0
-62.0
-40.0
-102.0
-56.0
-77.0
-75.0
4.0
-26.0
13.0
25.0
-40.0
-10.0
-53.0
-74.0
-38.0
-31.0
-14.0
34.0
-6.0
5.0
4.0
-45.0
-30.0
-45.0
-5.0
40.0
11.0
40.0
48.0
21.0
67.0
55.0
91.0
92.0
49.0
67.0
73.0
56.0
102.0
47.0
68.0
63.0
51.0
92.0
69.0
81.0
127.0
86.0
69.0
91.0
58.0
95.0
89.0
61.0
93.0
69.0
88.0
117.0
81.0
90.0
65.0
50.0
77.0
51.0
62.0
87.0
58.0
79.0
67.0
59.0
91.0
45.0
49.0
67.0
37.0
77.0
61.0
46.0
84.0
37.0
35.0
71.0
26.0
71.0
67.0
16.0
58.0
27.0
15.0
41.0
1.0
59.0
65.0
63.0
133.0
97.0
76.0
76.0
25.0
69.0
71.0
48.0
66.0
50.0
59.0
59.0
16.0
46.0
51.0
21.0
67.0
48.0
41.0
67.0
35.0
58.0
38.0
36.0
81.0
30.0
42.0
62.0
24.0
61.0
69.0
65.0
105.0
76.0
60.0
87.0
34.0
85.0
75.0
53.0
69.0
24.0
19.0
58.0
13.0
50.0
44.0
10.0
45.0
20.0
37.0
65.0
49.0
72.0
79.0
71.0
104.0
68.0
64.0
86.0
45.0
89.0
73.0
58.0
79.0
33.0
59.0
92.0
48.0
101.0
91.0
68.0
106.0
107.0
110.0
112.0
78.0
120.0
135.0
110.0
126.0
98.0
123.0
148.0
139.0
156.0
143.0
111.0
143.0
140.0
146.0
163.0
119.0
143.0
116.0
78.0
119.0
93.0
116.0
145.0
109.0
119.0
116.0
77.0
133.0
126.0
133.0
137.0
72.0
107.0
88.0
69.0
73.0
65.0
71.0
89.0
60.0
71.0
71.0
64.0
81.0
41.0
47.0
57.0
24.0
66.0
76.0
91.0
155.0
137.0
125.0
122.0
59.0
53.0
26.0
-1.0
73.0
33.0
36.0
88.0
62.0
110.0
103.0
92.0
112.0
96.0
80.0
108.0
72.0
76.0
66.0
33.0
58.0
26.0
43.0
46.0
31.0
44.0
22.0
-12.0
41.0
12.0
34.0
60.0
14.0
47.0
42.0
17.0
61.0
14.0
23.0
77.0
52.0
54.0
91.0
69.0
107.0
92.0
88.0
70.0
37.0
68.0
70.0
44.0
61.0
42.0
48.0
78.0
51.0
61.0
70.0
39.0
85.0
53.0
55.0
64.0
26.0
44.0
43.0
20.0
69.0
41.0
71.0
97.0
64.0
93.0
70.0
8.0
52.0
17.0
17.0
67.0
14.0
59.0
63.0
40.0
57.0
11.0
44.0
94.0
52.0
96.0
73.0
47.0
78.0
54.0
38.0
44.0
-6.0
24.0
42.0
35.0
72.0
27.0
34.0
58.0
20.0
59.0
58.0
26.0
48.0
-5.0
-7.0
-18.0
-57.0
-32.0
-37.0
-42.0
-8.0
-53.0
-40.0
-7.0
-33.0
-22.0
-30.0
-55.0
-31.0
-68.0
-87.0
-64.0
-99.0
-54.0
-58.0
-60.0
-36.0
-58.0
-59.0
-18.0
-73.0
-39.0
-92.0
-113.0
-82.0
-117.0
-91.0
-62.0
-78.0
-31.0
-32.0
-55.0
-21.0
-48.0
-75.0
-61.0
-117.0
-100.0
-136.0
-159.0
-123.0
-124.0
-105.0
-64.0
-70.0
-2.0
-40.0
-65.0
-37.0
-80.0
-73.0
-49.0
-112.0
-98.0
-93.0
-100.0
-62.0
-100.0
-95.0
-91.0
-83.0
-17.0
-5.0
-45.0
-20.0
-57.0
-62.0
-30.0
-97.0
-68.0
-59.0
-84.0
-59.0
-59.0
-14.0
21.0
4.0
23.0
-17.0
-77.0
-61.0
-110.0
-104.0
-111.0
-128.0
-98.0
-75.0
-62.0
-7.0
-34.0
-31.0
-5.0
-77.0
-66.0
-94.0
-131.0
-114.0
-161.0
-154.0
-124.0
-134.0
-81.0
-65.0
-62.0
-48.0
-75.0
-89.0
-65.0
-84.0
-78.0
-88.0
-114.0
-60.0
-102.0
-64.0
-30.0
-78.0
-45.0
-17.0
-50.0
-35.0
-73.0
-101.0
-70.0
-98.0
-70.0
-77.0
-126.0
-82.0
-96.0
-53.0
-33.0
-73.0
-42.0
-79.0
-111.0
-89.0
-153.0
-131.0
-104.0
-150.0
-95.0
-115.0
-122.0
-74.0
-113.0
-109.0
-88.0
-101.0
-76.0
-84.0
-121.0
-87.0
-110.0
-110.0
-97.0
-149.0
-145.0
-127.0
-147.0
-111.0
-149.0
-128.0
-103.0
-154.0
-109.0
-112.0
-125.0
-101.0
-145.0
-132.0
-115.0
-164.0
-163.0
-145.0
-163.0
-116.0
-157.0
-164.0
-162.0
-195.0
-186.0
-192.0
-232.0
-182.0
-218.0
-200.0
-173.0
-199.0
-168.0
-163.0
-184.0
-157.0
-155.0
-142.0
-138.0
-198.0
-175.0
-190.0
-223.0
-191.0
-207.0
-201.0
-176.0
-223.0
-211.0
-182.0
-227.0
-188.0
-174.0
-206.0
-168.0
-191.0
-163.0
-154.0
-201.0
-171.0
-189.0
-183.0
-166.0
-218.0
-182.0
-217.0
-243.0
-202.0
-244.0
-233.0
-194.0
-233.0
-220.0
-196.0
-211.0
-181.0
-202.0
-189.0
-146.0
-189.0
-169.0
-188.0
-225.0
-179.0
-206.0
-203.0
-175.0
-207.0
-182.0
-172.0
-168.0
-138.0
-164.0
-156.0
-143.0
-173.0
-145.0
-131.0
-178.0
-132.0
-178.0
-193.0
-175.0
-251.0
-211.0
-208.0
-202.0
-179.0
-230.0
-213.0
-189.0
-209.0
-183.0
-193.0
-212.0
-149.0
-171.0
-179.0
-143.0
-159.0
-130.0
-154.0
-154.0
-110.0
-127.0
-124.0
-86.0
-131.0
-90.0
-90.0
-129.0
-72.0
-109.0
-106.0
-90.0
-107.0
-74.0
-72.0
-103.0
-78.0
-109.0
-125.0
-112.0
-129.0
-92.0
-89.0
-113.0
-71.0
-109.0
-100.0
-84.0
-111.0
-78.0
-91.0
-93.0
-73.0
-92.0
-71.0
-50.0
-113.0
-86.0
-112.0
-118.0
-69.0
-100.0
-89.0
-79.0
-123.0
-92.0
-96.0
-143.0
-92.0
-122.0
-105.0
-54.0
-83.0
-43.0
-29.0
-36.0
1.0
-29.0
-34.0
-2.0
-51.0
-19.0
3.0
-48.0
-6.0
-24.0
-21.0
6.0
-8.0
15.0
12.0
10.0
67.0
31.0
13.0
72.0
58.0
90.0
75.0
31.0
58.0
-10.0
-27.0
-14.0
-43.0
-11.0
-12.0
-36.0
-11.0
-15.0
-8.0
48.0
29.0
42.0
27.0
-27.0
-20.0
-40.0
-23.0
-21.0
-58.0
-39.0
-35.0
-37.0
-5.0
-24.0
-24.0
23.0
-10.0
23.0
-17.0
-38.0
-4.0
-24.0
-45.0
-24.0
-56.0
-11.0
-15.0
-25.0
26.0
2.0
-4.0
1.0
-45.0
-36.0
-62.0
-80.0
-48.0
-71.0
-37.0
-3.0
-51.0
-18.0
-34.0
-21.0
8.0
3.0
11.0
37.0
-7.0
-20.0
-49.0
-93.0
-31.0
-60.0
-50.0
-17.0
-62.0
-25.0
-24.0
-59.0
-52.0
-76.0
-49.0
-16.0
-38.0
-22.0
8.0
-20.0
29.0
-17.0
-32.0
15.0
-11.0
35.0
33.0
18.0
48.0
25.0
27.0
35.0
6.0
19.0
24.0
15.0
58.0
22.0
23.0
36.0
25.0
37.0
40.0
15.0
39.0
-10.0
-4.0
-5.0
-36.0
1.0
-34.0
-50.0
-9.0
-33.0
-53.0
-23.0
-50.0
-44.0
-22.0
-71.0
-7.0
-33.0
-46.0
-8.0
-31.0
6.0
1.0
-23.0
7.0
33.0
44.0
80.0
51.0
90.0
117.0
115.0
150.0
140.0
151.0
184.0
135.0
190.0
156.0
139.0
186.0
143.0
140.0
131.0
111.0
145.0
142.0
123.0
165.0
180.0
199.0
241.0
212.0
237.0
236.0
196.0
235.0
193.0
188.0
221.0
180.0
208.0
195.0
186.0
212.0
199.0
205.0
240.0
207.0
249.0
254.0
255.0
296.0
292.0
260.0
267.0
195.0
232.0
204.0
172.0
236.0
222.0
240.0
262.0
230.0
261.0
258.0
224.0
250.0
238.0
227.0
241.0
202.0
213.0
191.0
154.0
203.0
158.0
161.0
184.0
157.0
184.0
161.0
119.0
140.0
70.0
102.0
122.0
79.0
75.0
65.0
45.0
69.0
36.0
47.0
76.0
40.0
51.0
17.0
-20.0
10.0
-23.0
-29.0
0.0
-37.0
15.0
15.0
0.0
33.0
-4.0
18.0
63.0
33.0
46.0
48.0
19.0
12.0
-30.0
-8.0
-4.0
-55.0
-50.0
-43.0
-76.0
-8.0
-13.0
-15.0
29.0
6.0
42.0
58.0
20.0
54.0
14.0
-1.0
-17.0
-65.0
-56.0
-60.0
-89.0
-39.0
-43.0
-14.0
18.0
2.0
46.0
62.0
18.0
39.0
-5.0
-35.0
-6.0
-69.0
-25.0
-26.0
-40.0
0.0
-7.0
10.0
48.0
21.0
38.0
20.0
-7.0
50.0
26.0
18.0
45.0
-18.0
4.0
7.0
-35.0
-14.0
-13.0
-17.0
16.0
-6.0
24.0
13.0
-6.0
22.0
15.0
18.0
36.0
-12.0
3.0
9.0
-34.0
5.0
-29.0
-44.0
-16.0
-41.0
-19.0
-30.0
-45.0
0.0
-22.0
-8.0
6.0
-4.0
2.0
-15.0
-47.0
13.0
-19.0
-17.0
3.0
-14.0
8.0
17.0
-21.0
25.0
-23.0
5.0
36.0
1.0
34.0
15.0
-17.0
10.0
11.0
9.0
29.0
-24.0
-9.0
-20.0
-22.0
34.0
27.0
38.0
71.0
3.0
18.0
10.0
-48.0
2.0
-56.0
-35.0
-10.0
-61.0
-29.0
-44.0
-50.0
-1.0
-16.0
11.0
67.0
42.0
84.0
77.0
37.0
55.0
18.0
-2.0
14.0
-33.0
-19.0
-27.0
-68.0
-47.0
-95.0
-86.0
-9.0
-35.0
1.0
11.0
-18.0
14.0
-28.0
-37.0
-3.0
-52.0
-10.0
-5.0
-28.0
30.0
8.0
33.0
30.0
-14.0
5.0
-1.0
-49.0
-11.0
-40.0
-28.0
-12.0
-7.0
30.0
27.0
-26.0
12.0
-24.0
-33.0
-5.0
-43.0
-9.0
-20.0
-31.0
1.0
-15.0
-4.0
23.0
16.0
46.0
41.0
21.0
44.0
20.0
16.0
61.0
35.0
83.0
77.0
79.0
115.0
76.0
82.0
122.0
98.0
125.0
139.0
112.0
120.0
128.0
145.0
173.0
112.0
129.0
134.0
127.0
164.0
138.0
136.0
149.0
118.0
152.0
150.0
106.0
126.0
99.0
68.0
83.0
59.0
80.0
79.0
56.0
87.0
43.0
62.0
94.0
29.0
27.0
7.0
-24.0
31.0
3.0
-15.0
1.0
-76.0
-60.0
-48.0
-60.0
-15.0
-59.0
-53.0
5.0
-27.0
13.0
-5.0
-57.0
-42.0
-76.0
-70.0
-42.0
-87.0
-68.0
-68.0
-87.0
-32.0
-57.0
-59.0
-36.0
-95.0
-71.0
-52.0
-76.0
-31.0
-52.0
-73.0
-55.0
-89.0
-37.0
-24.0
-26.0
-11.0
-51.0
-74.0
-35.0
-54.0
-21.0
-24.0
-47.0
-26.0
-22.0
-33.0
-11.0
-49.0
-38.0
-33.0
-57.0
-8.0
-50.0
-32.0
-14.0
-65.0
-46.0
-46.0
-77.0
-8.0
-44.0
-48.0
-74.0
-122.0
-101.0
-90.0
-105.0
-74.0
-102.0
-91.0
-70.0
-112.0
-55.0
-40.0
-52.0
4.0
-33.0
-35.0
-24.0
-42.0
-18.0
-13.0
-36.0
16.0
-22.0
-33.0
-2.0
-35.0
14.0
34.0
-4.0
36.0
5.0
4.0
26.0
11.0
32.0
43.0
26.0
72.0
29.0
25.0
51.0
22.0
44.0
33.0
-11.0
7.0
-9.0
4.0
51.0
14.0
31.0
17.0
-3.0
52.0
33.0
39.0
78.0
41.0
62.0
69.0
32.0
39.0
-9.0
-11.0
25.0
12.0
58.0
68.0
23.0
56.0
43.0
40.0
73.0
49.0
97.0
104.0
71.0
102.0
70.0
69.0
111.0
71.0
98.0
110.0
72.0
107.0
79.0
59.0
92.0
14.0
23.0
30.0
20.0
97.0
111.0
94.0
94.0
33.0
25.0
9.0
-20.0
51.0
49.0
68.0
83.0
20.0
8.0
-7.0
-26.0
38.0
16.0
26.0
33.0
-14.0
-7.0
-18.0
-39.0
-3.0
-26.0
-29.0
11.0
-36.0
-16.0
8.0
-17.0
45.0
19.0
-9.0
3.0
-13.0
5.0
1.0
-27.0
9.0
-13.0
-23.0
56.0
11.0
25.0
17.0
-23.0
4.0
-26.0
-2.0
15.0
-34.0
-24.0
-37.0
-54.0
34.0
-12.0
-19.0
-7.0
-52.0
-41.0
-33.0
-56.0
3.0
-12.0
-10.0
8.0
2.0
65.0
78.0
42.0
70.0
27.0
31.0
70.0
37.0
56.0
79.0
56.0
126.0
83.0
76.0
80.0
36.0
70.0
81.0
63.0
103.0
69.0
74.0
102.0
78.0
110.0
119.0
78.0
103.0
82.0
89.0
136.0
105.0
121.0
122.0
72.0
109.0
77.0
87.0
137.0
119.0
153.0
150.0
135.0
147.0
134.0
148.0
181.0
137.0
188.0
189.0
154.0
197.0
184.0
168.0
192.0
156.0
171.0
178.0
167.0
188.0
164.0
154.0
168.0
125.0
125.0
145.0
121.0
172.0
147.0
142.0
175.0
118.0
153.0
163.0
138.0
166.0
147.0
146.0
203.0
166.0
187.0
167.0
117.0
157.0
135.0
132.0
171.0
114.0
143.0
150.0
152.0
184.0
147.0
128.0
156.0
83.0
124.0
109.0
109.0
144.0
115.0
129.0
158.0
104.0
125.0
107.0
81.0
122.0
96.0
96.0
110.0
68.0
92.0
94.0
77.0
101.0
90.0
63.0
79.0
17.0
53.0
89.0
55.0
73.0
41.0
39.0
69.0
40.0
71.0
54.0
18.0
50.0
26.0
26.0
66.0
35.0
59.0
70.0
61.0
113.0
102.0
86.0
113.0
74.0
74.0
80.0
19.0
49.0
26.0
39.0
110.0
69.0
101.0
81.0
39.0
97.0
76.0
76.0
109.0
72.0
89.0
93.0
64.0
85.0
34.0
12.0
42.0
47.0
45.0
48.0
3.0
18.0
7.0
-7.0
37.0
8.0
-1.0
-12.0
-34.0
38.0
12.0
30.0
52.0
25.0
29.0
52.0
20.0
45.0
-4.0
11.0
36.0
-2.0
11.0
20.0
-7.0
53.0
45.0
25.0
36.0
-31.0
-32.0
-12.0
-34.0
1.0
-46.0
-68.0
-36.0
-68.0
-24.0
26.0
10.0
24.0
11.0
-14.0
23.0
-14.0
48.0
67.0
35.0
54.0
8.0
-27.0
-11.0
-36.0
-24.0
-22.0
-43.0
8.0
-15.0
-36.0
-7.0
-10.0
36.0
56.0
14.0
40.0
3.0
-17.0
-14.0
-44.0
-37.0
-20.0
-15.0
24.0
-18.0
-31.0
-18.0
-76.0
-52.0
-29.0
-42.0
2.0
-25.0
-32.0
24.0
-2.0
8.0
13.0
-33.0
-7.0
-27.0
-8.0
45.0
17.0
26.0
-12.0
-52.0
25.0
30.0
25.0
57.0
15.0
34.0
3.0
-33.0
17.0
22.0
8.0
36.0
-31.0
-33.0
-39.0
-71.0
-20.0
0.0
-20.0
6.0
-6.0
5.0
-20.0
-70.0
-24.0
-27.0
-40.0
-30.0
-67.0
-51.0
-36.0
-54.0
10.0
-17.0
-15.0
-4.0
-39.0
10.0
31.0
-3.0
9.0
-21.0
-65.0
-44.0
-106.0
-71.0
-46.0
-48.0
27.0
17.0
0.0
24.0
-7.0
3.0
3.0
-35.0
-19.0
-46.0
-81.0
-28.0
-50.0
-34.0
-26.0
-74.0
-34.0
-81.0
-65.0
-4.0
-50.0
-34.0
-34.0
-58.0
-17.0
-40.0
-71.0
-42.0
-82.0
-53.0
-48.0
-105.0
-74.0
-103.0
-99.0
-49.0
-105.0
-84.0
-97.0
-137.0
-126.0
-160.0
-145.0
-142.0
-159.0
-131.0
-87.0
-111.0
-79.0
-78.0
-91.0
-44.0
-97.0
-77.0
-99.0
-141.0
-142.0
-176.0
-171.0
-155.0
-213.0
-195.0
-206.0
-239.0
-176.0
-172.0
-186.0
-168.0
-214.0
-181.0
-135.0
-146.0
-120.0
-137.0
-126.0
-80.0
-110.0
-99.0
-121.0
-133.0
-114.0
-149.0
-177.0
-166.0
-190.0
-162.0
-153.0
-167.0
-131.0
-137.0
-129.0
-79.0
-109.0
-96.0
-90.0
-131.0
-110.0
-146.0
-153.0
-152.0
-175.0
-155.0
-125.0
-163.0
-116.0
-130.0
-124.0
-111.0
-155.0
-129.0
-126.0
-165.0
-129.0
-160.0
-136.0
-130.0
-117.0
-108.0
-90.0
-134.0
-101.0
-123.0
-135.0
-105.0
-146.0
-139.0
-142.0
-171.0
-155.0
-170.0
-190.0
-136.0
-153.0
-136.0
-101.0
-135.0
-90.0
-93.0
-96.0
-59.0
-99.0
-74.0
-77.0
-109.0
-81.0
-111.0
-82.0
-51.0
-86.0
-67.0
-75.0
-87.0
-49.0
-69.0
-69.0
-41.0
-70.0
-26.0
-8.0
-63.0
-40.0
-77.0
-80.0
-56.0
-118.0
-83.0
-76.0
-88.0
-53.0
-76.0
-66.0
-40.0
-59.0
-50.0
-37.0
-43.0
-14.0
-56.0
-101.0
-83.0
-124.0
-93.0
-75.0
-121.0
-106.0
-121.0
-102.0
-65.0
-80.0
-40.0
-25.0
-70.0
-24.0
-60.0
-82.0
-72.0
-113.0
-93.0
-64.0
-94.0
-67.0
-88.0
-92.0
-71.0
-102.0
-97.0
-78.0
-102.0
-80.0
-127.0
-125.0
-102.0
-138.0
-130.0
-137.0
-152.0
-126.0
-139.0
-147.0
-92.0
-103.0
-89.0
-106.0
-148.0
-126.0
-149.0
-159.0
-116.0
-145.0
-111.0
-90.0
-126.0
-102.0
-122.0
-126.0
-93.0
-122.0
-107.0
-87.0
-110.0
-54.0
-78.0
-80.0
-58.0
-88.0
-77.0
-61.0
-76.0
-37.0
-28.0
-25.0
7.0
-24.0
-13.0
-27.0
-58.0
-24.0
-39.0
-56.0
-25.0
-42.0
-24.0
-8.0
-30.0
4.0
-15.0
-50.0
-34.0
-43.0
-24.0
6.0
-13.0
11.0
3.0
-9.0
26.0
20.0
33.0
74.0
71.0
80.0
47.0
17.0
35.0
-5.0
12.0
7.0
-7.0
48.0
56.0
35.0
64.0
31.0
49.0
61.0
36.0
66.0
60.0
22.0
60.0
-7.0
-12.0
-5.0
-41.0
3.0
10.0
12.0
39.0
27.0
35.0
51.0
-1.0
31.0
29.0
8.0
21.0
-49.0
-44.0
-31.0
-39.0
-10.0
-32.0
-36.0
-12.0
-36.0
-20.0
-20.0
-37.0
7.0
-18.0
-11.0
15.0
-10.0
-7.0
10.0
-20.0
14.0
1.0
-6.0
39.0
-8.0
-11.0
-27.0
-20.0
-3.0
-5.0
-26.0
3.0
-34.0
-30.0
-14.0
-7.0
33.0
20.0
39.0
79.0
46.0
65.0
77.0
69.0
92.0
64.0
25.0
61.0
41.0
60.0
107.0
67.0
114.0
105.0
95.0
123.0
102.0
93.0
81.0
16.0
50.0
39.0
37.0
34.0
20.0
44.0
59.0
41.0
86.0
67.0
60.0
84.0
59.0
85.0
65.0
33.0
62.0
54.0
42.0
65.0
34.0
55.0
80.0
49.0
51.0
45.0
51.0
92.0
62.0
118.0
108.0
78.0
118.0
101.0
75.0
93.0
71.0
89.0
121.0
95.0
137.0
142.0
133.0
162.0
116.0
135.0
128.0
88.0
98.0
43.0
20.0
87.0
62.0
85.0
108.0
101.0
156.0
161.0
145.0
173.0
130.0
123.0
137.0
92.0
116.0
103.0
109.0
141.0
107.0
136.0
157.0
133.0
175.0
150.0
120.0
146.0
100.0
113.0
139.0
112.0
139.0
120.0
118.0
136.0
123.0
159.0
180.0
133.0
156.0
118.0
108.0
139.0
82.0
88.0
100.0
67.0
92.0
93.0
102.0
166.0
146.0
130.0
130.0
117.0
148.0
137.0
114.0
134.0
77.0
100.0
143.0
127.0
167.0
135.0
120.0
158.0
131.0
154.0
175.0
149.0
173.0
136.0
121.0
144.0
103.0
106.0
147.0
128.0
184.0
194.0
187.0
209.0
164.0
169.0
189.0
150.0
183.0
172.0
168.0
183.0
148.0
150.0
164.0
117.0
176.0
163.0
197.0
222.0
200.0
186.0
204.0
127.0
147.0
90.0
71.0
111.0
89.0
88.0
119.0
63.0
96.0
69.0
64.0
92.0
61.0
74.0
74.0
25.0
76.0
68.0
49.0
74.0
39.0
45.0
40.0
30.0
79.0
65.0
28.0
58.0
11.0
47.0
48.0
18.0
48.0
34.0
37.0
54.0
16.0
16.0
40.0
34.0
80.0
75.0
62.0
90.0
30.0
34.0
62.0
37.0
86.0
77.0
42.0
73.0
50.0
69.0
59.0
4.0
64.0
23.0
7.0
24.0
13.0
12.0
52.0
41.0
61.0
53.0
25.0
68.0
40.0
38.0
64.0
25.0
33.0
21.0
13.0
43.0
30.0
34.0
35.0
-8.0
6.0
13.0
-11.0
45.0
18.0
39.0
52.0
28.0
39.0
17.0
11.0
57.0
5.0
9.0
11.0
-22.0
10.0
-8.0
-3.0
23.0
22.0
47.0
71.0
34.0
79.0
71.0
55.0
82.0
51.0
53.0
56.0
26.0
62.0
61.0
54.0
80.0
27.0
40.0
56.0
-12.0
23.0
20.0
14.0
35.0
22.0
37.0
48.0
6.0
58.0
