4 0.552788
5 0.553032
7 0.574291
9 0.602826
11 0.627026
13 0.646432
16 0.669982
20 0.697950
23 0.717617
28 0.743631
33 0.760345
38 0.771165
45 0.778989
52 0.780925
60 0.779157
69 0.774072
79 0.766330
91 0.755445
104 0.742522
119 0.726999
135 0.710446
154 0.691490
174 0.672578
198 0.650902
223 0.629769
252 0.607931
285 0.587065
321 0.568857
362 0.552969
407 0.539539
457 0.528825
513 0.521067
575 0.517028
645 0.516837
723 0.518372
809 0.519846
905 0.520551
1011 0.519751
1130 0.516824
1261 0.509342
1407 0.496884
1570 0.481647
1750 0.467919
