4 0.364958
5 0.344455
7 0.328824
9 0.326474
11 0.331237
13 0.341252
16 0.364400
20 0.407018
23 0.441211
28 0.487514
33 0.525916
38 0.562438
45 0.602649
52 0.633743
60 0.659365
69 0.679866
79 0.694903
91 0.705688
104 0.711313
119 0.713361
135 0.713026
154 0.710947
174 0.707217
198 0.700757
223 0.692085
252 0.680527
285 0.667104
321 0.654828
362 0.645508
407 0.640073
457 0.637999
513 0.637878
575 0.638475
645 0.639054
723 0.637917
809 0.634866
905 0.629706
1011 0.621374
1130 0.609564
1261 0.597602
1407 0.592148
1570 0.594574
