4 0.022913
5 0.025460
7 0.038991
9 0.070997
11 0.123794
13 0.191247
16 0.301620
20 0.432941
23 0.509529
28 0.598792
33 0.655244
38 0.691793
45 0.722750
52 0.739510
60 0.748416
69 0.750357
79 0.745803
91 0.734275
104 0.717192
119 0.693880
135 0.666501
154 0.631981
174 0.594321
198 0.549992
223 0.507812
252 0.465821
285 0.426585
321 0.391108
362 0.357336
407 0.328180
457 0.304226
513 0.284695
575 0.269570
645 0.257925
723 0.250017
809 0.244847
905 0.239378
1011 0.232157
1130 0.223045
1261 0.213640
1407 0.204640
1570 0.194637
