4 0.173763
5 0.190174
7 0.225540
9 0.271673
11 0.327116
13 0.385931
16 0.473245
20 0.574332
23 0.632965
28 0.700616
33 0.742810
38 0.769815
45 0.792131
52 0.803531
60 0.808953
69 0.809376
79 0.805503
91 0.797324
104 0.786284
119 0.772261
135 0.756675
154 0.737724
174 0.717457
198 0.693961
223 0.671795
252 0.649924
285 0.629845
321 0.611759
362 0.593510
407 0.575660
457 0.558385
513 0.542105
575 0.528690
645 0.520072
723 0.519605
809 0.528951
905 0.546198
1011 0.568623
1130 0.594971
1261 0.623835
1407 0.652510
1570 0.678788
