4 0.726546
5 0.711567
7 0.696960
9 0.702823
11 0.718363
13 0.735744
16 0.760022
20 0.787054
23 0.802958
28 0.822923
33 0.837390
38 0.848071
45 0.858191
52 0.864163
60 0.867599
69 0.868782
79 0.868080
91 0.865572
104 0.861849
119 0.857160
135 0.852020
154 0.845539
174 0.837920
198 0.827420
223 0.814807
252 0.798158
285 0.777218
321 0.752725
362 0.722985
407 0.687438
457 0.646011
513 0.599806
575 0.551291
645 0.501195
723 0.452993
809 0.408922
905 0.368604
1011 0.331790
1130 0.298312
1261 0.271283
1407 0.250086
1570 0.234203
