4 0.993781
5 0.992447
7 0.991833
9 0.992988
11 0.994445
13 0.995715
16 0.997014
20 0.998025
23 0.998466
28 0.998893
33 0.999115
38 0.999232
45 0.999308
52 0.999331
60 0.999325
69 0.999299
79 0.999260
91 0.999210
104 0.999159
119 0.999106
135 0.999056
154 0.999007
174 0.998966
198 0.998928
223 0.998899
252 0.998874
285 0.998853
321 0.998831
362 0.998808
407 0.998785
457 0.998762
513 0.998737
575 0.998710
645 0.998681
723 0.998650
809 0.998614
905 0.998573
1011 0.998529
1130 0.998483
1261 0.998436
1407 0.998383
1570 0.998317
1750 0.998229
