4 0.581804
5 0.625206
7 0.689930
9 0.733336
11 0.763981
13 0.786950
16 0.812589
20 0.836486
23 0.849094
28 0.863356
33 0.872261
38 0.877913
45 0.882634
52 0.885330
60 0.887141
69 0.888305
79 0.888888
91 0.888721
104 0.887551
119 0.885104
135 0.881639
154 0.877007
174 0.870776
198 0.861407
223 0.850416
252 0.836986
285 0.821497
321 0.805216
362 0.788288
407 0.771799
457 0.755454
513 0.738765
575 0.720735
645 0.699220
723 0.673856
809 0.646152
905 0.618033
1011 0.590743
1130 0.566171
1261 0.547331
1407 0.534551
1570 0.524653
