-25.0
-13.0
-2.0
13.0
24.0
8.0
48.0
45.0
36.0
21.0
22.0
32.0
10.0
-9.0
-45.0
4.0
14.0
-19.0
12.0
34.0
22.0
28.0
6.0
14.0
1.0
-45.0
-22.0
-8.0
-11.0
-31.0
-2.0
-10.0
-20.0
1.0
-28.0
-54.0
-46.0
-29.0
-29.0
-26.0
-69.0
-49.0
-18.0
-22.0
6.0
12.0
-10.0
-26.0
-11.0
-24.0
-31.0
-56.0
-30.0
-34.0
-59.0
-32.0
-8.0
-25.0
2.0
-31.0
-24.0
-26.0
-22.0
-20.0
4.0
2.0
30.0
-42.0
-34.0
-21.0
-43.0
-2.0
7.0
17.0
44.0
3.0
48.0
74.0
40.0
14.0
-31.0
-43.0
-32.0
-72.0
-97.0
-82.0
-77.0
-80.0
-56.0
-38.0
-27.0
-56.0
-34.0
-30.0
-66.0
-55.0
-38.0
-68.0
-91.0
-81.0
-60.0
-32.0
-51.0
-27.0
-54.0
-68.0
-54.0
-70.0
-53.0
-43.0
-33.0
-42.0
-35.0
-29.0
-1.0
7.0
5.0
-53.0
-84.0
-67.0
-81.0
-99.0
-103.0
-52.0
-31.0
-16.0
-88.0
-50.0
-46.0
-83.0
-94.0
-79.0
-86.0
-39.0
-64.0
-58.0
-56.0
-56.0
-59.0
-60.0
-55.0
-46.0
-31.0
-44.0
-45.0
-36.0
-21.0
-30.0
6.0
-19.0
-21.0
-53.0
-59.0
-67.0
-51.0
-102.0
-72.0
-50.0
-71.0
-46.0
-50.0
-78.0
-71.0
-61.0
-33.0
-11.0
-53.0
-38.0
-22.0
-12.0
-1.0
-5.0
-41.0
-48.0
-48.0
-23.0
-50.0
-88.0
-61.0
-19.0
-73.0
-67.0
-63.0
-63.0
-58.0
-72.0
-80.0
-87.0
-48.0
-22.0
4.0
-28.0
-92.0
-124.0
-95.0
-85.0
-71.0
-95.0
-83.0
-56.0
-58.0
-80.0
-47.0
-74.0
-44.0
-6.0
-57.0
-40.0
-77.0
-55.0
-30.0
-37.0
-21.0
22.0
-1.0
-13.0
-30.0
-54.0
-29.0
-43.0
-20.0
-14.0
-13.0
10.0
-41.0
-41.0
-49.0
-61.0
-36.0
-21.0
-29.0
-15.0
-6.0
-22.0
-63.0
-50.0
-86.0
-81.0
-94.0
-51.0
-33.0
-54.0
-49.0
-67.0
-45.0
-39.0
-8.0
-2.0
-44.0
-33.0
2.0
-27.0
-23.0
-6.0
-7.0
22.0
6.0
11.0
-11.0
-10.0
-17.0
19.0
25.0
11.0
15.0
16.0
29.0
-11.0
-33.0
-14.0
-21.0
3.0
-29.0
-32.0
22.0
-7.0
-7.0
2.0
-14.0
-17.0
-4.0
26.0
25.0
-11.0
48.0
11.0
-30.0
-8.0
-49.0
-16.0
-12.0
14.0
24.0
14.0
1.0
27.0
-4.0
32.0
23.0
33.0
71.0
54.0
33.0
23.0
-20.0
-15.0
13.0
27.0
25.0
-13.0
-24.0
-25.0
5.0
23.0
37.0
26.0
0.0
-6.0
10.0
-15.0
19.0
31.0
47.0
46.0
30.0
8.0
5.0
2.0
-20.0
-22.0
33.0
53.0
-3.0
26.0
22.0
74.0
54.0
30.0
45.0
2.0
13.0
14.0
15.0
26.0
30.0
-9.0
46.0
29.0
56.0
97.0
69.0
48.0
46.0
33.0
-14.0
-25.0
-26.0
2.0
-20.0
-20.0
-12.0
-9.0
-30.0
-27.0
-45.0
-11.0
10.0
31.0
-15.0
-40.0
2.0
-24.0
-44.0
-20.0
-37.0
-49.0
12.0
15.0
6.0
39.0
25.0
20.0
4.0
-13.0
-10.0
-49.0
-96.0
-49.0
-49.0
-49.0
-9.0
-32.0
9.0
-35.0
-17.0
6.0
-20.0
-11.0
-14.0
-14.0
13.0
-11.0
6.0
41.0
23.0
-3.0
-2.0
2.0
1.0
-7.0
-16.0
-30.0
-13.0
-3.0
11.0
25.0
-40.0
-52.0
-51.0
-30.0
-40.0
-18.0
-36.0
-4.0
13.0
-12.0
29.0
17.0
65.0
109.0
34.0
47.0
40.0
22.0
43.0
33.0
25.0
26.0
19.0
32.0
41.0
33.0
2.0
-1.0
23.0
50.0
64.0
45.0
36.0
46.0
70.0
74.0
100.0
26.0
26.0
71.0
62.0
61.0
18.0
-22.0
-1.0
-18.0
-10.0
-26.0
-4.0
-10.0
15.0
-33.0
-11.0
-7.0
24.0
-14.0
-7.0
-7.0
-22.0
-18.0
11.0
22.0
-18.0
8.0
-1.0
-3.0
-37.0
-9.0
-24.0
-20.0
-36.0
-96.0
-62.0
-62.0
-45.0
-81.0
-48.0
-8.0
-58.0
-76.0
-85.0
-89.0
-60.0
-67.0
-30.0
-33.0
-70.0
-31.0
-44.0
-56.0
-9.0
2.0
14.0
-18.0
-7.0
-25.0
-64.0
-72.0
-74.0
-73.0
-90.0
-80.0
-120.0
-136.0
-97.0
-130.0
-103.0
-77.0
-105.0
-124.0
-134.0
-108.0
-101.0
-81.0
-18.0
-37.0
-26.0
3.0
5.0
-49.0
-103.0
-117.0
-125.0
-110.0
-127.0
-100.0
-109.0
-109.0
-112.0
-112.0
-21.0
-93.0
-88.0
-61.0
-108.0
-103.0
-49.0
-45.0
-22.0
-64.0
-48.0
-60.0
-76.0
-64.0
-46.0
-45.0
-46.0
-51.0
-103.0
-62.0
-44.0
-31.0
-12.0
-51.0
-41.0
-41.0
-46.0
-21.0
-31.0
-33.0
-54.0
-69.0
-64.0
-23.0
2.0
-10.0
-10.0
-29.0
-35.0
-4.0
-13.0
-37.0
-80.0
-13.0
-36.0
-76.0
-54.0
-56.0
-70.0
-86.0
-31.0
-11.0
-37.0
14.0
56.0
43.0
2.0
24.0
13.0
-39.0
-41.0
-33.0
-32.0
-43.0
-42.0
5.0
-11.0
4.0
23.0
-20.0
-4.0
6.0
-22.0
-42.0
-43.0
-5.0
-17.0
-6.0
-16.0
36.0
10.0
32.0
28.0
4.0
46.0
26.0
36.0
21.0
20.0
-13.0
-5.0
38.0
10.0
-1.0
27.0
-33.0
-8.0
8.0
-2.0
23.0
-20.0
-72.0
-67.0
-89.0
-32.0
-51.0
-56.0
-36.0
-40.0
-20.0
-2.0
30.0
-32.0
-75.0
-60.0
-5.0
-17.0
-2.0
-12.0
-7.0
-4.0
34.0
83.0
55.0
18.0
11.0
33.0
-42.0
2.0
-40.0
-15.0
-16.0
-32.0
-20.0
-44.0
-15.0
-14.0
-5.0
15.0
32.0
1.0
-39.0
-1.0
96.0
89.0
88.0
88.0
105.0
65.0
60.0
73.0
18.0
64.0
68.0
43.0
32.0
-5.0
5.0
7.0
-10.0
-5.0
25.0
-23.0
-13.0
-4.0
5.0
-24.0
-51.0
-23.0
-15.0
-25.0
-15.0
1.0
-6.0
14.0
23.0
-4.0
9.0
13.0
-12.0
3.0
-13.0
-41.0
-56.0
-49.0
-38.0
-31.0
-25.0
6.0
2.0
1.0
-24.0
16.0
1.0
3.0
-6.0
27.0
5.0
-2.0
2.0
23.0
39.0
48.0
54.0
56.0
35.0
46.0
32.0
47.0
14.0
-6.0
33.0
47.0
-27.0
-6.0
5.0
21.0
46.0
42.0
40.0
26.0
38.0
63.0
30.0
48.0
53.0
59.0
78.0
67.0
38.0
22.0
43.0
37.0
23.0
37.0
43.0
66.0
87.0
104.0
71.0
-2.0
-5.0
25.0
-7.0
18.0
2.0
34.0
14.0
55.0
67.0
49.0
49.0
52.0
29.0
68.0
30.0
51.0
33.0
23.0
49.0
48.0
32.0
62.0
28.0
11.0
1.0
33.0
21.0
45.0
-8.0
31.0
15.0
48.0
68.0
67.0
108.0
70.0
102.0
93.0
50.0
18.0
41.0
50.0
15.0
36.0
5.0
5.0
10.0
30.0
33.0
33.0
15.0
34.0
40.0
5.0
-46.0
-22.0
15.0
20.0
1.0
20.0
6.0
48.0
6.0
3.0
8.0
6.0
24.0
-26.0
-18.0
-27.0
-9.0
-13.0
7.0
22.0
36.0
11.0
18.0
77.0
61.0
36.0
58.0
22.0
14.0
27.0
10.0
1.0
1.0
20.0
52.0
63.0
88.0
50.0
42.0
52.0
-5.0
14.0
25.0
20.0
37.0
2.0
-9.0
2.0
-12.0
-9.0
-1.0
-2.0
-8.0
-8.0
-23.0
26.0
11.0
13.0
49.0
16.0
42.0
37.0
39.0
-6.0
-37.0
-17.0
-6.0
-22.0
-10.0
32.0
24.0
34.0
37.0
82.0
58.0
57.0
77.0
51.0
40.0
66.0
32.0
34.0
55.0
64.0
45.0
64.0
60.0
103.0
45.0
49.0
61.0
65.0
53.0
70.0
74.0
58.0
54.0
45.0
87.0
41.0
52.0
67.0
48.0
58.0
38.0
32.0
46.0
12.0
12.0
40.0
64.0
96.0
41.0
40.0
68.0
45.0
24.0
29.0
50.0
63.0
-4.0
16.0
29.0
15.0
13.0
13.0
7.0
16.0
3.0
-17.0
15.0
33.0
54.0
24.0
20.0
56.0
56.0
50.0
75.0
34.0
61.0
15.0
47.0
14.0
-6.0
-64.0
-23.0
-25.0
-32.0
8.0
-7.0
35.0
26.0
36.0
29.0
13.0
22.0
26.0
-18.0
26.0
3.0
-49.0
-11.0
10.0
6.0
15.0
13.0
35.0
-12.0
24.0
22.0
-8.0
36.0
50.0
45.0
60.0
55.0
-3.0
-29.0
-52.0
-25.0
-20.0
-6.0
-3.0
32.0
-20.0
6.0
18.0
57.0
50.0
45.0
47.0
30.0
21.0
13.0
9.0
32.0
43.0
61.0
16.0
49.0
60.0
45.0
14.0
90.0
80.0
72.0
59.0
78.0
62.0
103.0
67.0
61.0
79.0
55.0
98.0
63.0
56.0
106.0
36.0
58.0
65.0
43.0
45.0
68.0
13.0
53.0
8.0
40.0
42.0
16.0
16.0
16.0
-14.0
-7.0
25.0
25.0
15.0
25.0
42.0
20.0
40.0
36.0
5.0
34.0
46.0
24.0
35.0
16.0
29.0
24.0
14.0
11.0
45.0
37.0
24.0
27.0
16.0
21.0
15.0
48.0
45.0
25.0
13.0
37.0
53.0
48.0
31.0
-23.0
-17.0
-7.0
11.0
-23.0
19.0
61.0
14.0
25.0
37.0
42.0
49.0
50.0
56.0
42.0
36.0
59.0
104.0
109.0
103.0
40.0
-6.0
47.0
8.0
21.0
36.0
-24.0
-16.0
-18.0
-13.0
4.0
18.0
16.0
25.0
24.0
30.0
40.0
-5.0
29.0
3.0
12.0
45.0
64.0
32.0
20.0
21.0
31.0
14.0
34.0
42.0
40.0
8.0
12.0
5.0
18.0
22.0
56.0
37.0
7.0
31.0
10.0
4.0
34.0
56.0
56.0
15.0
14.0
1.0
4.0
2.0
-13.0
13.0
40.0
31.0
-4.0
-33.0
-8.0
12.0
3.0
-18.0
-8.0
9.0
52.0
59.0
2.0
26.0
14.0
15.0
-17.0
13.0
16.0
35.0
41.0
31.0
39.0
16.0
40.0
54.0
32.0
74.0
39.0
34.0
22.0
18.0
22.0
-15.0
20.0
23.0
24.0
12.0
55.0
36.0
43.0
47.0
-5.0
30.0
24.0
-14.0
-8.0
-54.0
-52.0
-46.0
-84.0
-95.0
-60.0
-51.0
-27.0
-16.0
44.0
34.0
-24.0
-62.0
-54.0
-4.0
2.0
-32.0
17.0
9.0
-8.0
23.0
26.0
42.0
40.0
21.0
15.0
23.0
15.0
-12.0
-3.0
-27.0
36.0
-10.0
-15.0
-30.0
-33.0
18.0
17.0
-30.0
-2.0
15.0
-7.0
-42.0
-55.0
-55.0
-27.0
-16.0
-32.0
-39.0
-26.0
-27.0
-27.0
-39.0
-25.0
-81.0
-71.0
-60.0
-64.0
-55.0
-68.0
-47.0
-36.0
-6.0
-2.0
-18.0
-17.0
5.0
4.0
0.0
9.0
12.0
13.0
-1.0
-21.0
21.0
-2.0
8.0
-45.0
-25.0
-16.0
-17.0
-30.0
-29.0
7.0
-38.0
-5.0
-10.0
13.0
-25.0
5.0
33.0
4.0
39.0
23.0
33.0
42.0
8.0
15.0
25.0
-6.0
-3.0
10.0
7.0
17.0
-40.0
-16.0
-2.0
-24.0
11.0
-18.0
-3.0
1.0
-43.0
-15.0
14.0
-17.0
-7.0
12.0
42.0
65.0
3.0
8.0
-82.0
-80.0
-56.0
-76.0
-116.0
-88.0
-92.0
-80.0
-50.0
-33.0
-22.0
-37.0
-20.0
9.0
6.0
22.0
9.0
-16.0
-26.0
-17.0
-17.0
-11.0
20.0
12.0
16.0
6.0
16.0
-26.0
-23.0
-10.0
5.0
7.0
18.0
22.0
17.0
14.0
31.0
35.0
43.0
21.0
3.0
-27.0
2.0
31.0
21.0
4.0
-5.0
3.0
14.0
-24.0
4.0
-17.0
-8.0
-5.0
-12.0
-3.0
-9.0
-8.0
-22.0
-39.0
-39.0
-2.0
-1.0
11.0
10.0
-23.0
25.0
6.0
-29.0
-31.0
-46.0
-53.0
-32.0
-23.0
-34.0
-28.0
-33.0
-22.0
-49.0
-25.0
-25.0
-16.0
-10.0
-36.0
-36.0
-8.0
-26.0
-36.0
-1.0
13.0
9.0
32.0
-10.0
2.0
-6.0
7.0
22.0
-13.0
-28.0
-33.0
-48.0
-17.0
-22.0
-50.0
-8.0
-19.0
-4.0
37.0
29.0
36.0
1.0
-106.0
-58.0
-52.0
-68.0
-42.0
-63.0
-44.0
-54.0
-65.0
-41.0
-59.0
-51.0
-33.0
-83.0
-73.0
-80.0
-60.0
-61.0
-46.0
-50.0
-25.0
-47.0
-44.0
-6.0
-13.0
-15.0
-29.0
-6.0
-6.0
-27.0
-7.0
-20.0
-47.0
3.0
-32.0
13.0
-6.0
-22.0
-14.0
-37.0
-65.0
-65.0
-78.0
-37.0
-17.0
-16.0
-3.0
7.0
-16.0
-29.0
-57.0
-58.0
-43.0
-65.0
-31.0
-52.0
-55.0
-110.0
-105.0
-70.0
-49.0
-46.0
-33.0
-38.0
-52.0
-54.0
-72.0
-70.0
-85.0
-92.0
-99.0
-94.0
-116.0
-92.0
-97.0
-43.0
-40.0
-32.0
-42.0
-49.0
-84.0
-86.0
-124.0
-109.0
-162.0
-193.0
-235.0
-255.0
-228.0
-163.0
-111.0
-72.0
-48.0
-17.0
11.0
63.0
96.0
71.0
100.0
81.0
96.0
88.0
141.0
159.0
210.0
251.0
299.0
286.0
310.0
355.0
424.0
399.0
378.0
384.0
300.0
284.0
263.0
228.0
216.0
247.0
202.0
220.0
185.0
175.0
157.0
111.0
99.0
116.0
78.0
78.0
56.0
61.0
52.0
67.0
83.0
64.0
101.0
54.0
75.0
82.0
72.0
18.0
51.0
27.0
41.0
47.0
58.0
39.0
54.0
44.0
61.0
37.0
-13.0
-22.0
-40.0
5.0
-11.0
-48.0
-9.0
-36.0
-94.0
-72.0
-58.0
-68.0
-32.0
-67.0
-11.0
-62.0
-72.0
-45.0
-58.0
-48.0
-85.0
-120.0
-87.0
-70.0
-107.0
-70.0
-90.0
-86.0
-65.0
-86.0
-34.0
-55.0
-43.0
-89.0
-89.0
-70.0
-65.0
-50.0
-45.0
-52.0
-34.0
-30.0
-49.0
-26.0
-32.0
-55.0
-37.0
-35.0
-44.0
7.0
-20.0
-8.0
-35.0
-39.0
-40.0
-43.0
13.0
48.0
6.0
25.0
-9.0
-27.0
-2.0
-24.0
-25.0
-26.0
-14.0
-30.0
-48.0
-72.0
-78.0
-109.0
-70.0
-45.0
-54.0
-14.0
-11.0
-27.0
-63.0
-91.0
-86.0
-80.0
-122.0
-55.0
-48.0
-46.0
-44.0
-13.0
-56.0
-72.0
-67.0
-59.0
-7.0
-45.0
-63.0
-51.0
-105.0
-51.0
-66.0
-38.0
-37.0
-2.0
-5.0
-24.0
-45.0
-50.0
-9.0
-17.0
-13.0
-14.0
-65.0
-70.0
-34.0
-52.0
-70.0
-48.0
-47.0
-60.0
-64.0
-82.0
-56.0
-59.0
-24.0
-18.0
8.0
-78.0
-47.0
-53.0
-81.0
-8.0
-24.0
-5.0
11.0
-60.0
-55.0
-53.0
-36.0
-14.0
-50.0
-24.0
-15.0
-7.0
15.0
32.0
31.0
44.0
23.0
15.0
42.0
21.0
18.0
22.0
-4.0
-24.0
-4.0
-25.0
-7.0
-31.0
24.0
12.0
35.0
35.0
-22.0
1.0
-3.0
11.0
15.0
20.0
-2.0
22.0
16.0
-11.0
25.0
10.0
-3.0
-21.0
-13.0
1.0
-2.0
35.0
24.0
52.0
50.0
44.0
51.0
65.0
22.0
50.0
34.0
22.0
43.0
31.0
-6.0
-18.0
8.0
-8.0
-18.0
-34.0
-13.0
-16.0
7.0
17.0
34.0
26.0
-48.0
-52.0
-33.0
-23.0
-31.0
-21.0
-19.0
-16.0
-13.0
-2.0
-3.0
-24.0
-51.0
-26.0
-29.0
-26.0
-25.0
-44.0
-55.0
-13.0
-28.0
-40.0
-63.0
-27.0
-15.0
2.0
-11.0
-42.0
-32.0
-3.0
-1.0
21.0
9.0
5.0
24.0
13.0
30.0
52.0
61.0
17.0
34.0
-6.0
-13.0
-25.0
-43.0
-50.0
-29.0
3.0
11.0
11.0
22.0
-61.0
-57.0
-28.0
-22.0
-30.0
-11.0
-32.0
-33.0
-43.0
-59.0
-10.0
-3.0
-18.0
13.0
-35.0
-33.0
-29.0
-25.0
13.0
-5.0
-15.0
-18.0
-12.0
-24.0
-22.0
-5.0
21.0
-1.0
-10.0
-20.0
-40.0
-49.0
-42.0
-55.0
-33.0
-46.0
-56.0
-50.0
-14.0
-21.0
-5.0
9.0
7.0
13.0
-13.0
-23.0
8.0
-18.0
-11.0
13.0
6.0
-24.0
-27.0
-15.0
-8.0
29.0
43.0
43.0
-28.0
-37.0
12.0
-10.0
1.0
18.0
33.0
-16.0
-26.0
6.0
11.0
11.0
7.0
38.0
73.0
48.0
22.0
-30.0
2.0
-41.0
-13.0
23.0
47.0
25.0
13.0
-4.0
9.0
8.0
-21.0
17.0
12.0
-7.0
-14.0
-12.0
-4.0
-10.0
14.0
27.0
-28.0
-17.0
1.0
-30.0
-20.0
17.0
-23.0
-25.0
-29.0
-34.0
41.0
8.0
20.0
43.0
17.0
7.0
30.0
6.0
17.0
-31.0
-22.0
-25.0
-41.0
-6.0
-13.0
8.0
8.0
5.0
-1.0
36.0
-20.0
-38.0
-18.0
-17.0
-11.0
2.0
10.0
25.0
-34.0
-43.0
16.0
30.0
39.0
70.0
45.0
25.0
73.0
65.0
100.0
102.0
93.0
90.0
80.0
99.0
91.0
99.0
56.0
79.0
82.0
57.0
73.0
42.0
34.0
32.0
7.0
13.0
13.0
-11.0
-4.0
25.0
33.0
-4.0
26.0
45.0
63.0
46.0
50.0
78.0
108.0
95.0
86.0
105.0
91.0
81.0
51.0
52.0
32.0
63.0
54.0
63.0
101.0
36.0
24.0
53.0
52.0
48.0
70.0
52.0
93.0
112.0
71.0
65.0
13.0
-4.0
4.0
-7.0
17.0
39.0
-23.0
3.0
-1.0
24.0
2.0
-18.0
44.0
12.0
-10.0
37.0
29.0
15.0
31.0
43.0
37.0
22.0
36.0
49.0
14.0
0.0
19.0
30.0
60.0
40.0
42.0
59.0
44.0
46.0
52.0
50.0
61.0
36.0
57.0
29.0
49.0
25.0
-21.0
-16.0
-13.0
-37.0
-54.0
-1.0
-6.0
-10.0
10.0
-3.0
-33.0
-44.0
-37.0
-38.0
-76.0
-30.0
0.0
-20.0
-32.0
-44.0
-37.0
-35.0
-42.0
-18.0
-25.0
-71.0
-46.0
-15.0
-13.0
-35.0
13.0
13.0
44.0
44.0
12.0
31.0
25.0
22.0
-8.0
-1.0
29.0
29.0
15.0
33.0
32.0
56.0
20.0
53.0
50.0
30.0
62.0
25.0
24.0
39.0
40.0
45.0
65.0
54.0
67.0
52.0
84.0
48.0
72.0
62.0
77.0
4.0
45.0
-2.0
-12.0
34.0
1.0
-45.0
-37.0
-33.0
-5.0
24.0
23.0
63.0
70.0
65.0
33.0
-35.0
-2.0
-37.0
-32.0
29.0
-36.0
-36.0
-2.0
-57.0
-40.0
-17.0
-11.0
-15.0
1.0
8.0
-21.0
-43.0
-49.0
-48.0
-63.0
-40.0
-37.0
-13.0
-7.0
-12.0
-52.0
-49.0
-34.0
30.0
-22.0
-41.0
-62.0
-19.0
19.0
4.0
-4.0
-16.0
-23.0
-13.0
6.0
10.0
-6.0
-13.0
-2.0
-27.0
-58.0
-52.0
-29.0
-30.0
-24.0
-27.0
-21.0
3.0
-34.0
-54.0
-42.0
-96.0
-68.0
-24.0
-58.0
-50.0
-41.0
-2.0
-40.0
-43.0
-44.0
-27.0
10.0
-16.0
10.0
-25.0
-43.0
-15.0
-27.0
0.0
-21.0
6.0
-13.0
-54.0
-69.0
-72.0
-59.0
-56.0
-57.0
-10.0
-49.0
-99.0
-71.0
-52.0
-45.0
-42.0
-51.0
-18.0
-17.0
-8.0
-40.0
-82.0
-15.0
-25.0
-48.0
-30.0
-12.0
-8.0
18.0
-2.0
6.0
-22.0
-49.0
-36.0
-53.0
-49.0
-44.0
-62.0
-64.0
5.0
-25.0
15.0
-18.0
-67.0
-78.0
-95.0
-54.0
-42.0
-54.0
-89.0
-70.0
-52.0
-78.0
-97.0
-56.0
-30.0
-41.0
-14.0
-53.0
-6.0
-11.0
-50.0
-22.0
-42.0
-39.0
1.0
-42.0
-47.0
-34.0
-46.0
-79.0
-62.0
-18.0
12.0
13.0
-37.0
-7.0
-19.0
14.0
12.0
-3.0
6.0
33.0
-22.0
-3.0
4.0
43.0
-3.0
4.0
20.0
5.0
-31.0
7.0
-8.0
-38.0
-26.0
-18.0
5.0
-17.0
-34.0
-26.0
-34.0
-17.0
-65.0
-69.0
-23.0
-39.0
-44.0
-67.0
-62.0
-34.0
-76.0
-85.0
-52.0
-22.0
-29.0
-20.0
-15.0
1.0
13.0
-14.0
-3.0
-9.0
-4.0
-11.0
-45.0
24.0
13.0
-2.0
20.0
-32.0
-18.0
-20.0
-6.0
12.0
35.0
15.0
17.0
27.0
-24.0
8.0
13.0
-5.0
-27.0
-32.0
25.0
-9.0
13.0
-31.0
-18.0
29.0
18.0
27.0
21.0
50.0
32.0
-35.0
-58.0
-60.0
-25.0
-34.0
30.0
-13.0
-30.0
-8.0
-13.0
-3.0
26.0
-7.0
10.0
-1.0
-14.0
10.0
-12.0
-21.0
-25.0
-25.0
-16.0
18.0
-13.0
26.0
-3.0
5.0
13.0
-36.0
-31.0
-16.0
-35.0
-36.0
-45.0
-34.0
-36.0
-64.0
-86.0
-56.0
-39.0
-43.0
-90.0
-91.0
-78.0
-89.0
-37.0
-86.0
-68.0
-18.0
-66.0
-150.0
-91.0
-90.0
-122.0
-127.0
-129.0
-113.0
-114.0
-114.0
-111.0
-101.0
-95.0
-100.0
-129.0
-110.0
-81.0
-112.0
-95.0
-98.0
-111.0
-100.0
-70.0
-67.0
-73.0
-48.0
-68.0
-88.0
-75.0
-25.0
-62.0
-74.0
-51.0
-48.0
-105.0
-83.0
-60.0
-68.0
-77.0
-65.0
-120.0
-73.0
-67.0
-103.0
-67.0
-67.0
-111.0
-65.0
-70.0
-64.0
-60.0
-50.0
-55.0
-44.0
-30.0
-1.0
-10.0
-22.0
-21.0
-91.0
-47.0
-64.0
-84.0
-87.0
-67.0
-36.0
-69.0
-61.0
-29.0
-44.0
-96.0
-84.0
-83.0
-72.0
-63.0
-68.0
-68.0
-103.0
-110.0
-90.0
-87.0
-82.0
-80.0
-89.0
-107.0
-93.0
-119.0
-146.0
-106.0
-102.0
-90.0
-91.0
-100.0
-75.0
-105.0
-82.0
-70.0
-78.0
-55.0
-147.0
-166.0
-157.0
-140.0
-100.0
-99.0
-96.0
-95.0
-82.0
-110.0
-146.0
-113.0
-76.0
-105.0
-91.0
-90.0
-67.0
-87.0
-98.0
-99.0
-88.0
-106.0
-81.0
-94.0
-112.0
-120.0
-110.0
-128.0
-102.0
-105.0
-106.0
-89.0
-104.0
-86.0
-66.0
-60.0
-74.0
-87.0
-95.0
-79.0
-119.0
-100.0
-110.0
-83.0
-95.0
-100.0
-93.0
-60.0
-79.0
-74.0
-77.0
-68.0
-74.0
-107.0
-89.0
-77.0
-54.0
-95.0
-105.0
-99.0
-110.0
-141.0
-111.0
-87.0
-72.0
-61.0
-40.0
-108.0
-177.0
-135.0
-139.0
-119.0
-79.0
-114.0
-117.0
-97.0
-95.0
-105.0
-105.0
-102.0
-125.0
-117.0
-115.0
-120.0
-95.0
-98.0
-75.0
-48.0
-103.0
-114.0
-101.0
-86.0
-49.0
-99.0
-111.0
-87.0
-79.0
-98.0
-74.0
-52.0
-68.0
-46.0
-17.0
-15.0
-13.0
-17.0
-4.0
3.0
-20.0
-16.0
-14.0
-16.0
-24.0
-2.0
10.0
-41.0
-41.0
-61.0
-66.0
-33.0
-65.0
-40.0
-16.0
-45.0
-54.0
-55.0
-73.0
-14.0
-44.0
-69.0
-49.0
-46.0
-29.0
-62.0
-39.0
-53.0
-69.0
-2.0
-65.0
-87.0
-79.0
-101.0
-82.0
-81.0
-90.0
-61.0
-87.0
-57.0
-86.0
-57.0
-22.0
-15.0
-43.0
-37.0
-54.0
-49.0
-43.0
-83.0
-68.0
-50.0
-100.0
-70.0
-114.0
-112.0
-57.0
-70.0
-80.0
-72.0
-42.0
-63.0
-99.0
-72.0
-43.0
-37.0
5.0
53.0
34.0
36.0
22.0
-18.0
-28.0
-53.0
-44.0
-14.0
-35.0
-43.0
-68.0
-69.0
-63.0
-53.0
-87.0
-67.0
-96.0
-96.0
-98.0
-124.0
-104.0
-112.0
-73.0
-72.0
-65.0
-30.0
-59.0
-83.0
-92.0
-44.0
-22.0
-25.0
-27.0
-17.0
8.0
-3.0
42.0
23.0
12.0
56.0
31.0
26.0
-42.0
-51.0
-18.0
-3.0
5.0
1.0
-13.0
-32.0
-12.0
-33.0
-18.0
-26.0
-37.0
-37.0
-43.0
-48.0
-13.0
-41.0
-15.0
-11.0
-54.0
-43.0
-27.0
-1.0
-40.0
-45.0
-24.0
-40.0
-31.0
-37.0
-65.0
-48.0
-26.0
-40.0
-35.0
-49.0
-26.0
-16.0
-28.0
13.0
2.0
1.0
18.0
22.0
24.0
56.0
51.0
21.0
31.0
12.0
56.0
22.0
5.0
18.0
7.0
-16.0
-17.0
-55.0
-14.0
-7.0
-14.0
-21.0
22.0
7.0
-35.0
-34.0
-22.0
-23.0
-14.0
3.0
32.0
73.0
-2.0
-40.0
-8.0
-10.0
-44.0
-50.0
-20.0
-17.0
-20.0
13.0
31.0
22.0
-3.0
15.0
-2.0
3.0
18.0
22.0
36.0
2.0
67.0
31.0
-19.0
11.0
30.0
8.0
41.0
36.0
-8.0
38.0
15.0
-18.0
36.0
50.0
99.0
79.0
55.0
65.0
13.0
29.0
60.0
-4.0
-5.0
11.0
3.0
1.0
14.0
50.0
40.0
5.0
34.0
27.0
64.0
45.0
40.0
-44.0
-3.0
1.0
19.0
12.0
24.0
47.0
79.0
96.0
65.0
171.0
140.0
188.0
200.0
240.0
250.0
276.0
269.0
314.0
342.0
363.0
372.0
376.0
380.0
394.0
377.0
353.0
345.0
344.0
286.0
314.0
272.0
242.0
253.0
200.0
211.0
201.0
147.0
147.0
104.0
62.0
69.0
49.0
38.0
29.0
69.0
59.0
36.0
34.0
2.0
-34.0
-22.0
-52.0
-35.0
-40.0
-48.0
-67.0
-101.0
-150.0
-81.0
-135.0
-143.0
-103.0
-152.0
-136.0
-173.0
-190.0
-167.0
-144.0
-174.0
-162.0
-180.0
-183.0
-199.0
-187.0
-182.0
-174.0
-169.0
-139.0
-166.0
-148.0
-193.0
-194.0
-194.0
-204.0
-187.0
-172.0
-200.0
-120.0
-120.0
-115.0
-121.0
-145.0
-109.0
-119.0
-130.0
-145.0
-107.0
-127.0
-164.0
-161.0
-137.0
-122.0
-104.0
-46.0
-113.0
-125.0
-119.0
-125.0
-126.0
-131.0
-100.0
-105.0
-123.0
-139.0
-135.0
-158.0
-130.0
-69.0
-118.0
-153.0
-136.0
-143.0
-115.0
-98.0
-128.0
-119.0
-159.0
-139.0
-74.0
-96.0
-111.0
-99.0
-121.0
-145.0
-114.0
-100.0
-92.0
-75.0
-87.0
-108.0
-108.0
-109.0
-102.0
-99.0
-80.0
-66.0
-92.0
-117.0
-125.0
-89.0
-67.0
-32.0
-34.0
-67.0
-60.0
-67.0
-79.0
-44.0
-57.0
-78.0
-50.0
-34.0
-20.0
18.0
-23.0
-73.0
-91.0
-82.0
-98.0
-81.0
-82.0
-88.0
-90.0
-95.0
-88.0
-114.0
-95.0
-71.0
-30.0
-22.0
-60.0
-21.0
-23.0
-30.0
-2.0
-40.0
-29.0
-16.0
-18.0
-4.0
-21.0
-27.0
-51.0
-22.0
-22.0
-31.0
-65.0
-68.0
-49.0
14.0
13.0
45.0
92.0
75.0
102.0
79.0
20.0
6.0
58.0
17.0
50.0
13.0
25.0
51.0
60.0
39.0
59.0
4.0
22.0
35.0
-6.0
-8.0
-15.0
-24.0
-30.0
-18.0
16.0
-11.0
-13.0
-5.0
4.0
-10.0
3.0
-26.0
20.0
-21.0
-6.0
6.0
2.0
5.0
61.0
65.0
87.0
60.0
32.0
24.0
12.0
22.0
59.0
53.0
22.0
6.0
-2.0
20.0
52.0
75.0
99.0
113.0
131.0
173.0
126.0
136.0
167.0
148.0
142.0
105.0
115.0
92.0
95.0
93.0
102.0
98.0
142.0
43.0
59.0
84.0
105.0
140.0
77.0
26.0
40.0
11.0
36.0
50.0
79.0
76.0
59.0
56.0
99.0
91.0
79.0
121.0
75.0
67.0
87.0
69.0
95.0
109.0
95.0
90.0
81.0
84.0
68.0
24.0
41.0
6.0
-2.0
11.0
-9.0
20.0
59.0
1.0
1.0
39.0
13.0
22.0
-40.0
12.0
5.0
36.0
33.0
23.0
40.0
25.0
-1.0
-11.0
33.0
-26.0
25.0
12.0
-18.0
16.0
-26.0
-9.0
3.0
-11.0
-22.0
-32.0
21.0
-8.0
-25.0
-20.0
-4.0
19.0
26.0
32.0
22.0
7.0
15.0
17.0
18.0
11.0
3.0
-35.0
16.0
-15.0
-30.0
-29.0
-18.0
10.0
35.0
37.0
54.0
49.0
21.0
13.0
20.0
13.0
11.0
11.0
-32.0
20.0
15.0
34.0
12.0
50.0
53.0
5.0
34.0
6.0
-23.0
14.0
-7.0
4.0
18.0
16.0
21.0
39.0
-11.0
-11.0
-47.0
-48.0
-1.0
15.0
46.0
32.0
43.0
-37.0
-43.0
-15.0
-48.0
-63.0
-30.0
22.0
-46.0
-23.0
-64.0
-78.0
-75.0
-58.0
-91.0
-69.0
-100.0
-87.0
-86.0
-105.0
-58.0
-33.0
-40.0
-62.0
-86.0
-90.0
-94.0
-55.0
-55.0
-72.0
-68.0
-55.0
-42.0
-13.0
-31.0
-60.0
-49.0
-49.0
-23.0
-29.0
-36.0
-114.0
-95.0
-84.0
-72.0
-112.0
-73.0
-79.0
-61.0
-84.0
-54.0
-23.0
-4.0
-14.0
-8.0
-7.0
-55.0
-44.0
-35.0
-17.0
5.0
4.0
18.0
3.0
-32.0
-76.0
-51.0
-69.0
-52.0
-103.0
-79.0
-51.0
-5.0
-62.0
-46.0
-47.0
-1.0
-13.0
-6.0
19.0
-1.0
1.0
7.0
-6.0
-31.0
-36.0
-44.0
-46.0
-58.0
-45.0
-15.0
-15.0
-32.0
-50.0
-34.0
-76.0
-72.0
-24.0
-31.0
-3.0
39.0
46.0
5.0
24.0
4.0
20.0
-6.0
15.0
-13.0
10.0
5.0
8.0
22.0
24.0
30.0
33.0
34.0
13.0
10.0
12.0
22.0
34.0
62.0
88.0
109.0
33.0
-33.0
-8.0
-41.0
21.0
-5.0
-51.0
12.0
-26.0
-22.0
8.0
-19.0
-1.0
-23.0
-35.0
6.0
-16.0
-29.0
-44.0
-29.0
-30.0
-30.0
-55.0
-66.0
-56.0
-24.0
-24.0
-23.0
-39.0
-49.0
-30.0
9.0
-13.0
-23.0
1.0
14.0
16.0
12.0
25.0
24.0
24.0
-30.0
-36.0
-64.0
-60.0
-16.0
-18.0
-20.0
-8.0
-25.0
-10.0
-23.0
-16.0
-13.0
-46.0
-27.0
-27.0
-23.0
-22.0
-35.0
-40.0
-14.0
-7.0
-24.0
-68.0
-32.0
-34.0
-36.0
-15.0
-31.0
-36.0
-17.0
-1.0
9.0
13.0
18.0
-16.0
-21.0
-20.0
3.0
-14.0
-4.0
-4.0
-14.0
4.0
-12.0
-20.0
14.0
-36.0
-5.0
-11.0
-23.0
32.0
-10.0
-61.0
-65.0
-31.0
-67.0
-21.0
-23.0
-13.0
-23.0
-28.0
26.0
-10.0
-10.0
13.0
-10.0
24.0
14.0
12.0
-24.0
-42.0
-31.0
-24.0
-9.0
7.0
5.0
-34.0
-78.0
-56.0
-35.0
-9.0
-42.0
-4.0
-26.0
2.0
27.0
5.0
-4.0
-6.0
-17.0
-27.0
9.0
-15.0
-8.0
-18.0
-81.0
-24.0
-23.0
-33.0
-2.0
-48.0
-53.0
-44.0
-22.0
-4.0
-18.0
23.0
13.0
4.0
-16.0
1.0
-17.0
13.0
4.0
16.0
33.0
17.0
8.0
-35.0
-45.0
-42.0
-51.0
-35.0
-2.0
-20.0
-13.0
32.0
62.0
37.0
-1.0
35.0
19.0
40.0
53.0
49.0
42.0
37.0
21.0
35.0
17.0
49.0
38.0
22.0
33.0
-9.0
-17.0
-12.0
2.0
32.0
20.0
13.0
24.0
50.0
44.0
74.0
27.0
23.0
46.0
36.0
77.0
67.0
33.0
61.0
44.0
57.0
-5.0
-4.0
14.0
61.0
47.0
17.0
-8.0
8.0
25.0
5.0
11.0
4.0
2.0
25.0
14.0
31.0
39.0
44.0
79.0
97.0
93.0
65.0
12.0
21.0
39.0
26.0
6.0
15.0
14.0
-22.0
-5.0
7.0
11.0
11.0
22.0
8.0
-20.0
-21.0
-26.0
-17.0
31.0
20.0
12.0
-10.0
-14.0
-12.0
-1.0
46.0
27.0
49.0
-1.0
27.0
55.0
53.0
39.0
85.0
74.0
78.0
84.0
80.0
73.0
59.0
42.0
37.0
-7.0
-3.0
-45.0
1.0
-18.0
8.0
21.0
31.0
49.0
38.0
52.0
51.0
31.0
12.0
67.0
20.0
4.0
-20.0
8.0
29.0
26.0
35.0
71.0
56.0
35.0
11.0
18.0
-20.0
-19.0
-3.0
32.0
-12.0
-3.0
27.0
6.0
1.0
21.0
48.0
52.0
11.0
-16.0
11.0
29.0
66.0
12.0
25.0
20.0
31.0
16.0
36.0
65.0
78.0
68.0
58.0
90.0
49.0
41.0
60.0
77.0
100.0
130.0
128.0
125.0
106.0
43.0
54.0
31.0
47.0
58.0
17.0
24.0
29.0
60.0
67.0
79.0
84.0
1.0
-11.0
5.0
-13.0
24.0
23.0
6.0
0.0
-12.0
8.0
2.0
-2.0
-15.0
-4.0
5.0
10.0
-19.0
-15.0
17.0
35.0
77.0
71.0
70.0
50.0
51.0
51.0
55.0
71.0
61.0
37.0
27.0
46.0
30.0
1.0
1.0
21.0
27.0
58.0
10.0
2.0
20.0
-25.0
5.0
15.0
-6.0
20.0
11.0
36.0
30.0
16.0
26.0
-3.0
25.0
58.0
24.0
31.0
12.0
9.0
24.0
10.0
17.0
6.0
15.0
42.0
15.0
11.0
32.0
48.0
77.0
81.0
68.0
63.0
46.0
29.0
66.0
33.0
36.0
29.0
33.0
62.0
73.0
52.0
19.0
13.0
67.0
56.0
23.0
12.0
18.0
25.0
37.0
59.0
69.0
28.0
-29.0
15.0
36.0
36.0
27.0
5.0
33.0
12.0
24.0
21.0
6.0
29.0
37.0
-14.0
-29.0
-6.0
-30.0
-5.0
-12.0
-2.0
15.0
-30.0
-16.0
-31.0
-64.0
-73.0
-91.0
-109.0
-67.0
-69.0
-65.0
-50.0
-53.0
-55.0
-58.0
-29.0
-33.0
-46.0
-34.0
-36.0
-46.0
-40.0
-62.0
-27.0
-14.0
-42.0
-29.0
-17.0
-10.0
-37.0
-100.0
-102.0
-91.0
-97.0
-49.0
-62.0
-62.0
-50.0
-99.0
-93.0
-63.0
-70.0
-39.0
-65.0
-90.0
-15.0
-51.0
-61.0
-31.0
-30.0
-29.0
-19.0
-24.0
-28.0
-28.0
-44.0
-30.0
-36.0
-40.0
-41.0
-50.0
-8.0
-28.0
-25.0
5.0
-23.0
-31.0
-25.0
-40.0
-54.0
-32.0
-47.0
-29.0
-28.0
-33.0
-54.0
-36.0
-50.0
-8.0
-48.0
-18.0
-11.0
11.0
81.0
70.0
65.0
4.0
-3.0
-48.0
-56.0
-45.0
-67.0
-26.0
-14.0
-18.0
8.0
-33.0
-59.0
-18.0
-59.0
-59.0
-49.0
-56.0
-39.0
-30.0
-59.0
-43.0
-41.0
-28.0
-12.0
-44.0
-39.0
-8.0
-27.0
-63.0
-42.0
-58.0
-30.0
-6.0
-2.0
18.0
6.0
18.0
-22.0
-8.0
-3.0
6.0
3.0
-31.0
-40.0
-24.0
-26.0
-25.0
1.0
-20.0
1.0
-27.0
-69.0
-34.0
-16.0
-42.0
-12.0
2.0
-9.0
-14.0
-9.0
-3.0
-24.0
-18.0
-21.0
-8.0
-56.0
-18.0
-30.0
-7.0
22.0
-18.0
28.0
9.0
60.0
50.0
17.0
23.0
32.0
34.0
56.0
82.0
51.0
48.0
76.0
63.0
82.0
107.0
133.0
98.0
87.0
92.0
117.0
91.0
88.0
115.0
120.0
148.0
154.0
177.0
227.0
239.0
230.0
239.0
310.0
305.0
355.0
374.0
387.0
438.0
468.0
452.0
411.0
327.0
326.0
326.0
252.0
242.0
284.0
234.0
207.0
172.0
155.0
144.0
98.0
80.0
78.0
74.0
60.0
58.0
43.0
36.0
3.0
-14.0
24.0
5.0
2.0
-64.0
-67.0
-43.0
-18.0
27.0
25.0
-20.0
-26.0
-14.0
-26.0
6.0
14.0
-2.0
2.0
-31.0
-8.0
-50.0
-83.0
-69.0
-72.0
-48.0
-30.0
-90.0
-78.0
-80.0
-98.0
-68.0
-80.0
-83.0
-112.0
-138.0
-86.0
-112.0
-94.0
-77.0
-80.0
-71.0
-89.0
-88.0
-96.0
-94.0
-99.0
-91.0
-127.0
-145.0
-177.0
-187.0
-175.0
-186.0
-191.0
-181.0
-190.0
-159.0
-140.0
-140.0
-140.0
-127.0
-102.0
-129.0
-130.0
-90.0
-98.0
-128.0
-85.0
-94.0
-115.0
-84.0
-74.0
-90.0
-120.0
-96.0
-50.0
-110.0
-86.0
-86.0
-95.0
-82.0
-95.0
-125.0
-82.0
-60.0
-41.0
-49.0
-112.0
-109.0
-51.0
-82.0
-91.0
-73.0
-105.0
-40.0
-98.0
-98.0
-115.0
-100.0
-118.0
-131.0
-145.0
-185.0
-136.0
-148.0
-152.0
-141.0
-114.0
-112.0
-115.0
-91.0
-114.0
-91.0
-130.0
-133.0
-115.0
-122.0
-98.0
-88.0
-80.0
-83.0
-108.0
-92.0
-81.0
-83.0
-82.0
-99.0
-77.0
-92.0
-68.0
-94.0
-115.0
-126.0
-131.0
-84.0
-89.0
-103.0
-102.0
-136.0
-139.0
-128.0
-128.0
-103.0
-99.0
-104.0
-90.0
-107.0
-90.0
-79.0
-78.0
-58.0
-46.0
-69.0
-45.0
-57.0
-77.0
-86.0
-126.0
-115.0
-166.0
-107.0
-135.0
-130.0
-39.0
-81.0
-100.0
-102.0
-114.0
-108.0
-92.0
-104.0
-82.0
-50.0
-79.0
-52.0
-59.0
-40.0
-26.0
-18.0
-61.0
-74.0
-95.0
-97.0
-64.0
-67.0
-42.0
-58.0
-61.0
-62.0
-74.0
-84.0
-77.0
-13.0
-22.0
-25.0
-71.0
-109.0
-117.0
-67.0
-77.0
-54.0
-54.0
-51.0
-72.0
-71.0
-55.0
-44.0
-42.0
-72.0
-46.0
-64.0
-62.0
-74.0
-54.0
-77.0
-74.0
-61.0
-32.0
-65.0
-43.0
-36.0
-52.0
-48.0
-57.0
-42.0
-45.0
-66.0
-52.0
-64.0
-53.0
-29.0
-50.0
-36.0
-5.0
-24.0
-55.0
-42.0
-35.0
-37.0
-13.0
-11.0
22.0
2.0
11.0
-25.0
2.0
-27.0
15.0
-32.0
-30.0
-20.0
-65.0
-56.0
-46.0
4.0
25.0
-14.0
26.0
-3.0
22.0
12.0
-27.0
-25.0
-29.0
-25.0
-18.0
5.0
28.0
45.0
11.0
0.0
11.0
5.0
44.0
25.0
34.0
-6.0
-37.0
-7.0
-42.0
-51.0
-34.0
-48.0
-12.0
30.0
-3.0
-4.0
-13.0
23.0
14.0
-9.0
-12.0
33.0
28.0
23.0
-9.0
-3.0
-15.0
-19.0
-7.0
-34.0
-42.0
-30.0
-23.0
-39.0
27.0
26.0
63.0
-30.0
-94.0
-37.0
-76.0
-36.0
-6.0
-30.0
-49.0
-13.0
-59.0
-29.0
-35.0
-11.0
-3.0
-14.0
-37.0
-59.0
-27.0
-24.0
-49.0
-39.0
-26.0
-44.0
23.0
18.0
-21.0
-3.0
-8.0
8.0
-31.0
-37.0
-36.0
-40.0
24.0
53.0
32.0
31.0
59.0
58.0
36.0
43.0
61.0
59.0
40.0
83.0
56.0
61.0
29.0
77.0
61.0
75.0
80.0
77.0
95.0
56.0
73.0
105.0
130.0
113.0
139.0
146.0
159.0
112.0
128.0
117.0
153.0
136.0
171.0
204.0
183.0
201.0
269.0
271.0
263.0
250.0
261.0
235.0
270.0
243.0
264.0
263.0
269.0
295.0
324.0
297.0
362.0
344.0
372.0
392.0
380.0
335.0
346.0
336.0
372.0
345.0
355.0
346.0
344.0
354.0
350.0
354.0
322.0
310.0
359.0
331.0
330.0
386.0
374.0
360.0
387.0
368.0
343.0
396.0
380.0
374.0
355.0
360.0
455.0
326.0
254.0
296.0
305.0
315.0
325.0
328.0
337.0
273.0
299.0
348.0
324.0
354.0
323.0
348.0
318.0
306.0
257.0
295.0
235.0
319.0
278.0
269.0
317.0
286.0
242.0
271.0
270.0
285.0
280.0
274.0
278.0
244.0
288.0
277.0
262.0
268.0
284.0
251.0
261.0
278.0
307.0
277.0
270.0
280.0
265.0
265.0
282.0
254.0
247.0
266.0
249.0
282.0
226.0
249.0
212.0
204.0
240.0
256.0
235.0
262.0
223.0
211.0
268.0
243.0
251.0
269.0
208.0
252.0
266.0
253.0
267.0
262.0
282.0
238.0
239.0
231.0
275.0
224.0
213.0
211.0
215.0
235.0
215.0
188.0
221.0
225.0
230.0
224.0
196.0
204.0
237.0
248.0
217.0
179.0
223.0
237.0
244.0
234.0
225.0
222.0
231.0
206.0
157.0
142.0
191.0
206.0
174.0
202.0
167.0
159.0
171.0
154.0
123.0
133.0
166.0
172.0
158.0
180.0
181.0
155.0
145.0
108.0
103.0
93.0
89.0
100.0
102.0
80.0
87.0
75.0
58.0
69.0
64.0
65.0
69.0
25.0
36.0
74.0
109.0
116.0
102.0
93.0
127.0
159.0
110.0
76.0
96.0
71.0
131.0
80.0
117.0
115.0
144.0
118.0
95.0
132.0
152.0
118.0
133.0
111.0
123.0
115.0
89.0
127.0
139.0
112.0
65.0
43.0
50.0
76.0
29.0
82.0
51.0
41.0
65.0
33.0
21.0
42.0
30.0
49.0
36.0
31.0
27.0
16.0
41.0
36.0
37.0
41.0
91.0
88.0
53.0
77.0
41.0
26.0
25.0
6.0
46.0
24.0
51.0
14.0
13.0
25.0
3.0
31.0
22.0
17.0
32.0
-18.0
-22.0
7.0
6.0
-22.0
-27.0
-28.0
21.0
-8.0
-13.0
16.0
18.0
33.0
-6.0
-33.0
-14.0
-29.0
-32.0
-29.0
-18.0
-44.0
-34.0
-38.0
-40.0
-64.0
-65.0
-40.0
-22.0
2.0
-29.0
-17.0
-13.0
-72.0
-56.0
-40.0
-36.0
-16.0
-34.0
-74.0
-45.0
-46.0
-70.0
-42.0
-68.0
-75.0
-79.0
-89.0
-70.0
-86.0
-93.0
-72.0
-136.0
-118.0
-131.0
-134.0
-96.0
-114.0
-151.0
-154.0
-153.0
-144.0
-137.0
-109.0
-81.0
-103.0
-125.0
-138.0
-126.0
-86.0
-99.0
-129.0
-114.0
-139.0
-162.0
-152.0
-149.0
-142.0
-165.0
-161.0
-174.0
-183.0
-194.0
-159.0
-162.0
-170.0
-163.0
-95.0
-99.0
-114.0
-31.0
-14.0
40.0
71.0
91.0
159.0
167.0
145.0
152.0
160.0
157.0
142.0
114.0
87.0
115.0
64.0
22.0
37.0
36.0
-20.0
-31.0
-60.0
-62.0
-83.0
-90.0
-74.0
-115.0
-136.0
-129.0
-144.0
-128.0
-128.0
-146.0
-140.0
-155.0
-132.0
-165.0
-174.0
-132.0
-178.0
-186.0
-193.0
-195.0
-238.0
-231.0
-228.0
-252.0
-273.0
-295.0
-286.0
-300.0
-289.0
-298.0
-280.0
-280.0
-271.0
-231.0
-215.0
-267.0
-299.0
-288.0
-317.0
-295.0
-295.0
-278.0
-289.0
-299.0
-282.0
-283.0
-304.0
-281.0
-272.0
-284.0
-264.0
-272.0
-296.0
-284.0
-281.0
-279.0
-276.0
-300.0
-259.0
-237.0
-288.0
-259.0
-241.0
-261.0
-236.0
-252.0
-233.0
-249.0
-221.0
-216.0
-268.0
-228.0
-246.0
-267.0
-248.0
-274.0
-245.0
-238.0
-239.0
-278.0
-273.0
-269.0
-261.0
-293.0
-294.0
-292.0
-298.0
-262.0
-277.0
-298.0
-241.0
-298.0
-268.0
-254.0
-291.0
-260.0
-274.0
-262.0
-265.0
-294.0
-286.0
-284.0
-290.0
-285.0
-282.0
-275.0
-264.0
-268.0
-248.0
-216.0
-222.0
-221.0
-238.0
-201.0
-235.0
-251.0
-243.0
-254.0
-269.0
-259.0
-229.0
-240.0
-202.0
-244.0
-252.0
-242.0
-181.0
-227.0
-250.0
-205.0
-190.0
-229.0
-260.0
-236.0
-250.0
-230.0
-234.0
-227.0
-237.0
-251.0
-228.0
-247.0
-275.0
-239.0
-248.0
-255.0
-235.0
-258.0
-232.0
-206.0
-259.0
-253.0
-284.0
-289.0
-262.0
-293.0
-265.0
-265.0
-279.0
-287.0
-257.0
-225.0
-195.0
-196.0
-203.0
-219.0
-213.0
-192.0
-242.0
-210.0
-209.0
-216.0
-208.0
-243.0
-234.0
-174.0
-210.0
-213.0
-173.0
-205.0
-206.0
-224.0
-239.0
-207.0
-180.0
-172.0
-169.0
-206.0
-209.0
-201.0
-226.0
-209.0
-229.0
-228.0
-239.0
-238.0
-235.0
-231.0
-227.0
-190.0
-203.0
-214.0
-186.0
-241.0
-269.0
-210.0
-221.0
-220.0
-199.0
-190.0
-192.0
-176.0
-222.0
-175.0
-190.0
-184.0
-172.0
-186.0
-162.0
-157.0
-110.0
-147.0
-173.0
-165.0
-182.0
-190.0
-191.0
-220.0
-199.0
-198.0
-238.0
-240.0
-215.0
-214.0
-166.0
-173.0
-204.0
-188.0
-184.0
-218.0
-220.0
-224.0
-225.0
-234.0
-210.0
-232.0
-227.0
-204.0
-161.0
-195.0
-162.0
-185.0
-195.0
-171.0
-196.0
-209.0
-216.0
-218.0
-228.0
-220.0
-212.0
-201.0
-203.0
-185.0
-171.0
-134.0
-125.0
-138.0
-168.0
-189.0
-172.0
-191.0
-146.0
-159.0
-184.0
-172.0
-133.0
-120.0
-164.0
-159.0
-173.0
-199.0
-189.0
-188.0
-196.0
-144.0
-120.0
-168.0
-140.0
-118.0
-144.0
-180.0
-140.0
-129.0
-165.0
-136.0
-125.0
-159.0
-125.0
-127.0
-119.0
-85.0
-132.0
-149.0
-139.0
-138.0
-106.0
-110.0
-80.0
-80.0
-118.0
-110.0
-116.0
-128.0
-121.0
-127.0
-72.0
-82.0
-64.0
-80.0
-88.0
-109.0
-99.0
-124.0
-114.0
-108.0
-106.0
-102.0
-93.0
-133.0
-143.0
-169.0
-151.0
-143.0
-134.0
-157.0
-174.0
-148.0
-92.0
-137.0
-154.0
-108.0
-114.0
-121.0
-103.0
-134.0
-127.0
-120.0
-107.0
-78.0
-150.0
-130.0
-161.0
-182.0
-166.0
-150.0
-131.0
-112.0
-114.0
-140.0
-128.0
-117.0
-98.0
-109.0
-75.0
-80.0
-97.0
-122.0
-119.0
-128.0
-156.0
-158.0
-159.0
-157.0
-175.0
-124.0
-111.0
-90.0
-79.0
-119.0
-202.0
-148.0
-145.0
-118.0
-144.0
-116.0
-94.0
-132.0
-161.0
-134.0
-96.0
-126.0
-72.0
-80.0
-76.0
-95.0
-115.0
-98.0
-107.0
-74.0
-69.0
-110.0
-73.0
-69.0
-61.0
-59.0
-77.0
-95.0
-68.0
-87.0
-88.0
-42.0
-63.0
-71.0
-103.0
-99.0
-60.0
-101.0
-63.0
-102.0
-100.0
-63.0
-74.0
-100.0
-45.0
-26.0
-43.0
-53.0
-51.0
-32.0
-50.0
-33.0
-67.0
-45.0
-51.0
-90.0
-73.0
-62.0
-58.0
-76.0
-71.0
-90.0
-81.0
-82.0
-99.0
-144.0
-135.0
-148.0
-160.0
-133.0
-159.0
-150.0
-120.0
-100.0
-116.0
-136.0
-122.0
-127.0
-87.0
-98.0
-127.0
-109.0
-123.0
-100.0
-95.0
-71.0
-55.0
-44.0
-79.0
-84.0
-110.0
-105.0
-124.0
-135.0
-127.0
-112.0
-98.0
-125.0
-147.0
-172.0
-129.0
-121.0
-100.0
-133.0
-106.0
-109.0
-143.0
-155.0
-181.0
-183.0
-185.0
-196.0
-212.0
-168.0
-215.0
-229.0
-174.0
-168.0
-128.0
-120.0
-93.0
-119.0
-125.0
-123.0
-141.0
-166.0
-151.0
-227.0
-229.0
-224.0
-244.0
-206.0
-237.0
-243.0
-214.0
-168.0
-130.0
-121.0
-90.0
-63.0
-77.0
-98.0
-89.0
-101.0
-104.0
-110.0
-159.0
-156.0
-168.0
-161.0
-189.0
-166.0
-180.0
-165.0
-166.0
-126.0
-133.0
-160.0
-148.0
-121.0
-131.0
-70.0
-71.0
-82.0
-59.0
-49.0
-27.0
-12.0
-78.0
-92.0
-120.0
-110.0
-75.0
-120.0
-80.0
-48.0
-69.0
-54.0
-101.0
-62.0
-63.0
-57.0
-9.0
5.0
-106.0
-48.0
-52.0
-82.0
-6.0
-29.0
-26.0
-60.0
-69.0
-50.0
-52.0
-41.0
-45.0
-36.0
0.0
3.0
-22.0
-4.0
-11.0
4.0
-7.0
-23.0
-16.0
-18.0
-9.0
1.0
-22.0
-22.0
-8.0
-48.0
-23.0
27.0
63.0
31.0
-56.0
-107.0
-82.0
-119.0
-92.0
-116.0
-130.0
-145.0
-123.0
-118.0
-141.0
-184.0
-142.0
-145.0
-173.0
-128.0
-154.0
-159.0
-129.0
-130.0
-106.0
-98.0
-70.0
-63.0
-102.0
-87.0
-100.0
-88.0
-64.0
-73.0
-68.0
-72.0
-93.0
-20.0
-2.0
-15.0
-39.0
-36.0
-92.0
-63.0
-91.0
-76.0
-72.0
-40.0
-14.0
-26.0
-23.0
-17.0
-68.0
-54.0
-28.0
-31.0
-49.0
-69.0
-64.0
-59.0
-71.0
-51.0
-89.0
-111.0
-103.0
-58.0
-49.0
-62.0
-49.0
-110.0
-89.0
-75.0
-67.0
-51.0
-37.0
13.0
2.0
-14.0
23.0
53.0
27.0
15.0
8.0
4.0
-17.0
-5.0
11.0
-39.0
-33.0
-11.0
11.0
-41.0
-33.0
-21.0
-35.0
-69.0
-75.0
-62.0
-90.0
-81.0
-73.0
-35.0
-8.0
-69.0
-60.0
-46.0
-35.0
-22.0
-32.0
-17.0
29.0
24.0
46.0
59.0
-19.0
1.0
-3.0
8.0
25.0
12.0
17.0
27.0
16.0
-9.0
23.0
51.0
14.0
-9.0
-10.0
-33.0
-40.0
-10.0
-30.0
-3.0
12.0
-21.0
-33.0
-1.0
-29.0
-17.0
-21.0
-7.0
-5.0
9.0
36.0
65.0
7.0
40.0
24.0
18.0
48.0
59.0
67.0
61.0
65.0
44.0
55.0
46.0
42.0
38.0
37.0
30.0
50.0
39.0
21.0
27.0
30.0
7.0
-13.0
8.0
31.0
17.0
-41.0
-12.0
11.0
1.0
4.0
-34.0
-36.0
-17.0
-9.0
11.0
35.0
40.0
41.0
1.0
13.0
33.0
8.0
30.0
44.0
13.0
10.0
2.0
-1.0
1.0
47.0
55.0
54.0
1.0
8.0
27.0
26.0
52.0
55.0
49.0
55.0
22.0
58.0
84.0
84.0
98.0
58.0
81.0
79.0
87.0
59.0
65.0
58.0
81.0
42.0
52.0
67.0
50.0
105.0
124.0
139.0
130.0
121.0
46.0
45.0
36.0
22.0
1.0
22.0
31.0
26.0
29.0
34.0
-4.0
4.0
15.0
24.0
43.0
31.0
-7.0
-3.0
-4.0
10.0
71.0
50.0
64.0
81.0
30.0
42.0
37.0
18.0
23.0
1.0
31.0
17.0
27.0
43.0
21.0
35.0
63.0
25.0
8.0
-10.0
2.0
-14.0
-19.0
-60.0
-23.0
12.0
-18.0
-8.0
-8.0
-15.0
-17.0
32.0
6.0
-28.0
-22.0
-33.0
-13.0
-10.0
-21.0
-24.0
-10.0
-49.0
-50.0
-53.0
-44.0
-37.0
-51.0
-24.0
-5.0
5.0
41.0
21.0
42.0
56.0
49.0
55.0
37.0
35.0
8.0
33.0
42.0
50.0
29.0
0.0
12.0
-2.0
-22.0
4.0
-30.0
50.0
17.0
51.0
71.0
59.0
69.0
32.0
50.0
26.0
-4.0
24.0
-4.0
7.0
2.0
-38.0
-43.0
-27.0
-51.0
-22.0
19.0
12.0
-6.0
19.0
-40.0
-60.0
-129.0
-133.0
-89.0
-92.0
-110.0
-145.0
-114.0
-69.0
-77.0
-58.0
-33.0
-41.0
-16.0
-11.0
10.0
10.0
54.0
5.0
-21.0
5.0
29.0
2.0
36.0
51.0
-7.0
-27.0
-33.0
-35.0
5.0
-13.0
-2.0
31.0
-12.0
-25.0
-36.0
-20.0
-3.0
2.0
3.0
-52.0
3.0
-33.0
-55.0
-64.0
-61.0
-67.0
-70.0
-74.0
-62.0
-55.0
-34.0
-51.0
-93.0
-88.0
-72.0
-64.0
-73.0
-60.0
-49.0
-64.0
-34.0
-54.0
-54.0
-34.0
-57.0
-33.0
-52.0
-34.0
14.0
5.0
-8.0
7.0
-18.0
-31.0
-37.0
-63.0
-2.0
-17.0
-28.0
21.0
9.0
40.0
45.0
13.0
23.0
17.0
-18.0
-3.0
-29.0
-20.0
-20.0
-57.0
-12.0
-1.0
-7.0
-15.0
-1.0
2.0
-18.0
-20.0
10.0
-10.0
18.0
0.0
35.0
16.0
18.0
27.0
63.0
81.0
64.0
61.0
-15.0
-44.0
3.0
-20.0
-1.0
35.0
28.0
13.0
-40.0
21.0
29.0
41.0
30.0
40.0
14.0
48.0
32.0
48.0
21.0
22.0
27.0
11.0
39.0
31.0
-3.0
45.0
69.0
75.0
56.0
70.0
106.0
125.0
87.0
113.0
127.0
80.0
73.0
46.0
66.0
58.0
51.0
55.0
93.0
41.0
70.0
88.0
76.0
87.0
87.0
116.0
102.0
99.0
96.0
79.0
55.0
80.0
77.0
76.0
87.0
71.0
55.0
54.0
53.0
53.0
41.0
48.0
24.0
17.0
60.0
52.0
56.0
89.0
91.0
79.0
86.0
25.0
68.0
22.0
27.0
24.0
37.0
45.0
48.0
87.0
96.0
60.0
43.0
82.0
47.0
25.0
11.0
13.0
26.0
28.0
29.0
55.0
6.0
15.0
18.0
46.0
36.0
33.0
37.0
43.0
2.0
11.0
23.0
74.0
96.0
152.0
170.0
138.0
80.0
42.0
61.0
80.0
90.0
100.0
87.0
91.0
74.0
121.0
119.0
119.0
149.0
90.0
48.0
44.0
50.0
42.0
50.0
70.0
81.0
72.0
61.0
72.0
49.0
74.0
80.0
70.0
80.0
85.0
43.0
63.0
56.0
89.0
99.0
83.0
76.0
112.0
92.0
74.0
62.0
86.0
76.0
63.0
53.0
74.0
81.0
89.0
72.0
73.0
114.0
103.0
120.0
124.0
131.0
117.0
114.0
108.0
127.0
111.0
154.0
140.0
125.0
139.0
128.0
131.0
106.0
106.0
101.0
116.0
107.0
87.0
89.0
80.0
86.0
74.0
83.0
80.0
68.0
56.0
43.0
62.0
42.0
35.0
62.0
43.0
13.0
43.0
53.0
76.0
61.0
50.0
81.0
90.0
94.0
80.0
73.0
50.0
88.0
72.0
82.0
91.0
69.0
105.0
96.0
109.0
63.0
91.0
78.0
72.0
49.0
80.0
106.0
119.0
120.0
89.0
64.0
103.0
46.0
65.0
61.0
46.0
98.0
121.0
106.0
90.0
67.0
59.0
71.0
65.0
80.0
38.0
32.0
33.0
53.0
55.0
47.0
24.0
49.0
46.0
71.0
45.0
57.0
89.0
47.0
71.0
70.0
72.0
81.0
90.0
100.0
102.0
108.0
117.0
124.0
69.0
66.0
45.0
63.0
83.0
80.0
87.0
89.0
79.0
67.0
73.0
90.0
118.0
110.0
119.0
140.0
133.0
145.0
118.0
81.0
67.0
48.0
51.0
31.0
-12.0
-11.0
-12.0
-41.0
-2.0
-37.0
-2.0
50.0
44.0
69.0
10.0
4.0
27.0
-11.0
-29.0
-16.0
-46.0
-23.0
2.0
-42.0
-31.0
-33.0
-10.0
14.0
16.0
11.0
14.0
6.0
33.0
8.0
-6.0
8.0
-8.0
13.0
-49.0
-47.0
-31.0
-23.0
-8.0
-13.0
-30.0
-65.0
-77.0
-55.0
-39.0
-4.0
4.0
51.0
92.0
15.0
-16.0
-5.0
30.0
39.0
39.0
58.0
37.0
21.0
52.0
65.0
69.0
34.0
20.0
39.0
14.0
7.0
12.0
12.0
24.0
16.0
20.0
28.0
-7.0
-29.0
-16.0
-13.0
21.0
40.0
58.0
73.0
10.0
11.0
57.0
80.0
72.0
120.0
100.0
99.0
101.0
108.0
105.0
93.0
59.0
62.0
51.0
64.0
54.0
71.0
90.0
70.0
109.0
109.0
118.0
134.0
144.0
91.0
129.0
121.0
133.0
131.0
135.0
143.0
117.0
96.0
131.0
107.0
136.0
143.0
125.0
119.0
133.0
163.0
113.0
76.0
82.0
116.0
86.0
112.0
107.0
109.0
118.0
96.0
106.0
67.0
72.0
95.0
88.0
90.0
79.0
68.0
54.0
51.0
84.0
80.0
25.0
21.0
56.0
70.0
101.0
91.0
67.0
97.0
84.0
78.0
91.0
100.0
148.0
158.0
175.0
171.0
115.0
147.0
147.0
161.0
120.0
142.0
143.0
125.0
118.0
147.0
142.0
101.0
114.0
162.0
114.0
94.0
82.0
117.0
95.0
85.0
106.0
146.0
158.0
148.0
133.0
118.0
124.0
139.0
137.0
137.0
99.0
139.0
117.0
78.0
105.0
98.0
85.0
57.0
109.0
119.0
90.0
81.0
71.0
65.0
96.0
93.0
100.0
76.0
59.0
69.0
56.0
48.0
24.0
24.0
45.0
86.0
51.0
26.0
60.0
28.0
39.0
53.0
69.0
64.0
56.0
72.0
29.0
30.0
36.0
30.0
24.0
74.0
75.0
89.0
67.0
21.0
76.0
31.0
46.0
70.0
86.0
97.0
140.0
102.0
101.0
114.0
112.0
103.0
109.0
112.0
63.0
41.0
53.0
16.0
67.0
106.0
74.0
70.0
73.0
59.0
71.0
65.0
73.0
90.0
101.0
156.0
155.0
102.0
57.0
72.0
31.0
74.0
36.0
71.0
43.0
59.0
54.0
53.0
54.0
59.0
31.0
67.0
69.0
42.0
29.0
32.0
28.0
36.0
28.0
61.0
31.0
-1.0
2.0
13.0
-4.0
17.0
-37.0
-17.0
-6.0
-5.0
27.0
6.0
8.0
24.0
22.0
22.0
56.0
28.0
19.0
-5.0
11.0
22.0
11.0
-16.0
15.0
20.0
27.0
20.0
17.0
21.0
29.0
-5.0
-4.0
18.0
31.0
12.0
55.0
52.0
40.0
41.0
51.0
46.0
36.0
25.0
34.0
39.0
62.0
67.0
83.0
39.0
69.0
88.0
50.0
94.0
62.0
30.0
49.0
46.0
53.0
41.0
8.0
27.0
58.0
38.0
35.0
17.0
35.0
17.0
-38.0
2.0
-18.0
-20.0
-22.0
-23.0
-50.0
-19.0
-45.0
-21.0
-13.0
-3.0
-7.0
-10.0
-26.0
25.0
50.0
64.0
22.0
-8.0
-12.0
-16.0
-20.0
-26.0
-63.0
-50.0
-76.0
-48.0
-45.0
-68.0
-58.0
-67.0
-99.0
-52.0
-39.0
-61.0
-1.0
-12.0
4.0
-11.0
3.0
49.0
25.0
25.0
-4.0
23.0
27.0
8.0
40.0
53.0
43.0
50.0
55.0
16.0
21.0
51.0
65.0
40.0
-1.0
-1.0
3.0
-35.0
-51.0
-20.0
-34.0
-49.0
-49.0
-40.0
-45.0
-2.0
8.0
55.0
62.0
68.0
107.0
84.0
91.0
95.0
105.0
89.0
122.0
135.0
133.0
150.0
185.0
187.0
204.0
248.0
221.0
234.0
248.0
280.0
334.0
337.0
341.0
345.0
327.0
357.0
367.0
378.0
433.0
398.0
345.0
308.0
327.0
331.0
308.0
276.0
230.0
201.0
170.0
153.0
145.0
120.0
103.0
83.0
67.0
67.0
25.0
7.0
-15.0
-29.0
-19.0
-26.0
-12.0
14.0
16.0
9.0
42.0
40.0
-57.0
-77.0
-63.0
-63.0
-107.0
-104.0
-87.0
-74.0
-78.0
-105.0
-129.0
-183.0
-185.0
-154.0
-177.0
-167.0
-134.0
-121.0
-99.0
-96.0
-85.0
-37.0
-47.0
-78.0
-99.0
-69.0
-61.0
-85.0
-74.0
-42.0
-59.0
-56.0
-71.0
-81.0
-45.0
-63.0
-92.0
-99.0
-164.0
-143.0
-101.0
-126.0
-110.0
-115.0
-93.0
-135.0
-134.0
-94.0
-100.0
-134.0
-101.0
-108.0
-116.0
-118.0
-158.0
-126.0
-82.0
-92.0
-98.0
-97.0
-88.0
-97.0
-91.0
-102.0
-117.0
-111.0
-68.0
-111.0
-118.0
-80.0
-69.0
-29.0
-54.0
-72.0
-50.0
-48.0
-16.0
-14.0
-46.0
-39.0
-21.0
-34.0
-12.0
-29.0
-17.0
-17.0
-42.0
-55.0
-40.0
-100.0
-62.0
-36.0
-1.0
-13.0
-35.0
-34.0
-38.0
-48.0
-39.0
-28.0
-42.0
-76.0
-10.0
1.0
-10.0
8.0
-30.0
37.0
14.0
39.0
71.0
65.0
39.0
-29.0
-15.0
-31.0
18.0
24.0
-15.0
10.0
11.0
43.0
39.0
32.0
19.0
19.0
34.0
-8.0
15.0
1.0
25.0
22.0
13.0
13.0
28.0
22.0
24.0
54.0
43.0
44.0
10.0
-8.0
7.0
53.0
20.0
-25.0
48.0
10.0
13.0
45.0
35.0
59.0
-6.0
4.0
26.0
53.0
36.0
42.0
24.0
44.0
11.0
32.0
48.0
54.0
31.0
12.0
-11.0
-16.0
-30.0
-37.0
39.0
51.0
63.0
8.0
-16.0
7.0
1.0
27.0
46.0
25.0
9.0
30.0
34.0
79.0
53.0
44.0
40.0
-6.0
-20.0
-10.0
10.0
3.0
11.0
31.0
51.0
36.0
26.0
23.0
-10.0
-22.0
-17.0
-16.0
29.0
-3.0
58.0
45.0
31.0
53.0
20.0
13.0
26.0
51.0
16.0
-18.0
-23.0
21.0
-13.0
0.0
30.0
7.0
11.0
-29.0
-63.0
-28.0
-7.0
0.0
40.0
31.0
-6.0
19.0
12.0
-1.0
26.0
-21.0
-40.0
-35.0
18.0
16.0
1.0
22.0
-29.0
-16.0
-10.0
-25.0
-31.0
-5.0
-37.0
-41.0
-29.0
-29.0
-17.0
3.0
-19.0
11.0
34.0
7.0
32.0
9.0
34.0
-8.0
-41.0
-22.0
-38.0
-24.0
-24.0
-67.0
-90.0
-69.0
-71.0
-30.0
-58.0
-73.0
-54.0
-81.0
-62.0
-81.0
-76.0
-48.0
-55.0
-68.0
-67.0
-80.0
-74.0
-87.0
-110.0
-57.0
-67.0
-20.0
-75.0
-90.0
-49.0
-27.0
-29.0
-55.0
-26.0
-23.0
-40.0
-24.0
-73.0
-56.0
-91.0
-68.0
-45.0
-61.0
-20.0
-51.0
-38.0
-60.0
-90.0
-53.0
-45.0
-49.0
-63.0
-63.0
-80.0
-102.0
-93.0
-42.0
-76.0
-62.0
-59.0
-71.0
-52.0
-44.0
-56.0
-31.0
-73.0
-24.0
31.0
26.0
-30.0
-73.0
-87.0
-77.0
-98.0
-67.0
-64.0
-111.0
-91.0
-45.0
-51.0
-60.0
-39.0
-39.0
-31.0
-58.0
-34.0
-23.0
-36.0
-31.0
-59.0
-35.0
-45.0
-68.0
-20.0
-59.0
-60.0
-52.0
-53.0
-87.0
-91.0
-69.0
-40.0
-34.0
-35.0
-15.0
-35.0
-20.0
-12.0
-6.0
-17.0
-67.0
-23.0
-67.0
-82.0
-72.0
-61.0
-65.0
-28.0
-10.0
-10.0
-33.0
-50.0
-41.0
-23.0
-22.0
-55.0
-67.0
-94.0
-93.0
-108.0
-79.0
-99.0
-68.0
-70.0
-96.0
-73.0
-40.0
-52.0
-33.0
-31.0
-54.0
-40.0
-10.0
-23.0
9.0
-42.0
-25.0
-9.0
-63.0
-33.0
-13.0
-54.0
-69.0
-51.0
-1.0
-20.0
-46.0
-24.0
-61.0
-68.0
-44.0
-26.0
-11.0
-15.0
-31.0
-37.0
-53.0
-12.0
-24.0
-23.0
-51.0
14.0
-24.0
-27.0
-43.0
-50.0
-43.0
-42.0
62.0
86.0
84.0
59.0
-14.0
-6.0
-8.0
5.0
53.0
45.0
-1.0
23.0
19.0
11.0
46.0
42.0
27.0
48.0
21.0
16.0
18.0
25.0
0.0
25.0
15.0
15.0
42.0
34.0
49.0
26.0
49.0
43.0
23.0
20.0
14.0
71.0
23.0
37.0
71.0
58.0
62.0
37.0
30.0
68.0
51.0
51.0
30.0
36.0
37.0
49.0
50.0
46.0
11.0
30.0
46.0
53.0
89.0
64.0
58.0
113.0
119.0
125.0
114.0
114.0
122.0
139.0
133.0
149.0
130.0
118.0
161.0
143.0
147.0
177.0
166.0
155.0
145.0
135.0
165.0
176.0
159.0
187.0
142.0
193.0
180.0
183.0
224.0
201.0
203.0
194.0
172.0
172.0
185.0
202.0
212.0
208.0
180.0
187.0
183.0
196.0
205.0
192.0
212.0
216.0
227.0
214.0
242.0
250.0
229.0
239.0
259.0
241.0
208.0
204.0
211.0
251.0
275.0
289.0
298.0
255.0
205.0
211.0
177.0
203.0
230.0
224.0
269.0
261.0
277.0
292.0
270.0
254.0
246.0
299.0
294.0
298.0
310.0
327.0
298.0
257.0
260.0
229.0
244.0
239.0
248.0
240.0
251.0
215.0
214.0
232.0
267.0
287.0
277.0
272.0
274.0
294.0
317.0
287.0
253.0
241.0
253.0
252.0
239.0
232.0
257.0
251.0
269.0
235.0
220.0
222.0
199.0
196.0
201.0
192.0
208.0
192.0
161.0
165.0
181.0
216.0
187.0
175.0
164.0
122.0
148.0
181.0
190.0
200.0
197.0
175.0
188.0
210.0
169.0
203.0
174.0
144.0
110.0
112.0
124.0
120.0
125.0
129.0
133.0
166.0
206.0
172.0
183.0
158.0
102.0
116.0
69.0
134.0
152.0
113.0
102.0
110.0
96.0
136.0
123.0
115.0
111.0
102.0
83.0
120.0
112.0
119.0
119.0
84.0
80.0
89.0
115.0
63.0
58.0
42.0
67.0
64.0
46.0
48.0
130.0
79.0
90.0
82.0
121.0
130.0
122.0
121.0
61.0
48.0
34.0
55.0
100.0
72.0
86.0
81.0
110.0
127.0
63.0
57.0
39.0
30.0
32.0
-9.0
7.0
35.0
-6.0
21.0
-14.0
1.0
10.0
23.0
15.0
27.0
55.0
58.0
37.0
40.0
46.0
30.0
51.0
44.0
34.0
53.0
46.0
53.0
36.0
43.0
62.0
72.0
60.0
51.0
36.0
34.0
29.0
18.0
38.0
31.0
39.0
52.0
15.0
-22.0
27.0
13.0
36.0
-7.0
-55.0
-46.0
-52.0
-33.0
-36.0
-35.0
-1.0
-22.0
-56.0
-15.0
-31.0
43.0
-55.0
-36.0
-11.0
-61.0
-92.0
-77.0
-72.0
-65.0
-75.0
-84.0
-74.0
-51.0
-18.0
-52.0
-66.0
-77.0
-86.0
-91.0
-76.0
-95.0
-119.0
-130.0
-133.0
-125.0
-120.0
-115.0
-99.0
-117.0
-105.0
-101.0
-125.0
-117.0
-119.0
-143.0
-87.0
-123.0
-161.0
-161.0
-143.0
-130.0
-128.0
-172.0
-123.0
-107.0
-115.0
-165.0
-227.0
-185.0
-193.0
-169.0
-163.0
-145.0
-156.0
-160.0
-160.0
-146.0
-162.0
-185.0
-130.0
-161.0
-177.0
-185.0
-195.0
-168.0
-153.0
-161.0
-134.0
-152.0
-182.0
-193.0
-195.0
-156.0
-160.0
-183.0
-165.0
-154.0
-164.0
-161.0
-183.0
-144.0
-152.0
-165.0
-180.0
-191.0
-192.0
-206.0
-201.0
-214.0
-178.0
-180.0
-169.0
-200.0
-198.0
-208.0
-210.0
-188.0
-181.0
-184.0
-191.0
-192.0
-188.0
-149.0
-185.0
-147.0
-145.0
-205.0
-202.0
-187.0
-209.0
-204.0
-204.0
-204.0
-182.0
-230.0
-233.0
-232.0
-193.0
-199.0
-243.0
-219.0
-186.0
-213.0
-201.0
-202.0
-246.0
-251.0
-212.0
-232.0
-230.0
-247.0
-206.0
-187.0
-172.0
-143.0
-173.0
-178.0
-146.0
-109.0
-98.0
-124.0
-73.0
-30.0
-65.0
-73.0
-31.0
-7.0
13.0
23.0
31.0
25.0
28.0
51.0
26.0
86.0
60.0
32.0
-24.0
-25.0
-33.0
-34.0
-81.0
-76.0
-83.0
-84.0
-130.0
-151.0
-138.0
-110.0
-103.0
-147.0
-172.0
-164.0
-168.0
-162.0
-188.0
-162.0
-177.0
-184.0
-175.0
-164.0
-177.0
-154.0
-178.0
-166.0
-209.0
-224.0
-208.0
-222.0
-223.0
-195.0
-216.0
-231.0
-200.0
-212.0
-187.0
-203.0
-213.0
-198.0
-263.0
-264.0
-225.0
-232.0
-186.0
-206.0
-224.0
-218.0
-231.0
-190.0
-202.0
-235.0
-257.0
-211.0
-215.0
-210.0
-214.0
-181.0
-173.0
-159.0
-148.0
-160.0
-172.0
-157.0
-173.0
-203.0
-174.0
-211.0
-194.0
-173.0
-197.0
-206.0
-188.0
-183.0
-151.0
-144.0
-140.0
-157.0
-131.0
-142.0
-203.0
-157.0
-158.0
-178.0
-164.0
-169.0
-199.0
-149.0
-152.0
-182.0
-161.0
-153.0
-186.0
-165.0
-191.0
-203.0
-211.0
-193.0
-173.0
-194.0
-163.0
-164.0
-166.0
-138.0
-175.0
-182.0
-192.0
-261.0
-263.0
-268.0
-239.0
-238.0
-245.0
-229.0
-252.0
-240.0
-222.0
-221.0
-233.0
-188.0
-212.0
-243.0
-224.0
-231.0
-230.0
-223.0
-220.0
-216.0
-237.0
-264.0
-223.0
-224.0
-204.0
-202.0
-184.0
-165.0
-158.0
-197.0
-210.0
-220.0
-220.0
-194.0
-223.0
-195.0
-201.0
-200.0
-170.0
-184.0
-195.0
-186.0
-163.0
-147.0
-164.0
-193.0
-194.0
-168.0
-201.0
-208.0
-204.0
-172.0
-219.0
-244.0
-228.0
-240.0
-200.0
-224.0
-187.0
-148.0
-182.0
-188.0
-165.0
-198.0
-185.0
-215.0
-199.0
-186.0
-207.0
-191.0
-192.0
-187.0
-169.0
-161.0
-171.0
-144.0
-175.0
-140.0
-184.0
-188.0
-190.0
-204.0
-182.0
-155.0
-129.0
-113.0
-129.0
-126.0
-137.0
-121.0
-164.0
-137.0
-162.0
-127.0
-116.0
-157.0
-146.0
-146.0
-139.0
-172.0
-204.0
-177.0
-132.0
-95.0
-101.0
-51.0
-97.0
-151.0
-170.0
-147.0
-129.0
-153.0
-140.0
-121.0
-131.0
-133.0
-115.0
-119.0
-102.0
-122.0
-94.0
-96.0
-95.0
-93.0
-99.0
-107.0
-82.0
-91.0
-103.0
-109.0
-79.0
-65.0
-102.0
-93.0
-67.0
-79.0
-109.0
-103.0
-110.0
-67.0
-46.0
-31.0
-24.0
-22.0
-48.0
-12.0
-42.0
-2.0
-33.0
-69.0
-72.0
-64.0
-71.0
-77.0
-76.0
-51.0
-62.0
-55.0
-55.0
-77.0
-39.0
-40.0
-48.0
-55.0
-53.0
-47.0
-42.0
-70.0
-64.0
-43.0
-43.0
-51.0
-54.0
-60.0
-34.0
-81.0
-56.0
-1.0
-33.0
-1.0
-22.0
-8.0
-21.0
-23.0
-12.0
-38.0
-37.0
-40.0
-39.0
-26.0
-37.0
-67.0
-35.0
-35.0
-33.0
-29.0
-21.0
-16.0
-15.0
-69.0
-33.0
-49.0
-60.0
-53.0
-51.0
-53.0
-41.0
-73.0
-33.0
-12.0
-42.0
-37.0
-10.0
22.0
31.0
30.0
-33.0
-63.0
-31.0
-42.0
-43.0
-99.0
-51.0
-78.0
-91.0
-81.0
-110.0
-94.0
-81.0
-79.0
-52.0
-65.0
-65.0
-71.0
-58.0
-59.0
-95.0
-64.0
-70.0
-79.0
-78.0
-63.0
-64.0
-55.0
-41.0
-25.0
-4.0
-3.0
20.0
7.0
13.0
6.0
5.0
26.0
43.0
56.0
65.0
29.0
62.0
103.0
125.0
119.0
130.0
175.0
253.0
263.0
243.0
234.0
262.0
275.0
295.0
274.0
290.0
306.0
303.0
318.0
317.0
289.0
274.0
222.0
205.0
171.0
168.0
135.0
93.0
97.0
88.0
58.0
26.0
20.0
11.0
44.0
15.0
6.0
14.0
18.0
25.0
-13.0
-24.0
-4.0
-12.0
-93.0
-74.0
-84.0
-97.0
-105.0
-169.0
-191.0
-237.0
-248.0
-224.0
-220.0
-214.0
-223.0
-218.0
-217.0
-184.0
-244.0
-218.0
-186.0
-163.0
-163.0
-209.0
-190.0
-217.0
-213.0
-214.0
-210.0
-171.0
-177.0
-242.0
-201.0
-167.0
-201.0
-192.0
-196.0
-187.0
-202.0
-189.0
-166.0
-227.0
-196.0
-180.0
-180.0
-186.0
-150.0
-154.0
-165.0
-161.0
-147.0
-133.0
-125.0
-141.0
-127.0
-107.0
-107.0
-135.0
-143.0
-113.0
-133.0
-116.0
-118.0
-137.0
-144.0
-158.0
-155.0
-142.0
-144.0
-145.0
-114.0
-125.0
-146.0
-155.0
-158.0
-120.0
-125.0
-116.0
-128.0
-111.0
-67.0
-83.0
-136.0
-134.0
-149.0
-166.0
-167.0
-175.0
-159.0
-148.0
-202.0
-158.0
-151.0
-138.0
-182.0
-205.0
-192.0
-178.0
-204.0
-162.0
-184.0
-224.0
-193.0
-188.0
-157.0
-119.0
-111.0
-150.0
-137.0
-168.0
-185.0
-152.0
-129.0
-142.0
-156.0
-144.0
-157.0
-183.0
-156.0
-160.0
-163.0
-150.0
-149.0
-116.0
-76.0
-47.0
-25.0
-30.0
-41.0
-44.0
-112.0
-91.0
-89.0
-111.0
-105.0
-82.0
-80.0
-42.0
-102.0
-113.0
-129.0
-126.0
-133.0
-97.0
-62.0
-35.0
11.0
-25.0
-73.0
-58.0
-82.0
-105.0
-69.0
-34.0
-97.0
-46.0
-29.0
-48.0
-58.0
-21.0
-7.0
6.0
-34.0
-25.0
-23.0
-19.0
-24.0
22.0
25.0
-8.0
-84.0
-53.0
-62.0
-83.0
-71.0
-84.0
-96.0
-105.0
-111.0
-79.0
-71.0
-66.0
-51.0
-40.0
-36.0
-60.0
-53.0
-37.0
-46.0
-57.0
-30.0
-20.0
-21.0
-21.0
-49.0
-43.0
-41.0
-48.0
11.0
-48.0
-40.0
-27.0
-69.0
-38.0
-59.0
-22.0
-32.0
-33.0
6.0
-11.0
-8.0
25.0
-21.0
-45.0
1.0
-11.0
-17.0
26.0
-38.0
-30.0
-29.0
-29.0
-6.0
-35.0
-14.0
-44.0
-32.0
-26.0
-31.0
-26.0
12.0
25.0
21.0
29.0
29.0
54.0
41.0
56.0
22.0
-71.0
-48.0
-28.0
20.0
5.0
-1.0
-22.0
13.0
-12.0
-12.0
16.0
8.0
34.0
1.0
-8.0
24.0
14.0
-1.0
-6.0
5.0
4.0
18.0
-18.0
24.0
12.0
-33.0
13.0
-4.0
45.0
33.0
7.0
29.0
42.0
-1.0
19.0
9.0
-11.0
18.0
7.0
-5.0
-13.0
-25.0
-6.0
-42.0
-25.0
-38.0
-26.0
-20.0
-33.0
-2.0
-5.0
-36.0
-22.0
1.0
19.0
6.0
-26.0
-36.0
-7.0
-23.0
0.0
-8.0
-68.0
-36.0
-21.0
-31.0
-26.0
-14.0
1.0
-33.0
11.0
16.0
2.0
39.0
39.0
2.0
16.0
21.0
35.0
43.0
-20.0
5.0
15.0
4.0
49.0
43.0
42.0
26.0
35.0
18.0
17.0
11.0
16.0
35.0
24.0
-5.0
-14.0
29.0
72.0
51.0
21.0
90.0
54.0
90.0
71.0
75.0
80.0
77.0
91.0
64.0
93.0
81.0
120.0
137.0
130.0
95.0
33.0
46.0
66.0
56.0
49.0
59.0
82.0
29.0
49.0
77.0
45.0
35.0
83.0
99.0
88.0
70.0
70.0
79.0
55.0
51.0
72.0
68.0
95.0
69.0
111.0
86.0
100.0
115.0
90.0
104.0
124.0
106.0
102.0
69.0
29.0
11.0
17.0
34.0
28.0
27.0
61.0
39.0
52.0
46.0
60.0
51.0
66.0
52.0
68.0
45.0
23.0
44.0
34.0
15.0
54.0
-1.0
4.0
-6.0
-17.0
38.0
24.0
42.0
67.0
38.0
60.0
58.0
45.0
46.0
20.0
40.0
37.0
-14.0
20.0
-10.0
-32.0
21.0
-8.0
-5.0
-32.0
-18.0
2.0
-29.0
-3.0
-23.0
-74.0
-72.0
-86.0
-67.0
-12.0
4.0
4.0
-11.0
13.0
5.0
2.0
14.0
1.0
15.0
15.0
32.0
6.0
27.0
39.0
31.0
43.0
42.0
20.0
0.0
-1.0
-8.0
-15.0
-36.0
7.0
3.0
3.0
33.0
32.0
23.0
32.0
55.0
55.0
82.0
110.0
108.0
90.0
39.0
61.0
71.0
83.0
92.0
33.0
68.0
61.0
64.0
105.0
114.0
124.0
106.0
77.0
111.0
86.0
87.0
78.0
77.0
111.0
80.0
91.0
122.0
109.0
124.0
107.0
79.0
127.0
127.0
89.0
105.0
114.0
95.0
138.0
119.0
120.0
114.0
90.0
64.0
72.0
49.0
88.0
80.0
48.0
62.0
52.0
76.0
92.0
53.0
40.0
22.0
76.0
61.0
60.0
89.0
80.0
95.0
88.0
109.0
125.0
105.0
79.0
71.0
84.0
71.0
86.0
50.0
87.0
57.0
39.0
80.0
83.0
54.0
87.0
104.0
86.0
75.0
63.0
180.0
148.0
183.0
197.0
213.0
212.0
235.0
206.0
250.0
258.0
254.0
272.0
234.0
251.0
242.0
210.0
192.0
169.0
159.0
189.0
167.0
179.0
161.0
150.0
168.0
168.0
164.0
208.0
158.0
186.0
192.0
143.0
174.0
119.0
75.0
108.0
130.0
140.0
142.0
162.0
164.0
162.0
147.0
142.0
102.0
98.0
129.0
105.0
127.0
130.0
98.0
100.0
79.0
90.0
93.0
90.0
111.0
83.0
95.0
114.0
86.0
104.0
130.0
107.0
115.0
130.0
145.0
140.0
115.0
124.0
123.0
135.0
120.0
89.0
103.0
153.0
108.0
110.0
133.0
131.0
133.0
105.0
94.0
111.0
94.0
71.0
94.0
98.0
83.0
67.0
63.0
70.0
44.0
39.0
23.0
34.0
37.0
32.0
38.0
83.0
110.0
97.0
99.0
72.0
71.0
69.0
51.0
67.0
78.0
73.0
54.0
49.0
109.0
112.0
108.0
128.0
77.0
103.0
102.0
78.0
98.0
91.0
78.0
109.0
107.0
74.0
86.0
93.0
82.0
64.0
83.0
100.0
100.0
122.0
120.0
96.0
101.0
75.0
87.0
125.0
142.0
112.0
84.0
67.0
95.0
63.0
32.0
78.0
70.0
41.0
86.0
86.0
72.0
49.0
67.0
57.0
60.0
87.0
125.0
92.0
98.0
58.0
-15.0
0.0
-14.0
8.0
1.0
-43.0
-21.0
2.0
5.0
39.0
16.0
12.0
46.0
60.0
68.0
79.0
65.0
78.0
77.0
126.0
101.0
89.0
69.0
64.0
50.0
60.0
52.0
46.0
44.0
1.0
15.0
27.0
8.0
40.0
49.0
41.0
65.0
47.0
34.0
67.0
57.0
70.0
55.0
99.0
106.0
88.0
119.0
106.0
76.0
120.0
152.0
149.0
167.0
150.0
142.0
120.0
128.0
108.0
108.0
129.0
137.0
117.0
154.0
107.0
89.0
109.0
87.0
84.0
95.0
65.0
61.0
39.0
28.0
55.0
39.0
18.0
36.0
30.0
31.0
49.0
62.0
60.0
27.0
30.0
28.0
29.0
45.0
54.0
40.0
43.0
52.0
57.0
34.0
36.0
3.0
23.0
-29.0
5.0
-9.0
-11.0
11.0
1.0
3.0
-12.0
-21.0
-9.0
-9.0
-6.0
45.0
35.0
67.0
117.0
106.0
112.0
100.0
31.0
30.0
44.0
66.0
74.0
40.0
66.0
9.0
27.0
75.0
73.0
82.0
63.0
75.0
92.0
55.0
37.0
54.0
44.0
55.0
63.0
-5.0
43.0
18.0
10.0
26.0
45.0
67.0
56.0
79.0
65.0
81.0
77.0
109.0
73.0
106.0
121.0
103.0
107.0
103.0
56.0
71.0
69.0
102.0
93.0
97.0
100.0
69.0
38.0
61.0
49.0
32.0
20.0
27.0
39.0
41.0
63.0
68.0
81.0
101.0
97.0
92.0
56.0
41.0
15.0
48.0
20.0
41.0
35.0
33.0
24.0
15.0
-17.0
17.0
8.0
10.0
43.0
12.0
50.0
39.0
55.0
35.0
59.0
60.0
73.0
46.0
33.0
56.0
56.0
30.0
39.0
41.0
8.0
8.0
30.0
10.0
50.0
43.0
58.0
53.0
43.0
38.0
68.0
49.0
21.0
43.0
115.0
132.0
116.0
64.0
3.0
-3.0
-22.0
10.0
42.0
56.0
65.0
53.0
31.0
36.0
20.0
25.0
33.0
21.0
23.0
21.0
71.0
37.0
46.0
53.0
30.0
54.0
26.0
10.0
46.0
31.0
31.0
62.0
59.0
50.0
43.0
18.0
33.0
81.0
58.0
73.0
42.0
65.0
57.0
12.0
44.0
23.0
2.0
-7.0
2.0
-7.0
14.0
-7.0
1.0
-8.0
-46.0
-4.0
-23.0
-22.0
14.0
-5.0
26.0
8.0
15.0
16.0
11.0
22.0
21.0
7.0
8.0
-5.0
6.0
39.0
28.0
35.0
44.0
38.0
48.0
41.0
5.0
28.0
11.0
32.0
73.0
36.0
15.0
23.0
29.0
60.0
39.0
73.0
58.0
12.0
17.0
16.0
-13.0
-8.0
1.0
2.0
-6.0
-30.0
-2.0
5.0
45.0
17.0
22.0
55.0
62.0
67.0
89.0
77.0
13.0
-56.0
-71.0
-40.0
-26.0
-32.0
-10.0
-2.0
-67.0
-41.0
-65.0
-73.0
-34.0
-42.0
4.0
-13.0
-13.0
-3.0
-32.0
-39.0
-83.0
-55.0
-15.0
-12.0
-43.0
-44.0
-54.0
-34.0
-22.0
-23.0
-20.0
1.0
-14.0
33.0
-9.0
-25.0
37.0
29.0
16.0
2.0
3.0
13.0
-2.0
-30.0
-57.0
-56.0
-42.0
-38.0
-61.0
-48.0
-37.0
-38.0
-41.0
-80.0
-33.0
-48.0
-44.0
-34.0
-23.0
-11.0
-16.0
16.0
14.0
2.0
38.0
46.0
-29.0
-59.0
-10.0
-11.0
-8.0
36.0
41.0
41.0
15.0
27.0
36.0
11.0
-5.0
-21.0
-33.0
14.0
15.0
-10.0
-8.0
-24.0
-29.0
-45.0
-24.0
-28.0
-40.0
-15.0
13.0
12.0
-31.0
-33.0
-52.0
-14.0
-17.0
-3.0
-1.0
-5.0
8.0
-3.0
-29.0
-47.0
-53.0
-41.0
-9.0
-41.0
-43.0
-54.0
-28.0
5.0
-31.0
-17.0
-22.0
-22.0
5.0
30.0
9.0
15.0
-3.0
-22.0
-30.0
-72.0
-44.0
-15.0
-48.0
-31.0
-25.0
-37.0
-12.0
-13.0
13.0
5.0
-1.0
-15.0
-13.0
2.0
29.0
-13.0
-4.0
10.0
-32.0
-26.0
-7.0
-16.0
-8.0
-13.0
5.0
-11.0
-48.0
-47.0
-37.0
-50.0
-71.0
-79.0
-63.0
-55.0
-51.0
-40.0
-42.0
-29.0
-38.0
-57.0
-51.0
5.0
-8.0
14.0
-31.0
-6.0
-7.0
-42.0
32.0
21.0
5.0
-6.0
-26.0
-52.0
-34.0
-54.0
-62.0
-69.0
-70.0
-48.0
-24.0
-18.0
-19.0
16.0
-10.0
-39.0
-26.0
16.0
28.0
-16.0
36.0
-13.0
22.0
1.0
-3.0
15.0
-1.0
-18.0
-5.0
16.0
39.0
40.0
18.0
39.0
12.0
-63.0
-20.0
-22.0
-18.0
-23.0
-33.0
-35.0
-19.0
-28.0
-12.0
-22.0
-15.0
-8.0
6.0
-52.0
-53.0
-33.0
-25.0
-49.0
-30.0
-2.0
-50.0
-20.0
-22.0
4.0
1.0
16.0
32.0
48.0
73.0
89.0
106.0
147.0
189.0
211.0
257.0
298.0
296.0
366.0
369.0
371.0
389.0
397.0
445.0
426.0
422.0
432.0
438.0
451.0
436.0
404.0
410.0
411.0
362.0
383.0
352.0
353.0
366.0
310.0
331.0
277.0
246.0
233.0
193.0
168.0
205.0
184.0
188.0
152.0
176.0
122.0
129.0
147.0
159.0
140.0
163.0
162.0
173.0
176.0
172.0
170.0
204.0
210.0
221.0
218.0
232.0
256.0
203.0
220.0
244.0
214.0
215.0
244.0
209.0
235.0
229.0
236.0
253.0
240.0
243.0
264.0
308.0
326.0
307.0
275.0
202.0
197.0
213.0
215.0
204.0
219.0
211.0
242.0
218.0
216.0
228.0
232.0
251.0
251.0
244.0
238.0
227.0
232.0
265.0
248.0
235.0
263.0
248.0
267.0
256.0
218.0
220.0
251.0
248.0
267.0
268.0
248.0
240.0
200.0
217.0
215.0
199.0
202.0
184.0
169.0
199.0
192.0
231.0
281.0
274.0
294.0
307.0
271.0
266.0
265.0
274.0
301.0
293.0
260.0
252.0
239.0
266.0
253.0
240.0
253.0
227.0
243.0
241.0
242.0
262.0
220.0
257.0
253.0
256.0
263.0
276.0
252.0
242.0
243.0
246.0
252.0
242.0
235.0
216.0
235.0
240.0
220.0
231.0
240.0
216.0
226.0
223.0
210.0
214.0
190.0
177.0
205.0
199.0
205.0
201.0
200.0
209.0
202.0
204.0
220.0
213.0
272.0
286.0
239.0
191.0
190.0
205.0
203.0
180.0
203.0
197.0
204.0
175.0
156.0
158.0
168.0
171.0
185.0
162.0
158.0
162.0
136.0
152.0
133.0
116.0
143.0
116.0
127.0
124.0
120.0
133.0
162.0
146.0
158.0
176.0
126.0
143.0
146.0
161.0
175.0
173.0
187.0
163.0
175.0
154.0
119.0
139.0
116.0
120.0
118.0
52.0
41.0
31.0
31.0
9.0
49.0
-1.0
31.0
43.0
40.0
48.0
30.0
41.0
30.0
33.0
23.0
13.0
12.0
32.0
30.0
-13.0
-18.0
-11.0
14.0
47.0
7.0
-8.0
-60.0
-71.0
-78.0
-52.0
-67.0
-53.0
-61.0
-72.0
-54.0
-68.0
-40.0
-65.0
-44.0
-64.0
-50.0
-25.0
-27.0
-90.0
-95.0
-92.0
-84.0
-102.0
-113.0
-87.0
-105.0
-109.0
-96.0
-77.0
-65.0
-81.0
-79.0
-116.0
-175.0
-150.0
-127.0
-157.0
-138.0
-128.0
-124.0
-121.0
-146.0
-134.0
-124.0
-117.0
-91.0
-135.0
-155.0
-126.0
-181.0
-166.0
-156.0
-157.0
-152.0
-158.0
-184.0
-156.0
-211.0
-219.0
-210.0
-235.0
-201.0
-201.0
-202.0
-195.0
-203.0
-190.0
-192.0
-206.0
-203.0
-210.0
-222.0
-186.0
-228.0
-247.0
-262.0
-235.0
-219.0
-220.0
-246.0
-252.0
-256.0
-278.0
-266.0
-269.0
-284.0
-271.0
-287.0
-275.0
-284.0
-280.0
-280.0
-295.0
-299.0
-322.0
-286.0
-268.0
-272.0
-275.0
-289.0
-269.0
-275.0
-297.0
-322.0
-307.0
-301.0
-273.0
-279.0
-290.0
-289.0
-322.0
-276.0
-267.0
-246.0
-229.0
-260.0
-267.0
-283.0
-274.0
-286.0
-278.0
-271.0
-287.0
-289.0
-322.0
-322.0
-345.0
-339.0
-305.0
-308.0
-307.0
-293.0
-270.0
-256.0
-263.0
-307.0
-366.0
-356.0
-313.0
-321.0
-333.0
-289.0
-307.0
-334.0
-305.0
-310.0
-292.0
-277.0
-274.0
-238.0
-225.0
-276.0
-300.0
-294.0
-287.0
-296.0
-286.0
-257.0
-307.0
-282.0
-285.0
-318.0
-333.0
-296.0
-275.0
-240.0
-231.0
-221.0
-225.0
-275.0
-215.0
-205.0
-224.0
-233.0
-252.0
-277.0
-258.0
-224.0
-240.0
-251.0
-253.0
-230.0
-294.0
-257.0
-249.0
-231.0
-232.0
-234.0
-260.0
-231.0
-220.0
-222.0
-211.0
-218.0
-237.0
-280.0
-257.0
-250.0
-276.0
-261.0
-267.0
-230.0
-220.0
-214.0
-195.0
-156.0
-203.0
-189.0
-198.0
-181.0
-202.0
-188.0
-211.0
-214.0
-196.0
-191.0
-200.0
-175.0
-212.0
-191.0
-185.0
-199.0
-220.0
-252.0
-232.0
-237.0
-191.0
-237.0
-203.0
-177.0
-168.0
-219.0
-202.0
-184.0
-205.0
-201.0
-169.0
-129.0
-153.0
-194.0
-216.0
-257.0
-218.0
-213.0
-215.0
-220.0
-240.0
-290.0
-268.0
-266.0
-263.0
-231.0
-216.0
-255.0
-243.0
-248.0
-240.0
-260.0
-268.0
-284.0
-272.0
-225.0
-244.0
-257.0
-235.0
-256.0
-246.0
-229.0
-237.0
-250.0
-214.0
-230.0
-221.0
-220.0
-260.0
-223.0
-233.0
-248.0
-238.0
-233.0
-266.0
-205.0
-208.0
-228.0
-210.0
-205.0
-219.0
-216.0
-198.0
-179.0
-162.0
-144.0
-195.0
-196.0
-214.0
-205.0
-163.0
-169.0
-182.0
-186.0
-241.0
-251.0
-206.0
-214.0
-146.0
-154.0
-181.0
-141.0
-196.0
-188.0
-190.0
-199.0
-198.0
-192.0
-196.0
-165.0
-187.0
-179.0
-167.0
-182.0
-187.0
-204.0
-166.0
-150.0
-168.0
-220.0
-171.0
-210.0
-186.0
-166.0
-168.0
-170.0
-167.0
-161.0
-148.0
-156.0
-121.0
-150.0
-167.0
-170.0
-190.0
-156.0
-200.0
-200.0
-170.0
-142.0
-150.0
-157.0
-198.0
-234.0
-273.0
-273.0
-244.0
-227.0
-253.0
-262.0
-287.0
-269.0
-232.0
-278.0
-217.0
-223.0
-213.0
-232.0
-221.0
-215.0
-212.0
-240.0
-253.0
-274.0
-305.0
-316.0
-367.0
-346.0
-318.0
-312.0
-284.0
-233.0
-183.0
-162.0
-195.0
-176.0
-169.0
-155.0
-149.0
-152.0
-176.0
-198.0
-260.0
-275.0
-242.0
-284.0
-253.0
-206.0
-138.0
-65.0
-55.0
-114.0
-89.0
-136.0
-180.0
-193.0
-225.0
-250.0
-281.0
-337.0
-357.0
-371.0
-325.0
-257.0
-264.0
-202.0
-191.0
-142.0
-96.0
-118.0
-133.0
-143.0
-155.0
-171.0
-191.0
-202.0
-204.0
-219.0
-181.0
-178.0
-148.0
-83.0
-79.0
-64.0
-39.0
51.0
112.0
126.0
71.0
114.0
109.0
128.0
130.0
140.0
130.0
79.0
32.0
25.0
30.0
43.0
62.0
46.0
36.0
66.0
40.0
45.0
57.0
52.0
97.0
52.0
73.0
76.0
98.0
65.0
36.0
-43.0
-54.0
-46.0
-19.0
-29.0
-7.0
-18.0
-12.0
8.0
8.0
1.0
5.0
-12.0
-5.0
8.0
3.0
21.0
37.0
14.0
15.0
14.0
-8.0
-17.0
-31.0
-53.0
-26.0
-53.0
-22.0
-13.0
-26.0
-8.0
11.0
18.0
27.0
-16.0
53.0
37.0
31.0
32.0
10.0
32.0
60.0
68.0
81.0
95.0
80.0
88.0
56.0
69.0
74.0
26.0
62.0
72.0
53.0
71.0
42.0
67.0
98.0
58.0
43.0
25.0
59.0
59.0
45.0
59.0
69.0
60.0
86.0
69.0
52.0
76.0
80.0
74.0
76.0
70.0
96.0
77.0
53.0
58.0
64.0
39.0
27.0
-4.0
30.0
41.0
31.0
49.0
31.0
34.0
15.0
26.0
18.0
13.0
-15.0
14.0
35.0
20.0
-5.0
-1.0
13.0
16.0
18.0
52.0
34.0
42.0
80.0
83.0
70.0
18.0
9.0
25.0
-14.0
3.0
7.0
-5.0
2.0
24.0
25.0
23.0
4.0
27.0
49.0
20.0
47.0
49.0
40.0
59.0
78.0
63.0
36.0
39.0
35.0
39.0
40.0
81.0
81.0
52.0
53.0
56.0
93.0
104.0
84.0
106.0
88.0
88.0
70.0
70.0
103.0
86.0
62.0
73.0
72.0
76.0
82.0
94.0
121.0
71.0
46.0
51.0
74.0
71.0
62.0
50.0
87.0
116.0
53.0
49.0
73.0
77.0
100.0
91.0
82.0
90.0
58.0
55.0
56.0
64.0
91.0
112.0
86.0
93.0
67.0
74.0
49.0
68.0
84.0
60.0
21.0
42.0
50.0
41.0
36.0
50.0
25.0
13.0
31.0
6.0
-29.0
17.0
-29.0
-24.0
4.0
-23.0
-40.0
-21.0
-1.0
-16.0
7.0
22.0
74.0
26.0
23.0
-28.0
-48.0
-37.0
-52.0
-50.0
-34.0
-37.0
-40.0
-61.0
-67.0
-14.0
-17.0
-40.0
-39.0
-11.0
-18.0
31.0
-3.0
10.0
9.0
-3.0
5.0
3.0
17.0
24.0
18.0
2.0
-8.0
-7.0
5.0
5.0
10.0
12.0
-11.0
9.0
25.0
35.0
33.0
-7.0
2.0
-4.0
-26.0
-20.0
-21.0
-25.0
-22.0
-55.0
-18.0
-28.0
-13.0
-13.0
5.0
-8.0
13.0
3.0
18.0
26.0
17.0
29.0
39.0
41.0
84.0
50.0
58.0
68.0
26.0
33.0
-8.0
-13.0
37.0
-1.0
10.0
17.0
0.0
-2.0
-9.0
-17.0
20.0
27.0
32.0
34.0
-7.0
23.0
14.0
-6.0
25.0
46.0
73.0
58.0
33.0
10.0
16.0
41.0
21.0
2.0
24.0
17.0
0.0
27.0
71.0
88.0
87.0
30.0
-23.0
-22.0
-25.0
-1.0
-5.0
-29.0
18.0
-8.0
-27.0
-23.0
-46.0
7.0
-7.0
-30.0
-31.0
-33.0
4.0
17.0
-21.0
-62.0
-44.0
-65.0
-30.0
-59.0
-41.0
-23.0
-34.0
-24.0
-49.0
-10.0
35.0
7.0
18.0
62.0
47.0
53.0
30.0
19.0
50.0
33.0
3.0
-34.0
-42.0
-31.0
-34.0
9.0
5.0
-4.0
-15.0
-17.0
-57.0
-53.0
-34.0
-14.0
11.0
10.0
7.0
21.0
45.0
53.0
60.0
58.0
76.0
25.0
25.0
16.0
28.0
16.0
27.0
23.0
51.0
36.0
27.0
11.0
-6.0
27.0
31.0
26.0
15.0
15.0
13.0
46.0
44.0
77.0
89.0
78.0
72.0
67.0
72.0
72.0
52.0
72.0
73.0
46.0
64.0
50.0
65.0
61.0
44.0
74.0
79.0
124.0
122.0
87.0
20.0
-21.0
16.0
48.0
43.0
23.0
36.0
38.0
59.0
56.0
27.0
41.0
50.0
46.0
78.0
86.0
60.0
37.0
16.0
68.0
93.0
92.0
74.0
68.0
77.0
80.0
50.0
43.0
28.0
24.0
85.0
66.0
58.0
51.0
68.0
100.0
98.0
100.0
110.0
82.0
63.0
53.0
22.0
62.0
80.0
70.0
61.0
43.0
74.0
58.0
66.0
120.0
109.0
54.0
67.0
45.0
54.0
73.0
58.0
49.0
61.0
46.0
63.0
25.0
1.0
60.0
38.0
53.0
62.0
45.0
62.0
30.0
28.0
17.0
31.0
5.0
42.0
46.0
60.0
73.0
83.0
59.0
81.0
86.0
84.0
56.0
108.0
69.0
51.0
75.0
82.0
106.0
113.0
114.0
109.0
112.0
120.0
126.0
101.0
79.0
92.0
103.0
80.0
117.0
131.0
133.0
34.0
10.0
-2.0
2.0
13.0
24.0
23.0
40.0
19.0
48.0
54.0
56.0
65.0
50.0
38.0
41.0
49.0
78.0
58.0
76.0
66.0
44.0
74.0
83.0
56.0
43.0
37.0
31.0
25.0
34.0
35.0
56.0
35.0
42.0
59.0
37.0
76.0
107.0
81.0
68.0
61.0
87.0
87.0
37.0
54.0
56.0
33.0
51.0
43.0
53.0
45.0
67.0
72.0
76.0
50.0
107.0
95.0
128.0
101.0
65.0
100.0
87.0
76.0
114.0
100.0
106.0
70.0
85.0
77.0
51.0
46.0
80.0
82.0
99.0
111.0
102.0
102.0
81.0
82.0
69.0
36.0
72.0
64.0
45.0
48.0
63.0
67.0
56.0
81.0
63.0
89.0
87.0
131.0
80.0
66.0
56.0
40.0
49.0
54.0
46.0
54.0
70.0
89.0
123.0
92.0
55.0
31.0
42.0
55.0
32.0
15.0
33.0
14.0
40.0
58.0
56.0
103.0
164.0
140.0
212.0
259.0
279.0
277.0
259.0
260.0
248.0
231.0
296.0
344.0
372.0
343.0
356.0
354.0
304.0
242.0
265.0
243.0
253.0
244.0
211.0
202.0
173.0
182.0
149.0
162.0
138.0
127.0
126.0
106.0
73.0
51.0
70.0
52.0
53.0
39.0
43.0
58.0
22.0
35.0
6.0
15.0
13.0
40.0
27.0
53.0
42.0
65.0
69.0
22.0
66.0
30.0
10.0
48.0
30.0
26.0
35.0
1.0
33.0
40.0
3.0
7.0
22.0
7.0
23.0
-11.0
-5.0
-17.0
7.0
4.0
-24.0
-27.0
-1.0
-49.0
-49.0
-32.0
2.0
3.0
-3.0
-40.0
-12.0
-1.0
22.0
-14.0
-11.0
-48.0
-29.0
-52.0
-31.0
-18.0
-8.0
1.0
-61.0
-18.0
-27.0
-30.0
-22.0
-28.0
-6.0
-46.0
-35.0
-26.0
-24.0
12.0
-18.0
-16.0
-31.0
-30.0
5.0
12.0
13.0
37.0
58.0
19.0
58.0
68.0
16.0
15.0
8.0
-6.0
26.0
26.0
35.0
64.0
50.0
64.0
49.0
32.0
53.0
26.0
13.0
27.0
23.0
-9.0
-68.0
-49.0
-43.0
-69.0
-67.0
-25.0
-26.0
23.0
1.0
2.0
22.0
7.0
2.0
-12.0
-36.0
-48.0
8.0
-24.0
-17.0
27.0
2.0
-20.0
-14.0
2.0
-15.0
-34.0
-52.0
-47.0
-16.0
-35.0
-31.0
15.0
-18.0
-33.0
-19.0
-26.0
-16.0
-1.0
12.0
13.0
23.0
23.0
44.0
48.0
68.0
81.0
17.0
48.0
33.0
26.0
53.0
12.0
33.0
15.0
11.0
16.0
2.0
7.0
4.0
-34.0
-7.0
-7.0
-2.0
18.0
44.0
-26.0
-75.0
-71.0
-64.0
-76.0
-67.0
-27.0
-50.0
-34.0
-51.0
-24.0
12.0
34.0
32.0
-20.0
-7.0
0.0
10.0
-26.0
-44.0
-45.0
-51.0
-5.0
-14.0
-1.0
-29.0
-5.0
3.0
-17.0
-36.0
17.0
4.0
-5.0
-10.0
-54.0
-77.0
-62.0
-86.0
-53.0
-41.0
-42.0
-42.0
-55.0
-48.0
-55.0
-67.0
-48.0
-59.0
-68.0
-47.0
-46.0
-59.0
-34.0
-65.0
-41.0
-49.0
-77.0
-82.0
-64.0
-71.0
-73.0
-48.0
-21.0
-76.0
-59.0
-33.0
-33.0
-24.0
-6.0
6.0
-9.0
11.0
-13.0
18.0
-32.0
-27.0
-17.0
-22.0
-38.0
-54.0
-23.0
-28.0
-63.0
-18.0
-39.0
-37.0
13.0
10.0
-39.0
-24.0
-34.0
4.0
10.0
34.0
12.0
32.0
10.0
42.0
31.0
2.0
7.0
13.0
27.0
24.0
33.0
59.0
8.0
7.0
29.0
-10.0
28.0
41.0
-14.0
34.0
30.0
20.0
3.0
-37.0
-20.0
-9.0
-1.0
41.0
15.0
26.0
53.0
77.0
36.0
67.0
89.0
112.0
66.0
83.0
114.0
59.0
63.0
15.0
-29.0
3.0
5.0
-2.0
-25.0
-50.0
-53.0
-58.0
-32.0
1.0
25.0
5.0
-9.0
-14.0
-17.0
-6.0
-10.0
42.0
20.0
24.0
40.0
59.0
94.0
86.0
50.0
77.0
26.0
32.0
41.0
2.0
22.0
-2.0
9.0
1.0
53.0
50.0
25.0
50.0
81.0
76.0
74.0
51.0
51.0
55.0
54.0
8.0
-2.0
16.0
6.0
34.0
43.0
55.0
49.0
10.0
18.0
3.0
13.0
42.0
56.0
24.0
27.0
16.0
22.0
41.0
25.0
49.0
13.0
-28.0
-14.0
-7.0
12.0
-13.0
4.0
9.0
42.0
21.0
65.0
49.0
32.0
31.0
13.0
63.0
35.0
41.0
73.0
51.0
68.0
46.0
37.0
51.0
94.0
89.0
80.0
64.0
89.0
153.0
103.0
96.0
51.0
12.0
34.0
51.0
61.0
121.0
74.0
86.0
98.0
61.0
109.0
102.0
114.0
69.0
46.0
89.0
74.0
65.0
79.0
64.0
30.0
48.0
54.0
59.0
39.0
74.0
53.0
65.0
65.0
91.0
73.0
102.0
86.0
88.0
86.0
47.0
25.0
22.0
23.0
73.0
59.0
29.0
18.0
5.0
9.0
39.0
51.0
27.0
0.0
16.0
22.0
13.0
14.0
22.0
51.0
55.0
18.0
10.0
9.0
28.0
24.0
70.0
11.0
-16.0
34.0
42.0
20.0
21.0
23.0
17.0
37.0
59.0
26.0
61.0
79.0
40.0
21.0
18.0
44.0
33.0
36.0
33.0
16.0
-21.0
6.0
-22.0
-63.0
-7.0
-63.0
-65.0
-7.0
8.0
80.0
54.0
39.0
52.0
63.0
71.0
97.0
87.0
71.0
109.0
92.0
106.0
92.0
87.0
86.0
46.0
46.0
70.0
17.0
54.0
44.0
33.0
-7.0
-81.0
-129.0
-144.0
-161.0
-90.0
-36.0
-14.0
33.0
89.0
105.0
96.0
69.0
92.0
69.0
68.0
58.0
47.0
80.0
73.0
11.0
32.0
-15.0
-1.0
-25.0
-54.0
-47.0
-37.0
-45.0
0.0
4.0
10.0
18.0
18.0
8.0
1.0
-7.0
33.0
35.0
-5.0
-4.0
10.0
-5.0
-19.0
-17.0
-14.0
-35.0
-51.0
-24.0
-33.0
-52.0
-24.0
11.0
2.0
-5.0
-26.0
-11.0
-10.0
13.0
29.0
31.0
12.0
18.0
1.0
20.0
-4.0
1.0
23.0
20.0
40.0
45.0
29.0
20.0
6.0
13.0
40.0
20.0
35.0
54.0
37.0
23.0
-16.0
-7.0
24.0
-8.0
15.0
-7.0
-26.0
-12.0
-18.0
29.0
22.0
19.0
67.0
77.0
52.0
59.0
50.0
53.0
64.0
71.0
64.0
78.0
37.0
1.0
-29.0
-23.0
2.0
-29.0
26.0
55.0
61.0
57.0
11.0
20.0
-5.0
-12.0
1.0
13.0
22.0
65.0
76.0
69.0
42.0
3.0
4.0
-7.0
7.0
-15.0
-22.0
1.0
1.0
-22.0
1.0
4.0
-11.0
-12.0
21.0
42.0
39.0
8.0
33.0
29.0
2.0
27.0
44.0
44.0
80.0
49.0
63.0
71.0
76.0
90.0
73.0
86.0
66.0
39.0
26.0
44.0
-4.0
41.0
23.0
51.0
92.0
97.0
84.0
50.0
50.0
83.0
78.0
96.0
48.0
31.0
45.0
58.0
76.0
77.0
76.0
88.0
107.0
42.0
58.0
55.0
60.0
75.0
49.0
62.0
46.0
47.0
64.0
56.0
105.0
71.0
72.0
106.0
105.0
85.0
99.0
102.0
94.0
114.0
119.0
131.0
133.0
111.0
109.0
125.0
112.0
155.0
112.0
100.0
105.0
96.0
96.0
83.0
93.0
97.0
63.0
71.0
72.0
96.0
129.0
121.0
84.0
71.0
20.0
45.0
56.0
39.0
43.0
49.0
77.0
69.0
32.0
27.0
62.0
82.0
92.0
25.0
42.0
40.0
40.0
57.0
49.0
52.0
98.0
42.0
35.0
91.0
91.0
73.0
109.0
100.0
125.0
102.0
101.0
96.0
91.0
79.0
90.0
77.0
89.0
28.0
44.0
71.0
44.0
73.0
62.0
86.0
86.0
65.0
93.0
81.0
77.0
81.0
41.0
17.0
69.0
54.0
52.0
72.0
80.0
122.0
135.0
105.0
120.0
110.0
45.0
35.0
-1.0
3.0
32.0
29.0
16.0
27.0
14.0
49.0
20.0
42.0
51.0
17.0
-15.0
-34.0
-27.0
-3.0
-16.0
-35.0
22.0
25.0
54.0
26.0
39.0
54.0
43.0
10.0
12.0
-10.0
-6.0
-7.0
-12.0
13.0
2.0
52.0
29.0
-23.0
1.0
7.0
8.0
34.0
59.0
130.0
144.0
121.0
5.0
15.0
10.0
-3.0
8.0
20.0
29.0
5.0
11.0
18.0
27.0
33.0
9.0
-19.0
-10.0
-61.0
-91.0
-75.0
-63.0
-36.0
-50.0
-33.0
-50.0
-46.0
-56.0
-73.0
-61.0
-81.0
-103.0
-97.0
-115.0
-165.0
-145.0
-118.0
-78.0
-54.0
-38.0
-45.0
-17.0
-21.0
-34.0
-42.0
-14.0
-4.0
-1.0
-23.0
-8.0
5.0
-23.0
-30.0
-28.0
-35.0
-35.0
-21.0
2.0
-14.0
-54.0
0.0
-13.0
3.0
-13.0
-21.0
-21.0
-21.0
-18.0
-14.0
2.0
4.0
3.0
-26.0
30.0
5.0
14.0
24.0
29.0
34.0
-17.0
13.0
45.0
28.0
37.0
28.0
27.0
21.0
3.0
17.0
29.0
11.0
23.0
39.0
30.0
5.0
43.0
51.0
46.0
17.0
15.0
-4.0
-14.0
36.0
36.0
4.0
-2.0
-3.0
52.0
67.0
44.0
91.0
91.0
31.0
-23.0
-40.0
-33.0
-37.0
-52.0
-36.0
-54.0
-45.0
-8.0
-26.0
-36.0
-31.0
-34.0
-12.0
-34.0
-46.0
-48.0
-51.0
-26.0
-1.0
16.0
23.0
7.0
-35.0
-45.0
-72.0
-67.0
-33.0
-65.0
-31.0
-37.0
-33.0
-15.0
-34.0
-28.0
-1.0
-20.0
-1.0
-5.0
-55.0
-29.0
-20.0
-41.0
-31.0
-46.0
-46.0
-43.0
-43.0
-22.0
-13.0
-41.0
-43.0
-52.0
-44.0
-37.0
-25.0
-5.0
-3.0
-20.0
-35.0
-58.0
-27.0
-6.0
-27.0
-17.0
-63.0
-63.0
-52.0
-63.0
-34.0
-39.0
10.0
32.0
9.0
-17.0
-32.0
-54.0
-66.0
-59.0
-35.0
8.0
-49.0
-45.0
-70.0
-103.0
-60.0
-48.0
-74.0
-28.0
-60.0
-55.0
-50.0
-33.0
-72.0
-74.0
-79.0
-80.0
-80.0
-95.0
-61.0
-48.0
-22.0
3.0
-32.0
-76.0
-104.0
-99.0
-89.0
-97.0
-72.0
-83.0
-89.0
-65.0
-84.0
-101.0
-88.0
-107.0
-112.0
-91.0
-79.0
-77.0
-73.0
-84.0
-135.0
-148.0
-133.0
-133.0
-121.0
-120.0
-151.0
-163.0
-169.0
-137.0
-126.0
-118.0
-67.0
-61.0
-76.0
-48.0
-60.0
-65.0
-34.0
-38.0
-26.0
-30.0
-37.0
-54.0
-50.0
-69.0
-70.0
-76.0
-74.0
-107.0
-95.0
-111.0
-127.0
-96.0
-102.0
-86.0
-99.0
-70.0
-97.0
-122.0
-124.0
-91.0
-47.0
-76.0
-90.0
-53.0
-60.0
-43.0
-40.0
-34.0
-5.0
-34.0
-65.0
-44.0
-54.0
-23.0
-34.0
-49.0
-37.0
-20.0
-37.0
-67.0
-63.0
-68.0
-49.0
-33.0
-21.0
-51.0
-26.0
-74.0
-65.0
-62.0
-39.0
-49.0
-22.0
-17.0
11.0
35.0
36.0
-7.0
-6.0
2.0
10.0
70.0
56.0
96.0
71.0
6.0
-3.0
-34.0
-7.0
14.0
-3.0
17.0
4.0
-10.0
-5.0
-18.0
13.0
58.0
17.0
37.0
46.0
30.0
24.0
-16.0
37.0
30.0
20.0
-4.0
-16.0
-41.0
-22.0
-42.0
-3.0
-30.0
-45.0
-3.0
18.0
12.0
-22.0
-13.0
5.0
-17.0
-25.0
-5.0
-25.0
-29.0
-23.0
-39.0
-17.0
-9.0
-24.0
16.0
-11.0
6.0
-20.0
-5.0
-2.0
-35.0
-63.0
-62.0
-51.0
-58.0
-44.0
-50.0
-35.0
-20.0
-15.0
6.0
-13.0
-33.0
-15.0
-7.0
-4.0
-20.0
-44.0
-19.0
-39.0
-33.0
-6.0
-25.0
2.0
-42.0
-34.0
-54.0
-89.0
-67.0
-12.0
-39.0
-27.0
-2.0
-31.0
-10.0
-46.0
-69.0
-48.0
-2.0
19.0
25.0
43.0
62.0
47.0
102.0
106.0
72.0
90.0
133.0
117.0
145.0
188.0
157.0
136.0
116.0
139.0
112.0
153.0
140.0
105.0
115.0
89.0
83.0
103.0
111.0
73.0
106.0
109.0
110.0
92.0
82.0
66.0
67.0
87.0
88.0
67.0
65.0
80.0
41.0
42.0
14.0
14.0
36.0
22.0
41.0
30.0
48.0
-6.0
13.0
-3.0
-4.0
3.0
33.0
26.0
22.0
-2.0
-38.0
-4.0
-20.0
-20.0
-34.0
-19.0
-26.0
10.0
4.0
2.0
6.0
11.0
4.0
40.0
-2.0
18.0
8.0
-14.0
-37.0
-37.0
-34.0
-56.0
-79.0
-52.0
-33.0
-73.0
-49.0
-34.0
-63.0
-68.0
-80.0
-42.0
-73.0
-116.0
-76.0
-74.0
-60.0
-40.0
-52.0
-44.0
-53.0
-39.0
-37.0
-86.0
-49.0
-59.0
-41.0
6.0
3.0
4.0
6.0
7.0
-15.0
-17.0
-45.0
-25.0
-37.0
-17.0
36.0
91.0
58.0
100.0
14.0
-71.0
-51.0
-52.0
-1.0
-18.0
-8.0
33.0
37.0
34.0
64.0
30.0
46.0
27.0
-20.0
5.0
-19.0
-40.0
-40.0
-22.0
9.0
-9.0
7.0
-20.0
-75.0
-26.0
-33.0
-13.0
18.0
-7.0
-44.0
-1.0
46.0
44.0
50.0
26.0
12.0
25.0
18.0
24.0
15.0
7.0
1.0
-15.0
-29.0
-14.0
-25.0
-45.0
-12.0
16.0
45.0
35.0
-2.0
2.0
-10.0
2.0
-27.0
7.0
-10.0
-9.0
8.0
20.0
-6.0
-7.0
-6.0
5.0
15.0
-8.0
-8.0
-14.0
19.0
23.0
18.0
-8.0
5.0
-11.0
-13.0
-16.0
-6.0
10.0
40.0
50.0
8.0
11.0
10.0
11.0
-25.0
-12.0
-42.0
-33.0
-56.0
-61.0
-37.0
-46.0
-43.0
-23.0
-34.0
-42.0
-38.0
-30.0
-20.0
-29.0
-23.0
7.0
-5.0
-76.0
-30.0
-38.0
-37.0
-6.0
-34.0
-11.0
14.0
-48.0
-41.0
-16.0
-3.0
-40.0
-15.0
9.0
-31.0
-76.0
-11.0
-36.0
-13.0
-31.0
-54.0
-19.0
-56.0
-58.0
2.0
14.0
35.0
10.0
7.0
20.0
29.0
52.0
37.0
-21.0
-29.0
-33.0
-40.0
4.0
-41.0
-25.0
-10.0
-26.0
-29.0
-68.0
-56.0
-27.0
-52.0
-18.0
-26.0
-67.0
-68.0
-77.0
-57.0
-42.0
-21.0
-2.0
-18.0
-46.0
1.0
0.0
-20.0
-3.0
-11.0
7.0
13.0
-18.0
26.0
14.0
1.0
44.0
36.0
42.0
51.0
35.0
24.0
31.0
10.0
22.0
-5.0
23.0
55.0
31.0
32.0
25.0
58.0
74.0
47.0
96.0
121.0
166.0
181.0
172.0
148.0
191.0
195.0
205.0
230.0
255.0
293.0
308.0
332.0
285.0
298.0
305.0
319.0
279.0
304.0
252.0
240.0
267.0
275.0
255.0
265.0
254.0
229.0
169.0
166.0
208.0
181.0
143.0
165.0
127.0
115.0
59.0
21.0
28.0
11.0
7.0
37.0
36.0
67.0
48.0
5.0
50.0
21.0
31.0
-1.0
-25.0
-35.0
-62.0
-99.0
-134.0
-138.0
-142.0
-67.0
-29.0
13.0
16.0
15.0
-9.0
-29.0
-34.0
-75.0
-149.0
-158.0
-163.0
-233.0
-188.0
-184.0
-171.0
-152.0
-126.0
-77.0
-55.0
-56.0
-36.0
-60.0
-106.0
-147.0
-203.0
-208.0
-281.0
-316.0
-293.0
-288.0
-266.0
-227.0
-169.0
-95.0
-71.0
-90.0
-60.0
-58.0
-79.0
-52.0
-95.0
-66.0
-79.0
-89.0
-99.0
-99.0
-67.0
-102.0
-126.0
-88.0
-46.0
-15.0
-29.0
-29.0
-4.0
14.0
23.0
30.0
48.0
-24.0
-19.0
-32.0
-32.0
8.0
-6.0
46.0
72.0
78.0
78.0
40.0
3.0
-18.0
-72.0
-3.0
-60.0
-59.0
-37.0
-36.0
-29.0
0.0
27.0
20.0
48.0
80.0
102.0
60.0
40.0
34.0
14.0
69.0
74.0
7.0
41.0
32.0
24.0
39.0
15.0
11.0
-11.0
-30.0
-17.0
-17.0
-40.0
-33.0
-57.0
-59.0
-22.0
-22.0
-49.0
-19.0
-1.0
-3.0
-62.0
-24.0
-27.0
-4.0
41.0
18.0
-2.0
12.0
1.0
11.0
-24.0
13.0
-15.0
6.0
4.0
49.0
22.0
20.0
12.0
42.0
26.0
23.0
43.0
31.0
11.0
36.0
15.0
28.0
54.0
80.0
61.0
58.0
-17.0
6.0
20.0
-9.0
44.0
14.0
15.0
24.0
9.0
7.0
0.0
-2.0
7.0
24.0
29.0
10.0
22.0
18.0
42.0
-8.0
-47.0
-43.0
-22.0
-12.0
-22.0
-21.0
-67.0
-77.0
-62.0
-95.0
-59.0
-22.0
7.0
42.0
50.0
30.0
49.0
50.0
78.0
101.0
74.0
103.0
69.0
77.0
50.0
69.0
52.0
86.0
109.0
135.0
141.0
126.0
138.0
102.0
89.0
119.0
99.0
101.0
90.0
63.0
63.0
29.0
25.0
61.0
83.0
86.0
84.0
53.0
39.0
53.0
72.0
54.0
79.0
79.0
54.0
24.0
57.0
57.0
50.0
52.0
68.0
36.0
14.0
45.0
32.0
1.0
10.0
13.0
-3.0
1.0
2.0
38.0
47.0
31.0
12.0
-2.0
-24.0
8.0
8.0
18.0
-13.0
-14.0
-15.0
13.0
28.0
20.0
20.0
8.0
30.0
23.0
33.0
64.0
67.0
63.0
78.0
63.0
59.0
61.0
69.0
79.0
59.0
67.0
37.0
25.0
53.0
23.0
51.0
68.0
81.0
137.0
131.0
2.0
-13.0
21.0
-36.0
33.0
8.0
4.0
25.0
8.0
-2.0
-12.0
16.0
48.0
46.0
20.0
23.0
13.0
15.0
-3.0
41.0
22.0
16.0
33.0
10.0
30.0
47.0
18.0
23.0
43.0
29.0
-8.0
41.0
36.0
65.0
34.0
50.0
87.0
43.0
53.0
83.0
51.0
65.0
59.0
29.0
37.0
13.0
43.0
49.0
32.0
32.0
56.0
54.0
61.0
11.0
22.0
42.0
32.0
44.0
62.0
36.0
70.0
79.0
78.0
58.0
26.0
34.0
44.0
26.0
28.0
41.0
36.0
49.0
46.0
86.0
66.0
53.0
46.0
50.0
16.0
1.0
-12.0
6.0
12.0
45.0
27.0
-11.0
41.0
29.0
29.0
44.0
51.0
37.0
40.0
20.0
-10.0
5.0
41.0
60.0
24.0
10.0
39.0
7.0
25.0
48.0
92.0
80.0
57.0
13.0
-18.0
3.0
13.0
14.0
-18.0
-7.0
29.0
33.0
25.0
29.0
34.0
31.0
42.0
61.0
29.0
-3.0
6.0
-7.0
-10.0
5.0
-32.0
-1.0
4.0
18.0
-19.0
-16.0
-21.0
-1.0
-11.0
24.0
-18.0
13.0
61.0
62.0
53.0
56.0
46.0
71.0
74.0
57.0
59.0
63.0
33.0
-7.0
-38.0
-9.0
-21.0
-29.0
-22.0
-14.0
-13.0
-23.0
13.0
40.0
5.0
12.0
12.0
-20.0
-9.0
14.0
-6.0
7.0
-3.0
0.0
14.0
15.0
-4.0
9.0
-10.0
31.0
-1.0
-18.0
-22.0
-49.0
-49.0
-70.0
-30.0
26.0
13.0
26.0
26.0
17.0
19.0
40.0
-4.0
-11.0
13.0
55.0
48.0
32.0
21.0
14.0
-35.0
-9.0
-12.0
-18.0
2.0
11.0
26.0
68.0
33.0
19.0
-4.0
-18.0
7.0
13.0
22.0
40.0
31.0
15.0
-8.0
-10.0
-14.0
-27.0
-24.0
-14.0
-69.0
-71.0
-72.0
-78.0
-45.0
-30.0
-43.0
-62.0
-37.0
-35.0
-43.0
-58.0
-49.0
-59.0
-42.0
-51.0
-28.0
-21.0
8.0
-14.0
1.0
0.0
-21.0
-17.0
-5.0
24.0
-4.0
-13.0
12.0
-30.0
-7.0
-19.0
-23.0
10.0
-12.0
-14.0
-3.0
-27.0
-34.0
-15.0
-18.0
-20.0
-29.0
-43.0
-8.0
-27.0
-20.0
-14.0
-7.0
1.0
6.0
-31.0
-22.0
-12.0
-8.0
-35.0
-48.0
-18.0
-19.0
-27.0
-4.0
-56.0
-55.0
-46.0
-69.0
-29.0
-14.0
-17.0
2.0
-33.0
-53.0
-31.0
-24.0
-33.0
-10.0
-37.0
12.0
3.0
1.0
-5.0
-38.0
8.0
3.0
30.0
77.0
38.0
-6.0
-48.0
-45.0
-21.0
-52.0
-81.0
-42.0
-12.0
-16.0
-29.0
-30.0
-20.0
-15.0
-7.0
5.0
-7.0
-40.0
-53.0
-63.0
-27.0
-34.0
-41.0
-12.0
-8.0
-17.0
-29.0
6.0
18.0
36.0
-4.0
22.0
25.0
11.0
10.0
-17.0
-19.0
-32.0
-39.0
12.0
35.0
48.0
82.0
82.0
84.0
32.0
18.0
15.0
11.0
-12.0
-48.0
-63.0
-32.0
-49.0
-45.0
-58.0
-77.0
-29.0
25.0
59.0
95.0
114.0
100.0
62.0
45.0
-5.0
16.0
-11.0
6.0
20.0
4.0
-9.0
-11.0
-32.0
-3.0
12.0
-7.0
-27.0
-39.0
-16.0
-55.0
-25.0
-21.0
-20.0
-37.0
-9.0
-4.0
12.0
-17.0
-8.0
6.0
-6.0
-26.0
-18.0
14.0
39.0
-5.0
-1.0
21.0
34.0
55.0
55.0
43.0
16.0
-6.0
20.0
25.0
16.0
25.0
20.0
-16.0
-3.0
-2.0
-33.0
-34.0
-70.0
-35.0
-13.0
-41.0
12.0
10.0
31.0
84.0
73.0
92.0
78.0
87.0
104.0
43.0
65.0
69.0
64.0
51.0
39.0
85.0
103.0
98.0
92.0
28.0
29.0
52.0
35.0
73.0
88.0
89.0
56.0
83.0
99.0
43.0
63.0
106.0
94.0
45.0
36.0
44.0
13.0
44.0
38.0
45.0
36.0
25.0
24.0
54.0
37.0
69.0
67.0
21.0
64.0
33.0
32.0
37.0
49.0
79.0
64.0
61.0
36.0
25.0
65.0
52.0
60.0
50.0
99.0
90.0
58.0
36.0
42.0
73.0
74.0
53.0
41.0
51.0
57.0
68.0
58.0
100.0
80.0
44.0
46.0
115.0
148.0
171.0
161.0
113.0
115.0
137.0
152.0
124.0
150.0
134.0
147.0
179.0
171.0
176.0
163.0
141.0
167.0
155.0
151.0
182.0
158.0
169.0
162.0
157.0
181.0
146.0
112.0
152.0
162.0
173.0
215.0
250.0
240.0
217.0
195.0
227.0
192.0
196.0
167.0
178.0
203.0
213.0
216.0
228.0
234.0
232.0
229.0
212.0
233.0
220.0
216.0
256.0
248.0
229.0
239.0
231.0
247.0
245.0
257.0
270.0
269.0
261.0
255.0
237.0
268.0
241.0
238.0
263.0
265.0
272.0
301.0
294.0
296.0
301.0
316.0
340.0
327.0
310.0
306.0
318.0
321.0
281.0
271.0
304.0
292.0
277.0
261.0
255.0
242.0
249.0
258.0
273.0
251.0
252.0
248.0
228.0
262.0
234.0
244.0
271.0
322.0
329.0
319.0
228.0
228.0
234.0
230.0
242.0
244.0
278.0
282.0
290.0
327.0
353.0
344.0
371.0
395.0
421.0
423.0
442.0
468.0
470.0
451.0
432.0
449.0
409.0
402.0
421.0
441.0
360.0
373.0
355.0
364.0
367.0
374.0
338.0
348.0
353.0
298.0
262.0
297.0
275.0
260.0
231.0
185.0
165.0
84.0
105.0
51.0
59.0
16.0
-1.0
-37.0
-50.0
-43.0
-44.0
-59.0
-69.0
-70.0
-74.0
-57.0
-69.0
-65.0
-86.0
-101.0
-97.0
-68.0
-79.0
-87.0
-101.0
-133.0
-115.0
-137.0
-116.0
-127.0
-134.0
-152.0
-152.0
-115.0
-136.0
-125.0
-152.0
-148.0
-156.0
-155.0
-171.0
-142.0
-148.0
-176.0
-177.0
-195.0
-183.0
-150.0
-187.0
-191.0
-185.0
-159.0
-197.0
-164.0
-163.0
-170.0
-167.0
-236.0
-258.0
-264.0
-223.0
-199.0
-196.0
-223.0
-231.0
-223.0
-201.0
-222.0
-204.0
-252.0
-245.0
-252.0
-238.0
-209.0
-155.0
-175.0
-164.0
-181.0
-163.0
-181.0
-168.0
-166.0
-151.0
-188.0
-203.0
-192.0
-183.0
-172.0
-140.0
-175.0
-203.0
-188.0
-195.0
-194.0
-198.0
-210.0
-204.0
-199.0
-196.0
-186.0
-194.0
-199.0
-186.0
-188.0
-222.0
-214.0
-168.0
-182.0
-181.0
-213.0
-251.0
-242.0
-237.0
-232.0
-195.0
-211.0
-233.0
-239.0
-250.0
-270.0
-239.0
-232.0
-204.0
-204.0
-228.0
-217.0
-265.0
-227.0
-235.0
-227.0
-225.0
-260.0
-240.0
-220.0
-240.0
-255.0
-245.0
-211.0
-194.0
-244.0
-257.0
-227.0
-282.0
-264.0
-251.0
-271.0
-257.0
-277.0
-297.0
-253.0
-242.0
-271.0
-220.0
-187.0
-173.0
-225.0
-288.0
-237.0
-261.0
-253.0
-249.0
-258.0
-251.0
-280.0
-245.0
-213.0
-240.0
-239.0
-258.0
-257.0
-253.0
-223.0
-211.0
-206.0
-239.0
-238.0
-224.0
-219.0
-251.0
-262.0
-228.0
-248.0
-264.0
-265.0
-246.0
-258.0
-224.0
-232.0
-212.0
-220.0
-216.0
-232.0
-257.0
-305.0
-267.0
-241.0
-251.0
-254.0
-250.0
-276.0
-275.0
-314.0
-287.0
-280.0
-248.0
-244.0
-262.0
-213.0
-211.0
-203.0
-174.0
-234.0
-241.0
-229.0
-250.0
-240.0
-230.0
-252.0
-234.0
-219.0
-223.0
-193.0
-221.0
-232.0
-244.0
-215.0
-229.0
-240.0
-273.0
-271.0
-287.0
-251.0
-237.0
-235.0
-245.0
-210.0
-205.0
-210.0
-199.0
-216.0
-240.0
-257.0
-262.0
-272.0
-231.0
-215.0
-257.0
-278.0
-260.0
-248.0
-227.0
-210.0
-193.0
-210.0
-295.0
-276.0
-266.0
-299.0
-260.0
-239.0
-241.0
-266.0
-289.0
-266.0
-276.0
-322.0
-284.0
-270.0
-252.0
-257.0
-242.0
-247.0
-276.0
-296.0
-277.0
-267.0
-267.0
-232.0
-262.0
-277.0
-248.0
-257.0
-271.0
-244.0
-219.0
-212.0
-209.0
-187.0
-150.0
-171.0
-191.0
-230.0
-217.0
-217.0
-246.0
-221.0
-200.0
-197.0
-194.0
-200.0
-173.0
-160.0
-168.0
-135.0
-155.0
-157.0
-183.0
-208.0
-192.0
-169.0
-178.0
-180.0
-136.0
-121.0
-139.0
-151.0
-116.0
-92.0
-93.0
-136.0
-131.0
-112.0
-116.0
-135.0
-144.0
-174.0
-174.0
-151.0
-176.0
-191.0
-155.0
-132.0
-139.0
-126.0
-111.0
-134.0
-119.0
-112.0
-114.0
-157.0
-140.0
-142.0
-138.0
-154.0
-132.0
-150.0
-120.0
-100.0
-106.0
-67.0
-27.0
-3.0
-27.0
-114.0
-128.0
-137.0
-165.0
-125.0
-119.0
-153.0
-180.0
-181.0
-124.0
-131.0
-136.0
-114.0
-113.0
-113.0
-116.0
-148.0
-129.0
-139.0
-149.0
-146.0
-163.0
-164.0
-164.0
-136.0
-120.0
-137.0
-112.0
-109.0
-107.0
-147.0
-159.0
-153.0
-139.0
-142.0
-180.0
-136.0
-166.0
-154.0
-197.0
-196.0
-174.0
-171.0
-181.0
-154.0
-184.0
-176.0
-184.0
-190.0
-176.0
-181.0
-175.0
-162.0
-152.0
-152.0
-142.0
-137.0
-121.0
-153.0
-143.0
-129.0
-120.0
-118.0
-119.0
-106.0
-120.0
-90.0
-112.0
-81.0
-118.0
-122.0
-105.0
-131.0
-102.0
-133.0
-152.0
-125.0
-112.0
-88.0
-106.0
-128.0
-117.0
-117.0
-128.0
-135.0
-117.0
-105.0
-96.0
-80.0
-106.0
-97.0
-91.0
-97.0
-71.0
-67.0
-14.0
-39.0
2.0
50.0
73.0
205.0
260.0
299.0
295.0
308.0
373.0
440.0
448.0
486.0
458.0
455.0
430.0
394.0
407.0
384.0
395.0
400.0
378.0
313.0
284.0
237.0
231.0
194.0
199.0
195.0
126.0
122.0
101.0
71.0
19.0
-15.0
-36.0
-25.0
-53.0
-39.0
-48.0
-69.0
-51.0
-74.0
-76.0
-89.0
-122.0
-116.0
-86.0
-96.0
-118.0
-114.0
-136.0
-108.0
-129.0
-124.0
-138.0
-133.0
-109.0
-156.0
-164.0
-160.0
-148.0
-153.0
-152.0
-146.0
-111.0
-163.0
-215.0
-195.0
-208.0
-195.0
-165.0
-164.0
-183.0
-196.0
-231.0
-235.0
-235.0
-223.0
-227.0
-235.0
-225.0
-188.0
-194.0
-158.0
-170.0
-162.0
-157.0
-167.0
-171.0
-149.0
-154.0
-124.0
-161.0
-171.0
-156.0
-173.0
-142.0
-141.0
-153.0
-141.0
-156.0
-159.0
-167.0
-184.0
-171.0
-179.0
-192.0
-183.0
-122.0
-107.0
-140.0
-220.0
-230.0
-221.0
-185.0
-156.0
-143.0
-157.0
-110.0
-102.0
-121.0
-112.0
-133.0
-147.0
-152.0
-162.0
-126.0
-132.0
-122.0
-114.0
-106.0
-80.0
-117.0
-144.0
-142.0
-143.0
-141.0
-111.0
-115.0
-121.0
-154.0
-102.0
-79.0
-84.0
-83.0
-71.0
-76.0
-91.0
-99.0
-110.0
-88.0
-92.0
-112.0
-126.0
-133.0
-119.0
-145.0
-143.0
-115.0
-126.0
-132.0
-142.0
-140.0
-153.0
-146.0
-169.0
-160.0
-168.0
-168.0
-162.0
-147.0
-155.0
-130.0
-149.0
-122.0
-134.0
-117.0
-120.0
-163.0
-155.0
-177.0
-158.0
-157.0
-177.0
-170.0
-157.0
-165.0
-152.0
-163.0
-155.0
-148.0
-142.0
-137.0
-135.0
-136.0
-125.0
-145.0
-150.0
-129.0
-119.0
-87.0
-116.0
-136.0
-133.0
-162.0
-173.0
-135.0
-129.0
-80.0
-81.0
-57.0
-57.0
-102.0
-162.0
-153.0
-145.0
-134.0
-137.0
-128.0
-100.0
-125.0
-112.0
-82.0
-74.0
-55.0
-55.0
-67.0
-81.0
-98.0
-83.0
-67.0
-87.0
-79.0
-70.0
-96.0
-78.0
-86.0
-86.0
-91.0
-93.0
-55.0
-78.0
-96.0
-108.0
-74.0
-56.0
-31.0
-24.0
-3.0
12.0
-12.0
-21.0
-19.0
-30.0
-39.0
-58.0
-52.0
-51.0
-62.0
-50.0
-54.0
-30.0
-36.0
-5.0
39.0
7.0
-19.0
16.0
-7.0
-12.0
-41.0
-62.0
-33.0
-32.0
-27.0
4.0
-37.0
-44.0
10.0
20.0
2.0
1.0
-28.0
-11.0
-44.0
-45.0
-42.0
-59.0
-46.0
-39.0
-31.0
14.0
-5.0
14.0
34.0
-16.0
-11.0
-33.0
-62.0
-50.0
-82.0
-66.0
-70.0
-45.0
-26.0
-22.0
-10.0
-21.0
-43.0
-35.0
-33.0
12.0
1.0
-4.0
-52.0
-45.0
-60.0
-29.0
-39.0
-55.0
-58.0
-57.0
-62.0
-49.0
-72.0
-53.0
-71.0
-62.0
-38.0
-21.0
-45.0
-25.0
-40.0
-59.0
-54.0
-35.0
-37.0
-39.0
-88.0
-80.0
-82.0
-54.0
-29.0
-73.0
-53.0
-10.0
-45.0
-45.0
-10.0
28.0
30.0
4.0
10.0
25.0
-2.0
43.0
31.0
5.0
12.0
2.0
8.0
-16.0
-25.0
-29.0
-27.0
-83.0
-62.0
-48.0
-44.0
-10.0
-54.0
-14.0
-16.0
-28.0
1.0
10.0
14.0
6.0
6.0
0.0
-21.0
29.0
47.0
36.0
47.0
42.0
45.0
39.0
27.0
51.0
36.0
12.0
32.0
42.0
31.0
-8.0
1.0
12.0
-11.0
12.0
24.0
54.0
58.0
71.0
41.0
32.0
61.0
46.0
25.0
36.0
44.0
80.0
85.0
72.0
60.0
-1.0
-14.0
18.0
1.0
24.0
-10.0
5.0
30.0
33.0
0.0
-27.0
-25.0
-24.0
11.0
-31.0
-35.0
-14.0
-4.0
-30.0
-44.0
-55.0
-48.0
-49.0
-65.0
-76.0
-80.0
-106.0
-120.0
-98.0
-103.0
-81.0
-100.0
-72.0
-54.0
-60.0
-47.0
-32.0
-70.0
-76.0
-81.0
-70.0
-60.0
-44.0
-45.0
-48.0
-23.0
-20.0
-30.0
-50.0
-41.0
-3.0
-36.0
-13.0
3.0
2.0
-14.0
11.0
21.0
10.0
4.0
-2.0
-42.0
-39.0
-20.0
-22.0
-6.0
-9.0
-10.0
3.0
-44.0
-55.0
33.0
13.0
-16.0
4.0
-13.0
-9.0
-1.0
2.0
21.0
-10.0
-25.0
-29.0
-22.0
23.0
30.0
53.0
15.0
43.0
42.0
7.0
-6.0
-3.0
-15.0
-64.0
-23.0
-17.0
13.0
24.0
-11.0
-48.0
-73.0
-88.0
-47.0
-56.0
-29.0
-24.0
-10.0
-13.0
-8.0
-21.0
24.0
25.0
63.0
45.0
46.0
36.0
20.0
7.0
61.0
52.0
35.0
33.0
24.0
34.0
41.0
39.0
60.0
70.0
72.0
47.0
6.0
53.0
50.0
11.0
50.0
-12.0
5.0
-25.0
-19.0
-1.0
31.0
-4.0
14.0
-6.0
-11.0
-32.0
-49.0
-55.0
-53.0
-71.0
-65.0
-79.0
-51.0
-13.0
-27.0
-14.0
-25.0
-54.0
-17.0
-31.0
-49.0
-60.0
-56.0
-49.0
-81.0
-98.0
-92.0
-75.0
-87.0
-67.0
-76.0
-82.0
-82.0
-55.0
-44.0
-36.0
-32.0
-27.0
10.0
-23.0
-25.0
-43.0
-21.0
-12.0
-23.0
-32.0
-44.0
-58.0
-56.0
-67.0
-40.0
-26.0
-34.0
-15.0
-41.0
-35.0
-72.0
-114.0
-137.0
-128.0
-90.0
-86.0
-40.0
-38.0
-46.0
-49.0
27.0
19.0
16.0
-9.0
-11.0
-64.0
-75.0
-73.0
-63.0
-81.0
-94.0
-66.0
-72.0
-96.0
-88.0
-122.0
-103.0
-114.0
-122.0
-116.0
-106.0
-105.0
-112.0
-97.0
-46.0
-27.0
-35.0
5.0
2.0
-23.0
-36.0
-49.0
-25.0
-32.0
-63.0
-72.0
-54.0
-22.0
-17.0
-4.0
2.0
13.0
-7.0
-10.0
-51.0
-29.0
-25.0
-32.0
-31.0
-63.0
-31.0
-15.0
-36.0
-22.0
-24.0
-32.0
-37.0
-56.0
-61.0
-60.0
-78.0
-48.0
-51.0
-71.0
-106.0
-92.0
-67.0
-47.0
-54.0
-28.0
-14.0
-14.0
-33.0
-37.0
-36.0
-27.0
-81.0
-76.0
-97.0
-107.0
-86.0
-79.0
-109.0
-78.0
-91.0
-80.0
-55.0
-5.0
38.0
-40.0
-82.0
-103.0
-75.0
-19.0
34.0
42.0
52.0
78.0
58.0
62.0
96.0
102.0
80.0
82.0
50.0
93.0
97.0
110.0
72.0
50.0
27.0
18.0
27.0
48.0
49.0
49.0
34.0
52.0
35.0
35.0
56.0
110.0
86.0
97.0
90.0
83.0
23.0
42.0
46.0
47.0
59.0
49.0
22.0
32.0
-23.0
-51.0
-28.0
7.0
-15.0
-17.0
-33.0
-31.0
-55.0
-86.0
-72.0
-66.0
-35.0
-67.0
-49.0
-37.0
-14.0
1.0
1.0
-6.0
-7.0
5.0
-11.0
20.0
19.0
30.0
62.0
73.0
23.0
23.0
23.0
32.0
44.0
53.0
114.0
76.0
52.0
61.0
37.0
35.0
61.0
54.0
53.0
39.0
45.0
103.0
107.0
99.0
102.0
74.0
74.0
86.0
101.0
148.0
101.0
109.0
34.0
3.0
53.0
74.0
110.0
100.0
119.0
86.0
92.0
91.0
93.0
72.0
83.0
92.0
61.0
26.0
41.0
22.0
52.0
24.0
-22.0
1.0
-12.0
1.0
0.0
-15.0
-52.0
-50.0
-54.0
-14.0
-6.0
14.0
-16.0
-50.0
-11.0
-52.0
-20.0
2.0
-12.0
15.0
-1.0
-12.0
19.0
-13.0
-18.0
10.0
-31.0
-29.0
-53.0
-48.0
-31.0
-34.0
-40.0
-11.0
-48.0
-92.0
-42.0
-56.0
-13.0
-21.0
-43.0
-28.0
-44.0
-48.0
-44.0
-44.0
19.0
6.0
5.0
14.0
13.0
13.0
31.0
-1.0
29.0
32.0
16.0
18.0
-31.0
-12.0
2.0
24.0
26.0
5.0
-28.0
8.0
-23.0
5.0
15.0
-12.0
-2.0
16.0
-11.0
-15.0
-33.0
-44.0
-5.0
5.0
65.0
112.0
174.0
223.0
215.0
206.0
228.0
244.0
277.0
290.0
288.0
344.0
310.0
362.0
393.0
319.0
345.0
311.0
325.0
344.0
308.0
300.0
280.0
226.0
222.0
187.0
163.0
186.0
191.0
141.0
90.0
109.0
107.0
115.0
93.0
81.0
55.0
60.0
26.0
11.0
60.0
36.0
10.0
20.0
39.0
32.0
48.0
21.0
18.0
21.0
-11.0
21.0
41.0
39.0
73.0
5.0
27.0
3.0
4.0
34.0
-8.0
-10.0
-32.0
-43.0
-39.0
-17.0
-44.0
-41.0
-14.0
-11.0
15.0
25.0
39.0
6.0
-3.0
-22.0
-23.0
3.0
-6.0
23.0
25.0
-26.0
-57.0
-33.0
-15.0
13.0
23.0
17.0
38.0
14.0
-38.0
-42.0
-73.0
-52.0
-25.0
-37.0
-45.0
-45.0
-54.0
-65.0
-103.0
-101.0
-80.0
-56.0
-50.0
-46.0
-50.0
-53.0
-86.0
-159.0
-136.0
-136.0
-100.0
-127.0
-151.0
-113.0
-116.0
-117.0
-112.0
-153.0
-115.0
-110.0
-131.0
-146.0
-158.0
-124.0
-100.0
-110.0
-114.0
-98.0
-83.0
-48.0
-49.0
-50.0
-31.0
-82.0
-77.0
-77.0
-43.0
-44.0
-45.0
-13.0
-22.0
-1.0
-34.0
-40.0
-37.0
-22.0
-21.0
-33.0
-38.0
-45.0
-52.0
-64.0
-75.0
-68.0
-65.0
-49.0
-58.0
-38.0
-6.0
-12.0
-33.0
22.0
4.0
-17.0
-31.0
-37.0
-36.0
-30.0
-40.0
-25.0
-42.0
-67.0
-66.0
-44.0
19.0
11.0
-23.0
5.0
-44.0
-33.0
-18.0
-50.0
-23.0
-15.0
-21.0
-14.0
-29.0
-39.0
-5.0
-7.0
0.0
-9.0
-7.0
-1.0
-16.0
-45.0
-45.0
-14.0
9.0
28.0
-10.0
3.0
-22.0
-42.0
-13.0
-10.0
15.0
19.0
28.0
54.0
51.0
3.0
-25.0
-9.0
46.0
59.0
51.0
73.0
69.0
30.0
27.0
-11.0
-16.0
-7.0
-12.0
58.0
-15.0
-71.0
-51.0
-38.0
-29.0
13.0
11.0
23.0
-26.0
-36.0
-11.0
-32.0
-7.0
-58.0
-66.0
-48.0
-99.0
-66.0
-40.0
-58.0
-86.0
-72.0
-71.0
-36.0
-42.0
-9.0
1.0
28.0
40.0
21.0
32.0
41.0
6.0
5.0
32.0
6.0
22.0
-8.0
-24.0
-34.0
-16.0
-26.0
-16.0
19.0
18.0
4.0
10.0
-17.0
0.0
5.0
13.0
-7.0
20.0
-3.0
-1.0
-1.0
17.0
3.0
20.0
25.0
-2.0
-24.0
-17.0
2.0
8.0
40.0
32.0
16.0
21.0
33.0
21.0
7.0
-22.0
-23.0
-56.0
-63.0
-34.0
-20.0
-59.0
-56.0
-69.0
-65.0
-23.0
-34.0
-25.0
11.0
24.0
105.0
98.0
69.0
15.0
-35.0
-12.0
-5.0
-14.0
19.0
-26.0
-41.0
-19.0
-13.0
-10.0
26.0
-30.0
-13.0
-34.0
-40.0
-6.0
-39.0
-43.0
-23.0
-19.0
4.0
-8.0
-15.0
-34.0
-21.0
-14.0
15.0
1.0
-31.0
-1.0
-23.0
1.0
-42.0
-33.0
-26.0
-46.0
-53.0
-57.0
-54.0
-11.0
-13.0
-18.0
-40.0
-32.0
-22.0
-42.0
-27.0
-36.0
-74.0
-85.0
-60.0
-46.0
-2.0
10.0
-1.0
-8.0
-15.0
-6.0
34.0
22.0
8.0
26.0
15.0
48.0
31.0
39.0
-3.0
-31.0
-8.0
-4.0
14.0
27.0
52.0
61.0
61.0
36.0
40.0
52.0
56.0
62.0
107.0
90.0
92.0
95.0
95.0
76.0
55.0
82.0
52.0
48.0
38.0
17.0
17.0
31.0
34.0
10.0
-4.0
10.0
-11.0
-45.0
-2.0
-7.0
-18.0
27.0
-26.0
5.0
-1.0
-77.0
-35.0
-49.0
-49.0
-42.0
-44.0
-28.0
-4.0
22.0
15.0
32.0
25.0
17.0
8.0
-20.0
-10.0
-19.0
-5.0
-3.0
59.0
13.0
-8.0
16.0
20.0
26.0
28.0
13.0
27.0
27.0
11.0
20.0
45.0
30.0
53.0
35.0
17.0
6.0
3.0
17.0
-9.0
-6.0
17.0
-11.0
-20.0
5.0
-36.0
-46.0
-57.0
-56.0
-79.0
-30.0
-32.0
23.0
13.0
-11.0
-22.0
-68.0
-87.0
-90.0
-106.0
-95.0
-74.0
-46.0
-35.0
-37.0
-27.0
5.0
43.0
48.0
42.0
34.0
53.0
24.0
-6.0
-16.0
-50.0
-27.0
-43.0
-14.0
22.0
14.0
46.0
9.0
-10.0
13.0
15.0
32.0
27.0
-10.0
-14.0
-58.0
-74.0
-30.0
-3.0
32.0
58.0
83.0
23.0
45.0
35.0
83.0
112.0
108.0
123.0
131.0
201.0
205.0
176.0
119.0
86.0
106.0
135.0
134.0
143.0
122.0
109.0
117.0
68.0
100.0
83.0
77.0
112.0
80.0
52.0
54.0
25.0
37.0
41.0
43.0
55.0
87.0
12.0
41.0
23.0
3.0
53.0
58.0
73.0
107.0
127.0
147.0
120.0
155.0
166.0
177.0
162.0
159.0
139.0
154.0
126.0
115.0
115.0
99.0
101.0
90.0
60.0
76.0
86.0
85.0
95.0
84.0
91.0
73.0
93.0
95.0
101.0
99.0
119.0
125.0
107.0
99.0
108.0
126.0
67.0
72.0
101.0
78.0
78.0
82.0
96.0
99.0
102.0
88.0
79.0
89.0
89.0
110.0
72.0
78.0
78.0
81.0
93.0
86.0
98.0
80.0
84.0
98.0
91.0
95.0
60.0
4.0
34.0
13.0
25.0
18.0
8.0
17.0
16.0
29.0
27.0
-6.0
15.0
38.0
49.0
53.0
37.0
58.0
74.0
83.0
46.0
26.0
22.0
41.0
54.0
76.0
54.0
48.0
68.0
38.0
36.0
60.0
61.0
67.0
45.0
60.0
62.0
51.0
61.0
65.0
103.0
73.0
65.0
61.0
66.0
101.0
82.0
100.0
126.0
109.0
117.0
127.0
119.0
118.0
108.0
109.0
131.0
87.0
118.0
123.0
87.0
72.0
55.0
66.0
42.0
9.0
-8.0
18.0
2.0
-26.0
-14.0
-27.0
-1.0
-15.0
-1.0
42.0
30.0
46.0
15.0
0.0
39.0
29.0
45.0
5.0
-17.0
-13.0
-32.0
-16.0
3.0
-31.0
-27.0
-13.0
-18.0
-6.0
-34.0
-44.0
-36.0
-36.0
-34.0
-17.0
-41.0
-24.0
-14.0
-7.0
-12.0
-9.0
-8.0
-39.0
-21.0
5.0
2.0
32.0
44.0
31.0
34.0
17.0
4.0
8.0
17.0
11.0
13.0
52.0
96.0
47.0
41.0
1.0
-12.0
-31.0
-43.0
-48.0
-18.0
-10.0
-11.0
-4.0
11.0
27.0
2.0
10.0
2.0
-9.0
-11.0
3.0
44.0
48.0
70.0
63.0
57.0
97.0
48.0
45.0
8.0
30.0
39.0
75.0
45.0
44.0
63.0
86.0
108.0
79.0
98.0
74.0
83.0
125.0
128.0
105.0
67.0
99.0
76.0
74.0
76.0
76.0
83.0
67.0
69.0
71.0
73.0
62.0
52.0
76.0
58.0
68.0
81.0
106.0
82.0
106.0
84.0
87.0
49.0
82.0
71.0
79.0
112.0
93.0
137.0
116.0
87.0
115.0
122.0
100.0
120.0
117.0
116.0
143.0
144.0
167.0
158.0
146.0
172.0
110.0
117.0
153.0
120.0
152.0
137.0
124.0
132.0
127.0
119.0
112.0
111.0
91.0
111.0
145.0
172.0
150.0
105.0
101.0
108.0
116.0
153.0
168.0
163.0
155.0
120.0
165.0
119.0
145.0
165.0
146.0
171.0
144.0
149.0
174.0
149.0
163.0
158.0
168.0
197.0
192.0
193.0
194.0
177.0
195.0
172.0
188.0
214.0
197.0
176.0
172.0
184.0
195.0
173.0
172.0
202.0
175.0
136.0
155.0
168.0
169.0
163.0
134.0
158.0
140.0
140.0
149.0
171.0
190.0
184.0
203.0
249.0
258.0
279.0
305.0
315.0
357.0
358.0
385.0
449.0
419.0
449.0
442.0
427.0
425.0
430.0
444.0
439.0
419.0
416.0
411.0
402.0
402.0
357.0
343.0
368.0
305.0
300.0
267.0
248.0
213.0
213.0
202.0
199.0
213.0
211.0
173.0
138.0
143.0
118.0
108.0
80.0
65.0
63.0
45.0
59.0
53.0
19.0
-68.0
-63.0
-39.0
-20.0
20.0
22.0
-3.0
-12.0
-24.0
-18.0
-30.0
-26.0
-29.0
-18.0
-11.0
-57.0
-110.0
-110.0
-128.0
-79.0
-65.0
-53.0
-35.0
-47.0
-60.0
-96.0
-122.0
-92.0
-77.0
-122.0
-123.0
-119.0
-98.0
-99.0
-125.0
-96.0
-74.0
-83.0
-59.0
-45.0
-18.0
-37.0
-34.0
-55.0
-61.0
-65.0
-40.0
-42.0
-36.0
-18.0
-44.0
-40.0
-12.0
14.0
7.0
27.0
27.0
11.0
18.0
30.0
63.0
44.0
81.0
110.0
102.0
82.0
116.0
121.0
115.0
135.0
153.0
127.0
152.0
185.0
184.0
206.0
215.0
188.0
228.0
237.0
222.0
218.0
190.0
187.0
205.0
199.0
194.0
187.0
197.0
221.0
194.0
210.0
232.0
252.0
310.0
334.0
356.0
352.0
306.0
279.0
332.0
296.0
340.0
323.0
329.0
334.0
287.0
303.0
295.0
282.0
303.0
271.0
283.0
286.0
247.0
280.0
282.0
301.0
321.0
299.0
270.0
274.0
298.0
307.0
331.0
323.0
318.0
338.0
308.0
345.0
369.0
399.0
388.0
378.0
422.0
425.0
429.0
413.0
386.0
371.0
373.0
363.0
429.0
383.0
381.0
363.0
327.0
332.0
323.0
316.0
316.0
360.0
367.0
403.0
354.0
349.0
324.0
306.0
330.0
335.0
357.0
364.0
318.0
310.0
319.0
333.0
329.0
319.0
308.0
296.0
305.0
290.0
277.0
308.0
310.0
304.0
278.0
299.0
261.0
249.0
263.0
247.0
263.0
267.0
246.0
