4 0.846974
5 0.859060
7 0.882881
9 0.903924
11 0.920466
13 0.932643
16 0.945633
20 0.957585
23 0.963882
28 0.970869
33 0.975079
38 0.977753
45 0.980081
52 0.981470
60 0.982413
69 0.983026
79 0.983407
91 0.983646
104 0.983756
119 0.983777
135 0.983716
154 0.983538
174 0.983202
198 0.982578
223 0.981662
252 0.980232
285 0.978141
321 0.975415
362 0.971999
407 0.968142
457 0.963966
513 0.959552
575 0.954968
645 0.949948
723 0.944646
809 0.938821
905 0.931936
1011 0.924580
1130 0.917618
1261 0.911007
1407 0.904141
1570 0.897075
1750 0.889619
