4 0.062228
5 0.063326
7 0.079940
9 0.120178
11 0.186068
13 0.267070
16 0.391189
20 0.532390
23 0.612064
28 0.703780
33 0.761053
38 0.798135
45 0.830944
52 0.850701
60 0.863920
69 0.871721
79 0.875242
91 0.875329
104 0.872256
119 0.866075
135 0.857564
154 0.845872
174 0.832303
198 0.814731
223 0.795231
252 0.771403
285 0.743018
321 0.711485
362 0.676033
407 0.638878
457 0.599610
513 0.557831
575 0.514139
645 0.468608
723 0.423735
809 0.381969
905 0.340947
1011 0.300876
1130 0.257194
1261 0.213756
1407 0.171948
1570 0.133943
1750 0.102204
