4 0.725026
5 0.701989
7 0.674899
9 0.672102
11 0.681243
13 0.693094
16 0.712688
20 0.742405
23 0.765187
28 0.799705
33 0.828271
38 0.850675
45 0.873176
52 0.888328
60 0.899815
69 0.908114
79 0.913868
91 0.917947
104 0.920352
119 0.921478
135 0.921427
154 0.920246
174 0.918122
198 0.914879
223 0.911033
252 0.906177
285 0.900111
321 0.892800
362 0.883540
407 0.872244
457 0.858312
513 0.840910
575 0.819545
645 0.793075
723 0.761244
809 0.724879
905 0.685631
1011 0.648676
1130 0.619579
1261 0.601716
1407 0.591777
1570 0.587701
1750 0.590836
