4 0.566631
5 0.598801
7 0.656784
9 0.699034
11 0.728244
13 0.749018
16 0.770938
20 0.791416
23 0.803307
28 0.818620
33 0.829575
38 0.837336
45 0.844127
52 0.847318
60 0.847937
69 0.846274
79 0.842951
91 0.838224
104 0.832962
119 0.827095
135 0.821282
154 0.815047
174 0.809086
198 0.802540
223 0.796107
252 0.788855
285 0.780912
321 0.772736
362 0.763681
407 0.753455
457 0.741607
513 0.728008
575 0.712997
645 0.696741
723 0.680340
809 0.663650
905 0.647187
1011 0.633148
1130 0.621580
1261 0.611651
1407 0.601097
1570 0.590773
1750 0.581847
