4 0.586915
5 0.595826
7 0.621276
9 0.651501
11 0.682482
13 0.711165
16 0.747489
20 0.786569
23 0.810622
28 0.841006
33 0.861801
38 0.876414
45 0.890216
52 0.898657
60 0.904018
69 0.906443
79 0.906235
91 0.903522
104 0.898819
119 0.892023
135 0.883584
154 0.872147
174 0.858456
198 0.839905
223 0.818493
252 0.791279
285 0.757507
321 0.717978
362 0.670479
407 0.616009
457 0.554701
513 0.488703
575 0.422513
645 0.358385
723 0.299036
809 0.244856
905 0.196739
1011 0.157713
1130 0.127756
1261 0.104928
1407 0.088878
1570 0.077324
