4 0.584807
5 0.594068
7 0.618914
9 0.647974
11 0.677902
13 0.705836
16 0.741498
20 0.780176
23 0.804362
28 0.835639
33 0.857562
38 0.873176
45 0.888088
52 0.897270
60 0.903126
69 0.905815
79 0.905633
91 0.902775
104 0.897881
119 0.890984
135 0.882641
154 0.871541
174 0.858406
198 0.840836
223 0.820597
252 0.794673
285 0.762266
321 0.724016
362 0.677834
407 0.625144
457 0.567031
513 0.506033
575 0.445796
645 0.388657
723 0.336784
809 0.290288
905 0.249390
1011 0.216174
1130 0.190502
1261 0.171250
1407 0.157408
1570 0.146472
1750 0.138648
