184.0
179.0
163.0
173.0
156.0
139.0
137.0
135.0
138.0
119.0
112.0
128.0
113.0
110.0
133.0
137.0
133.0
126.0
120.0
119.0
124.0
150.0
147.0
114.0
117.0
139.0
139.0
153.0
146.0
140.0
151.0
138.0
144.0
148.0
146.0
176.0
192.0
207.0
227.0
230.0
253.0
257.0
241.0
251.0
233.0
225.0
227.0
211.0
216.0
218.0
190.0
174.0
167.0
163.0
151.0
154.0
167.0
167.0
179.0
182.0
158.0
138.0
130.0
124.0
124.0
108.0
91.0
81.0
80.0
90.0
84.0
65.0
74.0
75.0
63.0
69.0
56.0
49.0
56.0
60.0
80.0
97.0
89.0
103.0
81.0
21.0
-27.0
-31.0
-9.0
-33.0
-39.0
-4.0
4.0
8.0
8.0
-7.0
-12.0
-10.0
-6.0
9.0
10.0
18.0
44.0
58.0
64.0
63.0
56.0
47.0
30.0
23.0
33.0
27.0
35.0
43.0
44.0
76.0
84.0
101.0
122.0
99.0
120.0
127.0
87.0
98.0
84.0
74.0
90.0
87.0
78.0
65.0
43.0
33.0
17.0
8.0
14.0
-12.0
-22.0
-23.0
-35.0
-26.0
-26.0
-26.0
-18.0
-39.0
-31.0
-14.0
-22.0
-12.0
-15.0
-8.0
13.0
2.0
2.0
-2.0
-13.0
-4.0
0.0
9.0
15.0
-24.0
-39.0
-39.0
-39.0
-24.0
-25.0
-33.0
-52.0
-84.0
-86.0
-84.0
-86.0
-57.0
-52.0
-76.0
-63.0
-66.0
-68.0
-64.0
-52.0
-19.0
-1.0
-7.0
-34.0
-59.0
-52.0
-74.0
-115.0
-98.0
-92.0
-81.0
-65.0
-105.0
-120.0
-95.0
-88.0
-64.0
-31.0
-40.0
-102.0
-125.0
-119.0
-123.0
-131.0
-124.0
-125.0
-118.0
-114.0
-127.0
-125.0
-147.0
-206.0
-210.0
-205.0
-202.0
-208.0
-223.0
-205.0
-191.0
-184.0
-164.0
-164.0
-162.0
-159.0
-172.0
-169.0
-155.0
-167.0
-163.0
-176.0
-176.0
-165.0
-159.0
-129.0
-102.0
-107.0
-101.0
-121.0
-131.0
-143.0
-161.0
-164.0
-146.0
-137.0
-124.0
-140.0
-150.0
-147.0
-152.0
-135.0
-124.0
-127.0
-113.0
-99.0
-99.0
-106.0
-139.0
-149.0
-141.0
-152.0
-149.0
-159.0
-165.0
-165.0
-186.0
-190.0
-169.0
-164.0
-153.0
-167.0
-180.0
-175.0
-185.0
-203.0
-221.0
-235.0
-219.0
-208.0
-206.0
-201.0
-195.0
-172.0
-168.0
-168.0
-162.0
-173.0
-182.0
-180.0
-174.0
-170.0
-188.0
-194.0
-211.0
-226.0
-221.0
-227.0
-230.0
-221.0
-215.0
-221.0
-200.0
-208.0
-202.0
-174.0
-187.0
-181.0
-182.0
-201.0
-221.0
-249.0
-271.0
-272.0
-260.0
-228.0
-219.0
-231.0
-228.0
-230.0
-245.0
-256.0
-270.0
-269.0
-253.0
-237.0
-215.0
-223.0
-227.0
-223.0
-242.0
-251.0
-267.0
-277.0
-267.0
-268.0
-248.0
-215.0
-212.0
-201.0
-218.0
-282.0
-293.0
-286.0
-274.0
-255.0
-270.0
-262.0
-249.0
-260.0
-253.0
-262.0
-281.0
-268.0
-265.0
-265.0
-256.0
-250.0
-237.0
-226.0
-217.0
-208.0
-215.0
-219.0
-224.0
-230.0
-224.0
-232.0
-237.0
-220.0
-188.0
-193.0
-253.0
-276.0
-246.0
-246.0
-231.0
-201.0
-215.0
-230.0
-230.0
-224.0
-222.0
-232.0
-248.0
-248.0
-262.0
-262.0
-266.0
-275.0
-259.0
-267.0
-256.0
-242.0
-276.0
-301.0
-308.0
-311.0
-289.0
-287.0
-278.0
-271.0
-290.0
-295.0
-286.0
-285.0
-254.0
-257.0
-278.0
-274.0
-274.0
-271.0
-257.0
-264.0
-262.0
-275.0
-281.0
-275.0
-291.0
-293.0
-280.0
-287.0
-285.0
-286.0
-289.0
-290.0
-301.0
-292.0
-285.0
-292.0
-288.0
-287.0
-291.0
-288.0
-311.0
-314.0
-276.0
-257.0
-310.0
-336.0
-299.0
-251.0
-246.0
-243.0
-255.0
-275.0
-259.0
-261.0
-279.0
-269.0
-265.0
-275.0
-289.0
-285.0
-269.0
-282.0
-292.0
-273.0
-290.0
-309.0
-301.0
-290.0
-259.0
-243.0
-233.0
-234.0
-270.0
-287.0
-293.0
-307.0
-289.0
-261.0
-256.0
-286.0
-321.0
-342.0
-359.0
-359.0
-338.0
-338.0
-328.0
-290.0
-286.0
-278.0
-265.0
-263.0
-253.0
-246.0
-250.0
-239.0
-257.0
-261.0
-266.0
-284.0
-271.0
-262.0
-262.0
-259.0
-276.0
-276.0
-269.0
-284.0
-282.0
-267.0
-261.0
-260.0
-259.0
-258.0
-254.0
-265.0
-270.0
-270.0
-272.0
-262.0
-253.0
-242.0
-241.0
-252.0
-257.0
-258.0
-267.0
-264.0
-281.0
-286.0
-271.0
-287.0
-281.0
-272.0
-268.0
-258.0
-267.0
-286.0
-306.0
-309.0
-303.0
-316.0
-313.0
-285.0
-286.0
-287.0
-287.0
-285.0
-294.0
-337.0
-328.0
-283.0
-277.0
-277.0
-278.0
-306.0
-316.0
-318.0
-319.0
-305.0
-316.0
-315.0
-300.0
-282.0
-257.0
-247.0
-254.0
-259.0
-278.0
-284.0
-266.0
-260.0
-248.0
-237.0
-229.0
-204.0
-202.0
-220.0
-216.0
-218.0
-207.0
-198.0
-213.0
-212.0
-214.0
-215.0
-211.0
-217.0
-225.0
-235.0
-236.0
-233.0
-238.0
-234.0
-239.0
-257.0
-258.0
-251.0
-246.0
-248.0
-281.0
-291.0
-278.0
-273.0
-265.0
-257.0
-257.0
-229.0
-220.0
-240.0
-278.0
-303.0
-287.0
-281.0
-309.0
-321.0
-332.0
-326.0
-299.0
-278.0
-241.0
-269.0
-293.0
-300.0
-307.0
-294.0
-279.0
-295.0
-286.0
-267.0
-263.0
-250.0
-249.0
-250.0
-248.0
-242.0
-248.0
-262.0
-267.0
-244.0
-247.0
-256.0
-253.0
-246.0
-214.0
-204.0
-210.0
-189.0
-193.0
-197.0
-206.0
-218.0
-219.0
-238.0
-271.0
-288.0
-306.0
-313.0
-303.0
-305.0
-286.0
-256.0
-241.0
-239.0
-261.0
-252.0
-244.0
-274.0
-284.0
-288.0
-314.0
-304.0
-292.0
-278.0
-252.0
-253.0
-238.0
-231.0
-244.0
-234.0
-230.0
-238.0
-242.0
-246.0
-208.0
-194.0
-219.0
-192.0
-181.0
-196.0
-206.0
-213.0
-196.0
-201.0
-233.0
-240.0
-256.0
-253.0
-264.0
-256.0
-212.0
-205.0
-198.0
-167.0
-164.0
-183.0
-190.0
-195.0
-189.0
-188.0
-199.0
-203.0
-216.0
-201.0
-155.0
-142.0
-139.0
-152.0
-164.0
-149.0
-135.0
-138.0
-148.0
-156.0
-118.0
-125.0
-168.0
-131.0
-105.0
-107.0
-121.0
-127.0
-125.0
-131.0
-147.0
-136.0
-129.0
-132.0
-131.0
-148.0
-197.0
-266.0
-290.0
-285.0
-312.0
-307.0
-284.0
-282.0
-275.0
-263.0
-269.0
-243.0
-239.0
-252.0
-246.0
-245.0
-228.0
-205.0
-202.0
-198.0
-208.0
-205.0
-197.0
-217.0
-212.0
-211.0
-220.0
-201.0
-204.0
-194.0
-173.0
-191.0
-185.0
-172.0
-169.0
-157.0
-168.0
-178.0
-172.0
-172.0
-170.0
-174.0
-192.0
-186.0
-187.0
-189.0
-192.0
-205.0
-204.0
-207.0
-225.0
-230.0
-237.0
-227.0
-209.0
-218.0
-225.0
-238.0
-247.0
-229.0
-223.0
-233.0
-227.0
-226.0
-206.0
-193.0
-204.0
-235.0
-251.0
-240.0
-212.0
-206.0
-205.0
-205.0
-219.0
-214.0
-215.0
-226.0
-238.0
-268.0
-268.0
-253.0
-241.0
-214.0
-213.0
-216.0
-204.0
-203.0
-181.0
-181.0
-202.0
-192.0
-203.0
-229.0
-221.0
-220.0
-227.0
-235.0
-247.0
-226.0
-215.0
-204.0
-193.0
-217.0
-215.0
-191.0
-185.0
-183.0
-201.0
-215.0
-209.0
-210.0
-214.0
-200.0
-204.0
-194.0
-188.0
-192.0
-188.0
-205.0
-201.0
-182.0
-198.0
-197.0
-178.0
-206.0
-226.0
-222.0
-223.0
-209.0
-210.0
-217.0
-228.0
-215.0
-179.0
-159.0
-128.0
-126.0
-204.0
-259.0
-257.0
-253.0
-246.0
-228.0
-210.0
-210.0
-209.0
-193.0
-194.0
-191.0
-177.0
-182.0
-177.0
-166.0
-167.0
-169.0
-191.0
-205.0
-185.0
-174.0
-185.0
-181.0
-187.0
-184.0
-178.0
-182.0
-180.0
-169.0
-150.0
-132.0
-138.0
-141.0
-148.0
-147.0
-141.0
-157.0
-157.0
-148.0
-157.0
-155.0
-163.0
-168.0
-158.0
-152.0
-136.0
-125.0
-135.0
-140.0
-188.0
-212.0
-227.0
-218.0
-181.0
-165.0
-181.0
-169.0
-181.0
-208.0
-209.0
-222.0
-202.0
-172.0
-164.0
-157.0
-169.0
-173.0
-172.0
-197.0
-218.0
-230.0
-250.0
-228.0
-212.0
-213.0
-194.0
-173.0
-148.0
-147.0
-146.0
-125.0
-131.0
-154.0
-180.0
-199.0
-198.0
-191.0
-227.0
-233.0
-228.0
-239.0
-233.0
-230.0
-222.0
-204.0
-194.0
-185.0
-173.0
-165.0
-164.0
-180.0
-182.0
-190.0
-214.0
-202.0
-204.0
-222.0
-216.0
-229.0
-214.0
-187.0
-176.0
-155.0
-146.0
-153.0
-157.0
-173.0
-165.0
-147.0
-163.0
-174.0
-197.0
-232.0
-251.0
-265.0
-248.0
-223.0
-215.0
-190.0
-184.0
-210.0
-212.0
-241.0
-274.0
-275.0
-284.0
-240.0
-211.0
-237.0
-266.0
-300.0
-319.0
-320.0
-312.0
-293.0
-268.0
-238.0
-218.0
-226.0
-221.0
-222.0
-248.0
-249.0
-247.0
-231.0
-185.0
-243.0
-285.0
-254.0
-247.0
-220.0
-219.0
-224.0
-197.0
-168.0
-137.0
-127.0
-143.0
-141.0
-154.0
-177.0
-183.0
-211.0
-193.0
-149.0
-143.0
-152.0
-171.0
-175.0
-163.0
-174.0
-173.0
-145.0
-145.0
-159.0
-158.0
-137.0
-107.0
-114.0
-114.0
-81.0
-105.0
-143.0
-139.0
-161.0
-169.0
-186.0
-188.0
-178.0
-189.0
-176.0
-151.0
-141.0
-149.0
-164.0
-161.0
-164.0
-191.0
-191.0
-176.0
-179.0
-185.0
-191.0
-177.0
-171.0
-181.0
-167.0
-162.0
-183.0
-184.0
-178.0
-167.0
-159.0
-162.0
-169.0
-190.0
-203.0
-194.0
-201.0
-195.0
-178.0
-186.0
-176.0
-162.0
-177.0
-185.0
-193.0
-193.0
-185.0
-191.0
-179.0
-170.0
-168.0
-152.0
-172.0
-188.0
-173.0
-179.0
-164.0
-152.0
-145.0
-134.0
-156.0
-165.0
-150.0
-155.0
-157.0
-172.0
-189.0
-176.0
-161.0
-150.0
-146.0
-163.0
-167.0
-182.0
-193.0
-167.0
-160.0
-184.0
-189.0
-179.0
-147.0
-111.0
-98.0
-107.0
-140.0
-144.0
-127.0
-138.0
-128.0
-124.0
-155.0
-155.0
-136.0
-117.0
-99.0
-103.0
-94.0
-95.0
-123.0
-130.0
-149.0
-183.0
-175.0
-165.0
-166.0
-166.0
-166.0
-143.0
-146.0
-155.0
-139.0
-127.0
-117.0
-98.0
-81.0
-77.0
-107.0
-136.0
-139.0
-150.0
-134.0
-113.0
-118.0
-107.0
-98.0
-86.0
-64.0
-83.0
-96.0
-95.0
-101.0
-82.0
-65.0
-63.0
-71.0
-97.0
-105.0
-112.0
-124.0
-99.0
-87.0
-94.0
-93.0
-103.0
-102.0
-111.0
-122.0
-124.0
-147.0
-155.0
-149.0
-173.0
-185.0
-182.0
-159.0
-125.0
-115.0
-110.0
-112.0
-131.0
-140.0
-143.0
-165.0
-174.0
-168.0
-165.0
-157.0
-147.0
-143.0
-159.0
-171.0
-161.0
-154.0
-139.0
-124.0
-129.0
-137.0
-156.0
-174.0
-154.0
-123.0
-157.0
-205.0
-199.0
-172.0
-163.0
-171.0
-163.0
-163.0
-153.0
-125.0
-119.0
-114.0
-114.0
-135.0
-131.0
-150.0
-179.0
-178.0
-185.0
-197.0
-204.0
-198.0
-180.0
-186.0
-186.0
-166.0
-180.0
-193.0
-194.0
-187.0
-175.0
-149.0
-133.0
-171.0
-225.0
-223.0
-225.0
-240.0
-238.0
-234.0
-218.0
-182.0
-167.0
-147.0
-141.0
-154.0
-138.0
-141.0
-168.0
-171.0
-170.0
-159.0
-136.0
-117.0
-115.0
-150.0
-181.0
-184.0
-197.0
-189.0
-172.0
-167.0
-140.0
-120.0
-119.0
-123.0
-128.0
-119.0
-109.0
-110.0
-110.0
-118.0
-117.0
-93.0
-83.0
-71.0
-54.0
-68.0
-65.0
-67.0
-76.0
-71.0
-80.0
-81.0
-86.0
-104.0
-109.0
-121.0
-126.0
-105.0
-107.0
-106.0
-96.0
-103.0
-92.0
-98.0
-106.0
-92.0
-99.0
-97.0
-94.0
-101.0
-100.0
-104.0
-116.0
-122.0
-139.0
-136.0
-133.0
-137.0
-117.0
-117.0
-114.0
-106.0
-110.0
-102.0
-109.0
-116.0
-97.0
-103.0
-103.0
-83.0
-76.0
-78.0
-78.0
-86.0
-90.0
-98.0
-96.0
-96.0
-106.0
-95.0
-60.0
-67.0
-97.0
-97.0
-84.0
-72.0
-83.0
-82.0
-88.0
-114.0
-107.0
-84.0
-63.0
-51.0
-43.0
-30.0
-37.0
-59.0
-74.0
-103.0
-119.0
-110.0
-127.0
-124.0
-113.0
-127.0
-110.0
-97.0
-85.0
-53.0
-44.0
-37.0
-66.0
-121.0
-164.0
-199.0
-193.0
-152.0
-133.0
-103.0
-80.0
-87.0
-91.0
-108.0
-111.0
-95.0
-110.0
-112.0
-90.0
-79.0
-52.0
-46.0
-61.0
-67.0
-93.0
-96.0
-81.0
-92.0
-102.0
-111.0
-117.0
-111.0
-123.0
-114.0
-80.0
-44.0
-34.0
-49.0
-64.0
-78.0
-89.0
-98.0
-96.0
-95.0
-83.0
-81.0
-61.0
-30.0
-32.0
-46.0
-65.0
-95.0
-104.0
-111.0
-120.0
-118.0
-130.0
-125.0
-114.0
-101.0
-76.0
-67.0
-74.0
-87.0
-129.0
-145.0
-135.0
-142.0
-130.0
-129.0
-148.0
-137.0
-128.0
-118.0
-112.0
-114.0
-98.0
-81.0
-77.0
-80.0
-109.0
-105.0
-101.0
-121.0
-118.0
-108.0
-98.0
-68.0
-69.0
-73.0
-57.0
-68.0
-82.0
-97.0
-115.0
-120.0
-134.0
-127.0
-114.0
-109.0
-85.0
-91.0
-90.0
-65.0
-77.0
-93.0
-96.0
-102.0
-81.0
-70.0
-83.0
-82.0
-89.0
-83.0
-56.0
-48.0
-47.0
-70.0
-89.0
-83.0
-92.0
-81.0
-67.0
-54.0
-28.0
-101.0
-149.0
-109.0
-106.0
-102.0
-95.0
-117.0
-118.0
-108.0
-80.0
-56.0
-61.0
-77.0
-130.0
-181.0
-180.0
-182.0
-186.0
-162.0
-134.0
-109.0
-107.0
-128.0
-119.0
-127.0
-144.0
-145.0
-162.0
-156.0
-127.0
-99.0
-79.0
-98.0
-108.0
-96.0
-99.0
-105.0
-93.0
-88.0
-60.0
-54.0
-71.0
-64.0
-71.0
-84.0
-84.0
-97.0
-92.0
-87.0
-95.0
-93.0
-109.0
-108.0
-98.0
-107.0
-97.0
-101.0
-106.0
-87.0
-97.0
-105.0
-111.0
-100.0
-69.0
-109.0
-104.0
-88.0
-105.0
-113.0
-106.0
-120.0
-108.0
-92.0
-94.0
-81.0
-77.0
-80.0
-87.0
-106.0
-112.0
-119.0
-124.0
-123.0
-131.0
-129.0
-122.0
-148.0
-155.0
-143.0
-139.0
-125.0
-129.0
-131.0
-94.0
-92.0
-125.0
-136.0
-131.0
-96.0
-80.0
-74.0
-71.0
-106.0
-109.0
-101.0
-116.0
-126.0
-141.0
-144.0
-118.0
-107.0
-97.0
-93.0
-96.0
-103.0
-127.0
-133.0
-142.0
-142.0
-127.0
-126.0
-134.0
-125.0
-130.0
-119.0
-97.0
-114.0
-111.0
-119.0
-142.0
-129.0
-110.0
-118.0
-149.0
-143.0
-126.0
-130.0
-145.0
-154.0
-175.0
-165.0
-129.0
-124.0
-135.0
-142.0
-138.0
-112.0
-87.0
-97.0
-133.0
-166.0
-157.0
-152.0
-147.0
-111.0
-95.0
-90.0
-80.0
-89.0
-70.0
-58.0
-61.0
-53.0
-66.0
-79.0
-81.0
-71.0
-39.0
-18.0
-27.0
-28.0
-71.0
-93.0
-83.0
-87.0
-74.0
-48.0
-35.0
-42.0
-75.0
-77.0
-56.0
-71.0
-67.0
-48.0
-39.0
-28.0
-34.0
-40.0
-43.0
-73.0
-82.0
-64.0
-50.0
-43.0
-60.0
-52.0
-42.0
-62.0
-79.0
-87.0
-102.0
-90.0
-70.0
-49.0
-7.0
1.0
-12.0
-40.0
-76.0
-75.0
-71.0
-56.0
-41.0
-54.0
-73.0
-87.0
-98.0
-81.0
-60.0
-94.0
-123.0
-102.0
-69.0
-64.0
-84.0
-97.0
-130.0
-131.0
-111.0
-119.0
-103.0
-64.0
-35.0
-5.0
-16.0
-25.0
-28.0
-54.0
-63.0
-63.0
-59.0
-29.0
-25.0
-36.0
-39.0
-58.0
-45.0
-34.0
-40.0
-26.0
-31.0
-35.0
-13.0
0.0
-20.0
-16.0
-6.0
1.0
-5.0
-3.0
-21.0
-48.0
-39.0
-27.0
-29.0
-23.0
-32.0
-34.0
-15.0
-17.0
-10.0
-4.0
-26.0
-24.0
-21.0
-6.0
16.0
22.0
30.0
-15.0
-74.0
-58.0
-37.0
-35.0
-20.0
-24.0
-17.0
-8.0
-6.0
21.0
37.0
38.0
45.0
37.0
27.0
-4.0
-12.0
12.0
25.0
28.0
42.0
34.0
44.0
43.0
18.0
15.0
3.0
12.0
37.0
31.0
34.0
47.0
68.0
108.0
121.0
113.0
109.0
187.0
389.0
481.0
448.0
459.0
469.0
473.0
515.0
479.0
440.0
443.0
441.0
450.0
448.0
450.0
442.0
408.0
402.0
409.0
401.0
428.0
428.0
406.0
407.0
381.0
385.0
393.0
390.0
399.0
397.0
410.0
435.0
422.0
423.0
437.0
423.0
413.0
401.0
389.0
393.0
373.0
371.0
378.0
372.0
381.0
384.0
426.0
474.0
465.0
456.0
425.0
381.0
373.0
361.0
353.0
372.0
386.0
405.0
414.0
416.0
441.0
440.0
412.0
402.0
382.0
386.0
388.0
366.0
336.0
304.0
307.0
323.0
324.0
345.0
364.0
357.0
373.0
365.0
342.0
346.0
344.0
324.0
298.0
269.0
269.0
281.0
325.0
328.0
293.0
322.0
360.0
383.0
409.0
383.0
313.0
291.0
285.0
290.0
278.0
246.0
254.0
273.0
285.0
318.0
324.0
324.0
335.0
323.0
313.0
300.0
288.0
297.0
291.0
303.0
315.0
296.0
301.0
306.0
317.0
337.0
314.0
305.0
312.0
308.0
297.0
267.0
249.0
257.0
248.0
252.0
254.0
246.0
256.0
261.0
272.0
289.0
276.0
278.0
266.0
248.0
269.0
272.0
252.0
248.0
235.0
236.0
238.0
221.0
226.0
231.0
237.0
245.0
212.0
182.0
172.0
177.0
178.0
175.0
186.0
202.0
197.0
214.0
240.0
251.0
266.0
278.0
257.0
250.0
260.0
275.0
284.0
250.0
251.0
246.0
221.0
221.0
205.0
215.0
234.0
209.0
206.0
205.0
184.0
175.0
156.0
158.0
167.0
139.0
137.0
153.0
151.0
156.0
140.0
141.0
135.0
113.0
123.0
127.0
113.0
129.0
140.0
158.0
168.0
162.0
173.0
172.0
163.0
185.0
185.0
191.0
207.0
166.0
150.0
153.0
143.0
134.0
118.0
126.0
150.0
145.0
127.0
102.0
83.0
99.0
99.0
80.0
74.0
85.0
109.0
135.0
152.0
145.0
78.0
24.0
6.0
-7.0
15.0
44.0
68.0
95.0
82.0
80.0
93.0
83.0
64.0
58.0
78.0
106.0
100.0
100.0
112.0
112.0
120.0
126.0
149.0
176.0
173.0
165.0
157.0
130.0
121.0
116.0
121.0
152.0
174.0
202.0
217.0
195.0
184.0
167.0
155.0
163.0
150.0
148.0
155.0
163.0
190.0
196.0
171.0
144.0
112.0
117.0
136.0
129.0
134.0
130.0
113.0
128.0
125.0
133.0
145.0
129.0
130.0
127.0
109.0
106.0
95.0
92.0
97.0
74.0
73.0
72.0
75.0
86.0
98.0
135.0
139.0
109.0
100.0
93.0
76.0
80.0
74.0
87.0
109.0
111.0
138.0
146.0
96.0
82.0
70.0
65.0
88.0
92.0
98.0
110.0
98.0
104.0
116.0
116.0
104.0
76.0
77.0
81.0
73.0
80.0
90.0
100.0
105.0
102.0
98.0
86.0
69.0
68.0
71.0
78.0
87.0
93.0
109.0
131.0
145.0
159.0
146.0
117.0
109.0
81.0
60.0
49.0
46.0
82.0
67.0
40.0
63.0
74.0
83.0
64.0
50.0
56.0
45.0
32.0
45.0
70.0
98.0
114.0
119.0
98.0
44.0
41.0
78.0
80.0
83.0
80.0
69.0
68.0
53.0
43.0
39.0
24.0
21.0
33.0
31.0
44.0
54.0
59.0
75.0
73.0
83.0
89.0
95.0
108.0
52.0
34.0
62.0
27.0
1.0
2.0
18.0
59.0
72.0
66.0
76.0
77.0
105.0
121.0
109.0
108.0
95.0
77.0
71.0
61.0
64.0
62.0
78.0
101.0
79.0
67.0
89.0
89.0
83.0
79.0
78.0
84.0
63.0
45.0
56.0
50.0
39.0
37.0
37.0
46.0
50.0
72.0
99.0
86.0
57.0
76.0
83.0
94.0
84.0
76.0
91.0
83.0
76.0
72.0
51.0
56.0
59.0
63.0
69.0
48.0
39.0
41.0
35.0
40.0
37.0
33.0
26.0
13.0
16.0
11.0
10.0
39.0
49.0
44.0
46.0
46.0
62.0
82.0
83.0
82.0
63.0
51.0
68.0
60.0
49.0
28.0
-1.0
6.0
27.0
38.0
39.0
30.0
34.0
42.0
32.0
36.0
24.0
20.0
30.0
20.0
18.0
5.0
-11.0
-2.0
7.0
20.0
32.0
25.0
22.0
5.0
-13.0
7.0
1.0
-34.0
-6.0
27.0
54.0
71.0
56.0
12.0
-16.0
-13.0
7.0
-4.0
-21.0
-16.0
-12.0
1.0
-3.0
-14.0
-12.0
-7.0
14.0
35.0
32.0
20.0
17.0
21.0
20.0
-8.0
-5.0
12.0
13.0
30.0
34.0
20.0
15.0
11.0
15.0
23.0
15.0
18.0
13.0
18.0
45.0
59.0
76.0
79.0
17.0
-4.0
15.0
35.0
61.0
59.0
50.0
42.0
21.0
26.0
22.0
14.0
32.0
15.0
-1.0
-8.0
-29.0
-33.0
-33.0
-23.0
-20.0
-26.0
0.0
3.0
-16.0
8.0
16.0
-9.0
-16.0
-34.0
-34.0
-31.0
-36.0
-50.0
-69.0
-53.0
-14.0
-17.0
-29.0
-35.0
-55.0
-42.0
-23.0
-2.0
26.0
31.0
-6.0
-37.0
-69.0
-97.0
-114.0
-130.0
-115.0
-96.0
-80.0
-90.0
-92.0
-56.0
-30.0
-25.0
-22.0
-39.0
-64.0
-80.0
-107.0
-105.0
-98.0
-100.0
-91.0
-79.0
-59.0
-42.0
-46.0
-35.0
-39.0
-50.0
-53.0
-68.0
-69.0
-71.0
-84.0
-86.0
-87.0
-82.0
-66.0
-83.0
-85.0
-84.0
-91.0
-90.0
-104.0
-97.0
-61.0
-15.0
27.0
10.0
-55.0
-101.0
-116.0
-133.0
-152.0
-172.0
-157.0
-126.0
-101.0
-71.0
-78.0
-102.0
-96.0
-87.0
-73.0
-75.0
-102.0
-106.0
-99.0
-77.0
-64.0
-92.0
-106.0
-104.0
-108.0
-100.0
-89.0
-68.0
-34.0
-33.0
-37.0
-31.0
-45.0
-39.0
-33.0
-24.0
-5.0
-22.0
-25.0
-11.0
-22.0
-43.0
-60.0
-66.0
-38.0
-55.0
-76.0
-73.0
-81.0
-75.0
-71.0
-68.0
-50.0
-49.0
-52.0
-65.0
-93.0
-96.0
-89.0
-89.0
-62.0
-46.0
-34.0
-27.0
-62.0
-77.0
-82.0
-89.0
-71.0
-77.0
-99.0
-111.0
-132.0
-120.0
-107.0
-108.0
-90.0
-74.0
-55.0
-33.0
-41.0
-65.0
-102.0
-129.0
-121.0
-117.0
-95.0
-106.0
-119.0
-98.0
-103.0
-112.0
-96.0
-96.0
-96.0
-81.0
-87.0
-80.0
-85.0
-108.0
-106.0
-98.0
-89.0
-68.0
-55.0
-51.0
-67.0
-92.0
-100.0
-108.0
-100.0
-91.0
-134.0
-152.0
-162.0
-159.0
-133.0
-121.0
-105.0
-98.0
-121.0
-117.0
-108.0
-117.0
-112.0
-117.0
-117.0
-116.0
-121.0
-96.0
-67.0
-58.0
-65.0
-128.0
-192.0
-196.0
-204.0
-197.0
-199.0
-207.0
-183.0
-173.0
-166.0
-156.0
-166.0
-169.0
-170.0
-193.0
-185.0
-185.0
-181.0
-156.0
-142.0
-125.0
-126.0
-137.0
-137.0
-143.0
-136.0
-106.0
-103.0
-90.0
-86.0
-97.0
-91.0
-91.0
-70.0
-32.0
-43.0
-48.0
-44.0
-49.0
-46.0
-56.0
-62.0
-55.0
-74.0
-83.0
-78.0
-66.0
-57.0
-81.0
-90.0
-80.0
-90.0
-82.0
-57.0
-53.0
-59.0
-88.0
-101.0
-97.0
-95.0
-64.0
-58.0
-88.0
-100.0
-121.0
-129.0
-118.0
-125.0
-114.0
-103.0
-90.0
-77.0
-98.0
-92.0
-82.0
-84.0
-62.0
-61.0
-67.0
-42.0
-25.0
-16.0
-13.0
-25.0
-26.0
-41.0
-65.0
-50.0
-48.0
-64.0
-82.0
-99.0
-70.0
-43.0
-60.0
-76.0
-87.0
-98.0
-105.0
-126.0
-125.0
-119.0
-104.0
-72.0
-67.0
-68.0
-58.0
-55.0
-50.0
-50.0
-63.0
-54.0
-37.0
-28.0
-25.0
-36.0
-34.0
-44.0
-89.0
-121.0
-142.0
-124.0
-78.0
-48.0
-15.0
-2.0
-12.0
-11.0
-36.0
-43.0
-42.0
-59.0
-68.0
-68.0
-79.0
-73.0
-78.0
-120.0
-147.0
-171.0
-169.0
-160.0
-165.0
-152.0
-152.0
-164.0
-149.0
-146.0
-133.0
-126.0
-115.0
-90.0
-78.0
-48.0
-34.0
-55.0
-62.0
-59.0
-70.0
-60.0
-49.0
-31.0
-24.0
-62.0
-83.0
-85.0
-71.0
-38.0
-33.0
-44.0
-42.0
-48.0
-23.0
3.0
-5.0
-11.0
-31.0
-43.0
-56.0
-89.0
-80.0
-60.0
-59.0
-36.0
-23.0
-29.0
-41.0
-54.0
-26.0
-10.0
-28.0
-49.0
-84.0
-111.0
-108.0
-98.0
-79.0
-72.0
-87.0
-80.0
-71.0
-53.0
-2.0
15.0
9.0
4.0
-29.0
-54.0
-66.0
-65.0
-66.0
-64.0
-42.0
-21.0
-7.0
19.0
13.0
4.0
-1.0
-22.0
-31.0
-33.0
-35.0
-2.0
32.0
37.0
29.0
14.0
18.0
7.0
-18.0
-15.0
-11.0
-14.0
-3.0
-3.0
17.0
39.0
31.0
32.0
27.0
31.0
50.0
50.0
49.0
44.0
31.0
58.0
79.0
87.0
97.0
98.0
106.0
103.0
87.0
90.0
85.0
91.0
112.0
110.0
117.0
131.0
114.0
97.0
87.0
109.0
171.0
177.0
180.0
187.0
158.0
153.0
154.0
147.0
118.0
71.0
47.0
40.0
42.0
85.0
109.0
103.0
111.0
127.0
143.0
161.0
161.0
176.0
178.0
182.0
192.0
169.0
157.0
164.0
177.0
212.0
232.0
250.0
266.0
265.0
274.0
290.0
296.0
310.0
312.0
293.0
279.0
279.0
309.0
314.0
305.0
328.0
328.0
313.0
309.0
281.0
286.0
318.0
332.0
342.0
321.0
315.0
346.0
344.0
323.0
301.0
268.0
263.0
262.0
262.0
275.0
270.0
283.0
312.0
318.0
318.0
291.0
285.0
309.0
305.0
328.0
354.0
343.0
334.0
317.0
312.0
335.0
329.0
320.0
331.0
329.0
354.0
368.0
352.0
335.0
313.0
294.0
286.0
286.0
324.0
361.0
370.0
385.0
394.0
388.0
380.0
373.0
388.0
370.0
340.0
331.0
302.0
294.0
320.0
331.0
365.0
385.0
376.0
376.0
375.0
385.0
389.0
380.0
392.0
390.0
401.0
416.0
374.0
356.0
355.0
336.0
362.0
390.0
391.0
406.0
384.0
357.0
369.0
360.0
361.0
367.0
355.0
350.0
329.0
298.0
284.0
281.0
307.0
338.0
353.0
388.0
402.0
400.0
357.0
303.0
304.0
305.0
300.0
304.0
269.0
245.0
251.0
249.0
263.0
292.0
320.0
366.0
403.0
431.0
429.0
410.0
436.0
440.0
406.0
385.0
372.0
378.0
388.0
373.0
346.0
313.0
307.0
329.0
329.0
333.0
357.0
355.0
344.0
329.0
299.0
287.0
268.0
278.0
316.0
318.0
328.0
334.0
344.0
372.0
375.0
362.0
350.0
319.0
303.0
275.0
256.0
289.0
306.0
325.0
341.0
344.0
346.0
334.0
315.0
291.0
238.0
223.0
213.0
199.0
228.0
239.0
214.0
206.0
206.0
215.0
222.0
212.0
219.0
219.0
208.0
229.0
216.0
212.0
232.0
206.0
192.0
185.0
172.0
187.0
184.0
172.0
169.0
176.0
204.0
210.0
203.0
205.0
186.0
168.0
175.0
186.0
214.0
219.0
190.0
174.0
163.0
154.0
162.0
172.0
186.0
193.0
196.0
227.0
254.0
270.0
267.0
238.0
234.0
233.0
215.0
195.0
151.0
106.0
91.0
89.0
103.0
98.0
98.0
120.0
119.0
108.0
125.0
134.0
149.0
153.0
148.0
168.0
137.0
53.0
18.0
17.0
38.0
74.0
105.0
125.0
128.0
121.0
133.0
150.0
162.0
140.0
95.0
84.0
74.0
67.0
77.0
67.0
60.0
59.0
43.0
35.0
19.0
16.0
49.0
67.0
77.0
97.0
101.0
83.0
35.0
24.0
51.0
49.0
56.0
59.0
54.0
66.0
88.0
105.0
120.0
118.0
136.0
152.0
155.0
167.0
139.0
102.0
85.0
58.0
35.0
18.0
2.0
9.0
-6.0
-25.0
-25.0
-21.0
-10.0
-4.0
-8.0
4.0
-5.0
-20.0
-1.0
8.0
9.0
-12.0
-44.0
-37.0
-41.0
-65.0
-58.0
-58.0
-56.0
-67.0
-96.0
-95.0
-77.0
-59.0
-51.0
-78.0
-87.0
-81.0
-85.0
-75.0
-82.0
-85.0
-87.0
-112.0
-100.0
-76.0
-81.0
-70.0
-75.0
-70.0
-65.0
-102.0
-120.0
-125.0
-133.0
-115.0
-112.0
-135.0
-149.0
-159.0
-140.0
-124.0
-134.0
-122.0
-117.0
-133.0
-155.0
-188.0
-208.0
-216.0
-228.0
-221.0
-213.0
-210.0
-199.0
-203.0
-195.0
-181.0
-196.0
-209.0
-230.0
-234.0
-199.0
-171.0
-148.0
-171.0
-260.0
-299.0
-314.0
-290.0
-219.0
-182.0
-139.0
-133.0
-149.0
-133.0
-140.0
-157.0
-161.0
-177.0
-181.0
-167.0
-156.0
-135.0
-133.0
-147.0
-148.0
-167.0
-180.0
-194.0
-206.0
-200.0
-215.0
-234.0
-230.0
-224.0
-201.0
-190.0
-203.0
-193.0
-185.0
-187.0
-182.0
-185.0
-180.0
-159.0
-114.0
-125.0
-187.0
-184.0
-158.0
-159.0
-157.0
-159.0
-170.0
-157.0
-159.0
-168.0
-161.0
-170.0
-186.0
-200.0
-215.0
-213.0
-220.0
-237.0
-239.0
-258.0
-258.0
-249.0
-260.0
-273.0
-283.0
-295.0
-284.0
-266.0
-247.0
-252.0
-269.0
-270.0
-276.0
-271.0
-261.0
-265.0
-267.0
-278.0
-294.0
-294.0
-293.0
-293.0
-292.0
-312.0
-312.0
-293.0
-313.0
-317.0
-319.0
-329.0
-310.0
-310.0
-312.0
-309.0
-316.0
-299.0
-296.0
-285.0
-279.0
-308.0
-310.0
-294.0
-299.0
-271.0
-280.0
-312.0
-298.0
-287.0
-295.0
-298.0
-309.0
-320.0
-329.0
-317.0
-285.0
-291.0
-306.0
-302.0
-313.0
-310.0
-328.0
-343.0
-325.0
-323.0
-315.0
-305.0
-321.0
-331.0
-345.0
-341.0
-306.0
-297.0
-303.0
-331.0
-400.0
-416.0
-406.0
-394.0
-373.0
-357.0
-340.0
-346.0
-372.0
-364.0
-345.0
-343.0
-329.0
-319.0
-308.0
-311.0
-359.0
-345.0
-325.0
-327.0
-309.0
-307.0
-314.0
-319.0
-322.0
-317.0
-336.0
-353.0
-351.0
-351.0
-319.0
-274.0
-265.0
-250.0
-252.0
-278.0
-279.0
-291.0
-301.0
-327.0
-364.0
-361.0
-346.0
-334.0
-305.0
-296.0
-287.0
-267.0
-268.0
-256.0
-265.0
-283.0
-280.0
-299.0
-304.0
-289.0
-289.0
-271.0
-263.0
-291.0
-305.0
-327.0
-316.0
-299.0
-324.0
-304.0
-270.0
-254.0
-234.0
-240.0
-259.0
-266.0
-266.0
-244.0
-233.0
-249.0
-257.0
-262.0
-259.0
-245.0
-251.0
-240.0
-220.0
-222.0
-222.0
-218.0
-195.0
-174.0
-184.0
-200.0
-234.0
-256.0
-234.0
-221.0
-217.0
-204.0
-199.0
-190.0
-184.0
-182.0
-164.0
-177.0
-171.0
-152.0
-152.0
-135.0
-135.0
-152.0
-145.0
-144.0
-128.0
-116.0
-133.0
-130.0
-120.0
-103.0
-71.0
-65.0
-59.0
-47.0
-57.0
-69.0
-92.0
-112.0
-102.0
-84.0
-79.0
-109.0
-107.0
-69.0
-69.0
-93.0
-88.0
-95.0
-99.0
-76.0
-54.0
-25.0
-2.0
-32.0
-90.0
-136.0
-139.0
-134.0
-148.0
-138.0
-120.0
-116.0
-98.0
-93.0
-79.0
-57.0
-73.0
-60.0
-43.0
-49.0
-24.0
-16.0
-2.0
35.0
49.0
60.0
56.0
26.0
27.0
34.0
54.0
83.0
87.0
86.0
93.0
117.0
148.0
148.0
136.0
141.0
146.0
145.0
119.0
106.0
140.0
161.0
164.0
169.0
172.0
186.0
178.0
168.0
166.0
147.0
143.0
136.0
119.0
133.0
152.0
147.0
161.0
172.0
166.0
161.0
127.0
112.0
126.0
134.0
147.0
149.0
151.0
152.0
138.0
139.0
138.0
133.0
165.0
178.0
177.0
191.0
194.0
217.0
209.0
187.0
202.0
189.0
188.0
200.0
186.0
206.0
213.0
194.0
188.0
168.0
171.0
180.0
176.0
180.0
186.0
176.0
177.0
174.0
187.0
194.0
164.0
152.0
145.0
152.0
182.0
187.0
193.0
213.0
207.0
204.0
207.0
204.0
215.0
216.0
208.0
206.0
191.0
213.0
260.0
229.0
205.0
215.0
206.0
203.0
188.0
173.0
169.0
162.0
176.0
156.0
136.0
138.0
122.0
127.0
146.0
154.0
165.0
184.0
214.0
236.0
220.0
208.0
153.0
108.0
115.0
111.0
109.0
136.0
149.0
153.0
147.0
147.0
175.0
179.0
164.0
175.0
164.0
168.0
180.0
188.0
230.0
242.0
233.0
232.0
206.0
206.0
223.0
218.0
212.0
196.0
186.0
192.0
169.0
168.0
178.0
184.0
225.0
224.0
183.0
185.0
183.0
176.0
187.0
195.0
214.0
218.0
223.0
227.0
214.0
220.0
222.0
191.0
177.0
161.0
148.0
162.0
171.0
180.0
181.0
169.0
174.0
158.0
143.0
142.0
114.0
99.0
101.0
107.0
140.0
153.0
159.0
178.0
185.0
186.0
169.0
132.0
111.0
101.0
118.0
135.0
132.0
127.0
119.0
98.0
97.0
100.0
99.0
107.0
101.0
91.0
81.0
73.0
94.0
108.0
111.0
109.0
91.0
75.0
72.0
88.0
110.0
92.0
64.0
54.0
56.0
86.0
112.0
119.0
134.0
116.0
91.0
80.0
61.0
63.0
67.0
59.0
81.0
79.0
52.0
37.0
26.0
42.0
63.0
51.0
52.0
47.0
25.0
11.0
-4.0
7.0
19.0
3.0
-7.0
-22.0
-34.0
-15.0
1.0
-13.0
-48.0
-64.0
-44.0
-27.0
-40.0
-46.0
-50.0
-36.0
-37.0
-51.0
-48.0
-48.0
-54.0
-44.0
-55.0
-52.0
-34.0
-41.0
-41.0
-35.0
-23.0
-12.0
-11.0
7.0
24.0
7.0
-4.0
-17.0
-17.0
-2.0
-13.0
-26.0
-23.0
-38.0
-30.0
-18.0
-21.0
2.0
15.0
16.0
21.0
22.0
40.0
34.0
20.0
22.0
9.0
10.0
9.0
-7.0
-8.0
-33.0
-48.0
-29.0
-29.0
-17.0
-10.0
-24.0
-39.0
-69.0
-86.0
-66.0
-69.0
-61.0
-34.0
-37.0
-32.0
-41.0
-50.0
-39.0
-49.0
-49.0
-50.0
-67.0
-61.0
-75.0
-86.0
-76.0
-93.0
-101.0
-91.0
-95.0
-98.0
-100.0
-104.0
-107.0
-117.0
-108.0
-103.0
-100.0
-76.0
-83.0
-121.0
-129.0
-138.0
-136.0
-120.0
-116.0
-102.0
-99.0
-96.0
-94.0
-119.0
-130.0
-133.0
-150.0
-130.0
-124.0
-130.0
-109.0
-112.0
-109.0
-102.0
-135.0
-144.0
-158.0
-168.0
-177.0
-208.0
-214.0
-200.0
-190.0
-163.0
-155.0
-167.0
-177.0
-195.0
-187.0
-168.0
-162.0
-135.0
-137.0
-187.0
-212.0
-213.0
-203.0
-206.0
-214.0
-174.0
-155.0
-158.0
-133.0
-120.0
-118.0
-116.0
-138.0
-149.0
-163.0
-182.0
-180.0
-175.0
-166.0
-154.0
-154.0
-147.0
-133.0
-131.0
-144.0
-181.0
-187.0
-157.0
-138.0
-121.0
-114.0
-128.0
-119.0
-126.0
-147.0
-168.0
-169.0
-134.0
-111.0
-110.0
-93.0
-104.0
-125.0
-122.0
-131.0
-117.0
-107.0
-119.0
-133.0
-161.0
-183.0
-181.0
-188.0
-197.0
-193.0
-175.0
-140.0
-140.0
-146.0
-145.0
-154.0
-147.0
-154.0
-176.0
-180.0
-185.0
-174.0
-164.0
-175.0
-169.0
-151.0
-160.0
-166.0
-167.0
-144.0
-142.0
-171.0
-180.0
-183.0
-187.0
-175.0
-190.0
-190.0
-176.0
-186.0
-173.0
-161.0
-156.0
-145.0
-142.0
-152.0
-171.0
-197.0
-196.0
-194.0
-193.0
-183.0
-181.0
-169.0
-155.0
-158.0
-145.0
-134.0
-147.0
-149.0
-164.0
-167.0
-162.0
-181.0
-185.0
-182.0
-173.0
-142.0
-134.0
-140.0
-155.0
-182.0
-177.0
-163.0
-156.0
-137.0
-144.0
-160.0
-169.0
-186.0
-177.0
-182.0
-207.0
-213.0
-229.0
-238.0
-223.0
-202.0
-179.0
-166.0
-194.0
-246.0
-281.0
-269.0
-256.0
-266.0
-246.0
-228.0
-223.0
-204.0
-216.0
-218.0
-188.0
-171.0
-161.0
-161.0
-176.0
-186.0
-212.0
-201.0
-159.0
-144.0
-118.0
-102.0
-121.0
-129.0
-148.0
-167.0
-179.0
-191.0
-165.0
-147.0
-131.0
-102.0
-124.0
-144.0
-128.0
-123.0
-121.0
-111.0
-98.0
-99.0
-136.0
-149.0
-149.0
-174.0
-180.0
-171.0
-163.0
-139.0
-143.0
-150.0
-145.0
-165.0
-167.0
-161.0
-148.0
-117.0
-116.0
-125.0
-148.0
-185.0
-176.0
-157.0
-150.0
-134.0
-154.0
-158.0
-140.0
-157.0
-168.0
-187.0
-196.0
-178.0
-167.0
-149.0
-113.0
-111.0
-110.0
-115.0
-126.0
-117.0
-124.0
-146.0
-156.0
-175.0
-176.0
-177.0
-184.0
-159.0
-155.0
-148.0
-131.0
-147.0
-149.0
-146.0
-156.0
-144.0
-143.0
-152.0
-162.0
-180.0
-171.0
-154.0
-165.0
-165.0
-171.0
-163.0
-147.0
-153.0
-153.0
-167.0
-175.0
-166.0
-182.0
-185.0
-167.0
-172.0
-171.0
-162.0
-171.0
-169.0
-168.0
-158.0
-147.0
-174.0
-184.0
-177.0
-175.0
-163.0
-161.0
-157.0
-160.0
-164.0
-142.0
-125.0
-135.0
-124.0
-101.0
-133.0
-191.0
-220.0
-223.0
-225.0
-230.0
-208.0
-187.0
-165.0
-146.0
-149.0
-146.0
-146.0
-145.0
-142.0
-159.0
-161.0
-141.0
-136.0
-120.0
-110.0
-130.0
-125.0
-118.0
-110.0
-87.0
-105.0
-120.0
-122.0
-130.0
-126.0
-135.0
-136.0
-118.0
-128.0
-133.0
-111.0
-80.0
-59.0
-67.0
-78.0
-90.0
-106.0
-108.0
-119.0
-128.0
-100.0
-88.0
-88.0
-77.0
-84.0
-81.0
-71.0
-80.0
-69.0
-77.0
-84.0
-73.0
-102.0
-105.0
-85.0
-100.0
-117.0
-129.0
-125.0
-96.0
-76.0
-64.0
-70.0
-96.0
-90.0
-102.0
-124.0
-110.0
-110.0
-117.0
-125.0
-144.0
-134.0
-123.0
-107.0
-95.0
-115.0
-118.0
-122.0
-129.0
-118.0
-119.0
-109.0
-92.0
-98.0
-91.0
-88.0
-106.0
-98.0
-113.0
-138.0
-128.0
-117.0
-90.0
-79.0
-97.0
-88.0
-76.0
-67.0
-54.0
-69.0
-88.0
-100.0
-124.0
-136.0
-140.0
-145.0
-127.0
-120.0
-108.0
-80.0
-81.0
-78.0
-81.0
-84.0
-83.0
-110.0
-115.0
-101.0
-93.0
-69.0
-67.0
-71.0
-70.0
-89.0
-95.0
-89.0
-109.0
-128.0
-144.0
-128.0
-83.0
-58.0
-37.0
-71.0
-133.0
-130.0
-96.0
-83.0
-76.0
-84.0
-83.0
-84.0
-105.0
-106.0
-89.0
-62.0
-40.0
-58.0
-73.0
-77.0
-99.0
-103.0
-100.0
-111.0
-110.0
-123.0
-117.0
-86.0
-90.0
-84.0
-80.0
-76.0
-55.0
-46.0
-43.0
-50.0
-63.0
-46.0
-42.0
-50.0
-46.0
-53.0
-45.0
-23.0
-31.0
-31.0
-43.0
-54.0
-41.0
-38.0
-27.0
-23.0
-44.0
-61.0
-79.0
-98.0
-79.0
-66.0
-67.0
-50.0
-54.0
-46.0
-48.0
-76.0
-96.0
-121.0
-119.0
-103.0
-112.0
-108.0
-103.0
-99.0
-73.0
-71.0
-71.0
-69.0
-87.0
-80.0
-81.0
-92.0
-89.0
-90.0
-92.0
-106.0
-115.0
-87.0
-64.0
-57.0
-39.0
-38.0
-44.0
-46.0
-62.0
-63.0
-77.0
-99.0
-103.0
-129.0
-131.0
-92.0
-82.0
-75.0
-70.0
-71.0
-52.0
-45.0
-31.0
-45.0
-114.0
-134.0
-137.0
-130.0
-105.0
-96.0
-85.0
-75.0
-76.0
-64.0
-65.0
-68.0
-71.0
-103.0
-110.0
-84.0
-76.0
-62.0
-52.0
-60.0
-66.0
-77.0
-81.0
-78.0
-78.0
-67.0
-65.0
-83.0
-139.0
-172.0
-131.0
-86.0
-78.0
-68.0
-67.0
-71.0
-59.0
-56.0
-63.0
-84.0
-117.0
-131.0
-128.0
-129.0
-119.0
-124.0
-131.0
-121.0
-117.0
-96.0
-90.0
-88.0
-84.0
-103.0
-110.0
-100.0
-101.0
-93.0
-92.0
-83.0
-45.0
-30.0
-28.0
-32.0
-51.0
-52.0
-59.0
-75.0
-63.0
-80.0
-84.0
-55.0
-28.0
-3.0
-4.0
-21.0
-41.0
-71.0
-73.0
-73.0
-109.0
-119.0
-118.0
-135.0
-131.0
-134.0
-130.0
-99.0
-79.0
-71.0
-67.0
-58.0
-30.0
-27.0
-33.0
-42.0
-73.0
-71.0
-61.0
-63.0
-60.0
-76.0
-79.0
-59.0
-81.0
-72.0
-49.0
-43.0
-45.0
-61.0
-76.0
-72.0
-83.0
-87.0
-88.0
-95.0
-89.0
-95.0
-83.0
-52.0
-48.0
-35.0
-40.0
-61.0
-49.0
-33.0
-10.0
9.0
2.0
8.0
-1.0
-26.0
-6.0
-13.0
-40.0
-42.0
-40.0
-34.0
-41.0
-61.0
-64.0
-80.0
-78.0
-58.0
-73.0
-65.0
-68.0
-95.0
-81.0
-83.0
-87.0
-78.0
-61.0
-35.0
-13.0
-4.0
-16.0
-88.0
-124.0
-127.0
-158.0
-178.0
-197.0
-199.0
-179.0
-176.0
-171.0
-144.0
-136.0
-137.0
-137.0
-135.0
-117.0
-108.0
-105.0
-98.0
-118.0
-138.0
-138.0
-131.0
-122.0
-129.0
-98.0
-56.0
-52.0
-60.0
-64.0
-69.0
-54.0
-50.0
-39.0
-36.0
-59.0
-58.0
-62.0
-80.0
-62.0
-37.0
-17.0
-1.0
-11.0
-28.0
-48.0
-62.0
-40.0
-41.0
-39.0
-4.0
-1.0
-30.0
-39.0
-38.0
-46.0
-69.0
-55.0
-27.0
-14.0
6.0
-1.0
-39.0
-60.0
-72.0
-63.0
-37.0
-33.0
-25.0
-30.0
-56.0
-67.0
-81.0
-82.0
-62.0
-80.0
-107.0
-120.0
-127.0
-105.0
-89.0
-60.0
-22.0
-26.0
-24.0
-18.0
-26.0
-29.0
-46.0
-72.0
-64.0
-36.0
-5.0
6.0
-2.0
8.0
8.0
-3.0
-11.0
-27.0
-24.0
-14.0
-11.0
15.0
6.0
1.0
17.0
19.0
37.0
50.0
21.0
9.0
-17.0
-34.0
-4.0
17.0
26.0
23.0
-5.0
-16.0
-21.0
-15.0
-3.0
-33.0
-61.0
-45.0
-32.0
2.0
34.0
34.0
-13.0
-46.0
-17.0
-4.0
-13.0
3.0
-10.0
-20.0
-7.0
-14.0
0.0
13.0
7.0
24.0
38.0
46.0
50.0
29.0
26.0
38.0
50.0
82.0
68.0
43.0
45.0
7.0
-11.0
10.0
21.0
44.0
58.0
66.0
71.0
68.0
80.0
85.0
64.0
62.0
66.0
75.0
97.0
93.0
92.0
103.0
97.0
108.0
103.0
98.0
109.0
98.0
101.0
98.0
91.0
110.0
103.0
100.0
117.0
110.0
108.0
116.0
122.0
130.0
133.0
139.0
147.0
136.0
149.0
157.0
141.0
161.0
178.0
177.0
179.0
181.0
186.0
174.0
156.0
159.0
150.0
143.0
160.0
171.0
184.0
201.0
196.0
210.0
216.0
225.0
242.0
234.0
230.0
219.0
178.0
177.0
185.0
178.0
196.0
204.0
224.0
248.0
259.0
279.0
267.0
240.0
240.0
230.0
232.0
247.0
250.0
276.0
314.0
329.0
333.0
317.0
309.0
295.0
268.0
286.0
297.0
285.0
278.0
266.0
272.0
286.0
277.0
280.0
262.0
248.0
275.0
294.0
316.0
322.0
282.0
248.0
239.0
253.0
285.0
304.0
315.0
306.0
297.0
310.0
305.0
290.0
298.0
312.0
337.0
373.0
388.0
395.0
373.0
355.0
360.0
346.0
352.0
371.0
380.0
404.0
408.0
384.0
382.0
372.0
375.0
394.0
397.0
419.0
430.0
423.0
442.0
445.0
438.0
459.0
467.0
472.0
473.0
457.0
438.0
414.0
407.0
424.0
423.0
440.0
445.0
424.0
417.0
395.0
381.0
386.0
394.0
419.0
432.0
427.0
425.0
399.0
386.0
372.0
357.0
374.0
375.0
369.0
378.0
366.0
382.0
410.0
412.0
436.0
460.0
425.0
402.0
397.0
411.0
419.0
406.0
418.0
423.0
424.0
442.0
426.0
416.0
419.0
408.0
410.0
404.0
394.0
383.0
372.0
385.0
388.0
375.0
385.0
388.0
387.0
405.0
379.0
337.0
328.0
314.0
333.0
359.0
385.0
426.0
433.0
455.0
474.0
413.0
382.0
368.0
362.0
372.0
365.0
358.0
348.0
336.0
349.0
338.0
323.0
343.0
341.0
326.0
328.0
341.0
373.0
384.0
376.0
343.0
286.0
265.0
257.0
223.0
217.0
235.0
251.0
288.0
308.0
318.0
332.0
322.0
328.0
321.0
306.0
313.0
297.0
288.0
288.0
261.0
278.0
312.0
343.0
373.0
382.0
384.0
375.0
347.0
347.0
359.0
379.0
344.0
285.0
275.0
289.0
284.0
294.0
301.0
296.0
304.0
308.0
315.0
314.0
285.0
270.0
253.0
237.0
249.0
251.0
272.0
288.0
262.0
253.0
243.0
220.0
212.0
197.0
195.0
210.0
200.0
194.0
208.0
226.0
249.0
240.0
257.0
277.0
248.0
226.0
229.0
223.0
216.0
207.0
233.0
242.0
221.0
224.0
225.0
211.0
214.0
209.0
206.0
211.0
200.0
205.0
216.0
212.0
218.0
203.0
208.0
206.0
175.0
182.0
184.0
157.0
159.0
162.0
161.0
181.0
177.0
169.0
148.0
127.0
138.0
142.0
139.0
133.0
124.0
135.0
135.0
124.0
136.0
127.0
124.0
116.0
76.0
50.0
57.0
69.0
70.0
52.0
48.0
48.0
34.0
53.0
81.0
83.0
82.0
33.0
1.0
3.0
-8.0
3.0
7.0
4.0
21.0
18.0
0.0
-7.0
-12.0
7.0
34.0
48.0
27.0
-8.0
-13.0
-6.0
-12.0
3.0
33.0
41.0
49.0
51.0
47.0
37.0
20.0
16.0
7.0
-1.0
34.0
41.0
29.0
32.0
22.0
27.0
40.0
35.0
35.0
26.0
6.0
-9.0
-31.0
-32.0
-19.0
-7.0
15.0
15.0
2.0
-3.0
-27.0
-33.0
-24.0
-20.0
-16.0
-24.0
-25.0
-6.0
-15.0
-23.0
-15.0
-35.0
-55.0
-59.0
-48.0
-40.0
-46.0
-40.0
-52.0
-71.0
-60.0
-62.0
-64.0
-58.0
-84.0
-89.0
-89.0
-108.0
-106.0
-105.0
-112.0
-107.0
-115.0
-115.0
-112.0
-122.0
-129.0
-150.0
-167.0
-160.0
-138.0
-93.0
-44.0
-29.0
-36.0
-68.0
-111.0
-145.0
-186.0
-185.0
-165.0
-170.0
-163.0
-139.0
-124.0
-110.0
-115.0
-131.0
-161.0
-195.0
-194.0
-167.0
-128.0
-100.0
-112.0
-105.0
-100.0
-129.0
-141.0
-156.0
-175.0
-183.0
-200.0
-208.0
-219.0
-234.0
-224.0
-203.0
-163.0
-131.0
-133.0
-133.0
-183.0
-258.0
-271.0
-275.0
-282.0
-277.0
-283.0
-278.0
-256.0
-246.0
-222.0
-217.0
-215.0
-210.0
-222.0
-230.0
-236.0
-250.0
-256.0
-254.0
-240.0
-209.0
-190.0
-184.0
-195.0
-221.0
-221.0
-215.0
-221.0
-243.0
-272.0
-280.0
-281.0
-276.0
-251.0
-235.0
-224.0
-201.0
-200.0
-192.0
-184.0
-200.0
-214.0
-218.0
-197.0
-187.0
-226.0
-228.0
-211.0
-241.0
-248.0
-254.0
-265.0
-259.0
-265.0
-259.0
-261.0
-277.0
-256.0
-244.0
-241.0
-231.0
-249.0
-261.0
-261.0
-258.0
-253.0
-277.0
-296.0
-286.0
-282.0
-275.0
-280.0
-324.0
-335.0
-307.0
-269.0
-231.0
-220.0
-206.0
-213.0
-237.0
-247.0
-269.0
-285.0
-294.0
-309.0
-321.0
-331.0
-355.0
-336.0
-307.0
-274.0
-238.0
-230.0
-220.0
-232.0
-259.0
-253.0
-258.0
-275.0
-278.0
-305.0
-335.0
-364.0
-392.0
-401.0
-404.0
-383.0
-335.0
-329.0
-317.0
-290.0
-291.0
-282.0
-279.0
-277.0
-275.0
-284.0
-280.0
-294.0
-332.0
-362.0
-386.0
-395.0
-389.0
-401.0
-388.0
-337.0
-312.0
-303.0
-300.0
-306.0
-279.0
-258.0
-256.0
-274.0
-327.0
-381.0
-418.0
-422.0
-390.0
-367.0
-350.0
-334.0
-350.0
-362.0
-364.0
-373.0
-361.0
-355.0
-350.0
-351.0
-362.0
-355.0
-353.0
-337.0
-297.0
-296.0
-304.0
-297.0
-295.0
-290.0
-290.0
-282.0
-262.0
-269.0
-271.0
-265.0
-284.0
-290.0
-291.0
-280.0
-248.0
-248.0
-245.0
-230.0
-232.0
-230.0
-246.0
-259.0
-258.0
-272.0
-284.0
-294.0
-314.0
-304.0
-280.0
-257.0
-229.0
-230.0
-232.0
-239.0
-272.0
-301.0
-325.0
-333.0
-301.0
-301.0
-309.0
-308.0
-307.0
-282.0
-272.0
-278.0
-283.0
-303.0
-316.0
-313.0
-289.0
-264.0
-277.0
-290.0
-276.0
-266.0
-266.0
-272.0
-282.0
-266.0
-262.0
-266.0
-250.0
-260.0
-263.0
-265.0
-274.0
-260.0
-246.0
-238.0
-232.0
-246.0
-253.0
-252.0
-270.0
-284.0
-312.0
-341.0
-350.0
-342.0
-304.0
-265.0
-257.0
-248.0
-253.0
-279.0
-282.0
-288.0
-298.0
-307.0
-320.0
-325.0
-342.0
-359.0
-350.0
-355.0
-361.0
-358.0
-372.0
-360.0
-360.0
-369.0
-348.0
-343.0
-331.0
-305.0
-327.0
-355.0
-358.0
-350.0
-349.0
-367.0
-373.0
-350.0
-343.0
-324.0
-304.0
-305.0
-323.0
-363.0
-373.0
-366.0
-401.0
-422.0
-433.0
-450.0
-429.0
-398.0
-371.0
-351.0
-353.0
-344.0
-336.0
-338.0
-317.0
-308.0
-319.0
-329.0
-350.0
-359.0
-363.0
-370.0
-365.0
-362.0
-344.0
-332.0
-335.0
-326.0
-317.0
-305.0
-271.0
-261.0
-262.0
-263.0
-281.0
-286.0
-305.0
-307.0
-278.0
-276.0
-264.0
-244.0
-248.0
-235.0
-233.0
-255.0
-253.0
-261.0
-275.0
-272.0
-295.0
-323.0
-331.0
-333.0
-323.0
-325.0
-325.0
-302.0
-315.0
-331.0
-326.0
-312.0
-290.0
-292.0
-291.0
-297.0
-320.0
-309.0
-297.0
-297.0
-276.0
-262.0
-246.0
-225.0
-235.0
-242.0
-256.0
-265.0
-260.0
-263.0
-264.0
-246.0
-241.0
-240.0
-252.0
-270.0
-272.0
-300.0
-312.0
-287.0
-279.0
-273.0
-280.0
-300.0
-312.0
-324.0
-320.0
-289.0
-272.0
-261.0
-259.0
-284.0
-306.0
-326.0
-341.0
-337.0
-327.0
-309.0
-279.0
-243.0
-214.0
-227.0
-248.0
-263.0
-290.0
-299.0
-299.0
-307.0
-299.0
-288.0
-271.0
-251.0
-263.0
-273.0
-279.0
-299.0
-306.0
-310.0
-290.0
-239.0
-218.0
-203.0
-230.0
-268.0
-272.0
-291.0
-301.0
-294.0
-296.0
-294.0
-289.0
-280.0
-252.0
-249.0
-254.0
-247.0
-240.0
-221.0
-225.0
-251.0
-265.0
-278.0
-283.0
-281.0
-269.0
-219.0
-190.0
-193.0
-197.0
-219.0
-226.0
-209.0
-214.0
-234.0
-258.0
-275.0
-261.0
-243.0
-220.0
-197.0
-200.0
-190.0
-168.0
-149.0
-140.0
-160.0
-180.0
-197.0
-221.0
-225.0
-234.0
-245.0
-233.0
-239.0
-231.0
-194.0
-173.0
-165.0
-162.0
-173.0
-183.0
-202.0
-216.0
-213.0
-208.0
-205.0
-214.0
-245.0
-248.0
-242.0
-230.0
-194.0
-184.0
-165.0
-153.0
-160.0
-151.0
-169.0
-190.0
-156.0
-195.0
-277.0
-278.0
-272.0
-257.0
-241.0
-231.0
-214.0
-210.0
-208.0
-202.0
-208.0
-209.0
-214.0
-232.0
-229.0
-224.0
-204.0
-200.0
-220.0
-231.0
-252.0
-249.0
-219.0
-208.0
-192.0
-186.0
-206.0
-216.0
-228.0
-242.0
-248.0
-242.0
-218.0
-218.0
-224.0
-200.0
-188.0
-190.0
-171.0
-181.0
-190.0
-196.0
-216.0
-220.0
-217.0
-200.0
-173.0
-177.0
-221.0
-294.0
-334.0
-309.0
-291.0
-280.0
-259.0
-267.0
-262.0
-241.0
-243.0
-231.0
-220.0
-219.0
-212.0
-209.0
-203.0
-221.0
-247.0
-246.0
-250.0
-252.0
-233.0
-224.0
-216.0
-199.0
-180.0
-164.0
-164.0
-165.0
-166.0
-194.0
-244.0
-288.0
-301.0
-266.0
-232.0
-206.0
-184.0
-196.0
-188.0
-171.0
-182.0
-180.0
-183.0
-185.0
-176.0
-192.0
-202.0
-208.0
-213.0
-213.0
-228.0
-237.0
-229.0
-235.0
-232.0
-214.0
-209.0
-200.0
-196.0
-200.0
-172.0
-148.0
-157.0
-185.0
-171.0
-150.0
-155.0
-154.0
-153.0
-156.0
-139.0
-147.0
-187.0
-195.0
-193.0
-171.0
-150.0
-162.0
-165.0
-167.0
-175.0
-166.0
-166.0
-173.0
-154.0
-161.0
-166.0
-156.0
-169.0
-175.0
-174.0
-166.0
-143.0
-151.0
-168.0
-165.0
-167.0
-158.0
-156.0
-165.0
-169.0
-176.0
-157.0
-128.0
-152.0
-177.0
-184.0
-186.0
-187.0
-210.0
-210.0
-195.0
-202.0
-192.0
-191.0
-197.0
-187.0
-192.0
-195.0
-205.0
-221.0
-224.0
-219.0
-196.0
-157.0
-146.0
-155.0
-194.0
-217.0
-200.0
-217.0
-234.0
-215.0
-204.0
-201.0
-199.0
-209.0
-195.0
-197.0
-220.0
-212.0
-215.0
-218.0
-203.0
-197.0
-199.0
-214.0
-228.0
-211.0
-206.0
-201.0
-199.0
-210.0
-205.0
-191.0
-187.0
-178.0
-184.0
-188.0
-179.0
-186.0
-172.0
-171.0
-161.0
-140.0
-141.0
-137.0
-127.0
-129.0
-108.0
-108.0
-139.0
-154.0
-171.0
-168.0
-155.0
-166.0
-173.0
-183.0
-191.0
-175.0
-166.0
-149.0
-153.0
-178.0
-169.0
-149.0
-149.0
-147.0
-170.0
-184.0
-186.0
-208.0
-215.0
-222.0
-211.0
-181.0
-170.0
-156.0
-139.0
-160.0
-158.0
-164.0
-197.0
-217.0
-219.0
-203.0
-183.0
-188.0
-187.0
-185.0
-188.0
-182.0
-191.0
-192.0
-187.0
-202.0
-204.0
-191.0
-170.0
-159.0
-182.0
-188.0
-161.0
-165.0
-173.0
-177.0
-216.0
-240.0
-257.0
-246.0
-207.0
-190.0
-172.0
-160.0
-141.0
-106.0
-106.0
-119.0
-133.0
-163.0
-197.0
-228.0
-245.0
-229.0
-212.0
-195.0
-185.0
-195.0
-206.0
-227.0
-219.0
-161.0
-127.0
-117.0
-112.0
-132.0
-195.0
-238.0
-243.0
-235.0
-224.0
-194.0
-156.0
-147.0
-130.0
-135.0
-148.0
-142.0
-154.0
-162.0
-159.0
-164.0
-151.0
-125.0
-112.0
-101.0
-115.0
-133.0
-138.0
-146.0
-146.0
-145.0
-139.0
-125.0
-131.0
-133.0
-110.0
-106.0
-107.0
-84.0
-72.0
-55.0
-52.0
-48.0
-44.0
-53.0
-50.0
-36.0
-26.0
-23.0
-59.0
-84.0
-86.0
-79.0
-63.0
-62.0
-74.0
-84.0
-98.0
-87.0
-74.0
-92.0
-88.0
-68.0
-53.0
-25.0
-14.0
0.0
19.0
19.0
20.0
11.0
-14.0
-32.0
-37.0
-22.0
7.0
1.0
-3.0
-7.0
-5.0
22.0
35.0
51.0
88.0
107.0
111.0
88.0
53.0
38.0
18.0
13.0
21.0
21.0
23.0
7.0
-12.0
-6.0
-2.0
20.0
64.0
94.0
120.0
107.0
80.0
69.0
48.0
40.0
35.0
39.0
74.0
112.0
139.0
174.0
182.0
158.0
149.0
128.0
122.0
139.0
157.0
178.0
170.0
163.0
171.0
164.0
148.0
127.0
89.0
78.0
89.0
127.0
172.0
184.0
176.0
103.0
31.0
14.0
-1.0
18.0
64.0
79.0
100.0
95.0
75.0
89.0
102.0
119.0
141.0
155.0
191.0
212.0
210.0
216.0
213.0
206.0
196.0
176.0
184.0
194.0
177.0
172.0
172.0
160.0
150.0
146.0
172.0
200.0
218.0
233.0
219.0
216.0
232.0
227.0
236.0
247.0
225.0
211.0
193.0
180.0
190.0
172.0
165.0
166.0
169.0
200.0
205.0
212.0
224.0
202.0
178.0
162.0
153.0
175.0
200.0
218.0
242.0
234.0
210.0
174.0
134.0
124.0
133.0
155.0
182.0
185.0
206.0
221.0
195.0
189.0
184.0
182.0
185.0
177.0
196.0
196.0
166.0
177.0
195.0
209.0
220.0
208.0
210.0
215.0
203.0
185.0
163.0
175.0
199.0
194.0
204.0
224.0
203.0
183.0
151.0
134.0
140.0
141.0
153.0
166.0
178.0
182.0
165.0
159.0
176.0
168.0
155.0
148.0
156.0
172.0
171.0
178.0
185.0
165.0
155.0
155.0
136.0
114.0
82.0
73.0
99.0
114.0
145.0
157.0
96.0
68.0
61.0
28.0
6.0
6.0
34.0
60.0
79.0
103.0
122.0
133.0
126.0
89.0
55.0
40.0
24.0
27.0
46.0
65.0
96.0
117.0
152.0
175.0
173.0
187.0
185.0
174.0
143.0
85.0
56.0
59.0
46.0
51.0
55.0
51.0
59.0
70.0
102.0
131.0
124.0
109.0
100.0
92.0
90.0
74.0
71.0
58.0
39.0
52.0
63.0
71.0
87.0
91.0
83.0
55.0
19.0
13.0
2.0
-1.0
15.0
3.0
2.0
7.0
15.0
39.0
36.0
22.0
1.0
-51.0
-78.0
-72.0
-64.0
-36.0
-14.0
7.0
39.0
41.0
38.0
37.0
20.0
10.0
-15.0
-39.0
-42.0
-48.0
-40.0
-24.0
-14.0
8.0
-1.0
-15.0
-17.0
-26.0
-24.0
-37.0
-63.0
-53.0
-41.0
-41.0
-29.0
-38.0
-30.0
-6.0
-10.0
-26.0
-56.0
-71.0
-70.0
-77.0
-63.0
-43.0
-49.0
-52.0
-61.0
-68.0
-61.0
-69.0
-60.0
-61.0
-91.0
-88.0
-81.0
-73.0
-53.0
-41.0
-23.0
-24.0
-76.0
-144.0
-190.0
-201.0
-192.0
-188.0
-163.0
-128.0
-103.0
-93.0
-110.0
-122.0
-121.0
-139.0
-147.0
-144.0
-149.0
-128.0
-118.0
-120.0
-119.0
-145.0
-148.0
-136.0
-155.0
-163.0
-167.0
-161.0
-146.0
-152.0
-143.0
-128.0
-133.0
-111.0
-102.0
-108.0
-95.0
-98.0
-104.0
-106.0
-102.0
-83.0
-88.0
-85.0
-76.0
-100.0
-109.0
-99.0
-100.0
-92.0
-83.0
-87.0
-103.0
-151.0
-167.0
-163.0
-192.0
-192.0
-187.0
-195.0
-186.0
-188.0
-178.0
-173.0
-176.0
-166.0
-177.0
-190.0
-186.0
-191.0
-185.0
-181.0
-186.0
-171.0
-170.0
-180.0
-175.0
-184.0
-212.0
-231.0
-240.0
-231.0
-229.0
-230.0
-208.0
-208.0
-211.0
-208.0
-207.0
-175.0
-162.0
-174.0
-173.0
-190.0
-196.0
-193.0
-206.0
-202.0
-201.0
-200.0
-198.0
-214.0
-222.0
-222.0
-239.0
-225.0
-200.0
-201.0
-189.0
-198.0
-209.0
-190.0
-197.0
-198.0
-213.0
-238.0
-243.0
-249.0
-247.0
-233.0
-224.0
-206.0
-209.0
-219.0
-223.0
-254.0
-267.0
-254.0
-253.0
-252.0
-271.0
-277.0
-241.0
-229.0
-216.0
-221.0
-267.0
-285.0
-291.0
-304.0
-308.0
-326.0
-326.0
-308.0
-302.0
-288.0
-291.0
-281.0
-248.0
-238.0
-222.0
-192.0
-182.0
-180.0
-202.0
-241.0
-262.0
-286.0
-284.0
-252.0
-244.0
-235.0
-215.0
-214.0
-222.0
-235.0
-233.0
-228.0
-248.0
-263.0
-274.0
-274.0
-276.0
-282.0
-270.0
-243.0
-220.0
-197.0
-210.0
-233.0
-238.0
-251.0
-247.0
-241.0
-262.0
-253.0
-234.0
-225.0
-210.0
-206.0
-219.0
-240.0
-258.0
-247.0
-224.0
-216.0
-194.0
-194.0
-200.0
-195.0
-228.0
-241.0
-244.0
-251.0
-253.0
-279.0
-279.0
-253.0
-248.0
-240.0
-249.0
-278.0
-279.0
-279.0
-270.0
-263.0
-278.0
-280.0
-284.0
-285.0
-283.0
-306.0
-315.0
-304.0
-307.0
-278.0
-253.0
-253.0
-241.0
-241.0
-239.0
-233.0
-246.0
-241.0
-238.0
-237.0
-208.0
-215.0
-245.0
-248.0
-263.0
-286.0
-304.0
-311.0
-292.0
-263.0
-238.0
-223.0
-204.0
-178.0
-178.0
-195.0
-197.0
-202.0
-204.0
-210.0
-228.0
-215.0
-219.0
-237.0
-232.0
-243.0
-240.0
-237.0
-265.0
-280.0
-276.0
-282.0
-281.0
-276.0
-260.0
-225.0
-208.0
-193.0
-240.0
-324.0
-357.0
-365.0
-358.0
-341.0
-341.0
-327.0
-333.0
-350.0
-330.0
-300.0
-271.0
-241.0
-244.0
-249.0
-272.0
-278.0
-260.0
-277.0
-271.0
-252.0
-254.0
-259.0
-269.0
-278.0
-257.0
-235.0
-220.0
-203.0
-209.0
-214.0
-217.0
-221.0
-216.0
-226.0
-221.0
-209.0
-224.0
-231.0
-243.0
-251.0
-225.0
-227.0
-222.0
-191.0
-194.0
-211.0
-222.0
-246.0
-251.0
-262.0
-273.0
-262.0
-256.0
-252.0
-257.0
-277.0
-271.0
-273.0
-270.0
-232.0
-217.0
-213.0
-212.0
-231.0
-242.0
-258.0
-233.0
-208.0
-223.0
-234.0
-242.0
-243.0
-218.0
-203.0
-177.0
-158.0
-181.0
-188.0
-193.0
-229.0
-244.0
-247.0
-237.0
-224.0
-244.0
-242.0
-237.0
-254.0
-249.0
-256.0
-239.0
-211.0
-223.0
-250.0
-262.0
-252.0
-226.0
-223.0
-233.0
-237.0
-256.0
-246.0
-251.0
-266.0
-242.0
-234.0
-226.0
-215.0
-222.0
-221.0
-210.0
-195.0
-178.0
-167.0
-156.0
-163.0
-202.0
-231.0
-245.0
-251.0
-218.0
-207.0
-205.0
-196.0
-211.0
-224.0
-230.0
-229.0
-218.0
-239.0
-259.0
-270.0
-279.0
-245.0
-222.0
-214.0
-187.0
-190.0
-232.0
-258.0
-290.0
-308.0
-313.0
-321.0
-301.0
-290.0
-286.0
-258.0
-233.0
-204.0
-201.0
-228.0
-237.0
-249.0
-253.0
-249.0
-262.0
-248.0
-225.0
-225.0
-211.0
-206.0
-190.0
-156.0
-155.0
-164.0
-177.0
-184.0
-178.0
-201.0
-204.0
-191.0
-213.0
-196.0
-165.0
-166.0
-145.0
-124.0
-116.0
-98.0
-92.0
-98.0
-111.0
-131.0
-139.0
-175.0
-223.0
-236.0
-238.0
-213.0
-190.0
-172.0
-142.0
-133.0
-136.0
-134.0
-135.0
-132.0
-152.0
-187.0
-191.0
-197.0
-194.0
-191.0
-216.0
-217.0
-203.0
-203.0
-204.0
-227.0
-231.0
-195.0
-194.0
-185.0
-161.0
-154.0
-143.0
-146.0
-164.0
-149.0
-158.0
-169.0
-173.0
-186.0
-197.0
-200.0
-179.0
-142.0
-145.0
-148.0
-141.0
-162.0
-176.0
-188.0
-185.0
-138.0
-126.0
-156.0
-151.0
-169.0
-178.0
-183.0
-178.0
-162.0
-174.0
-172.0
-157.0
-153.0
-127.0
-114.0
-113.0
-102.0
-119.0
-139.0
-154.0
-163.0
-137.0
-130.0
-120.0
-103.0
-117.0
-109.0
-107.0
-125.0
-123.0
-144.0
-173.0
-163.0
-158.0
-134.0
-120.0
-122.0
-146.0
-201.0
-205.0
-186.0
-206.0
-222.0
-216.0
-197.0
-164.0
-162.0
-171.0
-161.0
-176.0
-177.0
-160.0
-166.0
-154.0
-147.0
-144.0
-136.0
-147.0
-139.0
-143.0
-169.0
-159.0
-151.0
-153.0
-148.0
-152.0
-154.0
-157.0
-166.0
-131.0
-119.0
-126.0
-111.0
-117.0
-130.0
-127.0
-134.0
-123.0
-119.0
-117.0
-105.0
-124.0
-144.0
-162.0
-189.0
-188.0
-180.0
-172.0
-152.0
-151.0
-164.0
-180.0
-186.0
-164.0
-138.0
-133.0
-133.0
-146.0
-158.0
-185.0
-219.0
-208.0
-187.0
-163.0
-134.0
-137.0
-130.0
-133.0
-152.0
-162.0
-182.0
-199.0
-192.0
-201.0
-203.0
-189.0
-164.0
-140.0
-149.0
-169.0
-182.0
-199.0
-191.0
-171.0
-138.0
-84.0
-77.0
-109.0
-122.0
-145.0
-173.0
-197.0
-228.0
-228.0
-231.0
-248.0
-233.0
-221.0
-203.0
-180.0
-159.0
-110.0
-96.0
-111.0
-101.0
-103.0
-113.0
-127.0
-155.0
-169.0
-216.0
-213.0
-170.0
-156.0
-134.0
-110.0
-114.0
-98.0
-98.0
-117.0
-119.0
-138.0
-159.0
-175.0
-200.0
-221.0
-232.0
-248.0
-225.0
-194.0
-149.0
-109.0
-114.0
-142.0
-162.0
-169.0
-178.0
-204.0
-210.0
-209.0
-231.0
-216.0
-200.0
-182.0
-142.0
-127.0
-114.0
-108.0
-129.0
-146.0
-147.0
-110.0
-71.0
-67.0
-72.0
-106.0
-166.0
-188.0
-183.0
-160.0
-124.0
-119.0
-116.0
-101.0
-92.0
-56.0
-22.0
0.0
23.0
14.0
3.0
-7.0
-36.0
-48.0
-59.0
-69.0
-55.0
-60.0
-55.0
-35.0
-54.0
-57.0
-37.0
-23.0
-95.0
-162.0
-150.0
-118.0
-109.0
-92.0
-82.0
-71.0
-46.0
-49.0
-59.0
-61.0
-76.0
-69.0
-46.0
-24.0
24.0
43.0
39.0
41.0
25.0
21.0
14.0
4.0
20.0
12.0
-11.0
-39.0
-71.0
-61.0
-41.0
-13.0
32.0
35.0
37.0
72.0
100.0
94.0
61.0
30.0
17.0
-19.0
-58.0
-88.0
-105.0
-88.0
-71.0
-68.0
-46.0
-45.0
-49.0
-44.0
-43.0
-26.0
-15.0
-21.0
-15.0
-30.0
-49.0
-48.0
-60.0
-51.0
-46.0
-39.0
-13.0
-1.0
-4.0
3.0
-8.0
-14.0
-16.0
-17.0
-32.0
-52.0
-55.0
-46.0
-45.0
-41.0
-32.0
-35.0
-43.0
-58.0
-36.0
-6.0
-12.0
-7.0
-36.0
-103.0
-121.0
-128.0
-124.0
-110.0
-107.0
-74.0
-54.0
-62.0
-52.0
-50.0
-46.0
-39.0
-44.0
-43.0
-50.0
-43.0
-4.0
24.0
32.0
27.0
10.0
-13.0
-30.0
-27.0
-19.0
-25.0
-27.0
-21.0
-24.0
-17.0
-21.0
-40.0
-38.0
-44.0
-53.0
-48.0
-42.0
-4.0
25.0
31.0
36.0
27.0
15.0
10.0
-29.0
-55.0
-41.0
-29.0
-13.0
-3.0
-7.0
-30.0
-69.0
-78.0
-71.0
-74.0
-51.0
-31.0
-34.0
-50.0
-77.0
-87.0
-82.0
-53.0
1.0
25.0
42.0
48.0
23.0
4.0
-17.0
-43.0
-27.0
-10.0
-2.0
14.0
5.0
-1.0
-10.0
-22.0
-10.0
2.0
6.0
13.0
-5.0
-12.0
-16.0
-44.0
-69.0
-105.0
-118.0
-94.0
-72.0
-44.0
-27.0
-22.0
-1.0
-1.0
-7.0
-21.0
-62.0
-86.0
-105.0
-130.0
-130.0
-148.0
-166.0
-146.0
-103.0
-30.0
23.0
50.0
81.0
73.0
52.0
62.0
49.0
-2.0
-4.0
-6.0
-23.0
-45.0
-50.0
-34.0
-51.0
-55.0
-33.0
-17.0
16.0
30.0
18.0
29.0
30.0
38.0
42.0
6.0
-44.0
-68.0
-66.0
-55.0
-68.0
-76.0
-53.0
-24.0
12.0
40.0
28.0
-2.0
-43.0
-64.0
-57.0
-39.0
-6.0
-16.0
-29.0
-12.0
-11.0
-6.0
-5.0
-7.0
11.0
13.0
12.0
28.0
13.0
-7.0
-18.0
-33.0
-29.0
-26.0
-14.0
6.0
5.0
18.0
15.0
13.0
39.0
69.0
74.0
79.0
64.0
44.0
41.0
38.0
50.0
35.0
26.0
46.0
56.0
75.0
77.0
56.0
51.0
39.0
27.0
47.0
37.0
25.0
16.0
-23.0
-20.0
-17.0
-34.0
-23.0
-12.0
0.0
27.0
27.0
34.0
37.0
26.0
25.0
15.0
14.0
9.0
-6.0
3.0
10.0
9.0
13.0
2.0
-20.0
-36.0
-45.0
-26.0
-17.0
-22.0
2.0
17.0
24.0
15.0
-4.0
2.0
-16.0
-38.0
-39.0
-37.0
-8.0
12.0
-4.0
4.0
4.0
-10.0
-2.0
2.0
12.0
19.0
3.0
-16.0
-42.0
-62.0
-71.0
-87.0
-79.0
-49.0
-39.0
-25.0
-24.0
-29.0
-17.0
-40.0
-72.0
-95.0
-99.0
-58.0
-29.0
-26.0
-41.0
-117.0
-156.0
-149.0
-137.0
-92.0
-69.0
-78.0
-87.0
-111.0
-124.0
-127.0
-124.0
-99.0
-82.0
-73.0
-53.0
-59.0
-53.0
-43.0
-46.0
-33.0
-41.0
-61.0
-40.0
-35.0
-42.0
-53.0
-83.0
-73.0
-73.0
-76.0
-35.0
-12.0
5.0
7.0
-24.0
-39.0
-35.0
-26.0
-11.0
-22.0
-31.0
-43.0
-73.0
-82.0
-72.0
-71.0
-82.0
-108.0
-86.0
-37.0
1.0
22.0
2.0
-30.0
-36.0
-65.0
-88.0
-80.0
-89.0
-81.0
-81.0
-87.0
-73.0
-68.0
-67.0
-62.0
-59.0
-27.0
-10.0
-7.0
2.0
-23.0
-60.0
-74.0
-85.0
-68.0
-59.0
-60.0
-38.0
-27.0
-13.0
-1.0
-33.0
-52.0
-71.0
-84.0
-61.0
-63.0
-60.0
-39.0
-36.0
-25.0
-30.0
-47.0
-38.0
-37.0
-44.0
-63.0
-83.0
-71.0
-71.0
-65.0
-23.0
-23.0
-39.0
-39.0
-46.0
-53.0
-64.0
-88.0
-95.0
-90.0
-87.0
-76.0
-73.0
-51.0
-19.0
-43.0
-50.0
-55.0
-38.0
-5.0
-22.0
-31.0
-21.0
-26.0
-20.0
-35.0
-89.0
-119.0
-118.0
-98.0
-90.0
-78.0
-50.0
-39.0
-40.0
-40.0
-57.0
-50.0
-32.0
-26.0
7.0
30.0
43.0
45.0
28.0
40.0
48.0
30.0
13.0
-4.0
-4.0
18.0
19.0
39.0
61.0
59.0
68.0
58.0
53.0
70.0
46.0
32.0
33.0
30.0
42.0
34.0
39.0
72.0
58.0
37.0
52.0
76.0
87.0
83.0
90.0
88.0
74.0
74.0
54.0
16.0
12.0
13.0
45.0
40.0
-5.0
3.0
25.0
20.0
25.0
20.0
5.0
-6.0
-21.0
-7.0
2.0
-1.0
15.0
15.0
-1.0
-25.0
-44.0
-25.0
-13.0
-17.0
12.0
36.0
41.0
50.0
29.0
8.0
15.0
17.0
13.0
-26.0
-51.0
-50.0
-42.0
-10.0
5.0
-8.0
-1.0
2.0
-10.0
-10.0
-11.0
-8.0
-23.0
-35.0
-20.0
-17.0
-22.0
-17.0
-23.0
-8.0
9.0
1.0
13.0
5.0
-4.0
11.0
7.0
14.0
4.0
-18.0
-14.0
-16.0
-27.0
-22.0
-18.0
9.0
33.0
13.0
2.0
-27.0
-58.0
-51.0
-50.0
-43.0
-37.0
-33.0
-45.0
-93.0
-97.0
-74.0
-75.0
-55.0
-26.0
-28.0
-30.0
-48.0
-68.0
-67.0
-72.0
-56.0
-27.0
-36.0
-56.0
-56.0
-33.0
-3.0
0.0
14.0
26.0
14.0
2.0
-12.0
-18.0
-13.0
-14.0
-4.0
-5.0
-3.0
11.0
13.0
-1.0
-13.0
-21.0
12.0
45.0
58.0
75.0
61.0
31.0
23.0
20.0
27.0
28.0
30.0
41.0
35.0
31.0
43.0
35.0
35.0
35.0
28.0
42.0
27.0
8.0
11.0
-4.0
-6.0
-3.0
-14.0
9.0
21.0
40.0
50.0
21.0
20.0
21.0
-3.0
-22.0
-67.0
-96.0
-66.0
-20.0
37.0
54.0
29.0
17.0
5.0
-4.0
2.0
-5.0
-1.0
2.0
-3.0
-3.0
-15.0
-27.0
-31.0
-46.0
-46.0
-48.0
-64.0
-62.0
-53.0
-28.0
-3.0
-20.0
-27.0
-30.0
-42.0
-36.0
-49.0
-68.0
-72.0
-72.0
-42.0
-21.0
-27.0
-28.0
-49.0
-52.0
-15.0
-2.0
16.0
31.0
18.0
14.0
-12.0
-30.0
-32.0
-42.0
-44.0
-58.0
-94.0
-110.0
-102.0
-76.0
-39.0
-34.0
-32.0
-50.0
-61.0
-43.0
-42.0
-55.0
-67.0
-118.0
-141.0
-119.0
-110.0
-87.0
-64.0
-54.0
-43.0
-72.0
-97.0
-106.0
-120.0
-104.0
-109.0
-124.0
-114.0
-109.0
-85.0
-35.0
11.0
40.0
40.0
37.0
-17.0
-84.0
-95.0
-71.0
-66.0
-36.0
-11.0
-1.0
14.0
10.0
35.0
67.0
74.0
81.0
73.0
64.0
67.0
42.0
18.0
21.0
4.0
-13.0
-8.0
-4.0
-6.0
-17.0
-5.0
9.0
2.0
8.0
-7.0
-40.0
-47.0
-53.0
-31.0
-11.0
-35.0
-52.0
-66.0
-72.0
-48.0
-29.0
2.0
23.0
30.0
53.0
44.0
18.0
-17.0
-53.0
-56.0
-44.0
-39.0
-35.0
-48.0
-64.0
-58.0
-50.0
-28.0
7.0
41.0
70.0
58.0
32.0
15.0
-7.0
-16.0
-23.0
-53.0
-63.0
-59.0
-44.0
-26.0
-19.0
21.0
29.0
1.0
32.0
46.0
37.0
49.0
60.0
93.0
125.0
121.0
125.0
133.0
116.0
103.0
97.0
100.0
93.0
76.0
105.0
147.0
192.0
242.0
263.0
271.0
260.0
218.0
196.0
180.0
171.0
187.0
182.0
197.0
234.0
245.0
254.0
261.0
257.0
264.0
254.0
249.0
249.0
244.0
270.0
284.0
284.0
294.0
260.0
244.0
260.0
258.0
278.0
304.0
318.0
342.0
336.0
331.0
342.0
334.0
346.0
361.0
375.0
411.0
425.0
437.0
456.0
459.0
459.0
450.0
450.0
469.0
470.0
469.0
452.0
421.0
430.0
462.0
482.0
506.0
497.0
517.0
551.0
536.0
541.0
544.0
539.0
554.0
554.0
557.0
555.0
548.0
587.0
609.0
583.0
566.0
533.0
500.0
485.0
477.0
515.0
543.0
539.0
555.0
568.0
561.0
562.0
566.0
582.0
567.0
524.0
519.0
536.0
535.0
516.0
503.0
522.0
544.0
569.0
590.0
557.0
534.0
550.0
563.0
597.0
612.0
590.0
583.0
549.0
545.0
587.0
585.0
565.0
553.0
527.0
532.0
535.0
559.0
607.0
604.0
619.0
644.0
637.0
637.0
624.0
604.0
566.0
536.0
556.0
563.0
544.0
553.0
539.0
527.0
540.0
530.0
551.0
578.0
583.0
616.0
634.0
610.0
619.0
610.0
586.0
561.0
541.0
542.0
511.0
479.0
477.0
480.0
523.0
547.0
552.0
569.0
546.0
530.0
519.0
455.0
417.0
423.0
443.0
479.0
495.0
483.0
442.0
424.0
439.0
446.0
449.0
490.0
492.0
473.0
472.0
455.0
460.0
457.0
443.0
464.0
472.0
487.0
498.0
493.0
515.0
514.0
488.0
482.0
463.0
453.0
466.0
459.0
476.0
483.0
483.0
496.0
484.0
498.0
521.0
494.0
483.0
486.0
466.0
450.0
442.0
464.0
486.0
483.0
493.0
495.0
495.0
514.0
494.0
467.0
450.0
428.0
441.0
441.0
399.0
374.0
357.0
362.0
394.0
399.0
402.0
397.0
380.0
369.0
352.0
341.0
347.0
350.0
371.0
385.0
387.0
427.0
444.0
370.0
323.0
314.0
301.0
294.0
296.0
318.0
324.0
331.0
336.0
316.0
330.0
359.0
347.0
350.0
334.0
307.0
305.0
305.0
323.0
298.0
263.0
281.0
291.0
278.0
277.0
274.0
289.0
292.0
276.0
266.0
243.0
212.0
204.0
199.0
209.0
225.0
231.0
242.0
245.0
244.0
254.0
230.0
219.0
232.0
219.0
212.0
181.0
140.0
140.0
143.0
157.0
177.0
172.0
164.0
133.0
108.0
114.0
122.0
145.0
163.0
170.0
220.0
171.0
94.0
114.0
115.0
107.0
113.0
109.0
116.0
118.0
104.0
102.0
82.0
63.0
74.0
86.0
117.0
131.0
126.0
118.0
99.0
110.0
117.0
104.0
96.0
86.0
71.0
72.0
65.0
74.0
95.0
100.0
116.0
115.0
108.0
114.0
105.0
105.0
88.0
76.0
106.0
119.0
112.0
107.0
100.0
101.0
94.0
80.0
95.0
82.0
62.0
68.0
53.0
57.0
69.0
54.0
44.0
23.0
4.0
13.0
6.0
14.0
27.0
5.0
-20.0
-41.0
-47.0
-17.0
-15.0
-5.0
21.0
14.0
4.0
-19.0
-21.0
-8.0
-19.0
-19.0
-16.0
-30.0
-34.0
-46.0
-57.0
-56.0
-59.0
-62.0
-80.0
-113.0
-113.0
-107.0
-105.0
-97.0
-89.0
-83.0
-89.0
-105.0
-109.0
-115.0
-125.0
-119.0
-129.0
-147.0
-149.0
-154.0
-154.0
-160.0
-167.0
-138.0
-116.0
-97.0
-93.0
-96.0
-84.0
-90.0
-95.0
-110.0
-154.0
-147.0
-134.0
-134.0
-130.0
-140.0
-155.0
-163.0
-166.0
-158.0
-173.0
-211.0
-214.0
-220.0
-247.0
-248.0
-260.0
-261.0
-242.0
-231.0
-161.0
-152.0
-271.0
-275.0
-262.0
-269.0
-259.0
-268.0
-267.0
-267.0
-278.0
-267.0
-256.0
-244.0
-252.0
-268.0
-245.0
-223.0
-232.0
-232.0
-252.0
-265.0
-266.0
-280.0
-257.0
-223.0
-215.0
-205.0
-227.0
-238.0
-230.0
-235.0
-228.0
-207.0
-200.0
-196.0
-220.0
-233.0
-249.0
-277.0
-269.0
-253.0
-235.0
-203.0
-204.0
-211.0
-224.0
-266.0
-307.0
-354.0
-392.0
-384.0
-376.0
-355.0
-329.0
-319.0
-296.0
-281.0
-292.0
-305.0
-320.0
-347.0
-390.0
-417.0
-407.0
-396.0
-394.0
-384.0
-377.0
-352.0
-335.0
-338.0
-328.0
-333.0
-351.0
-348.0
-353.0
-355.0
-362.0
-377.0
-362.0
-357.0
-352.0
-337.0
-346.0
-364.0
-374.0
-395.0
-393.0
-377.0
-365.0
-352.0
-361.0
-365.0
-343.0
-327.0
-321.0
-328.0
-342.0
-329.0
-350.0
-387.0
-408.0
-423.0
-390.0
-352.0
-334.0
-313.0
-327.0
-346.0
-358.0
-380.0
-383.0
-393.0
-398.0
-372.0
-370.0
-361.0
-344.0
-342.0
-348.0
-360.0
-386.0
-416.0
-450.0
-445.0
-421.0
-419.0
-410.0
-391.0
-385.0
-390.0
-399.0
-375.0
-344.0
-333.0
-317.0
-335.0
-401.0
-446.0
-474.0
-482.0
-464.0
-446.0
-404.0
-372.0
-359.0
-348.0
-364.0
-378.0
-373.0
-362.0
-338.0
-356.0
-390.0
-395.0
-410.0
-418.0
-419.0
-428.0
-398.0
-356.0
-338.0
-305.0
-295.0
-324.0
-351.0
-376.0
-365.0
-341.0
-315.0
-278.0
-261.0
-247.0
-266.0
-304.0
-309.0
-340.0
-369.0
-355.0
-337.0
-316.0
-288.0
-286.0
-282.0
-274.0
-275.0
-269.0
-283.0
-303.0
-304.0
-317.0
-328.0
-350.0
-362.0
-333.0
-308.0
-284.0
-272.0
-294.0
-274.0
-258.0
-256.0
-237.0
-226.0
-196.0
-182.0
-197.0
-187.0
-168.0
-151.0
-138.0
-166.0
-189.0
-193.0
-215.0
-215.0
-209.0
-200.0
-170.0
-172.0
-181.0
-184.0
-220.0
-229.0
-228.0
-248.0
-258.0
-268.0
-264.0
-234.0
-221.0
-207.0
-207.0
-248.0
-285.0
-310.0
-307.0
-280.0
-259.0
-244.0
-250.0
-260.0
-246.0
-248.0
-249.0
-250.0
-259.0
-253.0
-232.0
-221.0
-203.0
-197.0
-194.0
-194.0
-215.0
-201.0
-187.0
-210.0
-243.0
-281.0
-297.0
-289.0
-275.0
-238.0
-206.0
-203.0
-233.0
-285.0
-290.0
-277.0
-286.0
-269.0
-261.0
-260.0
-249.0
-262.0
-267.0
-265.0
-271.0
-278.0
-284.0
-283.0
-266.0
-263.0
-256.0
-237.0
-240.0
-239.0
-239.0
-262.0
-267.0
-259.0
-252.0
-255.0
-274.0
-269.0
-261.0
-258.0
-235.0
-235.0
-235.0
-240.0
-260.0
-280.0
-276.0
-259.0
-209.0
-175.0
-165.0
-158.0
-145.0
-121.0
-124.0
-152.0
-163.0
-174.0
-190.0
-208.0
-228.0
-228.0
-234.0
-245.0
-227.0
-228.0
-247.0
-237.0
-241.0
-237.0
-216.0
-212.0
-211.0
-206.0
-207.0
-186.0
-171.0
-172.0
-188.0
-210.0
-235.0
-261.0
-273.0
-263.0
-257.0
-231.0
-212.0
-216.0
-222.0
-244.0
-251.0
-238.0
-235.0
-215.0
-219.0
-244.0
-233.0
-240.0
-266.0
-269.0
-286.0
-296.0
-298.0
-301.0
-279.0
-270.0
-259.0
-237.0
-230.0
-224.0
-223.0
-234.0
-237.0
-261.0
-271.0
-254.0
-242.0
-231.0
-219.0
-223.0
-221.0
-232.0
-249.0
-248.0
-259.0
-276.0
-292.0
-285.0
-244.0
-229.0
-224.0
-235.0
-290.0
-309.0
-306.0
-318.0
-297.0
-272.0
-270.0
-254.0
-256.0
-259.0
-245.0
-238.0
-224.0
-221.0
-214.0
-201.0
-209.0
-215.0
-214.0
-208.0
-192.0
-186.0
-193.0
-180.0
-172.0
-153.0
-144.0
-149.0
-139.0
-172.0
-224.0
-242.0
-261.0
-260.0
-235.0
-207.0
-183.0
-183.0
-191.0
-191.0
-201.0
-190.0
-159.0
-153.0
-162.0
-191.0
-227.0
-228.0
-230.0
-235.0
-270.0
-307.0
-293.0
-270.0
-264.0
-259.0
-258.0
-242.0
-241.0
-259.0
-251.0
-243.0
-239.0
-231.0
-255.0
-274.0
-285.0
-309.0
-312.0
-313.0
-308.0
-275.0
-251.0
-224.0
-201.0
-206.0
-214.0
-244.0
-272.0
-278.0
-281.0
-266.0
-251.0
-252.0
-232.0
-216.0
-212.0
-226.0
-227.0
-203.0
-198.0
-219.0
-214.0
-213.0
-218.0
-224.0
-253.0
-262.0
-243.0
-248.0
-247.0
-246.0
-241.0
-224.0
-223.0
-221.0
-221.0
-232.0
-217.0
-215.0
-234.0
-255.0
-301.0
-318.0
-316.0
-313.0
-280.0
-251.0
-219.0
-195.0
-225.0
-253.0
-264.0
-267.0
-244.0
-296.0
-315.0
-272.0
-275.0
-274.0
-263.0
-274.0
-262.0
-254.0
-258.0
-244.0
-246.0
-250.0
-258.0
-254.0
-235.0
-231.0
-230.0
-228.0
-248.0
-242.0
-225.0
-227.0
-214.0
-212.0
-218.0
-209.0
-205.0
-186.0
-178.0
-195.0
-186.0
-185.0
-207.0
-203.0
-214.0
-220.0
-227.0
-262.0
-267.0
-261.0
-247.0
-218.0
-227.0
-231.0
-229.0
-245.0
-244.0
-239.0
-252.0
-261.0
-276.0
-271.0
-261.0
-270.0
-259.0
-250.0
-242.0
-225.0
-232.0
-242.0
-271.0
-301.0
-290.0
-271.0
-264.0
-244.0
-238.0
-230.0
-233.0
-272.0
-285.0
-296.0
-313.0
-308.0
-305.0
-294.0
-293.0
-290.0
-263.0
-246.0
-242.0
-233.0
-251.0
-272.0
-282.0
-303.0
-303.0
-306.0
-324.0
-311.0
-282.0
-252.0
-232.0
-246.0
-256.0
-281.0
-305.0
-297.0
-307.0
-312.0
-313.0
-322.0
-317.0
-326.0
-348.0
-354.0
-369.0
-361.0
-324.0
-312.0
-309.0
-325.0
-351.0
-351.0
-336.0
-316.0
-291.0
-290.0
-286.0
-316.0
-330.0
-314.0
-338.0
-364.0
-346.0
-342.0
-343.0
-334.0
-316.0
-292.0
-289.0
-288.0
-274.0
-285.0
-289.0
-293.0
-314.0
-312.0
-309.0
-305.0
-307.0
-307.0
-270.0
-256.0
-254.0
-233.0
-232.0
-230.0
-236.0
-257.0
-242.0
-223.0
-219.0
-216.0
-220.0
-214.0
-219.0
-242.0
-249.0
-256.0
-256.0
-230.0
-222.0
-239.0
-253.0
-252.0
-260.0
-270.0
-279.0
-284.0
-294.0
-282.0
-266.0
-277.0
-277.0
-291.0
-316.0
-314.0
-303.0
-291.0
-274.0
-289.0
-296.0
-302.0
-297.0
-282.0
-274.0
-248.0
-228.0
-256.0
-251.0
-230.0
-233.0
-261.0
-270.0
-257.0
-250.0
-260.0
-232.0
-204.0
-225.0
-226.0
-224.0
-226.0
-215.0
-207.0
-183.0
-182.0
-208.0
-216.0
-236.0
-262.0
-277.0
-298.0
-298.0
-293.0
-291.0
-275.0
-287.0
-303.0
-293.0
-287.0
-271.0
-256.0
-248.0
-224.0
-222.0
-221.0
-232.0
-285.0
-308.0
-296.0
-306.0
-292.0
-267.0
-244.0
-235.0
-229.0
-219.0
-242.0
-276.0
-291.0
-305.0
-313.0
-292.0
-268.0
-230.0
-237.0
-287.0
-318.0
-359.0
-393.0
-387.0
-366.0
-335.0
-329.0
-329.0
-291.0
-280.0
-269.0
-259.0
-282.0
-297.0
-307.0
-306.0
-297.0
-295.0
-309.0
-327.0
-340.0
-327.0
-318.0
-303.0
-278.0
-273.0
-274.0
-286.0
-326.0
-336.0
-323.0
-298.0
-248.0
-228.0
-238.0
-253.0
-268.0
-254.0
-262.0
-290.0
-290.0
-304.0
-306.0
-286.0
-282.0
-266.0
-251.0
-252.0
-236.0
-226.0
-225.0
-219.0
-235.0
-235.0
-238.0
-253.0
-246.0
-253.0
-255.0
-249.0
-257.0
-249.0
-240.0
-238.0
-223.0
-231.0
-252.0
-260.0
-285.0
-269.0
-230.0
-221.0
-221.0
-233.0
-240.0
-224.0
-215.0
-213.0
-227.0
-244.0
-239.0
-252.0
-273.0
-276.0
-296.0
-303.0
-301.0
-294.0
-263.0
-260.0
-261.0
-244.0
-244.0
-250.0
-251.0
-250.0
-248.0
-269.0
-276.0
-270.0
-280.0
-269.0
-263.0
-263.0
-250.0
-245.0
-229.0
-215.0
-228.0
-224.0
-224.0
-222.0
-210.0
-212.0
-202.0
-199.0
-225.0
-222.0
-203.0
-215.0
-237.0
-260.0
-264.0
-254.0
-263.0
-266.0
-276.0
-285.0
-256.0
-245.0
-240.0
-222.0
-261.0
-297.0
-299.0
-312.0
-315.0
-324.0
-318.0
-296.0
-286.0
-260.0
-225.0
-218.0
-232.0
-260.0
-275.0
-288.0
-311.0
-315.0
-300.0
-280.0
-241.0
-235.0
-242.0
-234.0
-234.0
-228.0
-221.0
-239.0
-259.0
-268.0
-270.0
-269.0
-277.0
-255.0
-219.0
-202.0
-196.0
-210.0
-206.0
-188.0
-209.0
-221.0
-219.0
-223.0
-215.0
-206.0
-214.0
-240.0
-267.0
-266.0
-262.0
-259.0
-242.0
-240.0
-245.0
-246.0
-263.0
-270.0
-280.0
-288.0
-271.0
-265.0
-255.0
-246.0
-272.0
-286.0
-274.0
-275.0
-261.0
-264.0
-277.0
-268.0
-257.0
-239.0
-221.0
-225.0
-224.0
-236.0
-248.0
-247.0
-260.0
-261.0
-267.0
-286.0
-280.0
-285.0
-294.0
-269.0
-243.0
-228.0
-221.0
-241.0
-244.0
-258.0
-268.0
-257.0
-260.0
-269.0
-277.0
-275.0
-258.0
-254.0
-258.0
-243.0
-253.0
-247.0
-224.0
-214.0
-170.0
-229.0
-281.0
-266.0
-281.0
-280.0
-260.0
-260.0
-242.0
-225.0
-226.0
-232.0
-247.0
-250.0
-248.0
-245.0
-233.0
-251.0
-277.0
-279.0
-284.0
-280.0
-258.0
-241.0
-224.0
-209.0
-207.0
-234.0
-269.0
-267.0
-251.0
-252.0
-263.0
-280.0
-278.0
-249.0
-243.0
-242.0
-260.0
-287.0
-267.0
-234.0
-228.0
-225.0
-238.0
-236.0
-235.0
-242.0
-227.0
-222.0
-240.0
-248.0
-257.0
-235.0
-209.0
-224.0
-230.0
-248.0
-275.0
-266.0
-274.0
-285.0
-272.0
-281.0
-272.0
-255.0
-243.0
-224.0
-217.0
-213.0
-214.0
-221.0
-218.0
-232.0
-248.0
-266.0
-305.0
-301.0
-287.0
-300.0
-263.0
-253.0
-315.0
-326.0
-331.0
-313.0
-282.0
-271.0
-242.0
-219.0
-217.0
-201.0
-207.0
-224.0
-226.0
-239.0
-242.0
-237.0
-225.0
-208.0
-204.0
-197.0
-193.0
-199.0
-184.0
-194.0
-209.0
-203.0
-210.0
-210.0
-221.0
-243.0
-239.0
-238.0
-247.0
-245.0
-258.0
-256.0
-222.0
-217.0
-250.0
-253.0
-240.0
-226.0
-221.0
-216.0
-208.0
-194.0
-180.0
-192.0
-221.0
-218.0
-216.0
-211.0
-207.0
-223.0
-207.0
-208.0
-223.0
-218.0
-225.0
-209.0
-187.0
-193.0
-186.0
-188.0
-192.0
-176.0
-187.0
-208.0
-219.0
-232.0
-221.0
-226.0
-244.0
-229.0
-221.0
-222.0
-226.0
-249.0
-259.0
-272.0
-266.0
-232.0
-195.0
-164.0
-134.0
-160.0
-221.0
-254.0
-257.0
-261.0
-287.0
-300.0
-295.0
-289.0
-263.0
-249.0
-231.0
-196.0
-196.0
-199.0
-203.0
-234.0
-240.0
-206.0
-227.0
-256.0
-243.0
-226.0
-210.0
-222.0
-230.0
-240.0
-256.0
-237.0
-232.0
-231.0
-211.0
-207.0
-197.0
-191.0
-197.0
-204.0
-217.0
-210.0
-190.0
-187.0
-169.0
-161.0
-160.0
-147.0
-149.0
-165.0
-176.0
-209.0
-205.0
-197.0
-202.0
-199.0
-213.0
-220.0
-216.0
-222.0
-223.0
-231.0
-238.0
-208.0
-205.0
-209.0
-207.0
-219.0
-223.0
-238.0
-225.0
-193.0
-180.0
-166.0
-157.0
-173.0
-166.0
-158.0
-163.0
-161.0
-172.0
-184.0
-186.0
-187.0
-171.0
-168.0
-186.0
-186.0
-212.0
-237.0
-235.0
-235.0
-224.0
-219.0
-235.0
-209.0
-193.0
-187.0
-172.0
-181.0
-180.0
-187.0
-202.0
-195.0
-197.0
-199.0
-187.0
-187.0
-173.0
-163.0
-175.0
-175.0
-182.0
-184.0
-186.0
-206.0
-197.0
-203.0
-235.0
-238.0
-229.0
-202.0
-199.0
-213.0
-203.0
-191.0
-178.0
-152.0
-157.0
-177.0
-171.0
-169.0
-161.0
-160.0
-179.0
-186.0
-191.0
-178.0
-155.0
-164.0
-163.0
-182.0
-213.0
-204.0
-204.0
-209.0
-188.0
-162.0
-127.0
-81.0
-71.0
-61.0
-84.0
-189.0
-220.0
-211.0
-220.0
-214.0
-199.0
-199.0
-213.0
-193.0
-172.0
-178.0
-157.0
-136.0
-146.0
-146.0
-169.0
-185.0
-168.0
-167.0
-154.0
-122.0
-103.0
-76.0
-60.0
-67.0
-84.0
-109.0
-111.0
-114.0
-106.0
-68.0
-98.0
-107.0
-71.0
-70.0
-78.0
-82.0
-100.0
-102.0
-110.0
-120.0
-116.0
-124.0
-118.0
-115.0
-125.0
-106.0
-98.0
-103.0
-96.0
-100.0
-101.0
-119.0
-147.0
-148.0
-145.0
-146.0
-146.0
-165.0
-161.0
-128.0
-111.0
-80.0
-57.0
-64.0
-77.0
-120.0
-147.0
-156.0
-164.0
-144.0
-139.0
-138.0
-125.0
-136.0
-138.0
-112.0
-116.0
-122.0
-95.0
-70.0
-63.0
-89.0
-102.0
-114.0
-135.0
-133.0
-149.0
-154.0
-134.0
-144.0
-143.0
-130.0
-130.0
-114.0
-115.0
-115.0
-101.0
-105.0
-111.0
-128.0
-145.0
-150.0
-163.0
-169.0
-161.0
-162.0
-148.0
-140.0
-149.0
-139.0
-151.0
-149.0
-126.0
-127.0
-125.0
-136.0
-157.0
-122.0
-95.0
-85.0
-72.0
-70.0
-75.0
-64.0
-41.0
-13.0
-15.0
-25.0
-14.0
-10.0
-7.0
1.0
-3.0
1.0
-23.0
-40.0
-20.0
-12.0
-15.0
-35.0
-60.0
-35.0
2.0
25.0
49.0
4.0
-56.0
-67.0
-71.0
-84.0
-101.0
-100.0
-81.0
-96.0
-86.0
-59.0
-71.0
-77.0
-92.0
-100.0
-79.0
-66.0
-57.0
-71.0
-74.0
-44.0
-28.0
-11.0
-4.0
-33.0
-33.0
-20.0
-16.0
-4.0
-13.0
-38.0
-51.0
-67.0
-55.0
-61.0
-81.0
-62.0
-59.0
-80.0
-75.0
-57.0
-16.0
9.0
0.0
14.0
12.0
-7.0
-33.0
-70.0
-85.0
-91.0
-78.0
-23.0
20.0
34.0
8.0
-44.0
-71.0
-85.0
-93.0
-70.0
-57.0
-59.0
-53.0
-76.0
-79.0
-67.0
-70.0
-48.0
-39.0
-44.0
-38.0
-55.0
-72.0
-77.0
-92.0
-96.0
-112.0
-121.0
-93.0
-70.0
-51.0
-34.0
-21.0
-22.0
-30.0
-24.0
-7.0
-32.0
-51.0
-54.0
-81.0
-95.0
-99.0
-99.0
-75.0
-53.0
-42.0
-39.0
-59.0
-67.0
-68.0
-64.0
-36.0
-29.0
-15.0
-4.0
-21.0
-31.0
-48.0
-72.0
-69.0
-64.0
-45.0
-48.0
-45.0
-25.0
-23.0
-37.0
-36.0
-24.0
-11.0
-22.0
-47.0
-46.0
-51.0
-76.0
-88.0
-94.0
-85.0
-88.0
-87.0
-69.0
-62.0
-57.0
-23.0
-7.0
-3.0
-48.0
-108.0
-105.0
-101.0
-114.0
-116.0
-118.0
-103.0
-69.0
-58.0
-36.0
-29.0
-43.0
-35.0
-43.0
-47.0
-46.0
-50.0
-33.0
-24.0
-46.0
-64.0
-71.0
-61.0
-51.0
-54.0
-34.0
-35.0
-43.0
-28.0
-28.0
-25.0
-25.0
-39.0
-18.0
-26.0
-66.0
-24.0
14.0
30.0
23.0
4.0
10.0
16.0
27.0
44.0
31.0
13.0
-6.0
-29.0
-29.0
-34.0
-36.0
-14.0
-5.0
3.0
18.0
12.0
-3.0
-21.0
-40.0
-25.0
-12.0
-3.0
1.0
-27.0
-14.0
-21.0
-33.0
-5.0
-14.0
-15.0
3.0
3.0
11.0
10.0
4.0
2.0
-28.0
-28.0
-3.0
-16.0
-20.0
-18.0
-22.0
-6.0
-13.0
-17.0
-7.0
-6.0
12.0
22.0
25.0
33.0
22.0
14.0
13.0
4.0
19.0
25.0
14.0
13.0
10.0
12.0
7.0
-27.0
-32.0
-24.0
-11.0
20.0
21.0
30.0
52.0
41.0
46.0
47.0
25.0
21.0
2.0
-22.0
-29.0
-33.0
-26.0
-33.0
-42.0
-19.0
-24.0
-40.0
-26.0
-22.0
-10.0
4.0
15.0
21.0
-32.0
-51.0
-40.0
-55.0
-49.0
-43.0
-55.0
-43.0
-39.0
-25.0
14.0
-17.0
-54.0
-41.0
-22.0
7.0
1.0
-18.0
-22.0
-12.0
1.0
7.0
5.0
8.0
12.0
15.0
20.0
5.0
14.0
32.0
31.0
20.0
-3.0
-13.0
4.0
15.0
33.0
36.0
29.0
43.0
40.0
29.0
36.0
34.0
38.0
52.0
56.0
65.0
64.0
64.0
71.0
78.0
106.0
84.0
23.0
27.0
33.0
39.0
58.0
64.0
64.0
48.0
39.0
46.0
27.0
16.0
39.0
25.0
15.0
3.0
-7.0
12.0
26.0
40.0
61.0
55.0
46.0
48.0
49.0
65.0
61.0
50.0
42.0
25.0
32.0
43.0
39.0
49.0
42.0
44.0
62.0
63.0
69.0
78.0
76.0
77.0
50.0
46.0
46.0
30.0
40.0
48.0
43.0
62.0
58.0
40.0
27.0
7.0
16.0
40.0
52.0
60.0
44.0
37.0
37.0
5.0
-5.0
-4.0
5.0
25.0
8.0
-6.0
6.0
13.0
22.0
21.0
3.0
-7.0
-25.0
-6.0
47.0
62.0
85.0
67.0
21.0
25.0
11.0
-11.0
-20.0
-21.0
17.0
46.0
51.0
73.0
88.0
96.0
108.0
90.0
58.0
33.0
14.0
35.0
68.0
93.0
118.0
108.0
90.0
65.0
41.0
55.0
71.0
71.0
32.0
7.0
24.0
21.0
21.0
64.0
89.0
111.0
123.0
99.0
91.0
80.0
64.0
74.0
87.0
92.0
113.0
110.0
99.0
88.0
79.0
82.0
79.0
78.0
76.0
56.0
65.0
99.0
109.0
115.0
117.0
109.0
107.0
83.0
68.0
72.0
73.0
89.0
109.0
93.0
78.0
76.0
86.0
87.0
87.0
96.0
89.0
84.0
93.0
82.0
88.0
108.0
122.0
155.0
161.0
150.0
153.0
131.0
118.0
111.0
90.0
94.0
83.0
69.0
73.0
68.0
73.0
92.0
110.0
129.0
105.0
72.0
60.0
37.0
38.0
53.0
52.0
69.0
77.0
64.0
71.0
73.0
87.0
94.0
101.0
124.0
139.0
164.0
182.0
144.0
130.0
152.0
153.0
166.0
162.0
140.0
127.0
105.0
97.0
89.0
70.0
79.0
88.0
102.0
139.0
163.0
176.0
146.0
88.0
83.0
58.0
11.0
10.0
17.0
52.0
77.0
63.0
79.0
95.0
92.0
88.0
79.0
89.0
92.0
95.0
107.0
97.0
95.0
105.0
90.0
97.0
126.0
127.0
137.0
147.0
142.0
133.0
125.0
142.0
143.0
128.0
138.0
137.0
134.0
144.0
126.0
126.0
141.0
139.0
154.0
159.0
154.0
152.0
140.0
148.0
152.0
133.0
132.0
117.0
114.0
129.0
121.0
121.0
133.0
136.0
157.0
178.0
186.0
188.0
159.0
157.0
168.0
158.0
168.0
176.0
172.0
176.0
171.0
181.0
194.0
177.0
183.0
185.0
156.0
163.0
180.0
204.0
197.0
156.0
149.0
143.0
157.0
191.0
185.0
185.0
192.0
168.0
157.0
155.0
146.0
159.0
164.0
167.0
165.0
152.0
167.0
177.0
170.0
174.0
157.0
144.0
149.0
161.0
192.0
222.0
241.0
249.0
234.0
229.0
218.0
195.0
195.0
195.0
187.0
178.0
166.0
171.0
174.0
157.0
173.0
181.0
178.0
194.0
191.0
167.0
148.0
130.0
137.0
136.0
133.0
143.0
110.0
79.0
85.0
73.0
84.0
115.0
135.0
147.0
129.0
138.0
157.0
162.0
156.0
122.0
100.0
124.0
118.0
122.0
154.0
178.0
217.0
228.0
222.0
235.0
228.0
223.0
202.0
159.0
164.0
162.0
142.0
150.0
143.0
160.0
188.0
186.0
186.0
180.0
152.0
142.0
121.0
118.0
125.0
126.0
152.0
167.0
158.0
158.0
142.0
142.0
173.0
182.0
196.0
201.0
193.0
196.0
174.0
165.0
163.0
139.0
137.0
145.0
152.0
176.0
168.0
169.0
183.0
186.0
197.0
183.0
153.0
154.0
147.0
146.0
150.0
139.0
151.0
165.0
167.0
167.0
150.0
155.0
177.0
206.0
227.0
210.0
200.0
204.0
175.0
140.0
124.0
118.0
139.0
145.0
148.0
161.0
134.0
126.0
162.0
172.0
165.0
147.0
128.0
135.0
141.0
150.0
171.0
164.0
163.0
154.0
136.0
141.0
135.0
144.0
147.0
117.0
111.0
110.0
101.0
106.0
93.0
100.0
116.0
117.0
121.0
113.0
108.0
105.0
86.0
84.0
114.0
139.0
162.0
108.0
53.0
63.0
74.0
76.0
96.0
92.0
106.0
133.0
148.0
153.0
140.0
144.0
149.0
131.0
140.0
149.0
135.0
142.0
134.0
123.0
132.0
131.0
120.0
105.0
82.0
90.0
93.0
90.0
93.0
92.0
103.0
114.0
117.0
130.0
134.0
153.0
177.0
165.0
164.0
174.0
171.0
175.0
167.0
171.0
173.0
152.0
134.0
120.0
107.0
112.0
107.0
116.0
126.0
122.0
128.0
123.0
99.0
86.0
72.0
72.0
87.0
99.0
117.0
106.0
91.0
89.0
89.0
103.0
110.0
85.0
80.0
82.0
60.0
48.0
48.0
78.0
100.0
95.0
98.0
89.0
81.0
102.0
107.0
97.0
102.0
100.0
103.0
105.0
108.0
122.0
116.0
114.0
126.0
122.0
111.0
104.0
95.0
105.0
106.0
103.0
96.0
67.0
62.0
66.0
54.0
65.0
73.0
72.0
65.0
55.0
60.0
45.0
31.0
44.0
47.0
54.0
60.0
33.0
30.0
26.0
12.0
16.0
5.0
1.0
20.0
33.0
54.0
49.0
35.0
36.0
18.0
1.0
14.0
37.0
58.0
65.0
57.0
20.0
-46.0
-69.0
-62.0
-67.0
-59.0
-45.0
-32.0
-7.0
1.0
-11.0
-6.0
-15.0
-16.0
-11.0
-11.0
3.0
11.0
20.0
36.0
45.0
46.0
35.0
31.0
41.0
42.0
44.0
51.0
46.0
63.0
78.0
71.0
82.0
79.0
76.0
85.0
70.0
53.0
31.0
7.0
18.0
24.0
34.0
63.0
69.0
69.0
75.0
73.0
80.0
77.0
80.0
90.0
78.0
74.0
56.0
41.0
59.0
55.0
34.0
21.0
-10.0
-16.0
5.0
14.0
19.0
-1.0
-14.0
-2.0
-10.0
-10.0
2.0
1.0
25.0
32.0
23.0
31.0
31.0
42.0
52.0
40.0
33.0
26.0
26.0
38.0
37.0
53.0
72.0
56.0
46.0
23.0
4.0
10.0
1.0
7.0
22.0
4.0
1.0
-9.0
-20.0
-5.0
5.0
29.0
42.0
36.0
38.0
36.0
15.0
0.0
-25.0
-10.0
13.0
13.0
40.0
36.0
29.0
11.0
-17.0
-7.0
9.0
5.0
16.0
20.0
23.0
40.0
43.0
35.0
18.0
-2.0
-2.0
-13.0
-24.0
-5.0
-4.0
-8.0
1.0
-17.0
-26.0
-31.0
-59.0
-72.0
-96.0
-97.0
-74.0
-68.0
-43.0
-18.0
-9.0
-41.0
-112.0
-134.0
-130.0
-147.0
-138.0
-126.0
-114.0
-91.0
-86.0
-82.0
-74.0
-79.0
-72.0
-86.0
-105.0
-97.0
-103.0
-89.0
-60.0
-69.0
-81.0
-87.0
-74.0
-55.0
-58.0
-59.0
-59.0
-65.0
-50.0
-35.0
-33.0
-17.0
-16.0
-9.0
1.0
-4.0
1.0
-14.0
-31.0
-8.0
2.0
-11.0
-11.0
1.0
22.0
16.0
-2.0
-12.0
-23.0
-8.0
12.0
-2.0
-16.0
-43.0
-68.0
-71.0
-86.0
-86.0
-79.0
-86.0
-70.0
-48.0
-35.0
-24.0
-29.0
-27.0
-27.0
-37.0
-8.0
4.0
-9.0
-13.0
-23.0
-22.0
-23.0
-33.0
-21.0
-5.0
19.0
22.0
-10.0
-10.0
-12.0
-45.0
-51.0
-61.0
-73.0
-57.0
-51.0
-39.0
-12.0
-4.0
19.0
22.0
20.0
16.0
-4.0
11.0
31.0
26.0
50.0
65.0
70.0
67.0
30.0
14.0
3.0
-30.0
-33.0
-42.0
-38.0
-13.0
-13.0
-11.0
-13.0
-34.0
-35.0
-38.0
-36.0
-28.0
-54.0
-69.0
-46.0
-44.0
-39.0
-21.0
3.0
35.0
14.0
-6.0
-18.0
-49.0
-56.0
-62.0
-66.0
-56.0
-56.0
-43.0
-17.0
-7.0
24.0
46.0
43.0
41.0
37.0
37.0
42.0
23.0
-1.0
-48.0
-94.0
-102.0
-119.0
-120.0
-96.0
-95.0
-70.0
-49.0
-46.0
-44.0
-52.0
-41.0
-31.0
-27.0
-10.0
-15.0
-39.0
-44.0
-43.0
-42.0
-34.0
-32.0
-17.0
-9.0
-6.0
15.0
11.0
1.0
-1.0
-24.0
-33.0
-35.0
-36.0
-24.0
-33.0
-33.0
-27.0
-42.0
-17.0
12.0
11.0
5.0
-20.0
-20.0
10.0
22.0
30.0
18.0
-1.0
13.0
10.0
16.0
35.0
40.0
68.0
86.0
82.0
78.0
49.0
46.0
72.0
78.0
86.0
96.0
105.0
123.0
126.0
136.0
150.0
127.0
119.0
128.0
137.0
148.0
138.0
146.0
175.0
184.0
188.0
173.0
145.0
152.0
152.0
150.0
166.0
174.0
190.0
213.0
241.0
281.0
288.0
268.0
256.0
258.0
283.0
283.0
273.0
290.0
291.0
302.0
335.0
340.0
323.0
325.0
333.0
332.0
312.0
323.0
342.0
351.0
369.0
364.0
369.0
410.0
428.0
431.0
440.0
429.0
453.0
480.0
482.0
488.0
465.0
441.0
443.0
434.0
439.0
452.0
449.0
451.0
442.0
442.0
454.0
451.0
467.0
472.0
452.0
465.0
484.0
526.0
552.0
542.0
498.0
455.0
451.0
482.0
495.0
497.0
516.0
532.0
550.0
560.0
559.0
587.0
570.0
554.0
572.0
563.0
578.0
578.0
553.0
540.0
523.0
536.0
563.0
564.0
581.0
572.0
553.0
569.0
568.0
556.0
554.0
533.0
530.0
527.0
529.0
550.0
535.0
527.0
547.0
540.0
535.0
541.0
545.0
564.0
562.0
566.0
588.0
579.0
584.0
604.0
618.0
650.0
643.0
608.0
586.0
561.0
551.0
524.0
480.0
470.0
456.0
454.0
469.0
484.0
523.0
557.0
571.0
597.0
576.0
542.0
517.0
480.0
476.0
487.0
473.0
481.0
478.0
476.0
470.0
472.0
504.0
516.0
494.0
494.0
477.0
461.0
479.0
468.0
443.0
435.0
426.0
437.0
426.0
412.0
420.0
411.0
412.0
415.0
423.0
474.0
475.0
452.0
454.0
430.0
428.0
424.0
412.0
424.0
432.0
429.0
445.0
457.0
479.0
477.0
462.0
464.0
446.0
424.0
423.0
426.0
426.0
412.0
400.0
409.0
399.0
398.0
407.0
377.0
365.0
380.0
395.0
420.0
423.0
413.0
364.0
295.0
291.0
308.0
287.0
285.0
300.0
323.0
351.0
351.0
348.0
332.0
316.0
334.0
337.0
342.0
343.0
329.0
347.0
353.0
340.0
355.0
368.0
374.0
375.0
360.0
354.0
335.0
327.0
370.0
378.0
353.0
361.0
369.0
374.0
383.0
395.0
413.0
394.0
369.0
359.0
341.0
346.0
361.0
356.0
367.0
359.0
300.0
253.0
229.0
242.0
266.0
266.0
281.0
281.0
260.0
249.0
233.0
237.0
249.0
227.0
227.0
221.0
206.0
208.0
196.0
203.0
213.0
198.0
207.0
222.0
222.0
217.0
193.0
187.0
190.0
189.0
186.0
158.0
134.0
150.0
148.0
162.0
188.0
186.0
171.0
153.0
146.0
153.0
155.0
169.0
187.0
178.0
173.0
163.0
151.0
142.0
132.0
152.0
161.0
156.0
164.0
157.0
137.0
144.0
145.0
152.0
146.0
129.0
131.0
119.0
91.0
88.0
86.0
88.0
99.0
97.0
91.0
91.0
104.0
109.0
86.0
81.0
77.0
52.0
66.0
91.0
113.0
126.0
125.0
83.0
17.0
-26.0
-10.0
-4.0
-16.0
-13.0
-23.0
-19.0
-4.0
3.0
6.0
-9.0
-18.0
-17.0
-25.0
-11.0
3.0
-2.0
3.0
-7.0
-22.0
-27.0
-41.0
-16.0
7.0
-1.0
-11.0
-31.0
-45.0
-31.0
-36.0
-26.0
-5.0
6.0
12.0
-10.0
-34.0
-32.0
-10.0
30.0
25.0
-5.0
3.0
-8.0
-25.0
-29.0
-47.0
-51.0
-42.0
-52.0
-31.0
-30.0
-61.0
-62.0
-60.0
-64.0
-65.0
-90.0
-101.0
-116.0
-135.0
-118.0
-117.0
-110.0
-98.0
-105.0
-91.0
-99.0
-125.0
-109.0
-99.0
-108.0
-100.0
-106.0
-101.0
-102.0
-124.0
-133.0
-139.0
-123.0
-100.0
-115.0
-115.0
-119.0
-143.0
-152.0
-165.0
-180.0
-174.0
-166.0
-154.0
-162.0
-182.0
-181.0
-183.0
-172.0
-166.0
-174.0
-165.0
-169.0
-178.0
-174.0
-192.0
-196.0
-194.0
-207.0
-191.0
-198.0
-209.0
-195.0
-205.0
-200.0
-194.0
-223.0
-225.0
-204.0
-187.0
-164.0
-171.0
-176.0
-178.0
-212.0
-218.0
-209.0
-179.0
-141.0
-146.0
-151.0
-171.0
-233.0
-244.0
-226.0
-228.0
-238.0
-249.0
-235.0
-214.0
-199.0
-175.0
-180.0
-191.0
-170.0
-172.0
-179.0
-184.0
-197.0
-203.0
-220.0
-215.0
-166.0
-143.0
-131.0
-123.0
-132.0
-139.0
-152.0
-180.0
-183.0
-192.0
-194.0
-186.0
-171.0
-120.0
-87.0
-92.0
-91.0
-100.0
-100.0
-94.0
-78.0
-48.0
-70.0
-95.0
-92.0
-89.0
-67.0
-32.0
-25.0
-30.0
-44.0
-71.0
-98.0
-119.0
-112.0
-99.0
-101.0
-90.0
-67.0
-51.0
-43.0
-67.0
-88.0
-77.0
-83.0
-80.0
-74.0
-72.0
-65.0
-74.0
-84.0
-86.0
-84.0
-67.0
-60.0
-77.0
-59.0
-36.0
-40.0
-56.0
-80.0
-81.0
-79.0
-78.0
-51.0
-45.0
-44.0
-37.0
-44.0
-41.0
-44.0
-56.0
-54.0
-60.0
-49.0
-21.0
-26.0
-18.0
-10.0
6.0
40.0
33.0
40.0
61.0
53.0
52.0
50.0
31.0
24.0
-6.0
-43.0
-48.0
-45.0
-25.0
-13.0
-20.0
-4.0
-9.0
-13.0
25.0
43.0
48.0
41.0
18.0
22.0
24.0
26.0
45.0
25.0
-8.0
-30.0
-40.0
-37.0
-55.0
-54.0
-33.0
-33.0
-16.0
-7.0
-14.0
-3.0
7.0
14.0
28.0
23.0
21.0
23.0
32.0
45.0
41.0
27.0
28.0
17.0
5.0
-7.0
-17.0
14.0
24.0
36.0
63.0
53.0
42.0
41.0
45.0
58.0
49.0
48.0
50.0
36.0
45.0
55.0
64.0
82.0
78.0
73.0
37.0
-33.0
-52.0
-25.0
-1.0
26.0
37.0
44.0
45.0
40.0
54.0
50.0
23.0
11.0
-14.0
-29.0
-23.0
-22.0
-3.0
21.0
30.0
28.0
20.0
23.0
30.0
11.0
-1.0
-14.0
-35.0
-54.0
-74.0
-68.0
-41.0
-47.0
-49.0
-44.0
-54.0
-50.0
-56.0
-55.0
-25.0
-25.0
-23.0
-32.0
-56.0
-48.0
-59.0
-81.0
-86.0
-93.0
-86.0
-65.0
-55.0
-41.0
-52.0
-54.0
-31.0
-24.0
-20.0
-32.0
-42.0
-17.0
-23.0
-41.0
-51.0
-71.0
-79.0
-89.0
-106.0
-87.0
-86.0
-92.0
-86.0
-97.0
-92.0
-74.0
-77.0
-80.0
-101.0
-110.0
-110.0
-99.0
-70.0
-53.0
-56.0
-90.0
-159.0
-180.0
-196.0
-228.0
-222.0
-204.0
-198.0
-182.0
-171.0
-163.0
-153.0
-173.0
-193.0
-203.0
-203.0
-191.0
-191.0
-186.0
-168.0
-161.0
-148.0
-134.0
-125.0
-117.0
-136.0
-154.0
-149.0
-133.0
-110.0
-115.0
-132.0
-132.0
-136.0
-124.0
-103.0
-107.0
-97.0
-84.0
-98.0
-103.0
-127.0
-149.0
-144.0
-149.0
-148.0
-137.0
-152.0
-161.0
-176.0
-180.0
-178.0
-207.0
-203.0
-201.0
-219.0
-223.0
-231.0
-215.0
-174.0
-149.0
-120.0
-110.0
-134.0
-142.0
-163.0
-181.0
-191.0
-223.0
-230.0
-209.0
-196.0
-180.0
-185.0
-201.0
-208.0
-222.0
-231.0
-227.0
-223.0
-205.0
-206.0
-204.0
-189.0
-203.0
-221.0
-246.0
-269.0
-268.0
-265.0
-254.0
-232.0
-239.0
-236.0
-218.0
-214.0
-195.0
-195.0
-218.0
-227.0
-239.0
-230.0
-245.0
-281.0
-291.0
-291.0
-295.0
-293.0
-295.0
-286.0
-275.0
-288.0
-288.0
-287.0
-306.0
-305.0
-310.0
-309.0
-310.0
-316.0
-315.0
-328.0
-335.0
-311.0
-290.0
-259.0
-230.0
-243.0
-303.0
-371.0
-395.0
-389.0
-401.0
-403.0
-390.0
-385.0
-370.0
-362.0
-355.0
-331.0
-321.0
-315.0
-318.0
-335.0
-319.0
-317.0
-328.0
-329.0
-323.0
-307.0
-295.0
-297.0
-291.0
-284.0
-290.0
-297.0
-336.0
-363.0
-338.0
-323.0
-309.0
-305.0
-308.0
-304.0
-325.0
-338.0
-332.0
-341.0
-343.0
-343.0
-339.0
-333.0
-345.0
-354.0
-344.0
-352.0
-361.0
-386.0
-411.0
-401.0
-394.0
-380.0
-366.0
-367.0
-362.0
-367.0
-372.0
-343.0
-334.0
-335.0
-352.0
-380.0
-391.0
-402.0
-414.0
-422.0
-446.0
-447.0
-430.0
-417.0
-409.0
-404.0
-399.0
-393.0
-390.0
-378.0
-360.0
-372.0
-370.0
-368.0
-379.0
-382.0
-404.0
-421.0
-421.0
-429.0
-418.0
-409.0
-409.0
-398.0
-394.0
-390.0
-384.0
-397.0
-382.0
-369.0
-359.0
-336.0
-358.0
-390.0
-412.0
-433.0
-428.0
-431.0
-438.0
-433.0
-439.0
-439.0
-435.0
-440.0
-423.0
-407.0
-420.0
-416.0
-427.0
-438.0
-426.0
-413.0
-378.0
-345.0
-336.0
-383.0
-455.0
-472.0
-475.0
-476.0
-445.0
-432.0
-436.0
-441.0
-458.0
-455.0
-431.0
-407.0
-350.0
-379.0
-432.0
-425.0
-460.0
-492.0
-501.0
-513.0
-481.0
-434.0
-376.0
-316.0
-298.0
-292.0
-294.0
-309.0
-332.0
-359.0
-375.0
-380.0
-397.0
-395.0
-383.0
-410.0
-423.0
-404.0
-374.0
-337.0
-327.0
-338.0
-347.0
-356.0
-335.0
-328.0
-356.0
-369.0
-388.0
-402.0
-402.0
-382.0
-378.0
-405.0
-392.0
-360.0
-353.0
-357.0
-360.0
-374.0
-380.0
-386.0
-384.0
-362.0
-342.0
-333.0
-319.0
-326.0
-319.0
-319.0
-331.0
-329.0
-333.0
-324.0
-293.0
-293.0
-281.0
-280.0
-301.0
-310.0
-315.0
-315.0
-306.0
-304.0
-289.0
-283.0
-267.0
-233.0
-238.0
-243.0
-227.0
-220.0
-197.0
-170.0
-175.0
-169.0
-178.0
-188.0
-182.0
-186.0
-160.0
-142.0
-147.0
-139.0
-134.0
-138.0
-141.0
-148.0
-141.0
-135.0
-139.0
-125.0
-127.0
-117.0
-107.0
-106.0
-89.0
-61.0
-39.0
-29.0
-71.0
-89.0
-82.0
-97.0
-95.0
-96.0
-103.0
-66.0
-30.0
1.0
20.0
24.0
28.0
23.0
25.0
42.0
67.0
95.0
112.0
118.0
136.0
137.0
143.0
179.0
187.0
163.0
189.0
188.0
201.0
237.0
243.0
248.0
236.0
228.0
232.0
228.0
251.0
283.0
290.0
307.0
308.0
317.0
326.0
303.0
303.0
302.0
282.0
280.0
277.0
291.0
317.0
326.0
334.0
329.0
316.0
325.0
315.0
318.0
339.0
329.0
356.0
380.0
377.0
388.0
404.0
428.0
376.0
361.0
406.0
417.0
407.0
414.0
416.0
435.0
478.0
508.0
526.0
523.0
490.0
489.0
482.0
488.0
521.0
528.0
525.0
503.0
480.0
486.0
479.0
476.0
493.0
492.0
506.0
530.0
552.0
565.0
542.0
505.0
494.0
484.0
496.0
515.0
493.0
490.0
475.0
472.0
489.0
477.0
479.0
486.0
472.0
476.0
466.0
460.0
460.0
443.0
457.0
450.0
414.0
403.0
404.0
432.0
476.0
478.0
445.0
393.0
365.0
378.0
380.0
375.0
402.0
428.0
445.0
453.0
466.0
495.0
474.0
447.0
395.0
381.0
413.0
417.0
417.0
461.0
460.0
419.0
404.0
410.0
413.0
413.0
415.0
426.0
417.0
398.0
389.0
398.0
420.0
416.0
406.0
411.0
407.0
411.0
433.0
442.0
460.0
440.0
412.0
417.0
410.0
413.0
420.0
412.0
402.0
391.0
380.0
390.0
398.0
389.0
365.0
326.0
313.0
312.0
319.0
367.0
382.0
369.0
367.0
351.0
336.0
330.0
319.0
315.0
306.0
307.0
322.0
334.0
354.0
346.0
309.0
316.0
313.0
296.0
299.0
298.0
313.0
314.0
288.0
301.0
335.0
374.0
428.0
444.0
429.0
403.0
358.0
341.0
329.0
333.0
346.0
324.0
328.0
348.0
332.0
305.0
291.0
293.0
308.0
323.0
344.0
344.0
304.0
274.0
233.0
201.0
194.0
192.0
220.0
256.0
278.0
306.0
310.0
289.0
264.0
213.0
184.0
181.0
162.0
152.0
122.0
74.0
43.0
41.0
82.0
134.0
197.0
283.0
303.0
247.0
176.0
98.0
40.0
7.0
3.0
44.0
77.0
106.0
157.0
159.0
136.0
121.0
109.0
93.0
65.0
52.0
61.0
58.0
86.0
115.0
118.0
125.0
120.0
93.0
90.0
96.0
113.0
130.0
116.0
99.0
95.0
95.0
109.0
103.0
91.0
72.0
43.0
43.0
61.0
69.0
73.0
60.0
81.0
86.0
32.0
13.0
13.0
5.0
-6.0
-10.0
7.0
29.0
16.0
14.0
7.0
-14.0
-17.0
-6.0
5.0
6.0
-10.0
-12.0
-24.0
-53.0
-64.0
-80.0
-92.0
-99.0
-108.0
-105.0
-121.0
-138.0
-116.0
-106.0
-96.0
-92.0
-95.0
-80.0
-76.0
-87.0
-93.0
-108.0
-124.0
-133.0
-144.0
-135.0
-130.0
-126.0
-116.0
-125.0
-136.0
-161.0
-200.0
-204.0
-197.0
-184.0
-147.0
-137.0
-156.0
-187.0
-227.0
-231.0
-233.0
-246.0
-252.0
-271.0
-261.0
-263.0
-276.0
-261.0
-257.0
-226.0
-226.0
-283.0
-287.0
-281.0
-296.0
-295.0
-286.0
-276.0
-268.0
-298.0
-323.0
-328.0
-335.0
-339.0
-335.0
-324.0
-310.0
-320.0
-315.0
-320.0
-356.0
-383.0
-384.0
-373.0
-347.0
-337.0
-354.0
-422.0
-483.0
-484.0
-460.0
-437.0
-426.0
-445.0
-436.0
-402.0
-381.0
-364.0
-354.0
-354.0
-354.0
-355.0
-341.0
-334.0
-344.0
-337.0
-324.0
-315.0
-300.0
-293.0
-282.0
-278.0
-301.0
-305.0
-313.0
-327.0
-325.0
-340.0
-350.0
-344.0
-334.0
-330.0
-352.0
-364.0
-352.0
-366.0
-364.0
-357.0
-376.0
-388.0
-386.0
-387.0
-383.0
-414.0
-433.0
-423.0
-431.0
-430.0
-439.0
-452.0
-447.0
-458.0
-454.0
-448.0
-460.0
-436.0
-433.0
-446.0
-437.0
-437.0
-439.0
-431.0
-423.0
-404.0
-402.0
-401.0
-388.0
-396.0
-408.0
-408.0
-421.0
-425.0
-427.0
-428.0
-397.0
-403.0
-440.0
-466.0
-475.0
-457.0
-455.0
-466.0
-460.0
-464.0
-465.0
-462.0
-476.0
-475.0
-453.0
-439.0
-450.0
-480.0
-486.0
-484.0
-496.0
-487.0
-475.0
-466.0
-427.0
-414.0
-416.0
-428.0
-459.0
-485.0
-512.0
-521.0
-512.0
-517.0
-506.0
-497.0
-511.0
-495.0
-472.0
-470.0
-451.0
-435.0
-427.0
-462.0
-501.0
-503.0
-502.0
-498.0
-480.0
-492.0
-504.0
-490.0
-492.0
-485.0
-477.0
-472.0
-461.0
-484.0
-516.0
-541.0
-543.0
-500.0
-455.0
-439.0
-427.0
-451.0
-488.0
-502.0
-528.0
-541.0
-540.0
-526.0
-490.0
-479.0
-467.0
-454.0
-469.0
-461.0
-464.0
-469.0
-454.0
-457.0
-465.0
-454.0
-471.0
-486.0
-488.0
-489.0
-467.0
-459.0
-462.0
-460.0
-474.0
-478.0
-491.0
-511.0
-482.0
-444.0
-437.0
-441.0
-455.0
-444.0
-449.0
-467.0
-468.0
-486.0
-479.0
-466.0
-469.0
-469.0
-468.0
-468.0
-444.0
-446.0
-454.0
-449.0
-459.0
-452.0
-453.0
-465.0
-470.0
-491.0
-488.0
-452.0
-437.0
-419.0
-414.0
-421.0
-429.0
-455.0
-460.0
-446.0
-440.0
-430.0
-425.0
-420.0
-404.0
-406.0
-401.0
-405.0
-410.0
-417.0
-439.0
-446.0
-412.0
-395.0
-395.0
-389.0
-391.0
-385.0
-384.0
-394.0
-385.0
-394.0
-390.0
-373.0
-391.0
-401.0
-395.0
-406.0
-414.0
-441.0
-444.0
-415.0
-410.0
-395.0
-386.0
-377.0
-369.0
-385.0
-388.0
-375.0
-369.0
-361.0
-363.0
-375.0
-373.0
-354.0
-337.0
-329.0
-337.0
-350.0
-360.0
-379.0
-390.0
-397.0
-383.0
-368.0
-378.0
-372.0
-371.0
-373.0
-363.0
-369.0
-376.0
-371.0
-383.0
-383.0
-379.0
-370.0
-351.0
-363.0
-401.0
-420.0
-432.0
-439.0
-437.0
-429.0
-401.0
-400.0
-409.0
-393.0
-396.0
-395.0
-387.0
-392.0
-378.0
-360.0
-379.0
-381.0
-374.0
-356.0
-351.0
-379.0
-363.0
-357.0
-357.0
-339.0
-343.0
-351.0
-357.0
-374.0
-370.0
-355.0
-351.0
-345.0
-358.0
-355.0
-356.0
-361.0
-325.0
-313.0
-332.0
-320.0
-305.0
-309.0
-327.0
-369.0
-381.0
-376.0
-366.0
-346.0
-341.0
-342.0
-337.0
-338.0
-327.0
-336.0
-355.0
-366.0
-374.0
-353.0
-332.0
-321.0
-304.0
-314.0
-326.0
-332.0
-345.0
-320.0
-306.0
-339.0
-346.0
-343.0
-346.0
-351.0
-357.0
-341.0
-352.0
-374.0
-374.0
-371.0
-355.0
-336.0
-346.0
-359.0
-371.0
-386.0
-383.0
-394.0
-397.0
-376.0
-381.0
-394.0
-391.0
-390.0
-367.0
-350.0
-340.0
-332.0
-332.0
-318.0
-327.0
-373.0
-384.0
-377.0
-376.0
-361.0
-370.0
-383.0
-377.0
-372.0
-351.0
-343.0
-353.0
-342.0
-338.0
-332.0
-333.0
-337.0
-329.0
-350.0
-357.0
-343.0
-355.0
-355.0
-338.0
-338.0
-315.0
-311.0
-325.0
-321.0
-348.0
-365.0
-353.0
-341.0
-321.0
-326.0
-332.0
-353.0
-418.0
-414.0
-379.0
-376.0
-360.0
-352.0
-365.0
-363.0
-361.0
-328.0
-303.0
-324.0
-348.0
-364.0
-360.0
-367.0
-378.0
-353.0
-345.0
-354.0
-342.0
-331.0
-328.0
-315.0
-305.0
-284.0
-261.0
-265.0
-279.0
-312.0
-332.0
-317.0
-308.0
-287.0
-267.0
-269.0
-261.0
-244.0
-232.0
-227.0
-247.0
-248.0
-243.0
-247.0
-228.0
-219.0
-231.0
-239.0
-261.0
-276.0
-289.0
-310.0
-297.0
-286.0
-284.0
-258.0
-256.0
-259.0
-245.0
-238.0
-210.0
-205.0
-219.0
-213.0
-239.0
-246.0
-250.0
-270.0
-270.0
-274.0
-275.0
-273.0
-275.0
-252.0
-242.0
-243.0
-229.0
-237.0
-243.0
-227.0
-222.0
-211.0
-204.0
-221.0
-218.0
-216.0
-219.0
-222.0
-260.0
-278.0
-267.0
-271.0
-263.0
-277.0
-285.0
-252.0
-261.0
-277.0
-270.0
-290.0
-317.0
-334.0
-328.0
-293.0
-286.0
-270.0
-250.0
-253.0
-238.0
-215.0
-201.0
-195.0
-215.0
-237.0
-254.0
-259.0
-243.0
-235.0
-231.0
-209.0
-201.0
-183.0
-170.0
-178.0
-191.0
-193.0
-185.0
-170.0
-166.0
-175.0
-203.0
-240.0
-236.0
-210.0
-175.0
-115.0
-110.0
-147.0
-192.0
-228.0
-225.0
-228.0
-251.0
-250.0
-266.0
-266.0
-231.0
-220.0
-211.0
-205.0
-186.0
-174.0
-201.0
-200.0
-189.0
-200.0
-187.0
-178.0
-184.0
-167.0
-164.0
-157.0
-148.0
-133.0
-105.0
-86.0
-87.0
-88.0
-115.0
-137.0
-150.0
-153.0
-110.0
-82.0
-87.0
-94.0
-109.0
-98.0
-86.0
-81.0
-41.0
-29.0
-40.0
-23.0
-24.0
-37.0
-43.0
-56.0
-45.0
-57.0
-82.0
-77.0
-88.0
-88.0
-82.0
-83.0
-68.0
-74.0
-84.0
-69.0
-87.0
-103.0
-93.0
-87.0
-64.0
-49.0
-64.0
-75.0
-86.0
-82.0
-76.0
-78.0
-69.0
-67.0
-88.0
-87.0
-68.0
-39.0
-18.0
-36.0
-36.0
-42.0
-52.0
-32.0
-22.0
-5.0
17.0
15.0
6.0
12.0
28.0
40.0
29.0
25.0
34.0
18.0
20.0
-2.0
-29.0
-27.0
-23.0
-14.0
-17.0
-35.0
-39.0
-23.0
-8.0
-10.0
-28.0
-10.0
3.0
-21.0
-25.0
-25.0
-29.0
-20.0
-29.0
-30.0
-24.0
-34.0
-20.0
-12.0
-34.0
-41.0
-67.0
-79.0
-70.0
-74.0
-70.0
-58.0
-36.0
-2.0
24.0
56.0
58.0
-16.0
-54.0
-61.0
-80.0
-67.0
-70.0
-73.0
-40.0
-25.0
-7.0
-8.0
-26.0
-20.0
-36.0
-58.0
-64.0
-71.0
-51.0
-51.0
-70.0
-64.0
-46.0
-21.0
18.0
54.0
67.0
44.0
22.0
32.0
19.0
4.0
25.0
32.0
48.0
68.0
72.0
72.0
56.0
45.0
54.0
70.0
86.0
97.0
109.0
118.0
105.0
105.0
107.0
74.0
66.0
72.0
64.0
71.0
63.0
45.0
41.0
34.0
48.0
65.0
76.0
92.0
77.0
63.0
63.0
31.0
26.0
35.0
26.0
35.0
39.0
45.0
68.0
61.0
66.0
76.0
63.0
42.0
10.0
15.0
51.0
49.0
36.0
21.0
15.0
39.0
45.0
56.0
68.0
32.0
32.0
42.0
32.0
48.0
61.0
58.0
71.0
75.0
82.0
74.0
82.0
116.0
96.0
57.0
53.0
37.0
50.0
69.0
74.0
82.0
64.0
52.0
74.0
76.0
76.0
70.0
48.0
29.0
7.0
14.0
43.0
52.0
64.0
68.0
50.0
55.0
58.0
49.0
53.0
43.0
38.0
58.0
78.0
82.0
41.0
30.0
36.0
21.0
13.0
25.0
31.0
41.0
31.0
35.0
63.0
76.0
93.0
89.0
71.0
77.0
85.0
102.0
90.0
64.0
71.0
77.0
74.0
69.0
51.0
36.0
51.0
60.0
70.0
76.0
75.0
96.0
113.0
113.0
118.0
112.0
107.0
88.0
62.0
78.0
107.0
121.0
135.0
140.0
151.0
137.0
108.0
119.0
117.0
117.0
121.0
88.0
78.0
80.0
81.0
99.0
92.0
76.0
73.0
73.0
92.0
103.0
102.0
115.0
114.0
108.0
129.0
130.0
131.0
136.0
119.0
107.0
100.0
116.0
161.0
190.0
212.0
209.0
180.0
175.0
181.0
166.0
166.0
170.0
182.0
186.0
180.0
199.0
211.0
220.0
242.0
227.0
216.0
212.0
201.0
204.0
198.0
198.0
200.0
191.0
210.0
243.0
266.0
269.0
289.0
332.0
345.0
326.0
336.0
331.0
275.0
259.0
226.0
208.0
250.0
294.0
338.0
352.0
324.0
316.0
295.0
289.0
300.0
285.0
283.0
304.0
323.0
345.0
332.0
287.0
272.0
276.0
312.0
344.0
350.0
385.0
402.0
385.0
369.0
338.0
319.0
324.0
315.0
326.0
367.0
394.0
422.0
426.0
441.0
462.0
462.0
478.0
477.0
469.0
477.0
479.0
476.0
471.0
480.0
534.0
551.0
552.0
573.0
574.0
589.0
586.0
565.0
591.0
606.0
611.0
640.0
614.0
571.0
567.0
575.0
603.0
605.0
591.0
560.0
507.0
485.0
490.0
495.0
505.0
499.0
484.0
474.0
446.0
435.0
452.0
458.0
461.0
447.0
437.0
452.0
433.0
418.0
437.0
437.0
465.0
461.0
439.0
450.0
439.0
428.0
436.0
426.0
421.0
433.0
446.0
429.0
424.0
449.0
487.0
495.0
515.0
512.0
475.0
456.0
445.0
440.0
444.0
436.0
433.0
417.0
401.0
380.0
342.0
349.0
403.0
436.0
463.0
459.0
435.0
410.0
360.0
326.0
331.0
336.0
355.0
371.0
393.0
436.0
422.0
416.0
411.0
378.0
350.0
332.0
342.0
373.0
370.0
394.0
440.0
434.0
417.0
394.0
386.0
389.0
397.0
434.0
464.0
464.0
476.0
425.0
359.0
340.0
313.0
304.0
311.0
312.0
322.0
315.0
322.0
353.0
385.0
422.0
419.0
389.0
386.0
381.0
371.0
372.0
356.0
333.0
322.0
302.0
290.0
287.0
293.0
329.0
344.0
335.0
340.0
317.0
324.0
331.0
326.0
340.0
313.0
295.0
292.0
268.0
274.0
288.0
299.0
315.0
308.0
290.0
260.0
233.0
223.0
208.0
219.0
241.0
247.0
256.0
243.0
197.0
170.0
160.0
168.0
197.0
215.0
256.0
275.0
276.0
298.0
286.0
256.0
251.0
237.0
232.0
232.0
225.0
241.0
251.0
252.0
267.0
266.0
263.0
237.0
189.0
174.0
157.0
148.0
172.0
184.0
204.0
228.0
228.0
248.0
258.0
249.0
237.0
211.0
195.0
178.0
168.0
178.0
175.0
160.0
166.0
160.0
158.0
172.0
168.0
169.0
162.0
157.0
190.0
187.0
165.0
158.0
134.0
122.0
110.0
96.0
98.0
84.0
81.0
96.0
86.0
83.0
98.0
89.0
73.0
56.0
52.0
44.0
31.0
39.0
24.0
-6.0
23.0
58.0
91.0
120.0
120.0
72.0
-23.0
-68.0
-42.0
-26.0
-17.0
2.0
0.0
-9.0
-11.0
-4.0
13.0
-7.0
-17.0
-8.0
-34.0
-42.0
-44.0
-49.0
-26.0
-17.0
-2.0
23.0
17.0
21.0
30.0
25.0
24.0
-1.0
-21.0
-23.0
-18.0
14.0
16.0
-1.0
-1.0
-11.0
-13.0
3.0
-2.0
23.0
33.0
14.0
13.0
-5.0
-22.0
-25.0
-43.0
-27.0
-5.0
0.0
16.0
6.0
-8.0
-23.0
-56.0
-56.0
-45.0
-56.0
-42.0
-31.0
-26.0
-48.0
-68.0
-55.0
-49.0
-62.0
-63.0
-67.0
-68.0
-52.0
-57.0
-53.0
-55.0
-65.0
-47.0
-28.0
-17.0
-30.0
-62.0
-51.0
-36.0
-35.0
-20.0
-14.0
-13.0
-22.0
-32.0
-11.0
-8.0
-29.0
-34.0
-43.0
-32.0
-24.0
-46.0
-53.0
-50.0
-42.0
-8.0
8.0
31.0
50.0
23.0
10.0
12.0
17.0
31.0
-1.0
-15.0
18.0
34.0
56.0
72.0
76.0
83.0
71.0
61.0
62.0
52.0
46.0
27.0
27.0
59.0
89.0
106.0
126.0
134.0
124.0
117.0
124.0
150.0
147.0
118.0
74.0
61.0
75.0
76.0
65.0
76.0
73.0
77.0
110.0
128.0
137.0
125.0
111.0
127.0
125.0
122.0
134.0
144.0
163.0
177.0
175.0
203.0
212.0
217.0
230.0
229.0
233.0
224.0
207.0
225.0
239.0
252.0
266.0
247.0
261.0
285.0
275.0
268.0
259.0
280.0
312.0
312.0
316.0
307.0
281.0
278.0
277.0
280.0
300.0
287.0
280.0
288.0
286.0
295.0
290.0
295.0
327.0
326.0
314.0
301.0
294.0
317.0
330.0
341.0
361.0
350.0
339.0
334.0
328.0
335.0
328.0
335.0
337.0
323.0
327.0
335.0
338.0
355.0
337.0
323.0
326.0
314.0
324.0
342.0
346.0
367.0
371.0
361.0
353.0
335.0
339.0
352.0
352.0
372.0
378.0
388.0
400.0
385.0
385.0
371.0
332.0
333.0
335.0
342.0
383.0
380.0
391.0
403.0
395.0
397.0
370.0
346.0
341.0
316.0
301.0
312.0
326.0
345.0
351.0
347.0
351.0
324.0
310.0
326.0
330.0
332.0
323.0
297.0
254.0
209.0
225.0
249.0
253.0
271.0
270.0
272.0
288.0
278.0
276.0
277.0
273.0
299.0
299.0
293.0
317.0
319.0
332.0
345.0
336.0
326.0
300.0
293.0
297.0
271.0
271.0
281.0
278.0
281.0
303.0
336.0
377.0
367.0
353.0
324.0
278.0
265.0
254.0
264.0
312.0
332.0
337.0
334.0
314.0
291.0
259.0
248.0
249.0
223.0
200.0
192.0
202.0
234.0
249.0
232.0
225.0
222.0
224.0
233.0
227.0
227.0
240.0
256.0
230.0
209.0
226.0
213.0
194.0
219.0
224.0
202.0
195.0
185.0
182.0
182.0
165.0
154.0
148.0
137.0
138.0
140.0
147.0
158.0
156.0
153.0
130.0
101.0
84.0
66.0
67.0
83.0
108.0
150.0
164.0
160.0
164.0
128.0
116.0
145.0
156.0
157.0
145.0
139.0
149.0
140.0
147.0
158.0
144.0
145.0
144.0
121.0
106.0
73.0
49.0
19.0
-17.0
-6.0
19.0
26.0
54.0
81.0
81.0
77.0
52.0
26.0
-32.0
-67.0
-62.0
-68.0
-47.0
-15.0
-9.0
1.0
-3.0
-16.0
-7.0
-10.0
-22.0
-49.0
-82.0
-62.0
-51.0
-34.0
8.0
14.0
12.0
-11.0
-38.0
-24.0
-18.0
-24.0
-21.0
-21.0
-15.0
-18.0
-15.0
9.0
6.0
-13.0
2.0
-1.0
6.0
3.0
-25.0
-17.0
-29.0
-47.0
-49.0
-80.0
-88.0
-79.0
-87.0
-80.0
-81.0
-102.0
-122.0
-128.0
-108.0
-144.0
-170.0
-144.0
-148.0
-182.0
-188.0
-187.0
-176.0
-158.0
-167.0
-174.0
-182.0
-187.0
-180.0
-206.0
-219.0
-224.0
-234.0
-224.0
-223.0
-229.0
-210.0
-198.0
-192.0
-188.0
-209.0
-216.0
-219.0
-239.0
-239.0
-225.0
-209.0
-210.0
-229.0
-239.0
-245.0
-253.0
-240.0
-237.0
-224.0
-212.0
-227.0
-221.0
-215.0
-225.0
-241.0
-272.0
-283.0
-277.0
-280.0
-264.0
-246.0
-241.0
-242.0
-275.0
-311.0
-332.0
-361.0
-360.0
-348.0
-337.0
-328.0
-341.0
-346.0
-340.0
-342.0
-322.0
-307.0
-304.0
-299.0
-311.0
-313.0
-331.0
-395.0
-416.0
-410.0
-418.0
-400.0
-390.0
-367.0
-357.0
-374.0
-371.0
-376.0
-379.0
-366.0
-367.0
-369.0
-367.0
-390.0
-394.0
-391.0
-381.0
-369.0
-379.0
-376.0
-368.0
-383.0
-376.0
-378.0
-390.0
-380.0
-385.0
-394.0
-389.0
-390.0
-372.0
-356.0
-349.0
-346.0
-365.0
-369.0
-368.0
-388.0
-389.0
-379.0
-391.0
-394.0
-399.0
-394.0
-393.0
-402.0
-385.0
-377.0
-369.0
-329.0
-336.0
-374.0
-405.0
-429.0
-420.0
-427.0
-436.0
-408.0
-385.0
-361.0
-350.0
-367.0
-386.0
-407.0
-412.0
-415.0
-439.0
-451.0
-436.0
-434.0
-415.0
-402.0
-415.0
-416.0
-423.0
-437.0
-442.0
-443.0
-433.0
-436.0
-442.0
-423.0
-426.0
-432.0
-427.0
-418.0
-413.0
-429.0
-442.0
-444.0
-464.0
-477.0
-469.0
-461.0
-434.0
-415.0
-414.0
-392.0
-380.0
-384.0
-408.0
-443.0
-462.0
-476.0
-467.0
-430.0
-417.0
-431.0
-427.0
-418.0
-407.0
-407.0
-426.0
-414.0
-425.0
-442.0
-428.0
-446.0
-465.0
-475.0
-462.0
-411.0
-378.0
-389.0
-426.0
-461.0
-449.0
-428.0
-441.0
-458.0
-468.0
-472.0
-457.0
-446.0
-422.0
-390.0
-372.0
-359.0
-353.0
-344.0
-341.0
-365.0
-372.0
-397.0
-427.0
-412.0
-408.0
-400.0
-375.0
-371.0
-348.0
-332.0
-332.0
-318.0
-318.0
-323.0
-318.0
-329.0
-335.0
-355.0
-395.0
-397.0
-383.0
-358.0
-310.0
-286.0
-267.0
-279.0
-299.0
-295.0
-312.0
-307.0
-305.0
-361.0
-369.0
-357.0
-366.0
-360.0
-357.0
-358.0
-330.0
-300.0
-265.0
-238.0
-243.0
-247.0
-272.0
-316.0
-349.0
-354.0
-324.0
-296.0
-277.0
-246.0
-231.0
-244.0
-270.0
-305.0
-319.0
-328.0
-331.0
-306.0
-299.0
-305.0
-300.0
-299.0
-270.0
-233.0
-219.0
-214.0
-225.0
-230.0
-237.0
-265.0
-280.0
-281.0
-268.0
-233.0
-225.0
-224.0
-223.0
-233.0
-232.0
-229.0
-234.0
-212.0
-201.0
-205.0
-213.0
-216.0
-213.0
-214.0
-225.0
-211.0
-218.0
-247.0
-241.0
-233.0
-216.0
-199.0
-220.0
-226.0
-233.0
-241.0
-240.0
-259.0
-237.0
-203.0
-187.0
-168.0
-164.0
-205.0
-259.0
-294.0
-297.0
-272.0
-251.0
-227.0
-218.0
-213.0
-201.0
-210.0
-198.0
-191.0
-223.0
-209.0
-174.0
-167.0
-161.0
-157.0
-157.0
-168.0
-172.0
-136.0
-133.0
-145.0
-128.0
-110.0
-95.0
-71.0
-73.0
-48.0
-44.0
-44.0
-12.0
-9.0
-13.0
-5.0
-2.0
4.0
-10.0
-27.0
-59.0
-108.0
-117.0
-88.0
-64.0
-17.0
-2.0
-13.0
-7.0
-11.0
-22.0
-40.0
-69.0
-95.0
-136.0
-175.0
-181.0
-176.0
-148.0
-120.0
-119.0
-120.0
-129.0
-121.0
-105.0
-112.0
-120.0
-137.0
-155.0
-150.0
-158.0
-152.0
-154.0
-168.0
-153.0
-127.0
-133.0
-128.0
-123.0
-142.0
-159.0
-157.0
-133.0
-121.0
-130.0
-137.0
-156.0
-168.0
-163.0
-178.0
-171.0
-150.0
-150.0
-130.0
-108.0
-97.0
-110.0
-140.0
-148.0
-144.0
-162.0
-167.0
-164.0
-149.0
-121.0
-101.0
-106.0
-111.0
-122.0
-128.0
-159.0
-193.0
-197.0
-219.0
-239.0
-225.0
-216.0
-175.0
-146.0
-133.0
-127.0
-175.0
-214.0
-211.0
-216.0
-199.0
-184.0
-221.0
-274.0
-297.0
-274.0
-252.0
-250.0
-228.0
-213.0
-208.0
-190.0
-191.0
-185.0
-191.0
-232.0
-266.0
-290.0
-300.0
-275.0
-256.0
-218.0
-184.0
-194.0
-197.0
-196.0
-177.0
-151.0
-153.0
-168.0
-184.0
-195.0
-153.0
-138.0
-162.0
-157.0
-162.0
-167.0
-152.0
-157.0
-146.0
-144.0
-140.0
-112.0
-114.0
-118.0
-84.0
-89.0
-163.0
-199.0
-218.0
-214.0
-194.0
-155.0
-125.0
-122.0
-117.0
-129.0
-162.0
-181.0
-195.0
-175.0
-172.0
-210.0
-222.0
-239.0
-254.0
-239.0
-247.0
-227.0
-178.0
-159.0
-156.0
-165.0
-183.0
-195.0
-222.0
-224.0
-231.0
-253.0
-233.0
-222.0
-233.0
-212.0
-200.0
-185.0
-181.0
-203.0
-195.0
-181.0
-184.0
-178.0
-198.0
-203.0
-192.0
-194.0
-192.0
-196.0
-202.0
-202.0
-205.0
-199.0
-206.0
-238.0
-236.0
-225.0
-218.0
-201.0
-207.0
-202.0
-182.0
-190.0
-201.0
-221.0
-254.0
-273.0
-312.0
-324.0
-298.0
-278.0
-260.0
-254.0
-247.0
-261.0
-274.0
-267.0
-260.0
-251.0
-220.0
-241.0
-283.0
-275.0
-269.0
-273.0
-271.0
-276.0
-265.0
-251.0
-244.0
-231.0
-223.0
-187.0
-185.0
-221.0
-209.0
-184.0
-186.0
-178.0
-186.0
-199.0
-206.0
-223.0
-230.0
-236.0
-238.0
-214.0
-224.0
-242.0
-244.0
-257.0
-247.0
-240.0
-240.0
-236.0
-224.0
-199.0
-183.0
-148.0
-176.0
-260.0
-278.0
-270.0
-288.0
-269.0
-237.0
-248.0
-246.0
-256.0
-266.0
-230.0
-203.0
-191.0
-184.0
-200.0
-205.0
-215.0
-227.0
-212.0
-209.0
-217.0
-220.0
-239.0
-239.0
-239.0
-236.0
-212.0
-206.0
-215.0
-195.0
-166.0
-202.0
-243.0
-241.0
-222.0
-229.0
-224.0
-210.0
-208.0
-187.0
-188.0
-206.0
-212.0
-229.0
-239.0
-242.0
-265.0
-276.0
-273.0
-261.0
-233.0
-228.0
-230.0
-228.0
-234.0
-233.0
-240.0
-256.0
-271.0
-296.0
-307.0
-305.0
-317.0
-314.0
-315.0
-305.0
-268.0
-246.0
-233.0
-229.0
-238.0
-222.0
-231.0
-255.0
-238.0
-233.0
-234.0
-220.0
-228.0
-239.0
-249.0
-257.0
-239.0
-245.0
-265.0
-278.0
-286.0
-286.0
-328.0
-376.0
-360.0
-334.0
-310.0
-278.0
-294.0
-334.0
-355.0
-352.0
-335.0
-345.0
-352.0
-338.0
-327.0
-306.0
-307.0
-320.0
-300.0
-293.0
-283.0
-261.0
-256.0
-244.0
-251.0
-299.0
-337.0
-362.0
-355.0
-306.0
-266.0
-227.0
-202.0
-212.0
-225.0
-242.0
-273.0
-295.0
-298.0
-274.0
-257.0
-246.0
-216.0
-222.0
-237.0
-254.0
-295.0
-307.0
-286.0
-250.0
-199.0
-161.0
-137.0
-134.0
-187.0
-228.0
-257.0
-288.0
-286.0
-282.0
-262.0
-222.0
-222.0
-222.0
-220.0
-228.0
-221.0
-237.0
-263.0
-278.0
-284.0
-269.0
-262.0
-256.0
-220.0
-227.0
-237.0
-213.0
-196.0
-195.0
-227.0
-273.0
-280.0
-295.0
-300.0
-272.0
-258.0
-234.0
-219.0
-214.0
-198.0
-202.0
-206.0
-190.0
-200.0
-206.0
-213.0
-232.0
-235.0
-266.0
-303.0
-316.0
-333.0
-319.0
-284.0
-249.0
-206.0
-221.0
-243.0
-251.0
-281.0
-297.0
-288.0
-284.0
-264.0
-246.0
-249.0
-242.0
-270.0
-306.0
-316.0
-322.0
-303.0
-287.0
-276.0
-257.0
-262.0
-267.0
-279.0
-289.0
-274.0
-274.0
-274.0
-252.0
-237.0
-233.0
-245.0
-264.0
-268.0
-286.0
-303.0
-304.0
-308.0
-304.0
-306.0
-296.0
-256.0
-231.0
-217.0
-231.0
-310.0
-354.0
-365.0
-378.0
-356.0
-338.0
-335.0
-305.0
-280.0
-250.0
-240.0
-250.0
-252.0
-291.0
-338.0
-341.0
-347.0
-335.0
-296.0
-277.0
-238.0
-206.0
-191.0
-169.0
-175.0
-177.0
-192.0
-212.0
-210.0
-245.0
-296.0
-303.0
-281.0
-250.0
-231.0
-202.0
-154.0
-137.0
-135.0
-134.0
-173.0
-209.0
-253.0
-317.0
-346.0
-348.0
-330.0
-277.0
-218.0
-153.0
-108.0
-113.0
-116.0
-128.0
-153.0
-163.0
-186.0
-201.0
-212.0
-243.0
-251.0
-255.0
-260.0
-233.0
-218.0
-210.0
-204.0
-202.0
-192.0
-194.0
-212.0
-243.0
-255.0
-212.0
-165.0
-159.0
-166.0
-186.0
-195.0
-180.0
-177.0
-172.0
-171.0
-159.0
-125.0
-119.0
-122.0
-121.0
-140.0
-138.0
-141.0
-165.0
-174.0
-182.0
-201.0
-196.0
-188.0
-177.0
-166.0
-166.0
-190.0
-197.0
-187.0
-172.0
-183.0
-193.0
-212.0
-256.0
-269.0
-254.0
-223.0
-176.0
-150.0
-140.0
-135.0
-160.0
-156.0
-158.0
-185.0
-201.0
-221.0
-231.0
-225.0
-221.0
-191.0
-176.0
-177.0
-183.0
-214.0
-208.0
-187.0
-168.0
-122.0
-101.0
-99.0
-88.0
-110.0
-121.0
-114.0
-133.0
-133.0
-134.0
-130.0
-135.0
-197.0
-236.0
-231.0
-239.0
-236.0
-224.0
-201.0
-180.0
-171.0
-149.0
-139.0
-142.0
-131.0
-131.0
-146.0
-149.0
-159.0
-151.0
-131.0
-131.0
-125.0
-127.0
-129.0
-124.0
-136.0
-155.0
-168.0
-186.0
-168.0
-136.0
-105.0
-81.0
-90.0
-103.0
-111.0
-112.0
-105.0
-113.0
-99.0
-78.0
-89.0
-91.0
-73.0
-71.0
-59.0
-76.0
-102.0
-87.0
-93.0
-115.0
-136.0
-148.0
-138.0
-138.0
-146.0
-149.0
-146.0
-130.0
-113.0
-112.0
-101.0
-99.0
-86.0
-67.0
-84.0
-83.0
-80.0
-75.0
-29.0
-60.0
-101.0
-85.0
-82.0
-83.0
-74.0
-82.0
-79.0
-76.0
-86.0
-93.0
-108.0
-123.0
-124.0
-124.0
-103.0
-98.0
-113.0
-97.0
-102.0
-107.0
-107.0
-118.0
-103.0
-96.0
-96.0
-74.0
-80.0
-76.0
-74.0
-96.0
-101.0
-119.0
-142.0
-138.0
-140.0
-122.0
-91.0
-85.0
-61.0
-39.0
-43.0
-55.0
-86.0
-120.0
-131.0
-130.0
-106.0
-84.0
-79.0
-73.0
-93.0
-112.0
-106.0
-122.0
-120.0
-132.0
-155.0
-138.0
-136.0
-135.0
-121.0
-121.0
-117.0
-121.0
-130.0
-102.0
-89.0
-110.0
-158.0
-187.0
-171.0
-181.0
-176.0
-133.0
-128.0
-127.0
-125.0
-136.0
-123.0
-112.0
-121.0
-110.0
-95.0
-95.0
-93.0
-105.0
-98.0
-84.0
-63.0
-26.0
1.0
11.0
-18.0
-66.0
-78.0
-75.0
-76.0
-55.0
-54.0
-46.0
-21.0
-17.0
-5.0
6.0
-1.0
-7.0
-17.0
-21.0
-10.0
-25.0
-37.0
-44.0
-42.0
-21.0
-12.0
-6.0
3.0
-16.0
-26.0
-24.0
-39.0
-51.0
-70.0
-58.0
-34.0
-33.0
-20.0
-10.0
0.0
17.0
-2.0
-13.0
4.0
15.0
11.0
-16.0
-13.0
3.0
-15.0
-31.0
-29.0
-32.0
-17.0
-7.0
-28.0
-31.0
-25.0
-15.0
8.0
28.0
43.0
38.0
23.0
17.0
5.0
-10.0
-12.0
-13.0
-12.0
1.0
12.0
12.0
