4 0.640099
5 0.628649
7 0.639309
9 0.668821
11 0.701709
13 0.733001
16 0.772733
20 0.811286
23 0.831443
28 0.854166
33 0.869052
38 0.879824
45 0.890911
52 0.898927
60 0.905529
69 0.910504
79 0.913824
91 0.915699
104 0.916107
119 0.915363
135 0.913780
154 0.911490
174 0.908915
198 0.905684
223 0.902342
252 0.898843
285 0.895490
321 0.892299
362 0.889151
407 0.886532
457 0.885006
513 0.884716
575 0.885835
645 0.888494
723 0.891987
809 0.895867
905 0.900102
1011 0.904714
1130 0.909435
1261 0.913405
1407 0.916660
1570 0.919457
