4 0.464676
5 0.476226
7 0.498449
9 0.517251
11 0.531984
13 0.542897
16 0.554223
20 0.566224
23 0.576671
28 0.600891
33 0.630939
38 0.661126
45 0.700903
52 0.733470
60 0.762079
69 0.785943
79 0.805232
91 0.821723
104 0.834207
119 0.843698
135 0.849912
154 0.853728
174 0.854890
198 0.853829
223 0.850898
252 0.846009
285 0.839249
321 0.831463
362 0.823010
407 0.814871
457 0.807484
513 0.801057
575 0.795964
645 0.792377
723 0.790563
809 0.790851
905 0.793666
1011 0.798791
1130 0.804879
1261 0.810579
1407 0.814402
1570 0.815611
1750 0.815099
