4 0.503819
5 0.520206
7 0.550726
9 0.585747
11 0.622773
13 0.653429
16 0.684605
20 0.710181
23 0.723704
28 0.742870
33 0.758225
38 0.769211
45 0.779509
52 0.785392
60 0.788154
69 0.787897
79 0.785018
91 0.779470
104 0.771969
119 0.761820
135 0.749368
154 0.732871
174 0.713918
198 0.689972
223 0.665373
252 0.639117
285 0.613342
321 0.590260
362 0.569378
407 0.551402
457 0.536110
513 0.523763
575 0.515091
645 0.509327
723 0.506293
809 0.505095
905 0.504441
1011 0.503926
1130 0.503905
1261 0.506795
1407 0.515384
1570 0.529195
1750 0.541368
