4 0.111329
5 0.162632
7 0.301174
9 0.459619
11 0.597452
13 0.699279
16 0.798007
20 0.870110
23 0.901314
28 0.931995
33 0.949186
38 0.959693
45 0.968707
52 0.974245
60 0.978387
69 0.981555
79 0.984021
91 0.986097
104 0.987644
119 0.988840
135 0.989650
154 0.990187
174 0.990389
198 0.990258
223 0.989796
252 0.989039
285 0.988161
321 0.987301
362 0.986338
407 0.985196
457 0.983854
513 0.982499
575 0.981256
645 0.980012
723 0.979009
809 0.978085
905 0.977233
1011 0.976323
1130 0.975231
1261 0.973942
1407 0.972294
1570 0.970143
1750 0.967550
