4 0.964974
5 0.953098
7 0.923996
9 0.900321
11 0.880801
13 0.863821
16 0.843461
20 0.818706
23 0.801533
28 0.775470
33 0.754033
38 0.737297
45 0.719929
52 0.706912
60 0.694473
69 0.681433
79 0.667038
91 0.650133
104 0.633326
119 0.617457
135 0.605688
154 0.598319
174 0.596837
198 0.600518
223 0.606851
252 0.614150
285 0.621797
321 0.629281
362 0.636784
407 0.644172
457 0.650804
513 0.655353
575 0.656821
645 0.656860
723 0.657035
809 0.657974
905 0.659687
1011 0.662276
1130 0.666026
1261 0.669653
1407 0.672348
1570 0.673413
