4 0.422575
5 0.401931
7 0.391336
9 0.405281
11 0.430874
13 0.460852
16 0.508157
20 0.570812
23 0.611715
28 0.660765
33 0.691576
38 0.712493
45 0.731565
52 0.742995
60 0.750349
69 0.754234
79 0.755425
91 0.754401
104 0.751793
119 0.747756
135 0.742790
154 0.737038
174 0.731655
198 0.726175
223 0.721422
252 0.716549
285 0.711084
321 0.705119
362 0.698215
407 0.690317
457 0.681050
513 0.670130
575 0.657792
645 0.644324
723 0.629225
809 0.611780
905 0.591531
1011 0.569433
1130 0.546124
1261 0.522772
1407 0.499754
1570 0.478055
1750 0.458808
