4 0.299178
5 0.322261
7 0.367736
9 0.411652
11 0.451814
13 0.485471
16 0.523891
20 0.561617
23 0.583875
28 0.612166
33 0.631674
38 0.644801
45 0.655668
52 0.660911
60 0.662851
69 0.662150
79 0.659257
91 0.653872
104 0.646570
119 0.636633
135 0.624729
154 0.609754
174 0.594204
198 0.577067
223 0.561456
252 0.546003
285 0.531022
321 0.517143
362 0.503766
407 0.491441
457 0.479808
513 0.469697
575 0.462722
645 0.459926
723 0.460262
809 0.460629
905 0.457230
1011 0.448582
1130 0.436585
1261 0.423461
1407 0.409386
1570 0.394747
1750 0.381076
