4 0.390321
5 0.471298
7 0.591680
9 0.667824
11 0.714760
13 0.743489
16 0.767773
20 0.781979
23 0.786053
28 0.789698
33 0.793917
38 0.798621
45 0.804192
52 0.808480
60 0.812447
69 0.815979
79 0.819043
91 0.821812
104 0.824021
119 0.825883
135 0.827303
154 0.828334
174 0.828661
198 0.828167
223 0.827100
252 0.825619
285 0.823817
321 0.821903
362 0.820194
407 0.819569
457 0.820862
513 0.824788
575 0.831143
645 0.838760
723 0.845765
809 0.850552
905 0.852554
1011 0.852124
1130 0.850456
1261 0.848548
1407 0.847929
1570 0.849327
1750 0.852196
