4 0.435321
5 0.434987
7 0.449780
9 0.475703
11 0.506294
13 0.536723
16 0.577976
20 0.628263
23 0.663948
28 0.713185
33 0.748148
38 0.773906
45 0.801216
52 0.821587
60 0.839007
69 0.853918
79 0.866595
91 0.878132
104 0.887474
119 0.895467
135 0.901695
154 0.906897
174 0.910411
198 0.912680
223 0.913556
252 0.913350
285 0.912029
321 0.909653
362 0.906087
407 0.901401
457 0.895647
513 0.889176
575 0.882080
645 0.873333
723 0.862486
809 0.849893
905 0.835839
1011 0.821347
1130 0.809474
1261 0.803940
1407 0.806089
1570 0.813986
