4 0.359206
5 0.361816
7 0.378389
9 0.399276
11 0.419672
13 0.437471
16 0.457738
20 0.474426
23 0.481233
28 0.485812
33 0.486315
38 0.484912
45 0.480596
52 0.473529
60 0.461813
69 0.444711
79 0.422872
91 0.395096
104 0.364241
119 0.329266
135 0.294942
154 0.259973
174 0.229973
198 0.201841
223 0.178816
252 0.156958
285 0.136452
321 0.118405
362 0.102315
407 0.088847
457 0.078215
513 0.071134
575 0.067500
645 0.066606
723 0.068319
809 0.073047
905 0.082086
1011 0.095549
1130 0.113494
1261 0.136027
1407 0.164905
1570 0.200104
