4 0.015395
5 0.020460
7 0.038633
9 0.072679
11 0.123833
13 0.184148
16 0.279554
20 0.398569
23 0.471566
28 0.563230
33 0.626324
38 0.670324
45 0.711432
52 0.738011
60 0.758091
69 0.773114
79 0.784246
91 0.792689
104 0.797903
119 0.800758
135 0.801157
154 0.798846
174 0.794253
198 0.787314
223 0.779377
252 0.769770
285 0.758726
321 0.746680
362 0.733141
407 0.718834
457 0.702125
513 0.684472
575 0.668021
645 0.652133
723 0.637163
809 0.623050
905 0.610663
1011 0.600573
1130 0.592322
1261 0.584595
1407 0.576697
1570 0.567362
1750 0.555096
