4 0.685514
5 0.700264
7 0.728422
9 0.755739
11 0.780996
13 0.803243
16 0.832077
20 0.864001
23 0.882480
28 0.904747
33 0.920386
38 0.931945
45 0.943109
52 0.950496
60 0.956198
69 0.960582
79 0.963894
91 0.966535
104 0.968313
119 0.969430
135 0.969859
154 0.969646
174 0.968811
198 0.967109
223 0.964513
252 0.960477
285 0.954778
321 0.947703
362 0.939213
407 0.929883
457 0.919747
513 0.908611
575 0.896505
645 0.882664
723 0.866765
809 0.849039
905 0.829043
1011 0.806579
1130 0.781516
1261 0.756288
1407 0.731941
1570 0.708298
1750 0.685686
