4 0.438271
5 0.455338
7 0.487643
9 0.513844
11 0.533350
13 0.547034
16 0.560434
20 0.570486
23 0.574357
28 0.577108
33 0.577661
38 0.576887
45 0.574097
52 0.569954
60 0.564144
69 0.556778
79 0.547838
91 0.535739
104 0.520849
119 0.502005
135 0.480392
154 0.453292
174 0.425090
198 0.394761
223 0.369190
252 0.346867
285 0.327084
321 0.307561
362 0.286862
407 0.267273
457 0.248273
513 0.229190
575 0.209615
645 0.187978
723 0.164635
809 0.140709
905 0.117789
1011 0.097948
1130 0.083300
1261 0.074209
1407 0.069235
1570 0.065714
1750 0.063903
