4 0.376012
5 0.448591
7 0.554606
9 0.612887
11 0.643336
13 0.659892
16 0.671513
20 0.674671
23 0.672233
28 0.666093
33 0.662303
38 0.660417
45 0.657202
52 0.652965
60 0.647837
69 0.641674
79 0.634505
91 0.625430
104 0.614775
119 0.601187
135 0.585095
154 0.564504
174 0.542869
198 0.520400
223 0.502687
252 0.488148
285 0.477236
321 0.469699
362 0.464521
407 0.461711
457 0.460632
513 0.458774
575 0.454080
645 0.445608
723 0.435185
809 0.427286
905 0.423599
1011 0.421162
1130 0.420876
1261 0.424293
1407 0.431948
1570 0.439279
