4 0.475232
5 0.472096
7 0.464004
9 0.461879
11 0.467128
13 0.478449
16 0.503229
20 0.540157
23 0.562524
28 0.587750
33 0.606596
38 0.620596
45 0.632235
52 0.637954
60 0.640517
69 0.641633
79 0.643050
91 0.644702
104 0.645386
119 0.645528
135 0.646036
154 0.647521
174 0.650156
198 0.654410
223 0.660317
252 0.668575
285 0.678911
321 0.689585
362 0.700303
407 0.710158
457 0.718715
513 0.726073
575 0.731870
645 0.737441
723 0.743704
809 0.750690
905 0.757747
1011 0.763433
1130 0.768308
1261 0.774071
1407 0.781424
1570 0.789854
