4 0.857673
5 0.807741
7 0.709479
9 0.657327
11 0.639580
13 0.643614
16 0.673386
20 0.720540
23 0.751085
28 0.789223
33 0.814874
38 0.832294
45 0.848221
52 0.858224
60 0.864835
69 0.867863
79 0.867804
91 0.865959
104 0.864339
119 0.863944
135 0.864751
154 0.866514
174 0.868984
198 0.872213
223 0.875236
252 0.878190
285 0.880741
321 0.882570
362 0.883851
407 0.884628
457 0.885099
513 0.885556
575 0.886207
645 0.887440
723 0.889842
809 0.893585
905 0.898247
1011 0.902889
1130 0.906398
1261 0.908221
1407 0.908712
1570 0.908198
1750 0.907798
