4 0.651936
5 0.674483
7 0.714457
9 0.745027
11 0.766734
13 0.782269
16 0.798957
20 0.815232
23 0.825286
28 0.839786
33 0.851925
38 0.861771
45 0.872354
52 0.879973
60 0.885515
69 0.888903
79 0.890338
91 0.889854
104 0.887673
119 0.884078
135 0.879839
154 0.874858
174 0.870052
198 0.865108
223 0.860542
252 0.855305
285 0.849691
321 0.844802
362 0.840677
407 0.837229
457 0.833618
513 0.829010
575 0.822980
645 0.814836
723 0.803679
809 0.789719
905 0.773524
1011 0.755962
1130 0.736731
1261 0.717185
1407 0.698543
1570 0.680884
1750 0.664677
