4 0.533017
5 0.564557
7 0.619555
9 0.661841
11 0.692371
13 0.714619
16 0.738834
20 0.761867
23 0.775075
28 0.792339
33 0.805605
38 0.815977
45 0.826592
52 0.833535
60 0.837964
69 0.839699
79 0.838702
91 0.834497
104 0.827309
119 0.816924
135 0.804594
154 0.789376
174 0.773483
198 0.755511
223 0.737963
252 0.718019
285 0.696086
321 0.674065
362 0.650999
407 0.627507
457 0.602929
513 0.578502
575 0.555469
645 0.534413
723 0.514739
809 0.497953
905 0.483435
1011 0.471839
1130 0.461008
1261 0.449515
1407 0.440860
1570 0.435166
