4 0.011287
5 0.012056
7 0.021319
9 0.045024
11 0.082322
13 0.128555
16 0.205179
20 0.303119
23 0.364344
28 0.441422
33 0.494064
38 0.529941
45 0.562112
52 0.582163
60 0.597598
69 0.610088
79 0.620590
91 0.630900
104 0.640310
119 0.648740
135 0.654525
154 0.657433
174 0.657314
198 0.654971
223 0.651141
252 0.644675
285 0.633220
321 0.614982
362 0.588508
407 0.555512
457 0.518146
513 0.478375
575 0.439058
645 0.400948
723 0.364179
809 0.327591
905 0.290128
1011 0.254275
1130 0.222833
1261 0.197659
1407 0.176773
1570 0.156013
