4 0.722941
5 0.716177
7 0.717504
9 0.730938
11 0.749864
13 0.770469
16 0.799813
20 0.830775
23 0.847640
28 0.866935
33 0.879114
38 0.886848
45 0.892586
52 0.893948
60 0.892041
69 0.887568
79 0.881527
91 0.874353
104 0.867669
119 0.861971
135 0.858471
154 0.856910
174 0.857032
198 0.858497
223 0.860175
252 0.860939
285 0.859946
321 0.857482
362 0.853465
407 0.847425
457 0.839123
513 0.829019
575 0.817772
645 0.805845
723 0.793887
809 0.783101
905 0.775055
1011 0.769863
1130 0.766851
1261 0.764511
1407 0.761666
1570 0.757436
