4 0.531138
5 0.520525
7 0.522256
9 0.538371
11 0.559273
13 0.581344
16 0.613517
20 0.649618
23 0.670012
28 0.694258
33 0.712113
38 0.726650
45 0.741940
52 0.751803
60 0.758356
69 0.761952
79 0.763326
91 0.763316
104 0.762677
119 0.762027
135 0.761818
154 0.762182
174 0.763124
198 0.764717
223 0.766217
252 0.766699
285 0.764996
321 0.760738
362 0.754014
407 0.745873
457 0.737323
513 0.728801
575 0.722528
645 0.720954
723 0.725538
809 0.735641
905 0.749188
1011 0.763872
1130 0.779085
1261 0.792382
1407 0.803347
1570 0.812048
1750 0.818577
