4 0.698916
5 0.693637
7 0.695442
9 0.706104
11 0.720653
13 0.736555
16 0.759693
20 0.785136
23 0.799564
28 0.816683
33 0.828000
38 0.835549
45 0.841867
52 0.844408
60 0.843378
69 0.839022
79 0.832541
91 0.824402
104 0.816045
119 0.807142
135 0.798663
154 0.790165
174 0.782056
198 0.772536
223 0.763017
252 0.751762
285 0.737986
321 0.721723
362 0.701295
407 0.676423
457 0.646688
513 0.612857
575 0.575275
645 0.533317
723 0.489136
809 0.444194
905 0.400174
1011 0.359121
1130 0.321740
1261 0.290127
1407 0.267071
1570 0.256196
1750 0.260578
