4 0.543752
5 0.567361
7 0.614214
9 0.653511
11 0.681976
13 0.702211
16 0.722964
20 0.740378
23 0.749195
28 0.759744
33 0.767787
38 0.774338
45 0.781006
52 0.785089
60 0.787298
69 0.787471
79 0.785510
91 0.781079
104 0.774691
119 0.766132
135 0.756145
154 0.743624
174 0.730262
198 0.714293
223 0.697788
252 0.678890
285 0.657921
321 0.635802
362 0.611963
407 0.587425
457 0.560685
513 0.530860
575 0.499704
645 0.468374
723 0.436447
809 0.403142
905 0.367255
1011 0.334873
1130 0.308171
1261 0.286466
1407 0.268905
1570 0.251377
1750 0.236937
