4 0.493902
5 0.498509
7 0.520134
9 0.548770
11 0.576848
13 0.600276
16 0.626238
20 0.650176
23 0.663602
28 0.680386
33 0.691436
38 0.697828
45 0.701560
52 0.702932
60 0.703728
69 0.703881
79 0.703266
91 0.701775
104 0.699607
119 0.697436
135 0.695738
154 0.694289
174 0.694127
198 0.695776
223 0.698310
252 0.700947
285 0.703739
321 0.706352
362 0.707539
407 0.706902
457 0.704716
513 0.700395
575 0.693995
645 0.685471
723 0.674679
809 0.662650
905 0.650898
1011 0.640740
1130 0.633440
1261 0.630082
1407 0.630350
1570 0.632661
1750 0.635608
