4 0.566536
5 0.577273
7 0.591950
9 0.604233
11 0.615711
13 0.625729
16 0.637140
20 0.646376
23 0.650261
28 0.654863
33 0.660323
38 0.667362
45 0.679357
52 0.692918
60 0.709237
69 0.727626
79 0.747144
91 0.768518
104 0.788887
119 0.808998
135 0.826900
154 0.844264
174 0.858973
198 0.872907
223 0.884104
252 0.893949
285 0.902187
321 0.908639
362 0.913779
407 0.917590
457 0.920334
513 0.922354
575 0.924157
645 0.925911
723 0.927304
809 0.928122
905 0.928739
1011 0.929434
1130 0.930332
1261 0.931513
1407 0.933241
1570 0.935685
1750 0.938674
