4 0.267639
5 0.325599
7 0.431191
9 0.517456
11 0.590019
13 0.646670
16 0.703744
20 0.751734
23 0.780874
28 0.822204
33 0.852648
38 0.873483
45 0.893004
52 0.905693
60 0.915341
69 0.922611
79 0.927968
91 0.931943
104 0.934223
119 0.935051
135 0.934524
154 0.932767
174 0.930199
198 0.926756
223 0.923130
252 0.918990
285 0.914160
321 0.908818
362 0.903192
407 0.897937
457 0.893303
513 0.889631
575 0.886960
645 0.885236
723 0.884413
809 0.884631
905 0.886026
1011 0.888638
1130 0.892057
1261 0.894947
1407 0.897121
1570 0.898921
