4 0.654206
5 0.650865
7 0.661126
9 0.681613
11 0.703569
13 0.724264
16 0.751734
20 0.781582
23 0.799440
28 0.822439
33 0.838928
38 0.850838
45 0.862682
52 0.870886
60 0.877717
69 0.883751
79 0.889404
91 0.895235
104 0.900875
119 0.906823
135 0.912637
154 0.919075
174 0.925125
198 0.931170
223 0.936055
252 0.940217
285 0.943596
321 0.946245
362 0.948717
407 0.951303
457 0.954108
513 0.957000
575 0.959671
645 0.962025
723 0.963441
809 0.962607
905 0.960082
1011 0.956860
1130 0.953858
1261 0.952020
1407 0.951631
1570 0.952225
