4 0.538347
5 0.598916
7 0.672771
9 0.712390
11 0.735876
13 0.751517
16 0.768512
20 0.787901
23 0.801977
28 0.822887
33 0.838719
38 0.850502
45 0.862470
52 0.870224
60 0.875672
69 0.878764
79 0.879788
91 0.878770
104 0.875844
119 0.871054
135 0.865093
154 0.857449
174 0.848935
198 0.838331
223 0.827218
252 0.814557
285 0.800948
321 0.787526
362 0.774314
407 0.762768
457 0.753766
513 0.747856
575 0.744463
645 0.741034
723 0.734696
809 0.723778
905 0.708078
1011 0.688876
1130 0.665945
1261 0.641746
1407 0.619163
1570 0.598121
1750 0.576205
