4 0.482601
5 0.498226
7 0.526572
9 0.548823
11 0.566093
13 0.580213
16 0.598370
20 0.620951
23 0.638084
28 0.665941
33 0.689915
38 0.709268
45 0.730378
52 0.745369
60 0.756799
69 0.765081
79 0.770546
91 0.773902
104 0.775610
119 0.776771
135 0.778056
154 0.779970
174 0.782253
198 0.785237
223 0.788825
252 0.793739
285 0.800147
321 0.807627
362 0.816070
407 0.824619
457 0.832571
513 0.839432
575 0.845251
645 0.850714
723 0.856244
809 0.861954
905 0.868398
1011 0.875953
1130 0.884915
1261 0.893517
1407 0.899893
1570 0.903109
