4 0.116335
5 0.114412
7 0.120701
9 0.135139
11 0.157679
13 0.187608
16 0.241644
20 0.323824
23 0.388121
28 0.480056
33 0.544602
38 0.592633
45 0.642214
52 0.675913
60 0.703043
69 0.723507
79 0.738759
91 0.751008
104 0.760151
119 0.767207
135 0.771206
154 0.772029
174 0.769542
198 0.764079
223 0.757329
252 0.748911
285 0.738791
321 0.727068
362 0.712318
407 0.695216
457 0.674610
513 0.649015
575 0.619065
645 0.584589
723 0.546872
809 0.505988
905 0.462868
1011 0.420665
1130 0.382054
1261 0.348153
1407 0.318960
1570 0.295258
1750 0.281750
