4 0.193312
5 0.220222
7 0.299315
9 0.394880
11 0.480461
13 0.548697
16 0.623069
20 0.688267
23 0.721966
28 0.762029
33 0.789297
38 0.808263
45 0.826354
52 0.838296
60 0.847283
69 0.853697
79 0.858188
91 0.861434
104 0.863211
119 0.863729
135 0.862919
154 0.860161
174 0.855060
198 0.846539
223 0.836076
252 0.823310
285 0.808732
321 0.793504
362 0.777145
407 0.759589
457 0.739586
513 0.715986
575 0.690273
645 0.663693
723 0.636726
809 0.609841
905 0.583288
1011 0.559072
1130 0.537858
1261 0.519276
1407 0.503851
1570 0.492594
