4 0.604375
5 0.601707
7 0.621829
9 0.657037
11 0.692465
13 0.722646
16 0.757396
20 0.790676
23 0.809636
28 0.833638
33 0.851334
38 0.864636
45 0.878139
52 0.887512
60 0.894809
69 0.900182
79 0.903674
91 0.905474
104 0.905478
119 0.903653
135 0.900028
154 0.893665
174 0.884688
198 0.871635
223 0.856681
252 0.839200
285 0.819879
321 0.798906
362 0.774871
407 0.749571
457 0.723757
513 0.697069
575 0.669665
645 0.641529
723 0.614324
809 0.590127
905 0.570648
1011 0.555327
1130 0.540122
1261 0.522957
1407 0.503081
1570 0.480204
