4 0.597565
5 0.611352
7 0.648751
9 0.695291
11 0.739215
13 0.774725
16 0.812278
20 0.842977
23 0.857452
28 0.872354
33 0.880917
38 0.886115
45 0.890156
52 0.891949
60 0.892217
69 0.891014
79 0.888529
91 0.884810
104 0.880460
119 0.875430
135 0.870053
154 0.863414
174 0.855937
198 0.846176
223 0.834985
252 0.820645
285 0.802279
321 0.779456
362 0.750220
407 0.716278
457 0.679762
513 0.643610
575 0.613013
645 0.587834
723 0.563721
809 0.544207
905 0.531905
1011 0.520160
1130 0.507459
1261 0.495499
1407 0.485179
1570 0.480065
