71.0
109.0
108.0
90.0
90.0
32.0
41.0
46.0
18.0
47.0
34.0
53.0
101.0
83.0
99.0
96.0
63.0
100.0
98.0
98.0
117.0
89.0
105.0
133.0
118.0
138.0
93.0
65.0
70.0
21.0
40.0
29.0
-9.0
36.0
40.0
65.0
124.0
95.0
108.0
111.0
115.0
163.0
138.0
125.0
148.0
110.0
106.0
105.0
82.0
121.0
119.0
112.0
113.0
68.0
78.0
83.0
47.0
55.0
32.0
27.0
62.0
71.0
123.0
137.0
111.0
135.0
93.0
66.0
70.0
13.0
11.0
27.0
39.0
81.0
61.0
71.0
131.0
117.0
140.0
160.0
120.0
144.0
112.0
80.0
95.0
69.0
63.0
37.0
3.0
55.0
59.0
68.0
87.0
44.0
75.0
92.0
75.0
91.0
69.0
81.0
103.0
48.0
54.0
67.0
34.0
43.0
45.0
50.0
81.0
65.0
76.0
66.0
63.0
100.0
60.0
44.0
48.0
5.0
23.0
22.0
-7.0
38.0
26.0
19.0
30.0
7.0
59.0
69.0
38.0
65.0
37.0
15.0
55.0
42.0
71.0
79.0
61.0
77.0
31.0
3.0
22.0
-4.0
27.0
20.0
-21.0
45.0
49.0
56.0
97.0
77.0
100.0
104.0
73.0
91.0
58.0
41.0
66.0
46.0
61.0
76.0
51.0
68.0
60.0
78.0
120.0
101.0
108.0
97.0
75.0
117.0
79.0
61.0
96.0
76.0
100.0
99.0
73.0
94.0
65.0
59.0
98.0
76.0
99.0
101.0
57.0
64.0
39.0
44.0
74.0
58.0
100.0
127.0
98.0
126.0
128.0
160.0
186.0
117.0
127.0
126.0
67.0
63.0
46.0
48.0
80.0
76.0
112.0
130.0
95.0
124.0
114.0
104.0
121.0
68.0
83.0
67.0
5.0
45.0
63.0
69.0
96.0
81.0
109.0
111.0
104.0
133.0
87.0
65.0
97.0
67.0
78.0
74.0
25.0
42.0
15.0
16.0
57.0
54.0
102.0
131.0
118.0
169.0
144.0
115.0
117.0
69.0
76.0
44.0
14.0
65.0
49.0
50.0
105.0
119.0
163.0
158.0
124.0
156.0
176.0
180.0
168.0
92.0
82.0
42.0
-18.0
21.0
29.0
55.0
99.0
96.0
145.0
197.0
193.0
220.0
185.0
182.0
210.0
164.0
163.0
147.0
82.0
58.0
4.0
-8.0
33.0
8.0
28.0
50.0
51.0
115.0
117.0
110.0
137.0
120.0
154.0
154.0
109.0
120.0
89.0
62.0
85.0
39.0
46.0
72.0
56.0
91.0
90.0
119.0
153.0
111.0
139.0
137.0
92.0
116.0
89.0
59.0
61.0
30.0
55.0
60.0
33.0
65.0
32.0
39.0
109.0
130.0
187.0
206.0
130.0
107.0
71.0
83.0
126.0
72.0
72.0
77.0
76.0
108.0
78.0
84.0
121.0
71.0
56.0
32.0
5.0
71.0
89.0
88.0
118.0
118.0
156.0
165.0
143.0
159.0
128.0
117.0
134.0
89.0
111.0
105.0
35.0
22.0
7.0
50.0
122.0
125.0
163.0
174.0
121.0
131.0
91.0
68.0
123.0
94.0
87.0
81.0
41.0
77.0
74.0
50.0
55.0
47.0
98.0
112.0
88.0
132.0
129.0
131.0
137.0
91.0
114.0
125.0
72.0
92.0
54.0
26.0
60.0
33.0
30.0
17.0
2.0
43.0
40.0
68.0
112.0
70.0
78.0
89.0
65.0
111.0
87.0
64.0
96.0
49.0
52.0
33.0
-10.0
30.0
-2.0
-25.0
15.0
21.0
55.0
48.0
39.0
84.0
65.0
51.0
55.0
1.0
9.0
12.0
-26.0
29.0
42.0
34.0
70.0
62.0
70.0
61.0
17.0
33.0
21.0
17.0
45.0
-2.0
4.0
-9.0
-54.0
-22.0
0.0
7.0
34.0
17.0
32.0
10.0
-7.0
23.0
-22.0
-29.0
0.0
-31.0
-10.0
1.0
-14.0
19.0
-7.0
-10.0
20.0
-7.0
14.0
22.0
11.0
49.0
15.0
-17.0
-1.0
-49.0
-55.0
-21.0
-5.0
31.0
14.0
19.0
48.0
-3.0
8.0
35.0
19.0
45.0
40.0
24.0
18.0
-43.0
-38.0
-25.0
-45.0
3.0
22.0
44.0
64.0
29.0
67.0
68.0
21.0
42.0
14.0
8.0
27.0
-18.0
-5.0
-23.0
-49.0
1.0
-1.0
10.0
50.0
29.0
42.0
36.0
8.0
41.0
27.0
4.0
14.0
-17.0
11.0
6.0
-29.0
12.0
6.0
24.0
59.0
17.0
28.0
18.0
-33.0
-16.0
-20.0
-26.0
-13.0
-48.0
-44.0
-20.0
-15.0
33.0
31.0
26.0
61.0
34.0
25.0
9.0
-4.0
23.0
-2.0
19.0
50.0
1.0
-4.0
-1.0
-17.0
16.0
-2.0
-13.0
-5.0
-27.0
-2.0
6.0
-4.0
29.0
17.0
22.0
48.0
7.0
29.0
34.0
5.0
30.0
20.0
22.0
27.0
-21.0
7.0
29.0
-2.0
27.0
21.0
38.0
62.0
21.0
12.0
-3.0
-22.0
18.0
6.0
-17.0
-6.0
-32.0
3.0
18.0
-27.0
4.0
36.0
83.0
127.0
90.0
89.0
81.0
20.0
23.0
-7.0
-15.0
10.0
-31.0
-3.0
33.0
-1.0
27.0
59.0
82.0
87.0
39.0
67.0
61.0
1.0
5.0
-14.0
-11.0
13.0
-31.0
-7.0
17.0
11.0
68.0
56.0
42.0
47.0
-8.0
7.0
3.0
-35.0
-3.0
-22.0
-42.0
-30.0
-35.0
3.0
1.0
-14.0
20.0
9.0
27.0
51.0
10.0
18.0
24.0
9.0
29.0
10.0
20.0
56.0
15.0
8.0
27.0
40.0
86.0
68.0
69.0
91.0
26.0
18.0
29.0
26.0
64.0
36.0
29.0
44.0
2.0
28.0
48.0
30.0
69.0
48.0
42.0
55.0
12.0
20.0
29.0
-1.0
17.0
2.0
0.0
23.0
-15.0
8.0
48.0
32.0
46.0
16.0
0.0
18.0
-1.0
19.0
7.0
-41.0
-18.0
-29.0
-16.0
2.0
-43.0
-20.0
13.0
13.0
47.0
47.0
29.0
16.0
-18.0
-1.0
-12.0
-45.0
-15.0
-25.0
-35.0
-2.0
-31.0
-9.0
-6.0
-14.0
38.0
19.0
-17.0
-1.0
-7.0
14.0
10.0
-3.0
44.0
26.0
18.0
55.0
16.0
27.0
31.0
-13.0
-10.0
-48.0
-40.0
21.0
12.0
25.0
17.0
-13.0
13.0
-8.0
-27.0
-1.0
-16.0
5.0
6.0
-25.0
-2.0
-24.0
-25.0
4.0
-5.0
34.0
37.0
-2.0
1.0
-16.0
2.0
22.0
-27.0
-22.0
-20.0
-33.0
18.0
4.0
-11.0
17.0
-8.0
18.0
19.0
-36.0
-31.0
-44.0
-44.0
3.0
-34.0
-37.0
-12.0
4.0
27.0
-16.0
-16.0
10.0
-36.0
-23.0
-13.0
-46.0
-22.0
-30.0
-15.0
7.0
-16.0
-6.0
-33.0
-53.0
10.0
-4.0
-30.0
-26.0
-49.0
-15.0
18.0
17.0
33.0
-4.0
-14.0
-8.0
-30.0
31.0
58.0
24.0
36.0
22.0
42.0
71.0
18.0
26.0
31.0
-17.0
10.0
12.0
9.0
40.0
10.0
29.0
20.0
-43.0
-29.0
-21.0
-7.0
17.0
-18.0
-14.0
-7.0
-22.0
3.0
-26.0
-11.0
22.0
-26.0
-24.0
-23.0
-29.0
6.0
-23.0
-33.0
-9.0
-41.0
-3.0
26.0
-9.0
25.0
3.0
-16.0
29.0
7.0
-9.0
-28.0
-58.0
-13.0
-36.0
-51.0
-13.0
-28.0
12.0
22.0
-7.0
16.0
-22.0
-20.0
36.0
-12.0
-33.0
-40.0
-59.0
-23.0
-14.0
-32.0
-49.0
-87.0
-52.0
-25.0
-24.0
6.0
-12.0
-1.0
25.0
-29.0
-25.0
-22.0
-51.0
-32.0
-42.0
-37.0
2.0
-16.0
10.0
20.0
-23.0
-8.0
-16.0
-2.0
24.0
-16.0
1.0
12.0
3.0
61.0
46.0
31.0
54.0
10.0
17.0
30.0
12.0
58.0
37.0
18.0
32.0
18.0
40.0
58.0
58.0
103.0
104.0
82.0
82.0
34.0
45.0
42.0
1.0
24.0
32.0
67.0
90.0
30.0
35.0
45.0
14.0
33.0
5.0
-12.0
8.0
-26.0
-2.0
-2.0
-46.0
-33.0
-37.0
-15.0
32.0
31.0
59.0
68.0
23.0
29.0
3.0
-2.0
6.0
-52.0
-37.0
-45.0
-62.0
-1.0
-25.0
-30.0
-4.0
-17.0
10.0
7.0
-33.0
-13.0
-26.0
-48.0
-60.0
-105.0
-92.0
-90.0
-95.0
-30.0
-13.0
7.0
56.0
43.0
60.0
68.0
15.0
3.0
-36.0
-67.0
-103.0
-180.0
-148.0
-105.0
-93.0
-36.0
-12.0
11.0
23.0
-10.0
22.0
32.0
-29.0
-38.0
-80.0
-98.0
-99.0
-177.0
-200.0
-165.0
-128.0
-31.0
24.0
46.0
82.0
60.0
67.0
57.0
4.0
6.0
-41.0
-74.0
-48.0
-110.0
-128.0
-117.0
-126.0
-65.0
-61.0
-35.0
46.0
40.0
42.0
37.0
8.0
55.0
35.0
25.0
44.0
-13.0
-13.0
-6.0
-25.0
-1.0
-11.0
-13.0
5.0
-8.0
30.0
27.0
-12.0
9.0
6.0
22.0
42.0
-3.0
15.0
31.0
19.0
32.0
-11.0
-32.0
8.0
-1.0
31.0
24.0
11.0
58.0
25.0
7.0
39.0
26.0
39.0
-2.0
-30.0
14.0
-6.0
-18.0
0.0
-33.0
13.0
61.0
36.0
48.0
58.0
71.0
68.0
14.0
7.0
-25.0
-86.0
-78.0
-82.0
-64.0
-18.0
-27.0
4.0
27.0
6.0
17.0
-4.0
-10.0
-22.0
-82.0
-71.0
-67.0
-96.0
-42.0
-19.0
4.0
59.0
40.0
43.0
31.0
-21.0
-3.0
-22.0
-21.0
4.0
-56.0
-74.0
-70.0
-57.0
-4.0
-15.0
11.0
62.0
38.0
80.0
78.0
30.0
72.0
48.0
34.0
83.0
48.0
20.0
27.0
42.0
97.0
99.0
113.0
113.0
55.0
65.0
55.0
21.0
36.0
17.0
25.0
35.0
-31.0
-24.0
19.0
18.0
54.0
36.0
15.0
47.0
31.0
35.0
12.0
-6.0
26.0
-16.0
-28.0
-3.0
-49.0
-45.0
-43.0
-64.0
-30.0
-43.0
-46.0
-59.0
-91.0
-47.0
-45.0
-90.0
-53.0
-60.0
-81.0
-58.0
-86.0
-78.0
-74.0
-112.0
-90.0
-67.0
-58.0
-42.0
-67.0
-54.0
-56.0
-90.0
-64.0
-76.0
-61.0
-48.0
-96.0
-63.0
-47.0
-53.0
4.0
-18.0
-25.0
23.0
3.0
27.0
30.0
-27.0
-43.0
-90.0
-99.0
-76.0
-96.0
-60.0
-80.0
-116.0
-57.0
-34.0
-24.0
-29.0
-74.0
-48.0
-56.0
-126.0
-119.0
-140.0
-152.0
-130.0
-156.0
-101.0
-36.0
-58.0
-28.0
-29.0
-50.0
-62.0
-111.0
-96.0
-96.0
-125.0
-108.0
-133.0
-151.0
-128.0
-145.0
-86.0
-27.0
-27.0
3.0
-40.0
-76.0
-54.0
-91.0
-83.0
-87.0
-153.0
-130.0
-106.0
-87.0
-50.0
-59.0
-36.0
-31.0
-63.0
-41.0
-84.0
-118.0
-115.0
-168.0
-138.0
-131.0
-164.0
-119.0
-125.0
-103.0
-55.0
-80.0
-74.0
-63.0
-61.0
-26.0
-67.0
-95.0
-100.0
-138.0
-120.0
-126.0
-161.0
-147.0
-170.0
-154.0
-107.0
-115.0
-67.0
-51.0
-71.0
-41.0
-49.0
-51.0
-44.0
-118.0
-116.0
-82.0
-88.0
-58.0
-50.0
-58.0
-73.0
-128.0
-98.0
-76.0
-98.0
-81.0
-100.0
-78.0
-56.0
-108.0
-103.0
-89.0
-81.0
-33.0
-71.0
-123.0
-95.0
-135.0
-127.0
-101.0
-99.0
-68.0
-102.0
-96.0
-56.0
-90.0
-84.0
-61.0
-45.0
-18.0
-56.0
-79.0
-59.0
-64.0
-29.0
2.0
-5.0
62.0
56.0
36.0
60.0
36.0
55.0
44.0
-1.0
21.0
-3.0
-20.0
1.0
-23.0
24.0
40.0
-2.0
44.0
37.0
11.0
13.0
-23.0
-14.0
-23.0
-66.0
-51.0
-77.0
-95.0
-40.0
-42.0
-34.0
-33.0
-52.0
-34.0
-68.0
-71.0
-55.0
-92.0
-78.0
-67.0
-89.0
-49.0
-50.0
-31.0
24.0
4.0
8.0
-11.0
-45.0
-7.0
-45.0
-64.0
-52.0
-119.0
-94.0
-71.0
-91.0
-35.0
-32.0
-39.0
-18.0
-74.0
-72.0
-67.0
-106.0
-66.0
-71.0
-72.0
-27.0
-54.0
-41.0
-18.0
-48.0
-10.0
-5.0
-39.0
-40.0
-58.0
-32.0
-55.0
-82.0
-45.0
-59.0
-52.0
5.0
-6.0
29.0
44.0
21.0
21.0
-36.0
-49.0
-26.0
-56.0
-45.0
-31.0
-32.0
13.0
5.0
3.0
9.0
-15.0
13.0
13.0
-36.0
-44.0
-69.0
-71.0
-53.0
-91.0
-60.0
-31.0
-42.0
24.0
44.0
40.0
54.0
2.0
-19.0
-45.0
-73.0
-15.0
-2.0
-15.0
-18.0
-68.0
-29.0
11.0
10.0
29.0
-10.0
-21.0
-11.0
-71.0
-44.0
-25.0
-73.0
-50.0
-52.0
-70.0
-55.0
-53.0
-16.0
11.0
5.0
37.0
28.0
20.0
39.0
18.0
-1.0
-55.0
-77.0
-28.0
-65.0
-55.0
-1.0
-30.0
-23.0
-22.0
-45.0
-6.0
1.0
12.0
26.0
-38.0
-51.0
-23.0
-36.0
-11.0
-13.0
-17.0
2.0
-28.0
-21.0
-25.0
-71.0
-49.0
-59.0
-59.0
-42.0
-92.0
-74.0
-47.0
-68.0
-32.0
-53.0
-61.0
-16.0
-18.0
-10.0
-40.0
-86.0
-73.0
-100.0
-84.0
-25.0
-40.0
-18.0
-20.0
-41.0
-11.0
-46.0
-65.0
-19.0
-50.0
-55.0
-72.0
-102.0
-43.0
-17.0
-23.0
-14.0
-55.0
-34.0
-26.0
-53.0
17.0
42.0
23.0
-5.0
-72.0
-68.0
-59.0
-91.0
-57.0
-64.0
-67.0
-40.0
-62.0
-15.0
12.0
-5.0
35.0
6.0
-35.0
-36.0
-77.0
-73.0
-72.0
-108.0
-59.0
-18.0
2.0
41.0
32.0
61.0
55.0
13.0
27.0
-19.0
-22.0
5.0
-47.0
-46.0
-29.0
-25.0
44.0
59.0
71.0
102.0
45.0
24.0
21.0
-26.0
-11.0
-12.0
-9.0
11.0
2.0
38.0
44.0
4.0
36.0
32.0
31.0
52.0
10.0
18.0
22.0
-9.0
-2.0
-24.0
-28.0
7.0
-11.0
14.0
22.0
-16.0
15.0
13.0
6.0
11.0
-46.0
-31.0
-20.0
-61.0
-25.0
-30.0
-16.0
29.0
-11.0
8.0
27.0
-14.0
8.0
4.0
-15.0
-15.0
-60.0
-39.0
-22.0
-39.0
-8.0
-33.0
-14.0
11.0
-37.0
-35.0
-16.0
-28.0
-12.0
-40.0
-24.0
16.0
-13.0
-7.0
1.0
-4.0
41.0
34.0
24.0
47.0
-14.0
-26.0
-19.0
-31.0
11.0
-25.0
-63.0
-59.0
-86.0
-40.0
5.0
4.0
35.0
39.0
45.0
53.0
7.0
12.0
-1.0
-42.0
-20.0
-45.0
-67.0
-51.0
-59.0
-14.0
23.0
16.0
41.0
21.0
18.0
45.0
-6.0
-17.0
-25.0
-71.0
-44.0
-65.0
-88.0
-49.0
-60.0
-30.0
-23.0
-46.0
-21.0
-43.0
-32.0
-15.0
-65.0
-52.0
-27.0
-27.0
4.0
-44.0
-88.0
-78.0
-99.0
-58.0
-14.0
-15.0
22.0
9.0
-3.0
14.0
-33.0
-39.0
-50.0
-95.0
-84.0
-101.0
-72.0
-21.0
-48.0
-10.0
6.0
-10.0
41.0
27.0
1.0
16.0
-30.0
-44.0
-44.0
-49.0
-25.0
-28.0
7.0
41.0
10.0
35.0
53.0
21.0
42.0
4.0
-37.0
-17.0
-27.0
-35.0
-60.0
-86.0
-35.0
-32.0
-4.0
51.0
26.0
17.0
22.0
2.0
3.0
-41.0
-53.0
-29.0
-61.0
-52.0
-56.0
-90.0
-79.0
-72.0
-1.0
65.0
51.0
72.0
71.0
29.0
26.0
-1.0
-22.0
-35.0
-114.0
-110.0
-90.0
-116.0
-63.0
-30.0
35.0
111.0
108.0
146.0
140.0
86.0
83.0
36.0
-10.0
-31.0
-125.0
-145.0
-137.0
-137.0
-79.0
-30.0
28.0
92.0
109.0
178.0
184.0
138.0
165.0
107.0
42.0
14.0
-68.0
-84.0
-108.0
-162.0
-105.0
-79.0
-73.0
-42.0
-69.0
-34.0
28.0
74.0
113.0
62.0
40.0
62.0
26.0
16.0
-18.0
-75.0
-90.0
-112.0
-105.0
-47.0
-29.0
39.0
109.0
138.0
191.0
157.0
142.0
154.0
90.0
106.0
114.0
71.0
68.0
0.0
-73.0
-105.0
-149.0
-86.0
-25.0
29.0
156.0
163.0
152.0
191.0
164.0
154.0
153.0
97.0
77.0
-5.0
-98.0
-138.0
-174.0
-119.0
-32.0
2.0
66.0
105.0
157.0
197.0
149.0
165.0
172.0
115.0
71.0
-31.0
-102.0
-100.0
-130.0
-96.0
-60.0
-53.0
30.0
80.0
118.0
174.0
167.0
209.0
194.0
139.0
113.0
43.0
-18.0
-74.0
-146.0
-121.0
-100.0
-73.0
8.0
-5.0
1.0
56.0
58.0
99.0
94.0
48.0
67.0
13.0
-52.0
-68.0
-102.0
-59.0
-29.0
-34.0
14.0
5.0
-14.0
18.0
20.0
39.0
37.0
28.0
45.0
-3.0
-24.0
0.0
-9.0
47.0
75.0
59.0
60.0
2.0
-21.0
-23.0
-101.0
-78.0
-40.0
-37.0
11.0
8.0
4.0
42.0
18.0
50.0
104.0
101.0
112.0
62.0
25.0
8.0
-14.0
24.0
4.0
-30.0
22.0
20.0
21.0
45.0
8.0
25.0
17.0
-20.0
-11.0
-32.0
-8.0
39.0
16.0
65.0
83.0
40.0
71.0
63.0
70.0
103.0
78.0
66.0
50.0
29.0
72.0
73.0
72.0
92.0
53.0
67.0
70.0
23.0
23.0
-20.0
-26.0
26.0
-14.0
-10.0
17.0
-1.0
33.0
16.0
29.0
76.0
60.0
90.0
71.0
47.0
85.0
33.0
11.0
65.0
63.0
80.0
63.0
43.0
113.0
80.0
41.0
60.0
42.0
71.0
72.0
40.0
33.0
-17.0
-31.0
7.0
6.0
36.0
59.0
59.0
92.0
71.0
59.0
90.0
60.0
27.0
-16.0
-9.0
48.0
36.0
54.0
95.0
61.0
70.0
70.0
56.0
74.0
42.0
33.0
24.0
-36.0
-11.0
-2.0
-22.0
22.0
23.0
36.0
90.0
63.0
67.0
55.0
13.0
46.0
39.0
18.0
-4.0
-85.0
-75.0
-40.0
-20.0
53.0
61.0
56.0
89.0
51.0
52.0
70.0
28.0
37.0
-6.0
-50.0
-31.0
-43.0
-3.0
31.0
17.0
44.0
41.0
53.0
61.0
16.0
42.0
40.0
1.0
13.0
-20.0
-15.0
11.0
-11.0
27.0
35.0
25.0
74.0
72.0
43.0
38.0
-18.0
3.0
64.0
79.0
123.0
129.0
121.0
135.0
146.0
182.0
157.0
90.0
95.0
52.0
56.0
96.0
59.0
94.0
115.0
100.0
102.0
65.0
116.0
182.0
133.0
116.0
114.0
73.0
78.0
46.0
12.0
56.0
61.0
77.0
97.0
77.0
107.0
104.0
90.0
106.0
71.0
68.0
54.0
16.0
34.0
7.0
18.0
52.0
28.0
69.0
83.0
44.0
72.0
71.0
59.0
68.0
15.0
7.0
1.0
-5.0
41.0
15.0
19.0
68.0
64.0
74.0
62.0
45.0
66.0
26.0
14.0
16.0
-26.0
-1.0
2.0
-24.0
22.0
16.0
33.0
88.0
73.0
101.0
97.0
63.0
80.0
31.0
21.0
33.0
2.0
26.0
43.0
43.0
110.0
99.0
90.0
102.0
56.0
68.0
71.0
37.0
53.0
31.0
1.0
3.0
-32.0
6.0
18.0
10.0
76.0
79.0
77.0
113.0
67.0
52.0
55.0
8.0
8.0
-29.0
-33.0
11.0
-10.0
-2.0
-1.0
-11.0
25.0
16.0
5.0
10.0
-35.0
-16.0
-17.0
-38.0
-6.0
-37.0
-19.0
13.0
-33.0
-10.0
18.0
-1.0
22.0
-17.0
-30.0
-6.0
-52.0
-36.0
-33.0
-76.0
-35.0
-40.0
-31.0
24.0
8.0
45.0
51.0
13.0
36.0
-17.0
-51.0
-31.0
-62.0
-33.0
-1.0
-12.0
6.0
-11.0
1.0
24.0
25.0
55.0
23.0
-7.0
-8.0
-50.0
-47.0
-34.0
-65.0
-26.0
17.0
22.0
65.0
51.0
10.0
-7.0
-29.0
29.0
54.0
32.0
38.0
-22.0
-54.0
-10.0
-17.0
21.0
49.0
6.0
22.0
10.0
2.0
20.0
-23.0
-7.0
-12.0
-60.0
-53.0
-82.0
-99.0
-63.0
-66.0
-24.0
6.0
-3.0
21.0
-27.0
-56.0
-39.0
-74.0
-72.0
-71.0
-102.0
-56.0
-32.0
-17.0
24.0
-5.0
-7.0
8.0
-41.0
-19.0
-29.0
-55.0
-29.0
-66.0
-83.0
-99.0
-89.0
-5.0
32.0
58.0
78.0
32.0
36.0
33.0
7.0
29.0
-8.0
-30.0
-42.0
-143.0
-159.0
-102.0
-94.0
-55.0
-34.0
-9.0
6.0
3.0
77.0
90.0
49.0
68.0
21.0
-33.0
-39.0
-82.0
-75.0
-84.0
-100.0
-65.0
-68.0
-27.0
25.0
6.0
49.0
68.0
60.0
98.0
78.0
61.0
42.0
-31.0
-36.0
-29.0
-32.0
-4.0
-49.0
-80.0
-65.0
-59.0
-34.0
-21.0
-3.0
56.0
59.0
52.0
72.0
9.0
-36.0
-44.0
-49.0
-16.0
-46.0
-50.0
-27.0
-63.0
-36.0
-18.0
-39.0
10.0
15.0
13.0
51.0
29.0
42.0
23.0
1.0
68.0
47.0
33.0
69.0
23.0
27.0
59.0
40.0
67.0
74.0
73.0
55.0
-2.0
22.0
53.0
58.0
134.0
140.0
119.0
113.0
70.0
71.0
67.0
56.0
75.0
48.0
5.0
-12.0
-35.0
1.0
14.0
14.0
77.0
61.0
59.0
80.0
22.0
30.0
30.0
5.0
21.0
-30.0
-49.0
-41.0
-97.0
-56.0
-16.0
-9.0
46.0
42.0
64.0
114.0
79.0
95.0
119.0
84.0
99.0
59.0
22.0
15.0
-64.0
-91.0
-82.0
-89.0
-29.0
-21.0
4.0
51.0
32.0
73.0
91.0
62.0
89.0
66.0
14.0
-26.0
-126.0
-143.0
-153.0
-170.0
-100.0
-82.0
-53.0
14.0
20.0
67.0
89.0
59.0
74.0
41.0
16.0
15.0
-56.0
-79.0
-135.0
-201.0
-164.0
-159.0
-148.0
-79.0
-71.0
-17.0
20.0
17.0
91.0
80.0
46.0
45.0
-27.0
-70.0
-110.0
-166.0
-136.0
-145.0
-129.0
-100.0
-99.0
-25.0
32.0
41.0
98.0
105.0
84.0
92.0
60.0
58.0
10.0
-79.0
-95.0
-124.0
-111.0
-45.0
-26.0
-6.0
8.0
21.0
56.0
39.0
39.0
81.0
63.0
56.0
31.0
-25.0
-31.0
-128.0
-174.0
-158.0
-187.0
-155.0
-100.0
-61.0
20.0
56.0
90.0
113.0
82.0
102.0
98.0
62.0
55.0
-6.0
-45.0
-84.0
-144.0
-108.0
-102.0
-105.0
-15.0
-4.0
17.0
69.0
49.0
81.0
95.0
72.0
103.0
62.0
17.0
20.0
-12.0
-3.0
-16.0
-55.0
-20.0
-14.0
6.0
25.0
-8.0
22.0
25.0
10.0
56.0
31.0
-7.0
-22.0
-52.0
-8.0
-7.0
-35.0
18.0
19.0
5.0
7.0
-16.0
3.0
-33.0
-72.0
-35.0
-29.0
-4.0
35.0
6.0
36.0
39.0
22.0
55.0
23.0
12.0
33.0
-15.0
3.0
2.0
-39.0
-23.0
-52.0
-69.0
-51.0
-52.0
5.0
6.0
-31.0
-30.0
-79.0
-92.0
-84.0
-139.0
-122.0
-105.0
-114.0
-54.0
-40.0
-30.0
14.0
-10.0
10.0
46.0
17.0
22.0
-22.0
-72.0
-95.0
-131.0
-96.0
-73.0
-96.0
-33.0
-16.0
-5.0
31.0
-3.0
1.0
-13.0
-65.0
-63.0
-115.0
-117.0
-92.0
-136.0
-117.0
-110.0
-146.0
-90.0
-74.0
-50.0
2.0
-15.0
-6.0
-8.0
-53.0
-30.0
-46.0
-55.0
-55.0
-135.0
-140.0
-116.0
-132.0
-99.0
-84.0
-35.0
20.0
-24.0
-10.0
-13.0
-36.0
6.0
-46.0
-83.0
-60.0
-122.0
-119.0
-100.0
-100.0
-39.0
-45.0
-64.0
-53.0
-77.0
-63.0
-54.0
-70.0
-44.0
-82.0
-100.0
-61.0
-78.0
-54.0
-68.0
-100.0
-39.0
-37.0
-43.0
-19.0
-44.0
-34.0
-42.0
-56.0
-28.0
-49.0
-39.0
-23.0
-71.0
-60.0
-74.0
-131.0
-101.0
-120.0
-137.0
-98.0
-92.0
-22.0
-14.0
-53.0
-13.0
-29.0
-18.0
15.0
-37.0
-62.0
-59.0
-62.0
-46.0
-77.0
-87.0
-34.0
-33.0
2.0
54.0
64.0
76.0
31.0
1.0
1.0
-60.0
-61.0
-59.0
-90.0
-50.0
-39.0
-39.0
17.0
50.0
95.0
73.0
21.0
48.0
28.0
5.0
-2.0
-48.0
-35.0
-30.0
-30.0
14.0
-7.0
1.0
45.0
18.0
6.0
-7.0
-52.0
-55.0
-66.0
-51.0
-19.0
-36.0
-7.0
-26.0
-70.0
-18.0
-8.0
-15.0
8.0
-26.0
-40.0
-55.0
-73.0
-71.0
-128.0
-130.0
-104.0
-129.0
-84.0
-68.0
-93.0
-51.0
-54.0
-48.0
3.0
-24.0
-7.0
-5.0
-61.0
-49.0
-91.0
-122.0
-89.0
-107.0
-81.0
-65.0
-97.0
-70.0
-98.0
-105.0
-45.0
-44.0
-24.0
-8.0
-33.0
-18.0
-37.0
-34.0
-15.0
-85.0
-80.0
-75.0
-93.0
-45.0
-67.0
-83.0
-57.0
-64.0
-42.0
-55.0
-78.0
-42.0
-71.0
-80.0
-38.0
-82.0
-89.0
-103.0
-143.0
-90.0
-55.0
-52.0
-51.0
-78.0
-52.0
-68.0
-120.0
-110.0
-162.0
-185.0
-142.0
-120.0
-51.0
-23.0
-35.0
-32.0
-52.0
-40.0
-33.0
-82.0
-71.0
-82.0
-128.0
-119.0
-166.0
-181.0
-150.0
-172.0
-121.0
-88.0
-95.0
-39.0
-51.0
-76.0
-53.0
-68.0
-42.0
-53.0
-93.0
-79.0
-114.0
-141.0
-142.0
-182.0
-137.0
-96.0
-100.0
-62.0
-88.0
-103.0
-68.0
-78.0
-42.0
-50.0
-66.0
-28.0
-69.0
-121.0
-154.0
-224.0
-212.0
-178.0
-155.0
-84.0
-82.0
-73.0
-34.0
-46.0
-29.0
-45.0
-88.0
-75.0
-116.0
-119.0
-127.0
-206.0
-190.0
-145.0
-116.0
-31.0
-8.0
6.0
23.0
-21.0
0.0
-14.0
-74.0
-49.0
-61.0
-78.0
-68.0
-117.0
-122.0
-132.0
-121.0
-57.0
-61.0
-46.0
-24.0
-63.0
-56.0
-52.0
-59.0
-6.0
-31.0
-52.0
-24.0
-62.0
-70.0
-62.0
-89.0
-89.0
-87.0
-29.0
3.0
-42.0
-41.0
-73.0
-118.0
-67.0
-67.0
-44.0
-14.0
-51.0
-61.0
-88.0
-145.0
-121.0
-119.0
-77.0
-8.0
-14.0
25.0
21.0
-25.0
-10.0
-49.0
-47.0
-14.0
-53.0
-51.0
-73.0
-109.0
-90.0
-147.0
-187.0
-144.0
-149.0
-124.0
-105.0
-72.0
-3.0
-13.0
1.0
10.0
-48.0
-39.0
-76.0
-150.0
-115.0
-140.0
-169.0
-150.0
-185.0
-182.0
-176.0
-194.0
-150.0
-124.0
-67.0
8.0
6.0
32.0
33.0
13.0
41.0
-9.0
-37.0
-68.0
-158.0
-152.0
-134.0
-148.0
-125.0
-132.0
-119.0
-93.0
-125.0
-111.0
-112.0
-117.0
-60.0
-80.0
-52.0
-29.0
-100.0
-90.0
-81.0
-102.0
-76.0
-103.0
-127.0
-129.0
-177.0
-168.0
-159.0
-176.0
-114.0
-96.0
-78.0
-54.0
-65.0
-1.0
8.0
-3.0
43.0
8.0
-4.0
1.0
-40.0
-65.0
-122.0
-174.0
-158.0
-186.0
-186.0
-131.0
-132.0
-22.0
51.0
77.0
146.0
129.0
86.0
84.0
32.0
10.0
-31.0
-126.0
-183.0
-256.0
-256.0
-182.0
-168.0
-130.0
-102.0
-108.0
-40.0
-8.0
9.0
49.0
37.0
68.0
46.0
-35.0
-57.0
-135.0
-193.0
-195.0
-224.0
-208.0
-202.0
-201.0
-144.0
-140.0
-98.0
-48.0
-55.0
14.0
58.0
76.0
101.0
39.0
-8.0
-22.0
-83.0
-92.0
-107.0
-139.0
-127.0
-147.0
-155.0
-138.0
-158.0
-119.0
-108.0
-127.0
-87.0
-109.0
-111.0
-101.0
-129.0
-81.0
-84.0
-138.0
-107.0
-101.0
-95.0
-64.0
-90.0
-92.0
-128.0
-179.0
-146.0
-137.0
-139.0
-110.0
-98.0
-55.0
-56.0
-68.0
-40.0
-58.0
-44.0
-39.0
-81.0
-111.0
-165.0
-231.0
-219.0
-242.0
-227.0
-177.0
-174.0
-97.0
-48.0
-56.0
-11.0
-40.0
-42.0
-7.0
-48.0
-46.0
-67.0
-129.0
-126.0
-176.0
-209.0
-195.0
-182.0
-125.0
-109.0
-96.0
-42.0
-58.0
-46.0
-18.0
-62.0
-45.0
-30.0
-64.0
-47.0
-75.0
-97.0
-132.0
-199.0
-139.0
-70.0
-35.0
9.0
-18.0
-26.0
2.0
-29.0
-13.0
-5.0
-20.0
-5.0
-47.0
-44.0
-51.0
-104.0
-35.0
5.0
-4.0
36.0
15.0
-13.0
-10.0
-15.0
30.0
8.0
-38.0
-11.0
-5.0
-1.0
-11.0
-27.0
25.0
46.0
50.0
105.0
74.0
71.0
84.0
40.0
47.0
17.0
-16.0
21.0
-16.0
-26.0
3.0
-31.0
17.0
58.0
53.0
97.0
85.0
69.0
96.0
78.0
85.0
55.0
25.0
52.0
33.0
49.0
69.0
14.0
11.0
10.0
8.0
67.0
73.0
39.0
28.0
-9.0
17.0
17.0
-1.0
31.0
-3.0
-18.0
37.0
42.0
64.0
70.0
48.0
64.0
29.0
37.0
66.0
37.0
47.0
48.0
23.0
26.0
2.0
34.0
86.0
49.0
54.0
28.0
-11.0
44.0
27.0
26.0
53.0
49.0
64.0
36.0
8.0
53.0
41.0
41.0
78.0
41.0
51.0
49.0
4.0
25.0
12.0
25.0
37.0
6.0
42.0
56.0
29.0
54.0
21.0
-24.0
-33.0
-42.0
-1.0
-21.0
-48.0
-7.0
-18.0
-13.0
9.0
-11.0
34.0
45.0
13.0
45.0
-8.0
-53.0
-36.0
-59.0
-34.0
-34.0
-40.0
14.0
5.0
-1.0
10.0
-34.0
-35.0
-33.0
-64.0
-33.0
-53.0
-52.0
-11.0
-35.0
-26.0
-32.0
-49.0
-12.0
-22.0
-24.0
-9.0
-32.0
10.0
-3.0
-58.0
-34.0
-56.0
-63.0
-70.0
-110.0
-59.0
-23.0
2.0
45.0
17.0
-5.0
7.0
-23.0
-18.0
-29.0
-41.0
-8.0
-54.0
-68.0
-43.0
-29.0
21.0
19.0
2.0
42.0
29.0
27.0
33.0
-14.0
15.0
21.0
-11.0
12.0
-26.0
-29.0
27.0
34.0
83.0
116.0
113.0
150.0
100.0
67.0
76.0
31.0
25.0
-6.0
-43.0
-45.0
-88.0
-60.0
-13.0
-31.0
11.0
24.0
13.0
60.0
74.0
99.0
120.0
96.0
114.0
63.0
-9.0
-11.0
-41.0
-31.0
15.0
18.0
92.0
109.0
94.0
116.0
78.0
89.0
97.0
50.0
79.0
62.0
-15.0
-23.0
-41.0
-20.0
41.0
43.0
90.0
99.0
80.0
101.0
72.0
67.0
65.0
12.0
39.0
51.0
-11.0
-1.0
-12.0
2.0
36.0
31.0
87.0
93.0
37.0
53.0
56.0
52.0
32.0
-23.0
-15.0
-13.0
-31.0
-15.0
-34.0
-21.0
31.0
30.0
65.0
64.0
53.0
103.0
56.0
33.0
39.0
-10.0
16.0
1.0
-43.0
11.0
-1.0
3.0
34.0
16.0
61.0
56.0
40.0
66.0
37.0
30.0
35.0
-2.0
-2.0
-26.0
-24.0
3.0
-20.0
-13.0
14.0
4.0
58.0
61.0
34.0
80.0
56.0
33.0
53.0
18.0
14.0
11.0
3.0
35.0
1.0
-14.0
14.0
8.0
67.0
71.0
36.0
41.0
-4.0
4.0
24.0
-29.0
-1.0
10.0
-35.0
-30.0
-46.0
-5.0
55.0
32.0
36.0
44.0
44.0
41.0
-5.0
31.0
48.0
-18.0
-24.0
-53.0
-87.0
-59.0
-68.0
-44.0
24.0
41.0
70.0
54.0
25.0
46.0
37.0
42.0
53.0
34.0
18.0
-31.0
-57.0
-33.0
-45.0
-30.0
15.0
15.0
62.0
65.0
31.0
37.0
25.0
35.0
50.0
-1.0
2.0
-12.0
-33.0
16.0
3.0
35.0
96.0
78.0
92.0
88.0
42.0
39.0
-6.0
-25.0
-24.0
-68.0
-56.0
-52.0
-54.0
-16.0
-17.0
11.0
53.0
31.0
58.0
62.0
27.0
21.0
-27.0
-36.0
-27.0
-65.0
-38.0
-45.0
-71.0
-31.0
-61.0
-38.0
32.0
25.0
65.0
68.0
31.0
62.0
21.0
-3.0
-23.0
-107.0
-99.0
-72.0
-79.0
-21.0
-40.0
-17.0
28.0
-5.0
-4.0
-20.0
-21.0
22.0
-8.0
5.0
43.0
-18.0
-42.0
-93.0
-161.0
-143.0
-146.0
-87.0
-3.0
26.0
71.0
52.0
54.0
115.0
73.0
49.0
66.0
2.0
-47.0
-70.0
-70.0
-44.0
-91.0
-92.0
-58.0
-65.0
18.0
64.0
81.0
148.0
140.0
119.0
108.0
36.0
31.0
2.0
-61.0
-66.0
-96.0
-90.0
-80.0
-130.0
-117.0
-66.0
-36.0
24.0
14.0
21.0
56.0
38.0
71.0
77.0
79.0
112.0
64.0
26.0
14.0
-48.0
-76.0
-138.0
-165.0
-100.0
-61.0
-6.0
45.0
39.0
95.0
115.0
99.0
137.0
109.0
87.0
62.0
-21.0
-52.0
-95.0
-148.0
-129.0
-105.0
-57.0
-15.0
-38.0
-7.0
11.0
30.0
82.0
61.0
49.0
52.0
1.0
17.0
-1.0
-55.0
-72.0
-161.0
-186.0
-128.0
-114.0
-63.0
-31.0
-24.0
29.0
39.0
66.0
96.0
50.0
71.0
74.0
31.0
-3.0
-53.0
-64.0
-77.0
-147.0
-112.0
-94.0
-69.0
6.0
27.0
80.0
143.0
165.0
216.0
204.0
138.0
137.0
83.0
28.0
-21.0
-106.0
-124.0
-185.0
-199.0
-113.0
-98.0
-68.0
-27.0
-32.0
56.0
89.0
67.0
107.0
115.0
138.0
150.0
93.0
75.0
32.0
-18.0
-26.0
-74.0
-79.0
-63.0
-79.0
-51.0
-37.0
-22.0
21.0
29.0
59.0
78.0
29.0
27.0
-2.0
-20.0
27.0
-16.0
-55.0
-73.0
-103.0
-57.0
-65.0
-92.0
-40.0
-69.0
-46.0
57.0
80.0
115.0
125.0
118.0
135.0
103.0
84.0
22.0
-107.0
-117.0
-133.0
-120.0
-48.0
-84.0
-93.0
-29.0
-32.0
-3.0
28.0
60.0
120.0
107.0
138.0
168.0
114.0
72.0
-15.0
-94.0
-69.0
-65.0
-48.0
-33.0
-65.0
-23.0
-11.0
-22.0
14.0
-10.0
2.0
63.0
53.0
75.0
72.0
58.0
66.0
7.0
-21.0
-25.0
-91.0
-67.0
-65.0
-92.0
-63.0
-82.0
-53.0
-8.0
-36.0
3.0
16.0
4.0
61.0
54.0
25.0
7.0
-29.0
6.0
-14.0
-60.0
-16.0
-21.0
7.0
54.0
36.0
52.0
63.0
68.0
104.0
70.0
43.0
18.0
-40.0
-4.0
30.0
-15.0
-36.0
-75.0
-36.0
16.0
11.0
42.0
44.0
13.0
20.0
-29.0
-33.0
-30.0
-67.0
-56.0
-73.0
-55.0
1.0
-36.0
-22.0
7.0
-18.0
12.0
24.0
17.0
48.0
25.0
22.0
35.0
-24.0
7.0
14.0
-14.0
14.0
-12.0
3.0
41.0
48.0
97.0
97.0
99.0
151.0
132.0
142.0
156.0
110.0
128.0
147.0
139.0
152.0
121.0
113.0
111.0
59.0
91.0
127.0
127.0
134.0
80.0
83.0
100.0
45.0
33.0
11.0
-12.0
12.0
-20.0
-17.0
16.0
17.0
80.0
94.0
96.0
120.0
72.0
43.0
27.0
-17.0
-3.0
-32.0
-57.0
-23.0
-37.0
12.0
43.0
-6.0
42.0
47.0
0.0
12.0
-18.0
-23.0
-9.0
-61.0
-31.0
-1.0
-15.0
25.0
8.0
15.0
27.0
-27.0
-3.0
14.0
14.0
44.0
-6.0
-9.0
5.0
-44.0
-25.0
-26.0
-21.0
19.0
-7.0
-8.0
31.0
29.0
26.0
-23.0
-58.0
-37.0
-94.0
-76.0
-32.0
-68.0
-58.0
-66.0
-96.0
-42.0
-45.0
-31.0
-2.0
-25.0
-7.0
-42.0
-90.0
-44.0
-73.0
-65.0
-41.0
-65.0
-31.0
15.0
51.0
84.0
53.0
59.0
53.0
-1.0
-1.0
-28.0
-70.0
-63.0
-119.0
-142.0
-136.0
-158.0
-103.0
-51.0
-21.0
30.0
42.0
86.0
111.0
41.0
25.0
23.0
4.0
8.0
-32.0
-58.0
-82.0
-105.0
-59.0
-81.0
-89.0
-30.0
-22.0
18.0
80.0
79.0
99.0
81.0
34.0
11.0
-64.0
-84.0
-61.0
-70.0
-13.0
2.0
-31.0
-11.0
-33.0
-18.0
-2.0
-17.0
20.0
25.0
0.0
10.0
-15.0
21.0
43.0
9.0
31.0
3.0
-8.0
55.0
29.0
8.0
11.0
-32.0
-20.0
-4.0
16.0
76.0
52.0
50.0
64.0
11.0
8.0
-8.0
-14.0
30.0
1.0
-16.0
1.0
-1.0
32.0
2.0
-22.0
-5.0
-69.0
-86.0
-84.0
-118.0
-50.0
-22.0
-5.0
59.0
44.0
64.0
55.0
-11.0
3.0
-13.0
-33.0
-21.0
-77.0
-63.0
-28.0
-43.0
-9.0
10.0
35.0
91.0
61.0
66.0
70.0
-5.0
14.0
8.0
-38.0
-27.0
-78.0
-78.0
-24.0
-44.0
-11.0
19.0
22.0
61.0
50.0
57.0
60.0
32.0
62.0
50.0
14.0
15.0
-32.0
-17.0
6.0
-46.0
-24.0
-6.0
4.0
54.0
34.0
-6.0
-12.0
-8.0
49.0
41.0
14.0
50.0
10.0
-28.0
-44.0
-101.0
-73.0
-82.0
-97.0
-62.0
-81.0
-77.0
-74.0
-92.0
-40.0
-28.0
-41.0
-30.0
-50.0
-23.0
-5.0
-55.0
11.0
40.0
14.0
32.0
-5.0
-34.0
-51.0
-86.0
-41.0
-28.0
-36.0
-10.0
-54.0
-74.0
-73.0
-120.0
-92.0
-44.0
5.0
70.0
55.0
82.0
76.0
8.0
4.0
-32.0
-70.0
-65.0
-110.0
-117.0
-114.0
-147.0
-101.0
-98.0
-111.0
-56.0
-50.0
-14.0
51.0
59.0
74.0
38.0
20.0
40.0
-16.0
-33.0
-39.0
-108.0
-129.0
-159.0
-162.0
-114.0
-127.0
-96.0
-28.0
-9.0
56.0
82.0
57.0
88.0
77.0
64.0
32.0
-57.0
-61.0
-73.0
-79.0
-26.0
-22.0
6.0
31.0
15.0
61.0
72.0
79.0
114.0
71.0
51.0
31.0
-44.0
-48.0
-53.0
-54.0
-18.0
-60.0
-95.0
-122.0
-171.0
-130.0
-103.0
-85.0
-32.0
-10.0
45.0
92.0
63.0
58.0
55.0
51.0
64.0
-1.0
-49.0
-99.0
-175.0
-175.0
-187.0
-157.0
-56.0
-39.0
14.0
86.0
110.0
175.0
158.0
103.0
97.0
32.0
8.0
-14.0
-104.0
-116.0
-123.0
-103.0
-34.0
-45.0
-9.0
51.0
60.0
115.0
106.0
81.0
108.0
63.0
27.0
28.0
-19.0
-6.0
-28.0
-79.0
-81.0
-105.0
-73.0
-32.0
-53.0
-11.0
-8.0
-18.0
33.0
-4.0
-18.0
-19.0
-52.0
8.0
22.0
15.0
71.0
47.0
31.0
5.0
-50.0
-45.0
-87.0
-136.0
-127.0
-157.0
-127.0
-93.0
-68.0
44.0
94.0
102.0
128.0
71.0
64.0
71.0
20.0
26.0
-1.0
-54.0
-83.0
-186.0
-221.0
-166.0
-134.0
-40.0
2.0
18.0
85.0
87.0
117.0
140.0
108.0
130.0
88.0
33.0
42.0
8.0
-23.0
-67.0
-117.0
-89.0
-102.0
-108.0
-39.0
-19.0
15.0
56.0
46.0
67.0
51.0
42.0
51.0
8.0
14.0
21.0
-8.0
17.0
-5.0
-34.0
-15.0
-62.0
-55.0
-58.0
-105.0
-58.0
-12.0
15.0
43.0
-1.0
-12.0
-5.0
-46.0
-28.0
-42.0
-49.0
-24.0
-41.0
-23.0
-21.0
-43.0
-5.0
-34.0
-73.0
-53.0
-76.0
-43.0
-13.0
-41.0
11.0
42.0
49.0
60.0
-6.0
-26.0
-26.0
-59.0
-46.0
-83.0
-126.0
-99.0
-135.0
-141.0
-115.0
-117.0
-62.0
-26.0
-37.0
10.0
31.0
55.0
56.0
15.0
7.0
-32.0
-60.0
-43.0
-74.0
-66.0
-73.0
-119.0
-74.0
-60.0
-65.0
-33.0
-58.0
-53.0
-8.0
-3.0
43.0
35.0
11.0
46.0
27.0
39.0
42.0
-9.0
-6.0
-34.0
-43.0
-17.0
-72.0
-73.0
-21.0
-11.0
34.0
37.0
30.0
65.0
30.0
24.0
39.0
13.0
28.0
-13.0
-72.0
-71.0
-111.0
-85.0
-54.0
-68.0
-25.0
-34.0
-30.0
34.0
6.0
13.0
43.0
20.0
35.0
19.0
2.0
21.0
-11.0
2.0
18.0
-1.0
59.0
65.0
58.0
79.0
33.0
33.0
47.0
8.0
2.0
-21.0
-43.0
-33.0
-57.0
-26.0
-33.0
-64.0
-16.0
-20.0
-34.0
17.0
12.0
-7.0
-58.0
-73.0
-29.0
-43.0
-54.0
-36.0
-86.0
-73.0
-37.0
-79.0
-70.0
-83.0
-80.0
-18.0
-51.0
-79.0
-77.0
-72.0
-3.0
22.0
26.0
41.0
15.0
6.0
-25.0
-64.0
-13.0
-20.0
-37.0
-10.0
-45.0
-48.0
-48.0
-72.0
-27.0
-44.0
-59.0
-11.0
-45.0
-36.0
-4.0
-32.0
1.0
-20.0
-44.0
-10.0
-40.0
-10.0
6.0
-34.0
7.0
10.0
6.0
34.0
6.0
-1.0
7.0
-27.0
-16.0
-22.0
-32.0
-25.0
-51.0
-30.0
-18.0
-55.0
-31.0
-13.0
1.0
39.0
14.0
16.0
11.0
-25.0
-10.0
-49.0
-71.0
-56.0
-84.0
-69.0
-63.0
-92.0
-38.0
-34.0
-39.0
6.0
-21.0
-3.0
27.0
-32.0
-32.0
-65.0
-95.0
-40.0
-29.0
-17.0
-25.0
-53.0
-18.0
-11.0
9.0
49.0
2.0
-16.0
-19.0
-71.0
-68.0
-91.0
-114.0
-81.0
-74.0
-19.0
10.0
-24.0
-2.0
-14.0
-12.0
43.0
22.0
12.0
13.0
-45.0
-53.0
-81.0
-87.0
-17.0
1.0
44.0
74.0
45.0
46.0
44.0
41.0
27.0
-63.0
-78.0
-71.0
-97.0
-60.0
-61.0
-44.0
8.0
-14.0
2.0
17.0
0.0
37.0
7.0
-33.0
1.0
-12.0
-10.0
4.0
-30.0
-26.0
-33.0
-30.0
-2.0
-41.0
6.0
53.0
18.0
15.0
-17.0
-23.0
5.0
-44.0
-57.0
-68.0
-99.0
-73.0
-70.0
-46.0
3.0
-17.0
2.0
36.0
25.0
53.0
41.0
49.0
75.0
22.0
14.0
2.0
-77.0
-84.0
-106.0
-120.0
-87.0
-118.0
-83.0
-42.0
-37.0
30.0
33.0
31.0
63.0
26.0
6.0
-17.0
-73.0
-72.0
-96.0
-112.0
-68.0
-83.0
-77.0
-56.0
-54.0
7.0
20.0
31.0
71.0
13.0
-2.0
17.0
-52.0
-92.0
-137.0
-172.0
-139.0
-123.0
-65.0
-41.0
-80.0
-63.0
-93.0
-94.0
-46.0
-85.0
-82.0
-82.0
-117.0
-84.0
-90.0
-100.0
-52.0
-68.0
-15.0
45.0
16.0
29.0
6.0
-50.0
-61.0
-116.0
-118.0
-85.0
-102.0
-55.0
-22.0
-7.0
22.0
31.0
71.0
73.0
33.0
42.0
3.0
-52.0
-99.0
-184.0
-174.0
-122.0
-89.0
-2.0
30.0
45.0
88.0
92.0
120.0
126.0
82.0
91.0
40.0
-30.0
-67.0
-168.0
-213.0
-216.0
-231.0
-140.0
-71.0
13.0
130.0
103.0
99.0
100.0
56.0
68.0
23.0
-62.0
-120.0
-213.0
-221.0
-206.0
-204.0
-148.0
-134.0
-88.0
-8.0
-21.0
30.0
55.0
-11.0
1.0
-8.0
-33.0
-27.0
-73.0
-79.0
-68.0
-93.0
-97.0
-117.0
-127.0
-108.0
-129.0
-75.0
-30.0
-25.0
26.0
2.0
-4.0
46.0
5.0
10.0
11.0
-17.0
41.0
29.0
-31.0
-47.0
-93.0
-85.0
-69.0
-65.0
-28.0
-28.0
-28.0
-2.0
-44.0
-18.0
47.0
53.0
74.0
33.0
14.0
43.0
7.0
4.0
1.0
-29.0
-20.0
-46.0
-58.0
-13.0
-24.0
1.0
18.0
-10.0
16.0
-1.0
-6.0
23.0
-2.0
22.0
41.0
0.0
27.0
34.0
30.0
49.0
-6.0
-8.0
-10.0
-48.0
-38.0
-37.0
-43.0
-25.0
-42.0
6.0
41.0
16.0
55.0
62.0
63.0
103.0
82.0
74.0
42.0
-7.0
-24.0
-96.0
-134.0
-74.0
-72.0
-49.0
10.0
7.0
42.0
24.0
6.0
55.0
51.0
51.0
54.0
21.0
-5.0
-72.0
-123.0
-141.0
-174.0
-137.0
-95.0
-97.0
-36.0
8.0
25.0
76.0
50.0
42.0
48.0
14.0
20.0
-36.0
-97.0
-117.0
-197.0
-197.0
-140.0
-112.0
-18.0
38.0
70.0
116.0
87.0
72.0
53.0
9.0
13.0
-14.0
-46.0
-72.0
-159.0
-174.0
-159.0
-155.0
-60.0
9.0
42.0
105.0
96.0
114.0
111.0
52.0
53.0
40.0
16.0
15.0
-69.0
-124.0
-142.0
-171.0
-142.0
-144.0
-139.0
-119.0
-140.0
-93.0
-61.0
-50.0
25.0
33.0
25.0
42.0
22.0
56.0
67.0
30.0
45.0
22.0
-22.0
-8.0
-56.0
-61.0
-39.0
-51.0
-24.0
-34.0
-34.0
26.0
33.0
59.0
85.0
58.0
78.0
46.0
8.0
5.0
-39.0
-33.0
-33.0
-68.0
-20.0
-25.0
-48.0
-7.0
1.0
25.0
46.0
32.0
65.0
51.0
43.0
62.0
26.0
42.0
52.0
1.0
6.0
-11.0
-8.0
22.0
-13.0
-1.0
-14.0
-54.0
7.0
16.0
-2.0
38.0
16.0
35.0
63.0
26.0
69.0
45.0
-5.0
0.0
-22.0
12.0
12.0
-22.0
13.0
-5.0
-5.0
22.0
-26.0
-5.0
18.0
-5.0
37.0
30.0
8.0
46.0
22.0
15.0
13.0
-15.0
30.0
20.0
-1.0
19.0
-19.0
-31.0
-43.0
-88.0
-69.0
-54.0
-23.0
42.0
20.0
14.0
12.0
2.0
61.0
43.0
6.0
32.0
-15.0
-25.0
-23.0
-72.0
-78.0
-110.0
-138.0
-101.0
-72.0
-8.0
29.0
48.0
102.0
82.0
61.0
92.0
58.0
55.0
47.0
-41.0
-67.0
-105.0
-149.0
-128.0
-124.0
-63.0
-1.0
19.0
59.0
35.0
50.0
92.0
62.0
79.0
77.0
18.0
32.0
-10.0
-45.0
-31.0
-99.0
-131.0
-118.0
-119.0
-52.0
-21.0
12.0
74.0
97.0
120.0
118.0
100.0
110.0
68.0
36.0
32.0
-12.0
-12.0
-17.0
-66.0
-60.0
-66.0
-51.0
-7.0
-17.0
32.0
78.0
70.0
110.0
112.0
111.0
121.0
61.0
58.0
55.0
4.0
19.0
-14.0
-50.0
-4.0
-12.0
-4.0
-4.0
-18.0
45.0
44.0
18.0
60.0
31.0
42.0
55.0
14.0
17.0
-4.0
-22.0
-1.0
-23.0
2.0
7.0
-13.0
24.0
29.0
34.0
37.0
-40.0
-33.0
-20.0
-49.0
-3.0
-23.0
-50.0
-1.0
-1.0
6.0
-7.0
-30.0
-2.0
-22.0
-26.0
16.0
-11.0
21.0
38.0
22.0
80.0
75.0
68.0
88.0
41.0
42.0
36.0
12.0
42.0
16.0
-1.0
21.0
-23.0
3.0
34.0
20.0
65.0
65.0
63.0
72.0
34.0
51.0
41.0
25.0
72.0
46.0
12.0
30.0
13.0
27.0
36.0
33.0
66.0
48.0
46.0
56.0
-13.0
-35.0
-39.0
-71.0
-40.0
-37.0
-14.0
2.0
-25.0
45.0
65.0
4.0
29.0
24.0
-3.0
13.0
-25.0
-29.0
-53.0
-89.0
-34.0
-29.0
-18.0
36.0
12.0
30.0
41.0
4.0
13.0
-8.0
-26.0
-22.0
-89.0
-108.0
-98.0
-85.0
-18.0
-35.0
-27.0
17.0
-14.0
12.0
37.0
12.0
25.0
-4.0
-21.0
-34.0
-103.0
-116.0
-114.0
-108.0
-40.0
-60.0
-81.0
-29.0
-6.0
18.0
1.0
-56.0
-45.0
-59.0
-39.0
-6.0
-58.0
-52.0
-38.0
-59.0
-7.0
4.0
-10.0
-2.0
-34.0
-30.0
-39.0
-81.0
-33.0
-38.0
-63.0
-23.0
-19.0
23.0
52.0
17.0
51.0
47.0
44.0
78.0
14.0
-26.0
-58.0
-55.0
-22.0
-71.0
-80.0
-37.0
-48.0
-23.0
2.0
-9.0
8.0
17.0
65.0
111.0
90.0
80.0
39.0
-17.0
-27.0
-72.0
-92.0
-59.0
-53.0
-13.0
-6.0
-28.0
10.0
-17.0
51.0
164.0
157.0
196.0
220.0
167.0
168.0
123.0
68.0
41.0
-34.0
-29.0
-7.0
-33.0
-8.0
-7.0
29.0
83.0
62.0
101.0
125.0
105.0
131.0
116.0
91.0
101.0
31.0
-20.0
-47.0
-65.0
-34.0
-49.0
-27.0
18.0
-12.0
15.0
38.0
21.0
57.0
41.0
32.0
52.0
4.0
-6.0
-34.0
-88.0
-67.0
-72.0
-37.0
22.0
1.0
27.0
37.0
-1.0
10.0
-21.0
-39.0
-37.0
-70.0
-53.0
-49.0
-88.0
-55.0
-41.0
-16.0
12.0
-34.0
5.0
22.0
-32.0
-18.0
-49.0
-70.0
-59.0
-120.0
-118.0
-96.0
-72.0
25.0
59.0
69.0
121.0
86.0
62.0
65.0
24.0
20.0
-29.0
-46.0
-39.0
-101.0
-92.0
-76.0
-109.0
-59.0
-37.0
-5.0
60.0
68.0
97.0
84.0
39.0
52.0
18.0
-2.0
18.0
-31.0
-54.0
-101.0
-137.0
-76.0
-87.0
-88.0
-41.0
-40.0
10.0
33.0
26.0
61.0
45.0
48.0
70.0
27.0
31.0
-2.0
-90.0
-138.0
-243.0
-267.0
-199.0
-175.0
-84.0
2.0
42.0
98.0
92.0
94.0
108.0
62.0
78.0
80.0
39.0
37.0
-29.0
-95.0
-108.0
-158.0
-151.0
-136.0
-127.0
-33.0
15.0
46.0
73.0
28.0
45.0
41.0
2.0
37.0
26.0
29.0
63.0
21.0
6.0
-32.0
-100.0
-78.0
-46.0
16.0
89.0
77.0
82.0
83.0
100.0
169.0
172.0
167.0
162.0
115.0
120.0
105.0
60.0
41.0
-34.0
-67.0
-68.0
-108.0
-60.0
-4.0
19.0
96.0
117.0
115.0
152.0
148.0
168.0
165.0
122.0
120.0
52.0
-23.0
-33.0
-77.0
-87.0
-98.0
-112.0
-63.0
-69.0
-64.0
14.0
52.0
71.0
77.0
54.0
70.0
48.0
58.0
53.0
-36.0
-59.0
-84.0
-114.0
-71.0
-30.0
8.0
22.0
-4.0
51.0
86.0
64.0
86.0
70.0
45.0
41.0
-21.0
-33.0
-76.0
-137.0
-89.0
-40.0
14.0
64.0
48.0
78.0
84.0
46.0
49.0
-8.0
-60.0
-69.0
-86.0
-75.0
-113.0
-174.0
-128.0
-100.0
-32.0
82.0
97.0
127.0
124.0
83.0
106.0
78.0
45.0
60.0
16.0
-18.0
-61.0
-116.0
-123.0
-146.0
-112.0
-52.0
-59.0
-24.0
1.0
15.0
84.0
51.0
52.0
87.0
35.0
34.0
7.0
-55.0
-64.0
-130.0
-161.0
-127.0
-104.0
-21.0
-5.0
-50.0
-3.0
34.0
71.0
100.0
63.0
68.0
65.0
24.0
17.0
-58.0
-112.0
-116.0
-153.0
-96.0
-72.0
-91.0
-58.0
-58.0
-40.0
-7.0
-28.0
-5.0
11.0
-23.0
-5.0
-36.0
-52.0
-27.0
-58.0
-58.0
-93.0
-183.0
-205.0
-244.0
-249.0
-207.0
-202.0
-95.0
4.0
22.0
80.0
72.0
44.0
42.0
-15.0
-32.0
-72.0
-121.0
-137.0
-219.0
-279.0
-247.0
-237.0
-183.0
-139.0
-101.0
7.0
56.0
97.0
142.0
102.0
79.0
49.0
-22.0
-36.0
-103.0
-171.0
-180.0
-240.0
-237.0
-203.0
-174.0
-81.0
-39.0
4.0
51.0
9.0
18.0
1.0
-66.0
-58.0
-91.0
-134.0
-182.0
-244.0
-219.0
-173.0
-121.0
-32.0
-46.0
-14.0
59.0
61.0
83.0
73.0
25.0
23.0
-33.0
-70.0
-70.0
-115.0
-108.0
-110.0
-118.0
-64.0
-14.0
31.0
32.0
13.0
64.0
64.0
27.0
55.0
51.0
48.0
72.0
39.0
43.0
56.0
37.0
34.0
20.0
52.0
65.0
21.0
34.0
25.0
-4.0
30.0
21.0
30.0
65.0
11.0
8.0
18.0
-10.0
31.0
28.0
21.0
39.0
9.0
17.0
-1.0
-30.0
-5.0
-49.0
-58.0
-6.0
-30.0
-25.0
-13.0
-21.0
10.0
-11.0
-27.0
-31.0
-65.0
-27.0
-17.0
-62.0
-39.0
-51.0
-67.0
-59.0
-90.0
-72.0
-65.0
-87.0
-56.0
-81.0
-108.0
-89.0
-88.0
-71.0
-87.0
-120.0
-95.0
-102.0
-87.0
-51.0
-88.0
-64.0
-62.0
-87.0
-50.0
-84.0
-105.0
-67.0
-83.0
-50.0
-39.0
-65.0
-21.0
-40.0
-56.0
-47.0
-129.0
-125.0
-103.0
-146.0
-115.0
-86.0
-56.0
-15.0
-35.0
-4.0
2.0
-40.0
-46.0
-89.0
-91.0
-46.0
-39.0
-4.0
-20.0
-49.0
-15.0
-23.0
-38.0
-31.0
-84.0
-88.0
-82.0
-111.0
-90.0
-129.0
-137.0
-108.0
-121.0
-60.0
5.0
35.0
79.0
34.0
11.0
30.0
-36.0
-61.0
-84.0
-149.0
-127.0
-149.0
-153.0
-85.0
-67.0
-23.0
24.0
32.0
68.0
59.0
51.0
51.0
-17.0
-36.0
-46.0
-100.0
-107.0
-142.0
-130.0
-67.0
-61.0
12.0
64.0
49.0
68.0
25.0
-12.0
-35.0
-91.0
-81.0
-100.0
-158.0
-156.0
-201.0
-210.0
-144.0
-96.0
-1.0
50.0
49.0
81.0
51.0
32.0
27.0
-54.0
-60.0
-73.0
-131.0
-125.0
-144.0
-149.0
-117.0
-113.0
-36.0
42.0
35.0
58.0
44.0
45.0
62.0
15.0
-12.0
-74.0
-110.0
-72.0
-137.0
-172.0
-147.0
-131.0
-38.0
-27.0
-31.0
81.0
112.0
113.0
120.0
69.0
58.0
53.0
29.0
37.0
-29.0
-65.0
-39.0
-75.0
-63.0
-89.0
-132.0
-59.0
-30.0
-5.0
46.0
25.0
57.0
69.0
67.0
88.0
20.0
2.0
38.0
7.0
16.0
-11.0
-84.0
-82.0
-106.0
-119.0
-83.0
-59.0
-15.0
18.0
34.0
83.0
70.0
73.0
84.0
25.0
42.0
52.0
19.0
56.0
23.0
-21.0
-13.0
-61.0
-47.0
1.0
-12.0
21.0
35.0
48.0
63.0
47.0
88.0
88.0
68.0
123.0
92.0
73.0
56.0
-21.0
1.0
20.0
-12.0
32.0
54.0
51.0
54.0
25.0
39.0
28.0
8.0
47.0
24.0
24.0
77.0
49.0
44.0
14.0
-51.0
-39.0
-74.0
-78.0
-32.0
-39.0
7.0
30.0
-2.0
5.0
-17.0
-6.0
18.0
10.0
55.0
56.0
19.0
12.0
-40.0
-55.0
-38.0
-59.0
-27.0
-14.0
3.0
61.0
44.0
38.0
48.0
0.0
-4.0
-43.0
-81.0
-26.0
-23.0
-53.0
-47.0
-34.0
9.0
28.0
54.0
115.0
91.0
83.0
109.0
71.0
84.0
61.0
-23.0
-34.0
-81.0
-86.0
-50.0
-62.0
-20.0
26.0
34.0
111.0
136.0
149.0
154.0
84.0
101.0
120.0
97.0
95.0
42.0
18.0
2.0
-98.0
-75.0
-42.0
-45.0
14.0
31.0
41.0
68.0
41.0
54.0
97.0
91.0
112.0
99.0
110.0
139.0
81.0
45.0
-10.0
-31.0
36.0
32.0
52.0
65.0
37.0
84.0
103.0
86.0
140.0
114.0
119.0
152.0
89.0
89.0
81.0
32.0
22.0
-44.0
-58.0
-29.0
-68.0
-33.0
-5.0
0.0
69.0
83.0
112.0
156.0
129.0
136.0
98.0
27.0
7.0
-63.0
-78.0
-67.0
-128.0
-100.0
-43.0
-23.0
22.0
22.0
64.0
102.0
69.0
106.0
108.0
82.0
98.0
55.0
43.0
26.0
-47.0
-31.0
-36.0
-65.0
-28.0
-52.0
-53.0
-9.0
-40.0
-32.0
-32.0
-27.0
27.0
16.0
45.0
71.0
-1.0
24.0
34.0
-11.0
1.0
-21.0
-34.0
-22.0
-65.0
-59.0
-46.0
-52.0
-7.0
-15.0
2.0
72.0
84.0
130.0
162.0
148.0
161.0
92.0
67.0
56.0
-34.0
-60.0
-85.0
-130.0
-78.0
-59.0
-41.0
16.0
38.0
79.0
82.0
60.0
95.0
101.0
123.0
119.0
58.0
62.0
27.0
-54.0
-79.0
-129.0
-122.0
-96.0
-99.0
-26.0
11.0
21.0
96.0
92.0
98.0
131.0
73.0
48.0
35.0
-2.0
-26.0
-101.0
-115.0
-118.0
-175.0
-150.0
-150.0
-147.0
-59.0
-15.0
51.0
117.0
97.0
121.0
122.0
62.0
75.0
24.0
-26.0
-36.0
-92.0
-82.0
-77.0
-100.0
-23.0
-23.0
-30.0
12.0
4.0
33.0
32.0
32.0
81.0
56.0
67.0
116.0
64.0
41.0
-20.0
-76.0
-50.0
-59.0
-50.0
-20.0
-32.0
-7.0
-5.0
-12.0
24.0
12.0
26.0
66.0
34.0
37.0
9.0
-54.0
-57.0
-109.0
-126.0
-108.0
-110.0
-18.0
21.0
11.0
68.0
50.0
34.0
26.0
-14.0
43.0
80.0
86.0
93.0
13.0
-2.0
-20.0
-100.0
-108.0
-128.0
-128.0
-50.0
-43.0
-20.0
21.0
23.0
89.0
86.0
54.0
84.0
73.0
106.0
150.0
110.0
90.0
37.0
-12.0
11.0
-27.0
-45.0
-14.0
-34.0
-3.0
18.0
11.0
65.0
88.0
107.0
120.0
93.0
119.0
117.0
106.0
125.0
42.0
-18.0
-16.0
-63.0
-31.0
4.0
29.0
111.0
102.0
114.0
175.0
160.0
165.0
182.0
157.0
117.0
1.0
-63.0
-24.0
-68.0
-73.0
-56.0
-65.0
-8.0
29.0
82.0
130.0
100.0
122.0
133.0
107.0
125.0
49.0
-15.0
-36.0
-109.0
-97.0
-88.0
-108.0
-61.0
-12.0
51.0
86.0
67.0
100.0
101.0
89.0
130.0
117.0
106.0
96.0
55.0
68.0
35.0
-24.0
18.0
10.0
13.0
33.0
4.0
47.0
87.0
101.0
144.0
106.0
86.0
91.0
25.0
18.0
2.0
-48.0
-12.0
-6.0
-31.0
-31.0
-56.0
-12.0
-2.0
-8.0
25.0
4.0
48.0
128.0
99.0
83.0
57.0
54.0
88.0
35.0
33.0
76.0
27.0
21.0
-7.0
-79.0
-64.0
-55.0
-26.0
15.0
15.0
53.0
86.0
109.0
173.0
140.0
86.0
60.0
8.0
15.0
-25.0
-116.0
-134.0
-194.0
-237.0
-220.0
-195.0
-93.0
-25.0
11.0
91.0
88.0
70.0
87.0
54.0
71.0
52.0
-3.0
-14.0
-73.0
-119.0
-120.0
-155.0
-144.0
-119.0
-103.0
-50.0
-64.0
-24.0
61.0
62.0
94.0
76.0
4.0
7.0
-36.0
-90.0
-107.0
-122.0
-104.0
-122.0
-148.0
-90.0
-65.0
-34.0
10.0
-34.0
12.0
45.0
14.0
25.0
-24.0
-36.0
1.0
-25.0
-4.0
-49.0
-131.0
-117.0
-145.0
-102.0
-24.0
-41.0
-18.0
6.0
-30.0
-19.0
-40.0
3.0
65.0
46.0
72.0
56.0
-11.0
-23.0
-77.0
-92.0
-65.0
-90.0
-55.0
-47.0
-71.0
-14.0
8.0
35.0
99.0
84.0
73.0
49.0
-5.0
-7.0
-55.0
-87.0
-93.0
-127.0
-95.0
-86.0
-88.0
-21.0
-3.0
27.0
82.0
77.0
104.0
91.0
33.0
15.0
-64.0
-109.0
-125.0
-179.0
-128.0
-102.0
-93.0
-25.0
-20.0
23.0
72.0
36.0
71.0
75.0
21.0
13.0
-61.0
-115.0
-102.0
-149.0
-120.0
-110.0
-108.0
-21.0
24.0
52.0
84.0
51.0
66.0
34.0
-12.0
-13.0
-90.0
-100.0
-52.0
-100.0
-87.0
-53.0
-62.0
-44.0
-44.0
-1.0
31.0
4.0
75.0
71.0
-2.0
1.0
-72.0
-126.0
-100.0
-97.0
-38.0
-14.0
-12.0
37.0
35.0
34.0
51.0
17.0
39.0
20.0
-48.0
-58.0
-91.0
-61.0
-9.0
-29.0
1.0
17.0
-8.0
-21.0
-52.0
-29.0
11.0
-10.0
29.0
40.0
4.0
17.0
-48.0
-100.0
-107.0
-128.0
-64.0
-23.0
-11.0
18.0
-32.0
-39.0
-15.0
-34.0
-1.0
24.0
36.0
41.0
-25.0
-78.0
-86.0
-107.0
-49.0
-24.0
-25.0
26.0
-3.0
-13.0
22.0
-2.0
16.0
-9.0
-70.0
-30.0
-45.0
-58.0
-60.0
-59.0
-27.0
-57.0
-81.0
-26.0
-42.0
-53.0
-47.0
-87.0
-67.0
-34.0
8.0
51.0
25.0
-2.0
-11.0
-60.0
-39.0
-22.0
-66.0
-69.0
-112.0
-139.0
-121.0
-144.0
-101.0
-88.0
-86.0
-12.0
-5.0
30.0
87.0
62.0
97.0
91.0
37.0
24.0
-51.0
-93.0
-99.0
-150.0
-121.0
-103.0
-130.0
-86.0
-64.0
-10.0
45.0
62.0
108.0
110.0
76.0
61.0
-15.0
-46.0
-60.0
-109.0
-86.0
-101.0
-145.0
-104.0
-104.0
-105.0
-77.0
-83.0
-17.0
6.0
-10.0
26.0
2.0
-10.0
-1.0
-58.0
-61.0
-88.0
-152.0
-116.0
-132.0
-155.0
-129.0
-117.0
-76.0
-62.0
-49.0
-12.0
-51.0
-62.0
-32.0
-57.0
-52.0
-63.0
-110.0
-124.0
-181.0
-203.0
-178.0
-182.0
-89.0
-23.0
-31.0
8.0
-8.0
-21.0
-36.0
-97.0
-103.0
-137.0
-164.0
-127.0
-152.0
-126.0
-59.0
-61.0
-29.0
-15.0
-21.0
2.0
-63.0
-102.0
-91.0
-133.0
-150.0
-194.0
-222.0
-160.0
-140.0
-90.0
-29.0
-30.0
45.0
61.0
4.0
11.0
-25.0
-56.0
-86.0
-169.0
-224.0
-265.0
-206.0
-61.0
-29.0
33.0
86.0
69.0
89.0
52.0
17.0
45.0
-7.0
-60.0
-98.0
-163.0
-139.0
-145.0
-190.0
-165.0
-195.0
-186.0
-127.0
-70.0
36.0
86.0
82.0
73.0
19.0
8.0
-5.0
-80.0
-95.0
-152.0
-197.0
-191.0
-215.0
-199.0
-167.0
-118.0
8.0
75.0
92.0
134.0
118.0
108.0
100.0
32.0
17.0
-15.0
-80.0
-121.0
-201.0
-200.0
-163.0
-188.0
-111.0
-42.0
-42.0
32.0
55.0
78.0
115.0
100.0
112.0
66.0
3.0
-5.0
-58.0
-77.0
-59.0
-86.0
-81.0
-106.0
-146.0
-119.0
-113.0
-107.0
-51.0
-34.0
11.0
35.0
25.0
56.0
36.0
48.0
53.0
7.0
-5.0
-51.0
-103.0
-115.0
-189.0
-213.0
-171.0
-158.0
-81.0
-29.0
8.0
89.0
77.0
82.0
109.0
87.0
91.0
25.0
-77.0
-102.0
-144.0
-152.0
-128.0
-134.0
-85.0
-71.0
-82.0
-21.0
2.0
36.0
61.0
23.0
49.0
42.0
-26.0
-34.0
-92.0
-154.0
-167.0
-185.0
-147.0
-108.0
-61.0
14.0
5.0
-7.0
14.0
-13.0
21.0
19.0
-24.0
-8.0
-53.0
-95.0
-107.0
-148.0
-121.0
-116.0
-123.0
-50.0
-33.0
-2.0
48.0
27.0
42.0
38.0
3.0
13.0
-44.0
-67.0
-62.0
-101.0
-100.0
-130.0
-154.0
-131.0
-121.0
-76.0
-31.0
-31.0
31.0
50.0
41.0
69.0
5.0
-23.0
-27.0
-102.0
-96.0
-101.0
-143.0
-117.0
-155.0
-142.0
-60.0
-34.0
26.0
68.0
56.0
58.0
9.0
4.0
9.0
-65.0
-65.0
-79.0
-121.0
-116.0
-167.0
-167.0
-134.0
-134.0
-61.0
-29.0
-39.0
1.0
16.0
15.0
11.0
-49.0
-65.0
-105.0
-132.0
-104.0
-142.0
-174.0
-162.0
-174.0
-133.0
-112.0
-109.0
-56.0
-53.0
-2.0
7.0
-85.0
-111.0
-121.0
-149.0
-135.0
-144.0
-134.0
-135.0
-172.0
-131.0
-111.0
-95.0
-44.0
-93.0
-83.0
-33.0
-36.0
7.0
-3.0
-56.0
-24.0
-43.0
-87.0
-106.0
-157.0
-131.0
-126.0
-161.0
-130.0
-112.0
-62.0
-16.0
-29.0
-11.0
-10.0
-25.0
-40.0
-88.0
-118.0
-129.0
-173.0
-178.0
-198.0
-198.0
-147.0
-139.0
-111.0
-77.0
-76.0
-21.0
-24.0
-60.0
-29.0
-61.0
-80.0
-86.0
-153.0
-139.0
-156.0
-187.0
-129.0
-126.0
-110.0
-81.0
-93.0
-71.0
-51.0
-61.0
-54.0
-88.0
-96.0
-80.0
-99.0
-74.0
-89.0
-124.0
-106.0
-142.0
-162.0
-144.0
-166.0
-105.0
-46.0
-46.0
-14.0
-36.0
-29.0
17.0
-4.0
-7.0
-48.0
-119.0
-131.0
-174.0
-171.0
-142.0
-133.0
-46.0
-16.0
-14.0
49.0
59.0
47.0
10.0
-67.0
-60.0
-85.0
-120.0
-114.0
-169.0
-172.0
-158.0
-183.0
-115.0
-55.0
-15.0
52.0
47.0
56.0
54.0
-23.0
-23.0
-34.0
-83.0
-76.0
-115.0
-124.0
-105.0
-143.0
-93.0
-80.0
-106.0
-41.0
-28.0
-9.0
18.0
-19.0
6.0
17.0
-26.0
-31.0
-62.0
-69.0
-71.0
-94.0
-50.0
-41.0
-63.0
-32.0
-43.0
-39.0
10.0
-30.0
-29.0
-12.0
-19.0
7.0
-45.0
-66.0
-58.0
-93.0
-53.0
-29.0
-40.0
3.0
-39.0
-38.0
-12.0
-54.0
-28.0
-12.0
-20.0
-9.0
-67.0
-87.0
-83.0
-90.0
-8.0
-3.0
-27.0
10.0
-14.0
-8.0
-14.0
-54.0
1.0
20.0
-26.0
-12.0
-53.0
-69.0
-68.0
-92.0
-35.0
-14.0
-9.0
39.0
-2.0
-20.0
-22.0
-62.0
-10.0
13.0
-14.0
22.0
-14.0
-34.0
-34.0
-83.0
-44.0
1.0
13.0
76.0
51.0
29.0
22.0
-52.0
-84.0
-148.0
-166.0
-89.0
-64.0
-49.0
-40.0
-43.0
40.0
73.0
80.0
112.0
74.0
67.0
65.0
12.0
-29.0
-73.0
-120.0
-105.0
-108.0
-91.0
-17.0
3.0
34.0
49.0
29.0
43.0
-5.0
-12.0
1.0
-39.0
-32.0
-56.0
-110.0
-116.0
-163.0
-127.0
-48.0
-51.0
-18.0
8.0
23.0
97.0
99.0
93.0
88.0
42.0
59.0
37.0
-27.0
-52.0
-119.0
-150.0
-120.0
-82.0
12.0
53.0
68.0
102.0
97.0
119.0
139.0
101.0
117.0
77.0
24.0
33.0
-42.0
-72.0
-76.0
-110.0
-62.0
-25.0
-7.0
80.0
107.0
113.0
128.0
125.0
148.0
122.0
78.0
72.0
-8.0
-50.0
-58.0
-103.0
-98.0
-116.0
-96.0
-8.0
4.0
20.0
45.0
26.0
75.0
107.0
96.0
95.0
20.0
-8.0
-6.0
-76.0
-53.0
-48.0
-75.0
-25.0
-30.0
-14.0
18.0
-20.0
39.0
99.0
105.0
131.0
102.0
91.0
71.0
8.0
24.0
11.0
-34.0
-9.0
-27.0
-19.0
16.0
-23.0
-13.0
-11.0
-22.0
31.0
26.0
31.0
70.0
57.0
69.0
48.0
18.0
56.0
44.0
32.0
42.0
9.0
36.0
40.0
20.0
46.0
23.0
58.0
102.0
52.0
61.0
55.0
52.0
93.0
49.0
33.0
25.0
-45.0
-27.0
-12.0
-14.0
40.0
54.0
84.0
127.0
97.0
116.0
123.0
106.0
142.0
116.0
98.0
80.0
8.0
-4.0
-27.0
-61.0
-26.0
-16.0
33.0
93.0
93.0
131.0
132.0
110.0
124.0
81.0
84.0
86.0
11.0
18.0
-2.0
-40.0
-21.0
-36.0
-15.0
26.0
62.0
140.0
190.0
222.0
257.0
222.0
206.0
178.0
86.0
57.0
-7.0
-83.0
-85.0
-134.0
-91.0
31.0
83.0
162.0
204.0
213.0
265.0
225.0
215.0
215.0
123.0
98.0
42.0
-29.0
-22.0
-62.0
-81.0
-72.0
-55.0
53.0
102.0
89.0
120.0
89.0
107.0
149.0
111.0
99.0
71.0
21.0
23.0
-6.0
-12.0
-2.0
-16.0
52.0
61.0
27.0
60.0
38.0
66.0
123.0
90.0
88.0
83.0
83.0
106.0
81.0
89.0
92.0
52.0
49.0
31.0
-2.0
17.0
7.0
4.0
61.0
89.0
122.0
119.0
120.0
157.0
128.0
109.0
95.0
11.0
3.0
-33.0
-98.0
-59.0
-27.0
13.0
77.0
86.0
118.0
138.0
151.0
195.0
149.0
121.0
103.0
11.0
-23.0
-92.0
-145.0
-93.0
-91.0
-45.0
47.0
84.0
158.0
185.0
166.0
185.0
165.0
159.0
182.0
121.0
106.0
41.0
-52.0
-69.0
-126.0
-168.0
-164.0
-142.0
-46.0
8.0
54.0
130.0
115.0
142.0
196.0
153.0
148.0
112.0
54.0
26.0
-69.0
-123.0
-134.0
-173.0
-127.0
-63.0
-10.0
83.0
113.0
150.0
181.0
155.0
176.0
140.0
108.0
131.0
65.0
40.0
3.0
-95.0
-93.0
-104.0
-101.0
8.0
37.0
85.0
141.0
113.0
118.0
98.0
62.0
104.0
99.0
119.0
136.0
96.0
124.0
77.0
-13.0
-35.0
-96.0
-121.0
-88.0
-73.0
9.0
77.0
106.0
158.0
177.0
199.0
223.0
177.0
174.0
146.0
111.0
124.0
57.0
32.0
11.0
-33.0
25.0
59.0
72.0
150.0
149.0
152.0
146.0
99.0
157.0
173.0
142.0
173.0
161.0
165.0
161.0
100.0
68.0
26.0
18.0
68.0
37.0
32.0
88.0
109.0
166.0
169.0
164.0
235.0
199.0
161.0
141.0
92.0
112.0
77.0
33.0
52.0
45.0
72.0
109.0
84.0
107.0
126.0
140.0
177.0
144.0
125.0
110.0
34.0
23.0
20.0
13.0
61.0
37.0
14.0
3.0
-18.0
26.0
-6.0
-29.0
48.0
61.0
77.0
96.0
60.0
54.0
45.0
64.0
101.0
40.0
46.0
67.0
0.0
-6.0
-3.0
-44.0
-45.0
-49.0
-15.0
8.0
4.0
67.0
86.0
82.0
99.0
73.0
86.0
100.0
77.0
111.0
103.0
79.0
110.0
50.0
17.0
33.0
21.0
90.0
119.0
102.0
146.0
110.0
83.0
112.0
110.0
139.0
128.0
102.0
111.0
88.0
115.0
138.0
98.0
131.0
114.0
67.0
86.0
50.0
61.0
80.0
49.0
78.0
47.0
31.0
82.0
90.0
124.0
159.0
109.0
123.0
118.0
96.0
120.0
109.0
102.0
91.0
35.0
52.0
30.0
10.0
60.0
43.0
65.0
99.0
91.0
135.0
124.0
90.0
112.0
56.0
47.0
91.0
73.0
90.0
43.0
-34.0
1.0
13.0
27.0
47.0
66.0
152.0
128.0
79.0
124.0
95.0
80.0
99.0
101.0
129.0
80.0
30.0
53.0
-1.0
-26.0
-29.0
-74.0
-61.0
-41.0
-11.0
82.0
125.0
164.0
206.0
199.0
210.0
177.0
118.0
84.0
8.0
-23.0
-16.0
-67.0
-99.0
-161.0
-214.0
-188.0
-160.0
-27.0
121.0
135.0
164.0
167.0
164.0
206.0
170.0
138.0
111.0
22.0
-11.0
-40.0
-74.0
-62.0
-101.0
-123.0
-119.0
-115.0
7.0
91.0
116.0
161.0
143.0
139.0
140.0
92.0
106.0
76.0
23.0
20.0
-36.0
-30.0
12.0
-27.0
6.0
36.0
32.0
84.0
93.0
89.0
89.0
64.0
100.0
64.0
16.0
83.0
71.0
46.0
48.0
1.0
17.0
9.0
10.0
45.0
4.0
-1.0
20.0
21.0
63.0
51.0
48.0
107.0
99.0
101.0
91.0
18.0
6.0
-8.0
-15.0
28.0
14.0
49.0
97.0
71.0
90.0
102.0
90.0
117.0
76.0
79.0
101.0
52.0
43.0
2.0
-41.0
-7.0
-4.0
13.0
49.0
56.0
103.0
94.0
95.0
137.0
93.0
85.0
77.0
-6.0
-16.0
-18.0
-67.0
-47.0
-29.0
-10.0
-3.0
-33.0
-16.0
-5.0
24.0
78.0
50.0
26.0
27.0
8.0
27.0
21.0
10.0
49.0
50.0
59.0
70.0
32.0
37.0
26.0
-27.0
-33.0
-49.0
-5.0
37.0
36.0
62.0
49.0
23.0
45.0
18.0
34.0
52.0
22.0
55.0
45.0
17.0
20.0
-60.0
-97.0
-100.0
-157.0
-121.0
-73.0
0.0
118.0
107.0
134.0
180.0
131.0
129.0
103.0
43.0
42.0
3.0
-13.0
-44.0
-98.0
-67.0
-45.0
2.0
80.0
75.0
98.0
144.0
110.0
97.0
51.0
17.0
56.0
14.0
-30.0
-14.0
-44.0
-49.0
-51.0
-72.0
-36.0
-32.0
29.0
119.0
111.0
147.0
145.0
64.0
33.0
-3.0
-8.0
0.0
-20.0
-20.0
-52.0
-84.0
-39.0
-36.0
-8.0
31.0
44.0
101.0
114.0
116.0
152.0
112.0
118.0
129.0
62.0
52.0
37.0
3.0
18.0
-36.0
-84.0
-91.0
-107.0
-71.0
-53.0
-48.0
-5.0
-39.0
-18.0
29.0
-1.0
25.0
37.0
14.0
29.0
-4.0
-22.0
-35.0
-106.0
-130.0
-147.0
-166.0
-132.0
-123.0
-89.0
-22.0
-3.0
69.0
120.0
113.0
136.0
83.0
46.0
42.0
-3.0
22.0
22.0
-41.0
-45.0
-84.0
-100.0
-81.0
-86.0
-2.0
66.0
86.0
123.0
88.0
79.0
69.0
1.0
-32.0
-85.0
-124.0
-95.0
-119.0
-98.0
-70.0
-98.0
-31.0
-2.0
-27.0
0.0
-2.0
-13.0
-37.0
-95.0
-75.0
-99.0
-112.0
-40.0
-36.0
-23.0
15.0
4.0
36.0
46.0
16.0
34.0
-32.0
-72.0
-48.0
-64.0
-52.0
-46.0
-55.0
-9.0
-14.0
1.0
2.0
-49.0
-46.0
-67.0
-86.0
-46.0
-51.0
-18.0
5.0
-54.0
-46.0
-42.0
-70.0
-35.0
-53.0
-55.0
-59.0
-118.0
-149.0
-158.0
-150.0
-99.0
-83.0
-30.0
33.0
43.0
101.0
99.0
54.0
49.0
11.0
-8.0
-48.0
-108.0
-131.0
-225.0
-294.0
-243.0
-190.0
-91.0
21.0
63.0
143.0
174.0
155.0
161.0
111.0
76.0
58.0
-11.0
-43.0
-131.0
-210.0
-187.0
-196.0
-169.0
-130.0
-144.0
-46.0
42.0
81.0
144.0
130.0
132.0
114.0
30.0
20.0
-50.0
-121.0
-112.0
-155.0
-156.0
-136.0
-202.0
-196.0
-166.0
-142.0
-81.0
-59.0
-3.0
54.0
41.0
51.0
44.0
33.0
62.0
34.0
7.0
-16.0
-80.0
-99.0
-121.0
-123.0
-77.0
-102.0
-88.0
-30.0
-13.0
30.0
38.0
34.0
67.0
32.0
3.0
4.0
-47.0
-48.0
-72.0
-81.0
-50.0
-99.0
-111.0
-127.0
-172.0
-127.0
-86.0
-79.0
-32.0
-35.0
-13.0
21.0
-14.0
18.0
29.0
11.0
41.0
15.0
4.0
4.0
-60.0
-79.0
-110.0
-173.0
-176.0
-183.0
-149.0
-110.0
-124.0
-73.0
-56.0
-54.0
-17.0
-23.0
-25.0
7.0
14.0
46.0
23.0
-18.0
-26.0
-83.0
-109.0
-126.0
-198.0
-221.0
-231.0
-210.0
-142.0
-124.0
-80.0
-38.0
-60.0
-39.0
-14.0
-11.0
10.0
-15.0
5.0
11.0
-64.0
-67.0
-87.0
-122.0
-95.0
-120.0
-122.0
-78.0
-63.0
-35.0
-37.0
-18.0
54.0
42.0
73.0
116.0
80.0
88.0
68.0
1.0
18.0
6.0
-5.0
-1.0
-15.0
-3.0
-23.0
-62.0
-69.0
-108.0
-139.0
-158.0
-206.0
-168.0
-144.0
-142.0
-96.0
-109.0
-89.0
-44.0
-45.0
-12.0
-13.0
-45.0
-1.0
-22.0
-51.0
-41.0
-53.0
-30.0
-26.0
-56.0
-40.0
-64.0
-55.0
-23.0
-30.0
-5.0
-12.0
-26.0
-1.0
-40.0
-35.0
-27.0
-81.0
-44.0
-25.0
-43.0
2.0
-33.0
-41.0
15.0
3.0
35.0
45.0
18.0
37.0
7.0
-22.0
-5.0
-32.0
-29.0
-39.0
-59.0
-18.0
-39.0
-35.0
0.0
-39.0
-4.0
17.0
-18.0
-14.0
-12.0
12.0
16.0
-54.0
-36.0
-44.0
-74.0
-41.0
-63.0
-74.0
-45.0
-44.0
-25.0
-22.0
-26.0
33.0
37.0
18.0
17.0
-18.0
-8.0
-44.0
-64.0
-18.0
-36.0
-22.0
0.0
-48.0
-3.0
22.0
-13.0
16.0
-14.0
-34.0
-20.0
-8.0
42.0
51.0
30.0
52.0
26.0
15.0
35.0
17.0
36.0
55.0
37.0
30.0
-3.0
25.0
40.0
-17.0
2.0
24.0
18.0
48.0
17.0
42.0
74.0
22.0
30.0
29.0
7.0
24.0
-6.0
-33.0
-18.0
-42.0
-15.0
-1.0
-30.0
-23.0
-49.0
-51.0
-9.0
-36.0
-27.0
-17.0
-36.0
-20.0
-30.0
-3.0
5.0
-31.0
5.0
8.0
-21.0
18.0
2.0
5.0
10.0
-23.0
-22.0
-45.0
-48.0
8.0
-27.0
-33.0
16.0
-2.0
15.0
-4.0
-21.0
10.0
-26.0
-30.0
-15.0
-38.0
-17.0
-15.0
-33.0
5.0
-8.0
-10.0
12.0
-2.0
26.0
21.0
-22.0
12.0
5.0
-8.0
2.0
-13.0
20.0
10.0
-15.0
6.0
5.0
16.0
18.0
-21.0
19.0
-5.0
-30.0
2.0
-22.0
1.0
18.0
-41.0
-5.0
-14.0
-53.0
-23.0
-59.0
-42.0
-6.0
-52.0
-25.0
-18.0
-56.0
-13.0
-6.0
-1.0
20.0
-35.0
-20.0
-3.0
2.0
26.0
1.0
-20.0
-6.0
-10.0
-13.0
-51.0
-65.0
-19.0
-37.0
-10.0
40.0
18.0
35.0
13.0
-46.0
-27.0
-50.0
-68.0
-69.0
-77.0
-25.0
-18.0
-20.0
10.0
-15.0
13.0
41.0
15.0
48.0
17.0
-36.0
-13.0
-29.0
-35.0
-3.0
-16.0
16.0
14.0
-19.0
5.0
-36.0
-57.0
-39.0
-58.0
-37.0
-47.0
-61.0
-12.0
-36.0
-31.0
6.0
-20.0
-4.0
-35.0
-76.0
-42.0
-87.0
-75.0
-7.0
-1.0
32.0
17.0
-24.0
15.0
-24.0
-58.0
-33.0
-55.0
-37.0
-49.0
-71.0
-29.0
-29.0
-4.0
-2.0
-38.0
11.0
-1.0
-51.0
-5.0
-15.0
-17.0
10.0
-11.0
-6.0
-18.0
-27.0
15.0
6.0
18.0
48.0
12.0
17.0
21.0
-4.0
18.0
12.0
-8.0
-15.0
-24.0
-6.0
-39.0
-33.0
27.0
10.0
7.0
-4.0
-44.0
2.0
-2.0
-8.0
29.0
-15.0
-56.0
-97.0
-166.0
-129.0
-112.0
-112.0
-24.0
-8.0
25.0
72.0
30.0
22.0
4.0
-41.0
-61.0
-98.0
-111.0
-126.0
-164.0
-137.0
-101.0
-58.0
42.0
76.0
88.0
99.0
75.0
105.0
64.0
-2.0
-7.0
-92.0
-148.0
-155.0
-209.0
-169.0
-119.0
-113.0
-16.0
20.0
49.0
105.0
98.0
113.0
62.0
7.0
62.0
67.0
15.0
-65.0
-170.0
-161.0
-125.0
-102.0
-40.0
-44.0
-48.0
-17.0
-40.0
-30.0
-24.0
-39.0
-16.0
-23.0
11.0
58.0
35.0
22.0
-6.0
-44.0
-26.0
-33.0
-14.0
8.0
-25.0
35.0
72.0
76.0
126.0
106.0
106.0
112.0
25.0
0.0
-27.0
-39.0
-25.0
-93.0
-90.0
-23.0
-15.0
48.0
62.0
23.0
45.0
38.0
51.0
87.0
48.0
55.0
64.0
21.0
7.0
-43.0
-40.0
7.0
-19.0
4.0
-6.0
-16.0
27.0
15.0
35.0
68.0
64.0
99.0
73.0
12.0
-12.0
-81.0
-109.0
-81.0
-68.0
-12.0
48.0
45.0
71.0
45.0
60.0
99.0
73.0
82.0
80.0
34.0
14.0
-43.0
-23.0
-7.0
-58.0
-28.0
-3.0
22.0
59.0
-2.0
0.0
37.0
29.0
83.0
80.0
62.0
102.0
65.0
43.0
61.0
15.0
12.0
-13.0
-38.0
6.0
-5.0
16.0
49.0
-2.0
12.0
32.0
25.0
73.0
59.0
31.0
51.0
44.0
55.0
52.0
26.0
38.0
-32.0
-62.0
-24.0
-73.0
-68.0
-48.0
-51.0
14.0
24.0
47.0
78.0
48.0
81.0
86.0
60.0
67.0
14.0
18.0
44.0
-8.0
13.0
-6.0
-43.0
-10.0
-15.0
-2.0
15.0
-22.0
22.0
46.0
42.0
81.0
61.0
45.0
56.0
22.0
35.0
18.0
-24.0
-2.0
-31.0
-50.0
-27.0
-39.0
1.0
-2.0
-29.0
6.0
12.0
14.0
27.0
15.0
38.0
20.0
8.0
32.0
6.0
-5.0
13.0
-23.0
-10.0
-29.0
-50.0
37.0
24.0
10.0
42.0
26.0
47.0
40.0
31.0
72.0
35.0
6.0
25.0
12.0
23.0
-3.0
-12.0
30.0
10.0
11.0
26.0
-6.0
22.0
22.0
-14.0
20.0
12.0
12.0
26.0
-1.0
20.0
4.0
-14.0
14.0
-44.0
-46.0
-19.0
-53.0
3.0
-7.0
-43.0
5.0
-21.0
-37.0
-7.0
-35.0
-20.0
3.0
7.0
36.0
6.0
26.0
44.0
-12.0
4.0
15.0
-18.0
-13.0
-52.0
-55.0
-15.0
-36.0
-9.0
9.0
-3.0
32.0
20.0
25.0
40.0
9.0
30.0
22.0
20.0
59.0
-3.0
-32.0
-20.0
-74.0
-40.0
-17.0
-32.0
21.0
3.0
-5.0
5.0
-24.0
15.0
22.0
1.0
32.0
2.0
-10.0
20.0
5.0
13.0
3.0
-18.0
39.0
29.0
12.0
15.0
15.0
63.0
51.0
6.0
23.0
-32.0
-43.0
-23.0
-30.0
23.0
35.0
44.0
121.0
105.0
82.0
79.0
27.0
26.0
36.0
18.0
42.0
10.0
-3.0
30.0
-4.0
42.0
68.0
68.0
139.0
135.0
128.0
142.0
74.0
44.0
27.0
1.0
27.0
6.0
17.0
53.0
6.0
22.0
53.0
68.0
111.0
90.0
82.0
67.0
31.0
44.0
20.0
-37.0
-5.0
-15.0
-14.0
4.0
-33.0
-5.0
-4.0
-20.0
43.0
63.0
91.0
115.0
52.0
48.0
21.0
-21.0
-16.0
-68.0
-68.0
-46.0
-93.0
-39.0
35.0
55.0
76.0
44.0
25.0
26.0
-10.0
-3.0
-29.0
-48.0
-45.0
-101.0
-85.0
-52.0
-79.0
-21.0
22.0
7.0
18.0
-18.0
-9.0
22.0
-12.0
-5.0
-48.0
-101.0
-71.0
-128.0
-158.0
-109.0
-94.0
9.0
77.0
119.0
185.0
176.0
148.0
114.0
74.0
72.0
12.0
-65.0
-42.0
-67.0
-58.0
-38.0
-102.0
-118.0
-90.0
-49.0
36.0
71.0
119.0
161.0
118.0
92.0
75.0
52.0
70.0
35.0
7.0
18.0
-24.0
-34.0
-35.0
-64.0
-74.0
-105.0
-71.0
2.0
39.0
114.0
157.0
157.0
181.0
165.0
165.0
172.0
135.0
124.0
68.0
-3.0
-30.0
-90.0
-111.0
-107.0
-134.0
-85.0
-41.0
-41.0
16.0
59.0
96.0
146.0
132.0
139.0
102.0
70.0
98.0
13.0
-65.0
-103.0
-167.0
-153.0
-123.0
-115.0
-64.0
-51.0
24.0
75.0
28.0
82.0
105.0
68.0
91.0
67.0
43.0
30.0
-50.0
-91.0
-95.0
-101.0
-69.0
-79.0
-23.0
43.0
41.0
81.0
85.0
72.0
123.0
86.0
41.0
24.0
-39.0
-48.0
-67.0
-103.0
-90.0
-105.0
-70.0
-33.0
-59.0
-39.0
-14.0
3.0
36.0
23.0
66.0
129.0
78.0
69.0
45.0
-16.0
1.0
-8.0
-14.0
-10.0
-48.0
-39.0
-31.0
-52.0
-53.0
-55.0
-26.0
-6.0
-56.0
-55.0
-58.0
-49.0
27.0
34.0
29.0
34.0
-14.0
16.0
31.0
4.0
60.0
43.0
24.0
29.0
-17.0
-8.0
-24.0
-62.0
-33.0
-62.0
-50.0
8.0
-13.0
0.0
-5.0
-35.0
-8.0
-35.0
-65.0
-29.0
-36.0
-16.0
-11.0
-15.0
34.0
35.0
54.0
89.0
38.0
46.0
32.0
-37.0
-56.0
-111.0
-114.0
-56.0
-36.0
13.0
37.0
22.0
40.0
49.0
83.0
92.0
28.0
14.0
-14.0
-64.0
-59.0
-98.0
-100.0
-79.0
-114.0
-107.0
-98.0
-93.0
-50.0
-43.0
-11.0
39.0
25.0
57.0
37.0
-6.0
23.0
-16.0
-30.0
-6.0
-42.0
-20.0
1.0
19.0
61.0
45.0
35.0
38.0
4.0
20.0
32.0
20.0
50.0
20.0
12.0
25.0
-4.0
-1.0
-19.0
-31.0
32.0
30.0
30.0
64.0
54.0
79.0
59.0
7.0
14.0
-12.0
-13.0
6.0
-21.0
12.0
26.0
2.0
32.0
29.0
37.0
39.0
-29.0
2.0
22.0
-6.0
-4.0
-43.0
-39.0
8.0
-3.0
17.0
2.0
-32.0
14.0
12.0
-12.0
-15.0
-40.0
-1.0
12.0
-14.0
22.0
20.0
8.0
33.0
31.0
82.0
93.0
39.0
10.0
-59.0
-62.0
-28.0
-45.0
-18.0
-17.0
-44.0
-33.0
-77.0
-79.0
-48.0
-56.0
-21.0
-3.0
8.0
78.0
66.0
37.0
48.0
-4.0
-1.0
-5.0
-20.0
17.0
-42.0
-74.0
-48.0
-78.0
-60.0
-30.0
-38.0
-3.0
8.0
-4.0
-12.0
-50.0
-10.0
9.0
-19.0
21.0
6.0
-23.0
-17.0
-45.0
-26.0
-22.0
-32.0
-12.0
-48.0
-31.0
34.0
36.0
69.0
108.0
83.0
94.0
67.0
44.0
28.0
-25.0
-22.0
-54.0
-98.0
-58.0
-71.0
-40.0
22.0
10.0
51.0
61.0
48.0
91.0
62.0
18.0
12.0
-14.0
25.0
6.0
-54.0
-64.0
-116.0
-87.0
-18.0
-23.0
31.0
60.0
49.0
88.0
47.0
21.0
35.0
4.0
10.0
6.0
-21.0
-12.0
-51.0
-69.0
-44.0
-63.0
-51.0
-32.0
-15.0
21.0
1.0
21.0
52.0
16.0
53.0
55.0
2.0
-10.0
-22.0
23.0
55.0
11.0
24.0
20.0
13.0
43.0
32.0
40.0
61.0
51.0
71.0
58.0
15.0
27.0
4.0
23.0
77.0
40.0
31.0
37.0
17.0
25.0
1.0
15.0
43.0
-2.0
2.0
-10.0
-41.0
7.0
8.0
39.0
73.0
41.0
56.0
34.0
-13.0
3.0
-16.0
2.0
33.0
-7.0
7.0
5.0
-6.0
25.0
-5.0
3.0
30.0
-13.0
39.0
37.0
-30.0
-1.0
-20.0
-50.0
-49.0
-90.0
-62.0
-65.0
-77.0
-32.0
-41.0
-31.0
-4.0
-22.0
17.0
34.0
4.0
18.0
-15.0
-39.0
-50.0
-99.0
-50.0
-14.0
-32.0
6.0
15.0
34.0
60.0
15.0
31.0
28.0
2.0
12.0
-58.0
-66.0
-7.0
-25.0
-3.0
3.0
-3.0
27.0
-7.0
7.0
46.0
11.0
17.0
2.0
-1.0
55.0
32.0
7.0
34.0
31.0
70.0
86.0
78.0
102.0
43.0
2.0
14.0
-31.0
-13.0
24.0
18.0
50.0
2.0
-16.0
23.0
-2.0
18.0
24.0
-9.0
32.0
12.0
-14.0
4.0
-24.0
-11.0
-25.0
-58.0
-15.0
-33.0
-45.0
-14.0
-27.0
15.0
15.0
-18.0
20.0
-9.0
-37.0
-40.0
-67.0
-59.0
-65.0
-82.0
-36.0
-49.0
-35.0
7.0
-4.0
19.0
24.0
-2.0
35.0
33.0
15.0
4.0
-8.0
34.0
-6.0
-58.0
-58.0
-95.0
-84.0
-23.0
-21.0
10.0
26.0
-12.0
-9.0
-34.0
-44.0
-55.0
-97.0
-61.0
-30.0
-42.0
1.0
-7.0
1.0
3.0
-59.0
-35.0
-33.0
-55.0
-4.0
-20.0
-31.0
-11.0
-33.0
-22.0
-32.0
-55.0
-3.0
10.0
36.0
81.0
37.0
59.0
37.0
-26.0
-13.0
-49.0
-77.0
-34.0
-32.0
-10.0
2.0
-15.0
26.0
29.0
39.0
70.0
25.0
-1.0
-19.0
-54.0
-55.0
-62.0
-48.0
-18.0
-23.0
27.0
28.0
4.0
43.0
22.0
12.0
40.0
-1.0
14.0
30.0
16.0
64.0
64.0
54.0
61.0
40.0
62.0
57.0
17.0
15.0
-13.0
-11.0
16.0
-31.0
-15.0
15.0
11.0
59.0
31.0
8.0
46.0
46.0
81.0
57.0
23.0
69.0
48.0
27.0
27.0
-17.0
-3.0
-34.0
-51.0
12.0
10.0
10.0
19.0
11.0
66.0
85.0
53.0
72.0
41.0
43.0
81.0
36.0
36.0
50.0
36.0
34.0
3.0
16.0
10.0
-36.0
-4.0
13.0
14.0
42.0
5.0
0.0
45.0
42.0
72.0
71.0
49.0
84.0
73.0
56.0
60.0
29.0
60.0
64.0
23.0
21.0
-13.0
-6.0
2.0
-29.0
-3.0
-3.0
-32.0
39.0
27.0
1.0
8.0
-32.0
-12.0
8.0
-13.0
-8.0
-27.0
23.0
82.0
35.0
59.0
39.0
-32.0
-18.0
-36.0
-36.0
-7.0
-37.0
-10.0
8.0
-7.0
34.0
30.0
45.0
86.0
61.0
77.0
57.0
21.0
21.0
-16.0
-36.0
-25.0
-38.0
10.0
11.0
-8.0
77.0
99.0
107.0
111.0
40.0
31.0
14.0
-17.0
8.0
-32.0
-54.0
-14.0
-22.0
5.0
16.0
2.0
48.0
55.0
40.0
52.0
26.0
21.0
-44.0
-92.0
-34.0
-63.0
-63.0
-16.0
-3.0
55.0
91.0
79.0
105.0
82.0
60.0
49.0
-11.0
-20.0
-31.0
-56.0
-22.0
-13.0
14.0
21.0
17.0
65.0
96.0
120.0
162.0
139.0
138.0
132.0
37.0
13.0
-10.0
-69.0
-67.0
-84.0
-73.0
-25.0
-21.0
19.0
31.0
10.0
57.0
66.0
83.0
96.0
47.0
61.0
71.0
55.0
59.0
35.0
52.0
87.0
42.0
51.0
49.0
5.0
17.0
34.0
53.0
79.0
55.0
67.0
57.0
29.0
49.0
1.0
10.0
55.0
30.0
62.0
69.0
1.0
-9.0
-36.0
-33.0
22.0
15.0
22.0
27.0
45.0
84.0
33.0
36.0
74.0
15.0
-12.0
-31.0
-45.0
1.0
-13.0
-23.0
-20.0
-74.0
-35.0
-16.0
6.0
49.0
16.0
7.0
51.0
26.0
24.0
11.0
-39.0
-23.0
-15.0
-9.0
22.0
-38.0
-84.0
-96.0
-60.0
16.0
22.0
54.0
91.0
46.0
47.0
33.0
-7.0
-3.0
-45.0
-80.0
-64.0
-86.0
-61.0
-61.0
-70.0
22.0
38.0
48.0
62.0
-2.0
2.0
1.0
-54.0
-84.0
-110.0
-100.0
-50.0
-56.0
-10.0
12.0
1.0
33.0
-8.0
-9.0
13.0
-31.0
-12.0
-13.0
-25.0
-4.0
-66.0
-90.0
-53.0
-38.0
34.0
76.0
58.0
109.0
104.0
79.0
54.0
-12.0
3.0
-4.0
-79.0
-97.0
-116.0
-121.0
-103.0
-121.0
-43.0
36.0
62.0
131.0
145.0
120.0
120.0
76.0
79.0
54.0
-5.0
-20.0
-89.0
-117.0
-92.0
-137.0
-130.0
-95.0
-51.0
23.0
-23.0
-35.0
33.0
48.0
52.0
32.0
-11.0
-7.0
-31.0
-63.0
-52.0
-72.0
-59.0
-44.0
-59.0
-26.0
-24.0
-13.0
5.0
3.0
58.0
84.0
97.0
126.0
65.0
21.0
-6.0
-42.0
-12.0
-8.0
-42.0
-7.0
-10.0
14.0
53.0
18.0
56.0
94.0
58.0
68.0
35.0
19.0
43.0
-5.0
-3.0
12.0
2.0
35.0
23.0
4.0
-12.0
-69.0
-3.0
65.0
56.0
64.0
21.0
-21.0
-15.0
-68.0
-62.0
-48.0
-63.0
-28.0
-61.0
-60.0
-16.0
-39.0
6.0
73.0
90.0
119.0
77.0
53.0
58.0
-10.0
-23.0
-13.0
-37.0
-41.0
-95.0
-129.0
-127.0
-123.0
-59.0
-30.0
-23.0
39.0
56.0
81.0
98.0
35.0
31.0
20.0
-6.0
11.0
-46.0
-89.0
-98.0
-145.0
-138.0
-172.0
-204.0
-112.0
-73.0
-25.0
39.0
39.0
89.0
100.0
72.0
115.0
88.0
55.0
64.0
2.0
-17.0
-53.0
-110.0
-112.0
-142.0
-151.0
-116.0
-127.0
-59.0
13.0
-6.0
36.0
79.0
102.0
114.0
56.0
45.0
39.0
-11.0
-18.0
-84.0
-110.0
-98.0
-163.0
-163.0
-119.0
-99.0
-50.0
-21.0
28.0
56.0
-1.0
15.0
37.0
14.0
14.0
-9.0
-1.0
11.0
-33.0
-21.0
-27.0
-87.0
-96.0
-112.0
-93.0
-35.0
-36.0
9.0
37.0
36.0
88.0
64.0
22.0
42.0
8.0
22.0
22.0
-46.0
-61.0
-135.0
-160.0
-92.0
-95.0
-37.0
8.0
26.0
82.0
61.0
72.0
77.0
22.0
48.0
36.0
-13.0
10.0
-2.0
-20.0
-15.0
-67.0
-74.0
-70.0
-64.0
5.0
15.0
29.0
49.0
29.0
71.0
49.0
-13.0
16.0
1.0
-30.0
-37.0
-39.0
6.0
-7.0
-47.0
-21.0
-29.0
10.0
38.0
-17.0
20.0
15.0
-44.0
-6.0
-18.0
-32.0
7.0
-36.0
-29.0
-14.0
-41.0
-44.0
-88.0
-61.0
-1.0
-26.0
26.0
52.0
13.0
35.0
27.0
18.0
73.0
47.0
35.0
64.0
40.0
37.0
-11.0
-61.0
-65.0
-90.0
-24.0
6.0
-39.0
-2.0
-8.0
4.0
56.0
33.0
40.0
24.0
-36.0
-24.0
-33.0
-25.0
-20.0
-78.0
-29.0
21.0
21.0
71.0
64.0
72.0
118.0
97.0
99.0
66.0
-11.0
-7.0
-44.0
-88.0
-102.0
-128.0
-70.0
-35.0
-29.0
43.0
64.0
110.0
181.0
144.0
127.0
115.0
59.0
50.0
-13.0
-79.0
-76.0
-112.0
-89.0
-44.0
-25.0
39.0
62.0
97.0
142.0
134.0
144.0
114.0
49.0
40.0
-26.0
-88.0
-102.0
-170.0
-167.0
-145.0
-135.0
-31.0
64.0
125.0
148.0
119.0
135.0
98.0
32.0
23.0
-17.0
-19.0
2.0
-31.0
-45.0
-67.0
-85.0
-42.0
-70.0
-95.0
-43.0
-35.0
13.0
39.0
-11.0
-18.0
-64.0
-53.0
23.0
17.0
29.0
16.0
-58.0
-71.0
-142.0
-178.0
-153.0
-140.0
-85.0
-51.0
-18.0
100.0
165.0
193.0
197.0
128.0
117.0
108.0
43.0
23.0
-24.0
-84.0
-119.0
-167.0
-135.0
-89.0
-64.0
1.0
0.0
24.0
77.0
80.0
153.0
169.0
121.0
118.0
67.0
14.0
-11.0
-68.0
-72.0
-118.0
-194.0
-158.0
-106.0
-22.0
39.0
6.0
37.0
85.0
93.0
128.0
110.0
85.0
73.0
15.0
-13.0
-91.0
-149.0
-139.0
-182.0
-165.0
-91.0
-87.0
-33.0
-3.0
25.0
122.0
126.0
118.0
135.0
80.0
56.0
2.0
-63.0
-80.0
-165.0
-225.0
-222.0
-219.0
-123.0
-38.0
2.0
74.0
82.0
79.0
91.0
24.0
13.0
-11.0
-82.0
-86.0
-120.0
-144.0
-138.0
-178.0
-152.0
-120.0
-120.0
-44.0
6.0
50.0
105.0
68.0
80.0
96.0
53.0
41.0
-7.0
-35.0
-27.0
-40.0
14.0
41.0
16.0
46.0
43.0
34.0
48.0
7.0
12.0
15.0
-45.0
-45.0
-84.0
-95.0
-65.0
-90.0
-67.0
-54.0
-68.0
1.0
32.0
44.0
70.0
32.0
18.0
-12.0
-66.0
-80.0
-116.0
-130.0
-125.0
-174.0
-144.0
-98.0
-71.0
11.0
43.0
75.0
119.0
88.0
83.0
47.0
-14.0
-5.0
-44.0
-101.0
-102.0
-126.0
-108.0
-138.0
-193.0
-136.0
-87.0
-57.0
-29.0
-41.0
-14.0
-4.0
-1.0
67.0
45.0
-17.0
-35.0
-91.0
-108.0
-111.0
-127.0
-82.0
-90.0
-97.0
-68.0
-88.0
-46.0
-25.0
-41.0
-10.0
-38.0
-54.0
-36.0
-68.0
-61.0
-58.0
-94.0
-88.0
-96.0
-87.0
-46.0
-65.0
-44.0
-27.0
-54.0
-18.0
-21.0
-29.0
13.0
-12.0
-20.0
-7.0
-4.0
42.0
29.0
2.0
27.0
-2.0
-15.0
-28.0
-40.0
-9.0
-31.0
-36.0
-11.0
-37.0
-35.0
-39.0
-60.0
-16.0
-7.0
-6.0
11.0
-12.0
14.0
33.0
17.0
9.0
-39.0
-42.0
-19.0
-100.0
-146.0
-195.0
-194.0
-88.0
-57.0
-5.0
77.0
79.0
117.0
135.0
115.0
145.0
100.0
26.0
9.0
-40.0
-74.0
-141.0
-231.0
-218.0
-232.0
-241.0
-218.0
-216.0
-127.0
-52.0
-46.0
-4.0
2.0
39.0
94.0
38.0
24.0
-14.0
-83.0
-72.0
-109.0
-115.0
-94.0
-167.0
-161.0
-114.0
-62.0
18.0
36.0
59.0
78.0
18.0
32.0
40.0
11.0
20.0
-11.0
-43.0
-63.0
-133.0
-136.0
-132.0
-138.0
-66.0
-17.0
22.0
64.0
45.0
74.0
77.0
29.0
45.0
10.0
-21.0
-27.0
-95.0
-110.0
-94.0
-105.0
-96.0
-108.0
-78.0
-16.0
-29.0
10.0
62.0
55.0
84.0
52.0
25.0
52.0
9.0
-2.0
-10.0
-41.0
-34.0
-67.0
-79.0
-46.0
-67.0
-14.0
8.0
-16.0
31.0
7.0
-14.0
-1.0
-38.0
-4.0
0.0
-67.0
-25.0
-22.0
-37.0
1.0
-29.0
-32.0
-43.0
-73.0
-26.0
-20.0
-26.0
-31.0
-93.0
-76.0
-73.0
-78.0
-14.0
-20.0
-18.0
66.0
101.0
111.0
96.0
59.0
39.0
-22.0
-42.0
-50.0
-128.0
-140.0
-137.0
-164.0
-128.0
-110.0
-80.0
-27.0
-12.0
59.0
90.0
84.0
113.0
99.0
82.0
89.0
40.0
45.0
29.0
-65.0
-95.0
-112.0
-126.0
-111.0
-122.0
-56.0
-22.0
-43.0
18.0
7.0
13.0
50.0
17.0
45.0
25.0
-30.0
1.0
-27.0
-68.0
-55.0
-79.0
-71.0
-80.0
-122.0
-80.0
-60.0
-50.0
-23.0
-46.0
-45.0
-36.0
-50.0
-29.0
-56.0
-59.0
-18.0
-25.0
12.0
43.0
28.0
51.0
29.0
23.0
47.0
-2.0
5.0
4.0
-6.0
49.0
15.0
-27.0
6.0
-6.0
23.0
34.0
-6.0
21.0
9.0
1.0
4.0
-12.0
34.0
30.0
-16.0
10.0
-11.0
-34.0
-1.0
-17.0
-13.0
-17.0
-48.0
-8.0
-10.0
-2.0
23.0
-4.0
21.0
22.0
-2.0
38.0
46.0
48.0
73.0
55.0
54.0
53.0
21.0
45.0
27.0
22.0
64.0
32.0
44.0
39.0
-25.0
2.0
15.0
20.0
35.0
3.0
29.0
22.0
-44.0
-33.0
-32.0
-30.0
-1.0
-39.0
-34.0
-14.0
-41.0
-12.0
-3.0
3.0
39.0
19.0
12.0
-4.0
-41.0
-29.0
-33.0
-37.0
-27.0
-44.0
-10.0
21.0
23.0
65.0
42.0
-3.0
-12.0
-34.0
-13.0
-20.0
-53.0
-8.0
22.0
36.0
86.0
61.0
64.0
82.0
73.0
103.0
83.0
65.0
72.0
35.0
42.0
42.0
10.0
46.0
51.0
77.0
137.0
111.0
140.0
162.0
124.0
111.0
61.0
52.0
70.0
43.0
82.0
107.0
90.0
137.0
144.0
133.0
144.0
107.0
118.0
101.0
64.0
105.0
86.0
84.0
132.0
116.0
140.0
159.0
115.0
119.0
105.0
86.0
102.0
54.0
54.0
76.0
67.0
96.0
74.0
69.0
97.0
75.0
115.0
108.0
59.0
86.0
64.0
54.0
101.0
69.0
50.0
58.0
41.0
61.0
51.0
61.0
97.0
69.0
76.0
73.0
36.0
53.0
43.0
31.0
48.0
35.0
62.0
58.0
3.0
33.0
31.0
22.0
50.0
19.0
2.0
-2.0
10.0
90.0
70.0
34.0
49.0
31.0
40.0
36.0
0.0
43.0
62.0
76.0
124.0
84.0
71.0
61.0
3.0
5.0
-6.0
22.0
73.0
68.0
127.0
150.0
104.0
126.0
88.0
69.0
111.0
62.0
51.0
57.0
42.0
82.0
42.0
-3.0
55.0
66.0
97.0
132.0
106.0
127.0
120.0
107.0
109.0
53.0
61.0
64.0
27.0
51.0
34.0
33.0
94.0
82.0
101.0
135.0
120.0
149.0
125.0
110.0
134.0
89.0
70.0
53.0
4.0
15.0
17.0
42.0
101.0
91.0
121.0
143.0
109.0
120.0
97.0
76.0
84.0
28.0
7.0
17.0
14.0
91.0
111.0
109.0
151.0
138.0
141.0
91.0
12.0
20.0
-10.0
-29.0
7.0
-49.0
-61.0
-7.0
8.0
54.0
63.0
55.0
100.0
81.0
76.0
46.0
-7.0
4.0
-22.0
-43.0
-46.0
-100.0
-50.0
14.0
22.0
80.0
101.0
115.0
156.0
116.0
105.0
87.0
37.0
28.0
-18.0
-61.0
-79.0
-117.0
-64.0
-13.0
-4.0
73.0
96.0
114.0
138.0
100.0
121.0
151.0
126.0
101.0
30.0
8.0
-4.0
-98.0
-120.0
-86.0
-79.0
-12.0
18.0
29.0
76.0
49.0
64.0
118.0
91.0
98.0
91.0
69.0
53.0
-23.0
-22.0
-19.0
-84.0
-79.0
-58.0
4.0
82.0
77.0
108.0
118.0
91.0
122.0
93.0
56.0
66.0
0.0
-23.0
-42.0
-96.0
-68.0
-72.0
-53.0
4.0
-12.0
46.0
116.0
114.0
184.0
191.0
161.0
143.0
56.0
21.0
-14.0
-103.0
-123.0
-156.0
-146.0
-73.0
-56.0
14.0
86.0
77.0
91.0
73.0
69.0
109.0
84.0
75.0
55.0
14.0
-11.0
-112.0
-149.0
-77.0
-82.0
-35.0
5.0
3.0
33.0
19.0
34.0
82.0
69.0
129.0
150.0
105.0
119.0
83.0
39.0
44.0
-10.0
-22.0
-45.0
-118.0
-107.0
-130.0
-109.0
-11.0
4.0
35.0
78.0
64.0
113.0
148.0
151.0
163.0
102.0
86.0
72.0
-16.0
-62.0
-144.0
-193.0
-169.0
-153.0
-77.0
-20.0
-16.0
56.0
93.0
61.0
46.0
15.0
62.0
77.0
17.0
25.0
-6.0
-29.0
-29.0
-91.0
-53.0
4.0
-4.0
41.0
39.0
27.0
57.0
69.0
122.0
149.0
144.0
168.0
106.0
44.0
29.0
-27.0
-49.0
-79.0
-119.0
-71.0
-62.0
-49.0
30.0
37.0
77.0
134.0
128.0
126.0
90.0
98.0
106.0
35.0
14.0
-3.0
-39.0
-16.0
-66.0
-94.0
-73.0
-118.0
-122.0
-133.0
-136.0
-60.0
-25.0
20.0
93.0
73.0
71.0
58.0
10.0
13.0
-12.0
5.0
40.0
-32.0
-32.0
-27.0
-50.0
-33.0
-72.0
-63.0
16.0
31.0
63.0
84.0
74.0
117.0
93.0
72.0
89.0
64.0
96.0
106.0
58.0
82.0
68.0
42.0
49.0
-31.0
-24.0
24.0
8.0
52.0
42.0
14.0
57.0
54.0
99.0
135.0
114.0
160.0
174.0
163.0
184.0
134.0
106.0
58.0
-37.0
-73.0
-132.0
-146.0
-126.0
-159.0
-88.0
26.0
69.0
147.0
194.0
231.0
281.0
240.0
183.0
109.0
52.0
74.0
33.0
1.0
0.0
-69.0
-98.0
-103.0
-135.0
-119.0
-118.0
-83.0
-30.0
-29.0
18.0
64.0
61.0
103.0
108.0
88.0
78.0
15.0
-1.0
-39.0
-109.0
-84.0
-98.0
-125.0
-118.0
-141.0
-118.0
-108.0
-85.0
13.0
60.0
100.0
140.0
111.0
157.0
155.0
54.0
14.0
-45.0
-82.0
-122.0
-220.0
-238.0
-218.0
-239.0
-190.0
-131.0
-52.0
62.0
111.0
168.0
186.0
176.0
217.0
163.0
89.0
55.0
-34.0
-68.0
-64.0
-84.0
-28.0
2.0
8.0
42.0
16.0
35.0
77.0
90.0
117.0
88.0
98.0
142.0
90.0
68.0
60.0
29.0
65.0
44.0
18.0
81.0
84.0
95.0
86.0
43.0
68.0
67.0
35.0
56.0
29.0
5.0
-9.0
-31.0
7.0
21.0
43.0
88.0
72.0
128.0
163.0
116.0
157.0
136.0
97.0
107.0
63.0
95.0
107.0
44.0
5.0
-53.0
-50.0
5.0
18.0
82.0
93.0
31.0
46.0
43.0
51.0
102.0
53.0
26.0
33.0
3.0
21.0
6.0
-4.0
46.0
39.0
51.0
76.0
54.0
53.0
4.0
1.0
39.0
21.0
34.0
20.0
-27.0
1.0
-41.0
-95.0
-82.0
-93.0
-26.0
5.0
3.0
89.0
134.0
178.0
234.0
200.0
204.0
198.0
111.0
77.0
18.0
-38.0
-24.0
-55.0
-34.0
-1.0
-28.0
-8.0
-43.0
-61.0
15.0
4.0
31.0
75.0
59.0
83.0
93.0
96.0
103.0
89.0
116.0
114.0
63.0
45.0
-27.0
-81.0
-80.0
-128.0
-131.0
-138.0
-157.0
-92.0
-82.0
-34.0
77.0
112.0
164.0
199.0
190.0
203.0
138.0
90.0
80.0
-43.0
-159.0
-258.0
-368.0
-366.0
-337.0
-287.0
-191.0
-122.0
-18.0
56.0
95.0
186.0
195.0
201.0
211.0
128.0
71.0
16.0
-71.0
-84.0
-157.0
-223.0
-206.0
-205.0
-112.0
-6.0
44.0
125.0
146.0
144.0
173.0
136.0
126.0
107.0
54.0
34.0
-52.0
-163.0
-204.0
-214.0
-166.0
-131.0
-109.0
6.0
44.0
44.0
61.0
33.0
30.0
15.0
-24.0
-12.0
-37.0
-68.0
-64.0
-107.0
-114.0
-116.0
-181.0
-219.0
-280.0
-290.0
-250.0
-281.0
-268.0
-241.0
-220.0
-113.0
-82.0
-89.0
-44.0
-38.0
6.0
43.0
66.0
128.0
103.0
68.0
58.0
-31.0
-55.0
-67.0
-126.0
-108.0
-125.0
-178.0
-209.0
-266.0
-236.0
-208.0
-204.0
-138.0
-121.0
-88.0
-12.0
15.0
62.0
69.0
30.0
34.0
4.0
-14.0
5.0
-52.0
-41.0
-10.0
1.0
45.0
28.0
29.0
65.0
41.0
29.0
40.0
52.0
98.0
88.0
101.0
118.0
23.0
-48.0
-87.0
-159.0
-172.0
-197.0
-196.0
-137.0
-110.0
-63.0
-41.0
-51.0
-11.0
3.0
32.0
75.0
65.0
107.0
110.0
87.0
109.0
71.0
46.0
33.0
-52.0
-73.0
-69.0
-117.0
-134.0
-181.0
-203.0
-197.0
-234.0
-195.0
-149.0
-140.0
-63.0
-27.0
13.0
60.0
12.0
5.0
4.0
-27.0
3.0
-30.0
-87.0
-95.0
-134.0
-113.0
-82.0
-114.0
-91.0
-102.0
-106.0
-47.0
-46.0
-28.0
-19.0
-50.0
-8.0
-21.0
-43.0
-10.0
-55.0
-71.0
-73.0
-88.0
-54.0
-32.0
1.0
43.0
5.0
29.0
79.0
87.0
147.0
152.0
140.0
155.0
128.0
158.0
138.0
61.0
81.0
85.0
80.0
103.0
52.0
38.0
49.0
15.0
25.0
-7.0
-14.0
34.0
14.0
7.0
16.0
-19.0
-23.0
-64.0
-80.0
-26.0
-22.0
-21.0
-31.0
-66.0
-31.0
-31.0
-12.0
32.0
22.0
69.0
98.0
53.0
68.0
54.0
24.0
15.0
-20.0
5.0
-8.0
-53.0
-3.0
-15.0
-48.0
-13.0
-49.0
-76.0
-100.0
-137.0
-103.0
-133.0
-156.0
-117.0
-96.0
-56.0
-33.0
-29.0
21.0
5.0
3.0
32.0
15.0
8.0
-3.0
-43.0
-43.0
-76.0
-81.0
-25.0
-30.0
-20.0
3.0
-16.0
-6.0
-24.0
-5.0
73.0
64.0
69.0
78.0
45.0
50.0
11.0
-19.0
-14.0
-68.0
-78.0
-87.0
-131.0
-105.0
-98.0
-113.0
-81.0
-79.0
-55.0
-41.0
-59.0
-22.0
-31.0
-25.0
23.0
12.0
24.0
32.0
-1.0
25.0
24.0
3.0
25.0
-14.0
-21.0
-22.0
-38.0
4.0
-29.0
-54.0
-14.0
-27.0
-18.0
12.0
11.0
40.0
24.0
21.0
28.0
-20.0
-18.0
-26.0
-76.0
-68.0
-110.0
-159.0
-151.0
-184.0
-172.0
-149.0
-138.0
-52.0
-29.0
-19.0
31.0
34.0
42.0
32.0
-5.0
-10.0
-40.0
-71.0
-55.0
-93.0
-101.0
-92.0
-104.0
-53.0
-29.0
-21.0
6.0
-3.0
19.0
1.0
-27.0
-4.0
-64.0
-107.0
-94.0
-141.0
-143.0
-146.0
-174.0
-122.0
-119.0
-98.0
-25.0
-32.0
-39.0
-39.0
-63.0
-40.0
-68.0
-64.0
-14.0
-68.0
-62.0
-21.0
-35.0
-10.0
-13.0
-27.0
3.0
-14.0
0.0
15.0
-29.0
-9.0
-34.0
-49.0
-1.0
-45.0
-28.0
15.0
-29.0
-12.0
-18.0
-22.0
21.0
34.0
68.0
56.0
2.0
-14.0
-42.0
-46.0
-53.0
-105.0
-107.0
-104.0
-102.0
-56.0
-72.0
-67.0
-25.0
-33.0
0.0
35.0
5.0
11.0
-6.0
-21.0
-15.0
-68.0
-84.0
-99.0
-140.0
-103.0
-100.0
-103.0
-63.0
-82.0
-43.0
-25.0
-79.0
-70.0
-83.0
-71.0
1.0
-32.0
-20.0
5.0
-37.0
-7.0
-10.0
-44.0
-42.0
-81.0
-61.0
-54.0
-59.0
-21.0
-53.0
-64.0
-37.0
-80.0
-68.0
-53.0
-91.0
-69.0
-91.0
-97.0
-69.0
-117.0
-120.0
-78.0
-75.0
-39.0
-54.0
-81.0
-39.0
-53.0
-49.0
-45.0
-91.0
-68.0
-72.0
-78.0
-52.0
-82.0
-77.0
-81.0
-90.0
-42.0
-70.0
-65.0
-12.0
-38.0
-10.0
8.0
-44.0
-33.0
-49.0
-71.0
-63.0
-122.0
-114.0
-111.0
-147.0
-120.0
-124.0
-129.0
-81.0
-55.0
1.0
6.0
-40.0
-20.0
-20.0
-22.0
-3.0
-48.0
-50.0
-54.0
-90.0
-45.0
-59.0
-81.0
-64.0
-76.0
-35.0
-5.0
-20.0
1.0
-24.0
-17.0
2.0
-44.0
-53.0
-64.0
-114.0
-87.0
-107.0
-130.0
-79.0
-73.0
-40.0
1.0
-23.0
-8.0
0.0
-1.0
13.0
-24.0
-24.0
-54.0
-114.0
-83.0
-107.0
-128.0
-129.0
-161.0
-127.0
-99.0
-109.0
-75.0
-86.0
-90.0
-55.0
-72.0
-42.0
-37.0
-64.0
-23.0
-50.0
-83.0
-49.0
-86.0
-126.0
-133.0
-127.0
-79.0
-72.0
-62.0
-16.0
-31.0
-9.0
31.0
25.0
53.0
9.0
-21.0
8.0
-46.0
-55.0
-65.0
-120.0
-96.0
-114.0
-118.0
-54.0
-84.0
-78.0
-53.0
-74.0
-40.0
-20.0
-6.0
21.0
-21.0
-36.0
-45.0
-76.0
-42.0
-66.0
-86.0
-41.0
-66.0
-47.0
-30.0
-40.0
14.0
26.0
24.0
56.0
41.0
61.0
49.0
-8.0
2.0
-15.0
-20.0
14.0
-25.0
-21.0
0.0
-18.0
11.0
-8.0
-11.0
29.0
5.0
37.0
71.0
63.0
83.0
63.0
55.0
95.0
54.0
44.0
41.0
-6.0
-4.0
-11.0
-22.0
-1.0
-19.0
24.0
64.0
35.0
71.0
74.0
60.0
73.0
36.0
34.0
43.0
20.0
33.0
-5.0
-21.0
5.0
-37.0
-41.0
-58.0
-118.0
-117.0
-135.0
-121.0
-53.0
-51.0
-14.0
20.0
-8.0
4.0
-21.0
-45.0
-43.0
-68.0
-44.0
-24.0
-25.0
30.0
16.0
1.0
44.0
4.0
23.0
62.0
61.0
122.0
123.0
114.0
155.0
127.0
131.0
115.0
78.0
117.0
125.0
126.0
145.0
123.0
134.0
144.0
132.0
171.0
150.0
114.0
134.0
112.0
139.0
152.0
112.0
142.0
114.0
100.0
147.0
117.0
125.0
126.0
86.0
111.0
101.0
76.0
93.0
79.0
101.0
108.0
54.0
70.0
64.0
45.0
82.0
64.0
87.0
106.0
73.0
99.0
77.0
68.0
105.0
75.0
81.0
106.0
103.0
126.0
62.0
49.0
108.0
64.0
46.0
52.0
39.0
74.0
53.0
29.0
53.0
46.0
63.0
61.0
45.0
94.0
86.0
78.0
111.0
102.0
119.0
107.0
47.0
61.0
27.0
6.0
42.0
33.0
74.0
88.0
46.0
74.0
65.0
63.0
92.0
27.0
33.0
66.0
43.0
67.0
29.0
7.0
71.0
60.0
52.0
66.0
44.0
73.0
54.0
30.0
27.0
-3.0
24.0
58.0
27.0
48.0
46.0
34.0
68.0
65.0
84.0
84.0
71.0
105.0
66.0
26.0
42.0
5.0
27.0
45.0
35.0
85.0
100.0
116.0
122.0
61.0
62.0
64.0
25.0
54.0
35.0
3.0
25.0
18.0
56.0
80.0
52.0
106.0
106.0
81.0
97.0
60.0
79.0
88.0
68.0
106.0
72.0
47.0
58.0
5.0
31.0
53.0
24.0
65.0
71.0
79.0
109.0
51.0
48.0
60.0
25.0
68.0
95.0
95.0
92.0
55.0
54.0
44.0
3.0
30.0
49.0
72.0
127.0
125.0
118.0
106.0
94.0
128.0
102.0
81.0
82.0
23.0
14.0
22.0
12.0
44.0
42.0
76.0
126.0
93.0
105.0
130.0
110.0
113.0
79.0
59.0
60.0
8.0
29.0
76.0
79.0
134.0
131.0
111.0
123.0
69.0
69.0
53.0
1.0
31.0
-4.0
-7.0
86.0
85.0
101.0
132.0
125.0
159.0
130.0
120.0
157.0
98.0
55.0
37.0
5.0
52.0
34.0
28.0
80.0
71.0
99.0
116.0
90.0
124.0
134.0
112.0
100.0
30.0
3.0
9.0
-1.0
62.0
52.0
47.0
105.0
99.0
139.0
140.0
71.0
81.0
83.0
71.0
92.0
56.0
53.0
56.0
14.0
57.0
89.0
112.0
158.0
130.0
115.0
114.0
93.0
127.0
110.0
71.0
63.0
35.0
47.0
59.0
69.0
139.0
117.0
99.0
174.0
161.0
146.0
143.0
114.0
106.0
41.0
21.0
84.0
69.0
76.0
100.0
92.0
130.0
129.0
122.0
117.0
80.0
81.0
77.0
52.0
79.0
59.0
41.0
61.0
39.0
79.0
120.0
90.0
122.0
106.0
51.0
45.0
-6.0
-18.0
-24.0
-35.0
43.0
64.0
63.0
115.0
100.0
102.0
74.0
24.0
55.0
62.0
51.0
73.0
51.0
86.0
108.0
77.0
115.0
109.0
100.0
112.0
47.0
58.0
77.0
40.0
73.0
70.0
33.0
46.0
50.0
66.0
70.0
36.0
69.0
100.0
91.0
62.0
-11.0
33.0
95.0
87.0
107.0
84.0
72.0
90.0
68.0
82.0
80.0
30.0
58.0
51.0
40.0
60.0
33.0
50.0
71.0
64.0
108.0
81.0
71.0
107.0
63.0
59.0
67.0
59.0
83.0
58.0
31.0
75.0
54.0
77.0
136.0
117.0
141.0
128.0
95.0
95.0
59.0
71.0
56.0
51.0
143.0
135.0
118.0
146.0
112.0
118.0
132.0
100.0
108.0
84.0
47.0
83.0
76.0
78.0
96.0
78.0
117.0
114.0
105.0
156.0
126.0
110.0
117.0
71.0
82.0
61.0
19.0
52.0
78.0
136.0
173.0
153.0
162.0
114.0
84.0
111.0
80.0
99.0
103.0
62.0
93.0
101.0
108.0
124.0
90.0
129.0
156.0
102.0
94.0
59.0
31.0
60.0
41.0
63.0
125.0
115.0
129.0
104.0
114.0
169.0
117.0
91.0
87.0
32.0
43.0
31.0
21.0
72.0
74.0
102.0
148.0
120.0
140.0
126.0
128.0
162.0
99.0
66.0
68.0
46.0
86.0
95.0
98.0
143.0
137.0
167.0
191.0
174.0
251.0
260.0
209.0
178.0
89.0
49.0
34.0
-49.0
-17.0
49.0
112.0
167.0
151.0
168.0
182.0
174.0
225.0
190.0
154.0
163.0
117.0
126.0
124.0
52.0
44.0
48.0
78.0
161.0
182.0
209.0
212.0
165.0
181.0
146.0
100.0
110.0
79.0
86.0
97.0
74.0
88.0
87.0
116.0
171.0
127.0
150.0
199.0
184.0
235.0
227.0
186.0
172.0
102.0
106.0
128.0
95.0
131.0
107.0
59.0
81.0
54.0
52.0
67.0
46.0
70.0
101.0
113.0
133.0
118.0
155.0
152.0
92.0
98.0
97.0
109.0
144.0
112.0
111.0
97.0
37.0
23.0
-2.0
-6.0
20.0
10.0
55.0
121.0
138.0
194.0
207.0
197.0
208.0
166.0
156.0
151.0
77.0
72.0
55.0
13.0
35.0
21.0
45.0
71.0
62.0
80.0
67.0
72.0
118.0
107.0
140.0
161.0
117.0
122.0
109.0
111.0
148.0
103.0
87.0
75.0
44.0
98.0
103.0
77.0
99.0
111.0
148.0
171.0
140.0
161.0
120.0
114.0
200.0
191.0
187.0
191.0
148.0
152.0
152.0
167.0
200.0
169.0
219.0
262.0
238.0
271.0
292.0
306.0
342.0
319.0
313.0
274.0
211.0
232.0
227.0
225.0
256.0
232.0
250.0
275.0
282.0
335.0
302.0
254.0
204.0
104.0
103.0
153.0
162.0
253.0
314.0
326.0
373.0
332.0
302.0
282.0
208.0
175.0
124.0
140.0
231.0
224.0
258.0
304.0
284.0
326.0
299.0
274.0
268.0
177.0
150.0
91.0
23.0
77.0
108.0
137.0
233.0
257.0
298.0
320.0
239.0
240.0
233.0
188.0
143.0
48.0
2.0
-8.0
-13.0
65.0
134.0
190.0
275.0
289.0
327.0
322.0
249.0
254.0
215.0
169.0
155.0
91.0
112.0
180.0
201.0
263.0
272.0
261.0
268.0
210.0
195.0
195.0
163.0
167.0
97.0
54.0
100.0
95.0
136.0
225.0
266.0
342.0
349.0
335.0
372.0
346.0
359.0
367.0
301.0
312.0
288.0
216.0
188.0
118.0
81.0
64.0
42.0
116.0
149.0
174.0
220.0
194.0
187.0
165.0
97.0
105.0
82.0
96.0
144.0
93.0
61.0
31.0
8.0
44.0
56.0
76.0
129.0
113.0
121.0
156.0
155.0
208.0
219.0
192.0
195.0
130.0
85.0
67.0
12.0
-33.0
-95.0
-100.0
-34.0
-22.0
25.0
53.0
68.0
153.0
153.0
125.0
132.0
71.0
45.0
3.0
-105.0
-152.0
-230.0
-293.0
-236.0
-196.0
-129.0
-45.0
-39.0
15.0
35.0
38.0
106.0
88.0
72.0
31.0
-74.0
-153.0
-253.0
-264.0
-143.0
-73.0
-5.0
21.0
-8.0
51.0
42.0
-5.0
11.0
-30.0
-37.0
-37.0
-88.0
-83.0
-87.0
-78.0
-24.0
-57.0
-67.0
-33.0
-48.0
-19.0
-16.0
-31.0
-10.0
-32.0
-18.0
-33.0
-86.0
-41.0
-30.0
-59.0
-43.0
-87.0
-122.0
-128.0
-159.0
-120.0
-114.0
-96.0
-36.0
-51.0
-41.0
-30.0
-47.0
-16.0
-35.0
-56.0
-49.0
-83.0
-96.0
-114.0
-172.0
-158.0
-181.0
-187.0
-111.0
-96.0
-46.0
10.0
14.0
81.0
118.0
99.0
84.0
26.0
-1.0
-42.0
-131.0
-140.0
-166.0
-199.0
-155.0
-168.0
-161.0
-114.0
-81.0
14.0
62.0
107.0
166.0
107.0
78.0
70.0
-20.0
-69.0
-138.0
-202.0
-187.0
-234.0
-236.0
-181.0
-142.0
-63.0
-27.0
34.0
117.0
97.0
71.0
78.0
34.0
14.0
-26.0
-78.0
-128.0
-215.0
-204.0
-169.0
-165.0
-114.0
-134.0
-120.0
-26.0
-16.0
10.0
13.0
-53.0
-15.0
-8.0
-26.0
-44.0
-111.0
-134.0
-171.0
-230.0
-171.0
-98.0
-63.0
-22.0
-48.0
-20.0
14.0
-10.0
32.0
58.0
48.0
56.0
4.0
3.0
12.0
-67.0
-73.0
-83.0
-86.0
-36.0
-50.0
5.0
76.0
44.0
61.0
64.0
34.0
34.0
-20.0
-30.0
-56.0
-156.0
-203.0
-286.0
-331.0
-245.0
-146.0
-27.0
67.0
99.0
155.0
124.0
72.0
59.0
-17.0
-54.0
-24.0
-29.0
-37.0
-102.0
-164.0
-153.0
-184.0
-208.0
-207.0
-191.0
-112.0
-74.0
-73.0
-37.0
-34.0
-7.0
14.0
-18.0
0.0
-15.0
-43.0
-17.0
-89.0
-133.0
-118.0
-163.0
-149.0
-142.0
-139.0
-92.0
-95.0
-21.0
39.0
4.0
34.0
30.0
-30.0
-37.0
-92.0
-111.0
-126.0
-149.0
-92.0
-87.0
-70.0
34.0
52.0
72.0
80.0
9.0
14.0
25.0
16.0
-11.0
-122.0
-188.0
-232.0
-323.0
-345.0
-365.0
-357.0
-245.0
-161.0
-12.0
99.0
120.0
175.0
176.0
144.0
139.0
60.0
-6.0
-47.0
-117.0
-121.0
-133.0
-168.0
-172.0
-200.0
-145.0
-88.0
-91.0
-41.0
-45.0
-52.0
-15.0
-31.0
5.0
44.0
9.0
23.0
14.0
-19.0
-14.0
-76.0
-99.0
-108.0
-170.0
-157.0
-136.0
-128.0
-76.0
-85.0
-36.0
16.0
25.0
88.0
82.0
46.0
58.0
33.0
37.0
18.0
-72.0
-89.0
-128.0
-144.0
-70.0
-30.0
8.0
48.0
55.0
101.0
81.0
34.0
23.0
-35.0
-62.0
-87.0
-164.0
-157.0
-181.0
-214.0
-183.0
-210.0
-212.0
-176.0
-181.0
-115.0
-89.0
-62.0
21.0
29.0
59.0
79.0
60.0
80.0
56.0
45.0
95.0
89.0
93.0
92.0
-5.0
-40.0
-79.0
-112.0
-112.0
-169.0
-199.0
-209.0
-249.0
-150.0
-49.0
-25.0
34.0
35.0
59.0
86.0
40.0
30.0
-2.0
-52.0
-56.0
-102.0
-114.0
-74.0
-64.0
-32.0
-48.0
-74.0
-46.0
-76.0
-67.0
-20.0
-46.0
-22.0
-46.0
-101.0
-107.0
-171.0
-191.0
-168.0
-193.0
-159.0
-142.0
-136.0
-91.0
-105.0
-86.0
-33.0
-20.0
30.0
38.0
21.0
24.0
-25.0
-36.0
-54.0
-105.0
-90.0
-116.0
-126.0
-71.0
-67.0
-3.0
55.0
25.0
79.0
101.0
96.0
148.0
110.0
63.0
13.0
-71.0
-88.0
-150.0
-207.0
-178.0
-155.0
-91.0
-39.0
-37.0
-19.0
-29.0
-18.0
36.0
50.0
108.0
148.0
116.0
125.0
54.0
-13.0
-2.0
-96.0
-144.0
-122.0
-158.0
-164.0
-172.0
-154.0
-92.0
-101.0
-92.0
-81.0
-118.0
-93.0
-69.0
-32.0
40.0
-3.0
-45.0
-54.0
-74.0
-13.0
7.0
-5.0
22.0
-43.0
-86.0
-96.0
-107.0
-37.0
-12.0
-45.0
-33.0
-53.0
-42.0
-18.0
-26.0
34.0
76.0
95.0
139.0
107.0
120.0
136.0
68.0
50.0
24.0
-2.0
39.0
40.0
65.0
80.0
11.0
1.0
-3.0
-16.0
24.0
-8.0
3.0
33.0
-13.0
-2.0
6.0
-7.0
10.0
-30.0
-51.0
-51.0
-82.0
-35.0
-13.0
-31.0
15.0
-10.0
-8.0
4.0
-49.0
-44.0
-60.0
-83.0
-52.0
-69.0
-33.0
9.0
-16.0
18.0
31.0
-3.0
17.0
-14.0
-18.0
-27.0
-67.0
-47.0
-49.0
-30.0
14.0
-33.0
-31.0
4.0
-4.0
40.0
55.0
50.0
60.0
20.0
20.0
7.0
-31.0
-3.0
-37.0
-57.0
5.0
-11.0
-17.0
3.0
-39.0
-27.0
-31.0
-34.0
33.0
6.0
5.0
34.0
11.0
43.0
50.0
17.0
37.0
13.0
-3.0
-9.0
-55.0
-65.0
-106.0
-139.0
-88.0
-75.0
-34.0
11.0
-10.0
10.0
-4.0
-31.0
5.0
-16.0
-19.0
-28.0
-78.0
-61.0
-98.0
-127.0
-66.0
-69.0
-39.0
-2.0
-22.0
7.0
4.0
-22.0
-8.0
-46.0
-72.0
-60.0
-86.0
-56.0
-59.0
-96.0
-74.0
-76.0
-54.0
3.0
0.0
13.0
11.0
-14.0
15.0
-10.0
-4.0
-25.0
-99.0
-112.0
-158.0
-200.0
-168.0
-146.0
-63.0
53.0
62.0
65.0
51.0
26.0
41.0
-20.0
-45.0
-51.0
-106.0
-100.0
-117.0
-139.0
-93.0
-98.0
-73.0
-32.0
-54.0
-11.0
20.0
16.0
38.0
7.0
-8.0
-11.0
-39.0
-4.0
20.0
18.0
69.0
-4.0
-63.0
-70.0
-131.0
-134.0
-112.0
-86.0
-33.0
-3.0
53.0
73.0
35.0
76.0
81.0
54.0
67.0
47.0
35.0
13.0
-78.0
-131.0
-158.0
-120.0
-22.0
-13.0
26.0
58.0
21.0
66.0
73.0
73.0
123.0
82.0
67.0
63.0
7.0
12.0
-17.0
-63.0
-20.0
-23.0
-15.0
-3.0
-31.0
11.0
35.0
35.0
79.0
65.0
89.0
119.0
89.0
81.0
26.0
-43.0
-57.0
-110.0
-116.0
-110.0
-109.0
-46.0
-21.0
6.0
81.0
83.0
90.0
110.0
70.0
72.0
45.0
16.0
24.0
-14.0
-23.0
-36.0
-67.0
-33.0
-30.0
-46.0
-5.0
-26.0
3.0
52.0
11.0
13.0
1.0
-20.0
-10.0
-48.0
-59.0
-46.0
-27.0
29.0
43.0
51.0
101.0
73.0
53.0
43.0
-8.0
15.0
33.0
35.0
52.0
10.0
15.0
39.0
18.0
53.0
62.0
84.0
126.0
95.0
82.0
83.0
30.0
53.0
45.0
-25.0
-1.0
-11.0
-4.0
48.0
41.0
73.0
74.0
77.0
119.0
70.0
79.0
127.0
99.0
107.0
78.0
35.0
29.0
-50.0
-77.0
-69.0
-95.0
-20.0
21.0
18.0
62.0
73.0
103.0
121.0
86.0
120.0
136.0
80.0
65.0
30.0
-10.0
-60.0
-137.0
-120.0
-93.0
-55.0
17.0
21.0
58.0
118.0
105.0
131.0
112.0
64.0
47.0
-21.0
-61.0
-52.0
-90.0
-95.0
-89.0
-65.0
7.0
13.0
43.0
111.0
109.0
113.0
98.0
67.0
92.0
51.0
31.0
20.0
-43.0
-31.0
-47.0
-56.0
-18.0
-35.0
10.0
95.0
98.0
127.0
133.0
109.0
115.0
83.0
69.0
38.0
-13.0
29.0
30.0
-14.0
-11.0
-69.0
-67.0
-46.0
-89.0
-49.0
0.0
32.0
121.0
147.0
191.0
164.0
140.0
158.0
97.0
17.0
-1.0
-77.0
-114.0
-119.0
-151.0
-102.0
-71.0
-55.0
32.0
56.0
83.0
124.0
113.0
155.0
154.0
115.0
108.0
57.0
22.0
15.0
-24.0
-31.0
-69.0
-126.0
-100.0
-69.0
29.0
122.0
118.0
143.0
139.0
119.0
127.0
71.0
51.0
43.0
-27.0
-31.0
-56.0
-86.0
-54.0
-80.0
-72.0
-44.0
-62.0
2.0
25.0
3.0
44.0
40.0
55.0
68.0
1.0
-25.0
-41.0
-57.0
-45.0
-76.0
-44.0
6.0
-7.0
22.0
44.0
38.0
72.0
74.0
86.0
70.0
23.0
93.0
101.0
59.0
101.0
72.0
31.0
35.0
4.0
17.0
-2.0
-6.0
72.0
52.0
46.0
68.0
52.0
71.0
74.0
77.0
95.0
35.0
11.0
7.0
-35.0
-7.0
32.0
41.0
89.0
118.0
128.0
146.0
110.0
122.0
105.0
60.0
50.0
-20.0
-34.0
1.0
-19.0
34.0
69.0
68.0
102.0
108.0
163.0
210.0
185.0
201.0
183.0
127.0
80.0
-7.0
-26.0
23.0
1.0
15.0
18.0
27.0
78.0
71.0
77.0
109.0
95.0
130.0
150.0
157.0
204.0
200.0
204.0
197.0
143.0
134.0
83.0
29.0
10.0
-75.0
-80.0
-28.0
-66.0
-36.0
13.0
55.0
125.0
128.0
149.0
186.0
150.0
172.0
165.0
129.0
150.0
71.0
13.0
21.0
-15.0
11.0
25.0
2.0
31.0
22.0
48.0
101.0
83.0
113.0
128.0
109.0
117.0
63.0
33.0
54.0
14.0
21.0
27.0
7.0
19.0
-22.0
-35.0
-13.0
-30.0
19.0
56.0
63.0
120.0
116.0
113.0
145.0
148.0
150.0
100.0
66.0
98.0
54.0
23.0
46.0
21.0
57.0
90.0
107.0
140.0
102.0
94.0
81.0
31.0
90.0
125.0
107.0
111.0
32.0
-2.0
19.0
-33.0
-26.0
-25.0
-34.0
11.0
-3.0
34.0
82.0
67.0
104.0
90.0
40.0
56.0
49.0
49.0
56.0
21.0
29.0
32.0
22.0
34.0
-11.0
-8.0
16.0
2.0
63.0
87.0
45.0
58.0
32.0
24.0
21.0
-7.0
12.0
-2.0
-28.0
22.0
-6.0
1.0
33.0
-11.0
8.0
16.0
16.0
44.0
12.0
6.0
21.0
-21.0
12.0
19.0
-4.0
40.0
54.0
61.0
59.0
31.0
57.0
37.0
2.0
17.0
-16.0
-4.0
36.0
23.0
40.0
7.0
-7.0
49.0
35.0
15.0
25.0
1.0
34.0
33.0
5.0
56.0
59.0
56.0
76.0
50.0
90.0
80.0
72.0
127.0
96.0
92.0
138.0
130.0
166.0
162.0
145.0
191.0
181.0
173.0
157.0
113.0
134.0
124.0
95.0
109.0
89.0
130.0
177.0
149.0
200.0
231.0
200.0
203.0
143.0
143.0
185.0
140.0
161.0
147.0
81.0
91.0
71.0
79.0
115.0
115.0
178.0
229.0
233.0
244.0
214.0
200.0
171.0
77.0
55.0
56.0
39.0
39.0
20.0
122.0
219.0
209.0
229.0
251.0
260.0
273.0
214.0
175.0
156.0
125.0
189.0
194.0
137.0
157.0
130.0
98.0
92.0
62.0
124.0
150.0
117.0
159.0
161.0
120.0
97.0
50.0
60.0
51.0
32.0
63.0
24.0
-6.0
6.0
-2.0
60.0
111.0
130.0
187.0
216.0
223.0
225.0
191.0
204.0
163.0
83.0
86.0
41.0
-11.0
-39.0
-93.0
-121.0
-146.0
-120.0
-23.0
1.0
49.0
127.0
137.0
158.0
148.0
105.0
117.0
32.0
-34.0
-7.0
-50.0
-92.0
-145.0
-162.0
-95.0
-99.0
-94.0
-23.0
-22.0
16.0
36.0
-19.0
-51.0
-134.0
-165.0
-136.0
-135.0
-58.0
-54.0
-84.0
-48.0
-90.0
-110.0
-91.0
-122.0
-96.0
-71.0
-66.0
-39.0
-88.0
-90.0
-60.0
-65.0
-13.0
-6.0
-40.0
-6.0
-9.0
-8.0
1.0
-69.0
-97.0
-112.0
-128.0
-96.0
-119.0
-99.0
-21.0
21.0
76.0
69.0
44.0
62.0
32.0
19.0
20.0
-39.0
-62.0
-79.0
-127.0
-143.0
-177.0
-167.0
-134.0
-120.0
-53.0
-37.0
-60.0
-41.0
-60.0
-58.0
-33.0
-42.0
6.0
-14.0
-70.0
-51.0
-98.0
-117.0
-88.0
-112.0
-77.0
-56.0
-74.0
-69.0
-102.0
-87.0
-43.0
-58.0
-41.0
-66.0
-98.0
-24.0
-27.0
-43.0
-31.0
-75.0
-61.0
-70.0
-103.0
-93.0
-117.0
-107.0
-120.0
-172.0
-139.0
-130.0
-141.0
-100.0
-110.0
-49.0
16.0
-32.0
-6.0
26.0
-9.0
-16.0
-60.0
-90.0
-117.0
-170.0
-123.0
-110.0
-176.0
-207.0
-240.0
-187.0
-73.0
-7.0
92.0
145.0
146.0
180.0
135.0
94.0
98.0
58.0
35.0
-8.0
-54.0
-78.0
-164.0
-183.0
-169.0
-234.0
-256.0
-250.0
-249.0
-172.0
-125.0
-71.0
-15.0
-32.0
7.0
26.0
14.0
52.0
0.0
-38.0
-67.0
-175.0
-208.0
-213.0
-215.0
-137.0
-93.0
-72.0
-42.0
-67.0
-24.0
13.0
16.0
51.0
5.0
-34.0
-45.0
-115.0
-116.0
-124.0
-180.0
-154.0
-157.0
-158.0
-130.0
-138.0
-115.0
-120.0
-112.0
-25.0
-23.0
-59.0
-70.0
-106.0
-65.0
-49.0
-46.0
-2.0
-21.0
-41.0
-30.0
-58.0
-57.0
-68.0
-83.0
-36.0
-54.0
-56.0
-30.0
-52.0
-24.0
-43.0
-77.0
-30.0
-42.0
-25.0
11.0
-34.0
-21.0
-21.0
-59.0
-42.0
-74.0
-83.0
-68.0
-89.0
-68.0
-74.0
-83.0
-35.0
-65.0
-91.0
-55.0
-49.0
-21.0
-6.0
-22.0
-8.0
-47.0
-85.0
-74.0
-100.0
-92.0
-91.0
-106.0
-84.0
-100.0
-87.0
-41.0
-27.0
12.0
8.0
-21.0
32.0
7.0
-15.0
7.0
-32.0
-33.0
-48.0
-55.0
-20.0
-50.0
-50.0
-1.0
-35.0
-17.0
11.0
-17.0
-8.0
-20.0
-1.0
28.0
-22.0
-25.0
-39.0
-78.0
-66.0
-73.0
-55.0
-17.0
-54.0
-63.0
-79.0
-88.0
-21.0
-30.0
-44.0
-28.0
-72.0
-64.0
-45.0
-66.0
-54.0
-93.0
-100.0
-70.0
-101.0
-78.0
-84.0
-96.0
-31.0
-32.0
-5.0
8.0
-36.0
-4.0
2.0
-31.0
-29.0
-69.0
-78.0
-63.0
-128.0
-137.0
-111.0
-127.0
-119.0
-157.0
-155.0
-102.0
-98.0
-56.0
-66.0
-113.0
-102.0
-138.0
-179.0
-164.0
-187.0
-186.0
-181.0
-169.0
-108.0
-98.0
-65.0
-13.0
-29.0
-3.0
-18.0
-51.0
-4.0
-33.0
-53.0
-32.0
-49.0
-30.0
-45.0
-82.0
-63.0
-109.0
-138.0
-106.0
-114.0
-89.0
-87.0
-120.0
-99.0
-128.0
-124.0
-84.0
-86.0
-35.0
-1.0
-22.0
6.0
-21.0
-49.0
-23.0
-37.0
-31.0
-35.0
-29.0
21.0
-3.0
-11.0
27.0
-24.0
-29.0
-8.0
-41.0
-8.0
-15.0
-10.0
29.0
30.0
55.0
15.0
-56.0
-32.0
-51.0
-65.0
-54.0
-99.0
-77.0
-84.0
-108.0
-57.0
-58.0
-70.0
-44.0
-82.0
-93.0
-80.0
-62.0
8.0
12.0
18.0
27.0
-42.0
-58.0
-70.0
-106.0
-79.0
-76.0
-77.0
-38.0
-55.0
-40.0
-45.0
-87.0
-72.0
-94.0
-98.0
-75.0
-92.0
-29.0
9.0
6.0
29.0
-23.0
-23.0
15.0
-27.0
-26.0
-33.0
-48.0
-12.0
-42.0
-56.0
-72.0
-158.0
-161.0
-145.0
-164.0
-139.0
-153.0
-128.0
-76.0
-99.0
-30.0
2.0
-7.0
37.0
19.0
16.0
14.0
-66.0
-79.0
-96.0
-153.0
-167.0
-208.0
-202.0
-170.0
-212.0
-208.0
-185.0
-174.0
-133.0
-133.0
-103.0
-70.0
-77.0
-2.0
42.0
34.0
74.0
39.0
16.0
1.0
-42.0
-14.0
-2.0
-44.0
-36.0
-69.0
-78.0
-59.0
-72.0
-19.0
-8.0
-26.0
41.0
31.0
11.0
23.0
-14.0
-13.0
-16.0
-55.0
-62.0
-91.0
-79.0
-46.0
-90.0
-64.0
-25.0
-35.0
-5.0
-21.0
-50.0
-60.0
-86.0
-53.0
-66.0
-91.0
-44.0
-63.0
-61.0
-20.0
-55.0
-45.0
-48.0
-95.0
-91.0
-129.0
-122.0
-67.0
-90.0
-77.0
-43.0
-42.0
-17.0
-20.0
-10.0
-7.0
-49.0
-38.0
-26.0
-40.0
-11.0
-41.0
-45.0
2.0
-40.0
-45.0
-32.0
-53.0
-30.0
-44.0
-48.0
-26.0
-61.0
-54.0
-51.0
-56.0
-59.0
-102.0
-106.0
-69.0
-93.0
-77.0
-70.0
-80.0
-48.0
-55.0
-35.0
0.0
-43.0
-29.0
-28.0
-53.0
-27.0
-64.0
-84.0
-79.0
-139.0
-165.0
-190.0
-182.0
-87.0
-79.0
-60.0
-8.0
-3.0
38.0
3.0
-54.0
-41.0
-70.0
-79.0
-66.0
-120.0
-137.0
-139.0
-142.0
-91.0
-69.0
-33.0
9.0
-16.0
-1.0
-4.0
-23.0
33.0
-17.0
-57.0
-17.0
-39.0
-21.0
-23.0
-40.0
9.0
11.0
-1.0
11.0
-6.0
17.0
0.0
-30.0
2.0
-16.0
-15.0
18.0
-14.0
-16.0
-10.0
-26.0
-12.0
-43.0
-39.0
-8.0
-43.0
-25.0
-8.0
-27.0
35.0
32.0
28.0
53.0
33.0
33.0
9.0
-15.0
17.0
-27.0
-48.0
-8.0
-33.0
-21.0
-21.0
-20.0
37.0
14.0
26.0
65.0
19.0
17.0
20.0
-25.0
-7.0
-5.0
-24.0
-12.0
-20.0
-3.0
8.0
2.0
39.0
8.0
8.0
42.0
-5.0
3.0
5.0
-41.0
-16.0
-10.0
-7.0
31.0
-3.0
10.0
21.0
1.0
50.0
51.0
66.0
106.0
57.0
60.0
49.0
-4.0
18.0
-2.0
-12.0
21.0
-16.0
-4.0
16.0
1.0
39.0
15.0
-14.0
4.0
-14.0
-3.0
-16.0
-49.0
-15.0
-25.0
0.0
50.0
16.0
39.0
45.0
9.0
17.0
11.0
5.0
-17.0
-94.0
-105.0
-116.0
-144.0
-104.0
-105.0
-84.0
-17.0
-2.0
61.0
86.0
36.0
40.0
9.0
11.0
32.0
-21.0
-29.0
-67.0
-138.0
-154.0
-198.0
-172.0
-70.0
-12.0
90.0
126.0
74.0
96.0
73.0
53.0
76.0
32.0
3.0
-21.0
-79.0
-91.0
-131.0
-122.0
-62.0
-38.0
20.0
31.0
34.0
119.0
129.0
90.0
86.0
40.0
6.0
-24.0
-73.0
-83.0
-143.0
-165.0
-151.0
-157.0
-94.0
-45.0
-29.0
1.0
-21.0
-2.0
71.0
87.0
124.0
113.0
62.0
42.0
-39.0
-81.0
-30.0
-20.0
-15.0
-14.0
-20.0
26.0
24.0
15.0
26.0
13.0
36.0
16.0
-18.0
12.0
-14.0
-20.0
-24.0
-85.0
-51.0
-34.0
-60.0
-11.0
-11.0
-20.0
-2.0
-35.0
-43.0
-47.0
-71.0
-28.0
-22.0
-45.0
-17.0
-13.0
41.0
72.0
78.0
111.0
46.0
-7.0
-33.0
-126.0
-156.0
-159.0
-169.0
-50.0
30.0
98.0
164.0
102.0
92.0
82.0
34.0
34.0
-8.0
-36.0
-36.0
-101.0
-80.0
-50.0
-67.0
1.0
-2.0
-18.0
6.0
-3.0
13.0
8.0
-8.0
17.0
-5.0
-11.0
6.0
-29.0
-27.0
-21.0
-26.0
28.0
-5.0
-22.0
-5.0
-92.0
-127.0
-127.0
-142.0
-101.0
-86.0
-73.0
-48.0
-67.0
-34.0
7.0
36.0
77.0
32.0
2.0
3.0
-34.0
-2.0
-13.0
-66.0
-60.0
-109.0
-131.0
-88.0
-99.0
-78.0
-72.0
-75.0
-21.0
-58.0
-61.0
-7.0
-46.0
-65.0
-68.0
-37.0
10.0
-7.0
18.0
36.0
-34.0
-34.0
-53.0
-100.0
-68.0
-86.0
-70.0
-3.0
-9.0
5.0
-2.0
-32.0
4.0
-29.0
-53.0
-31.0
-35.0
-5.0
-25.0
-100.0
-104.0
-133.0
-173.0
-175.0
-205.0
-145.0
-95.0
-67.0
6.0
17.0
21.0
45.0
40.0
71.0
58.0
-16.0
-30.0
-88.0
-120.0
-91.0
-103.0
-65.0
-74.0
-135.0
-105.0
-93.0
-76.0
-9.0
8.0
53.0
79.0
51.0
69.0
8.0
-53.0
-19.0
-32.0
-45.0
-58.0
-96.0
-93.0
-125.0
-161.0
-130.0
-161.0
-143.0
-103.0
-106.0
-41.0
-32.0
-24.0
34.0
20.0
67.0
107.0
63.0
84.0
49.0
1.0
10.0
-25.0
-20.0
-65.0
-145.0
-171.0
-240.0
-231.0
-145.0
-134.0
-80.0
-34.0
-25.0
33.0
70.0
123.0
153.0
68.0
31.0
3.0
-56.0
-38.0
-68.0
-86.0
-51.0
-102.0
-123.0
-127.0
-157.0
-116.0
-114.0
-107.0
-56.0
-66.0
-27.0
-2.0
-31.0
-27.0
-45.0
-61.0
-54.0
-80.0
-55.0
-30.0
-25.0
2.0
-27.0
-21.0
-1.0
-16.0
-12.0
-39.0
-74.0
-64.0
-100.0
-102.0
-49.0
-57.0
-18.0
2.0
-11.0
13.0
0.0
16.0
60.0
25.0
2.0
-40.0
-102.0
-100.0
-154.0
-176.0
-117.0
-116.0
-65.0
-22.0
-40.0
7.0
17.0
18.0
51.0
11.0
21.0
31.0
-53.0
-88.0
-142.0
-199.0
-204.0
-234.0
