4 0.184270
5 0.234022
7 0.345771
9 0.457822
11 0.549926
13 0.616729
16 0.682995
20 0.736676
23 0.762907
28 0.791710
33 0.809151
38 0.819959
45 0.828644
52 0.832616
60 0.833304
69 0.830732
79 0.825084
91 0.815823
104 0.804024
119 0.789504
135 0.774080
154 0.756742
174 0.740238
198 0.723089
223 0.708330
252 0.695315
285 0.685332
321 0.678445
362 0.673390
407 0.669819
457 0.667220
513 0.665533
575 0.664781
645 0.666015
723 0.669684
809 0.673555
905 0.676633
1011 0.677681
1130 0.675596
1261 0.670298
1407 0.660780
1570 0.646649
1750 0.628045
