4 0.405191
5 0.440096
7 0.515423
9 0.582104
11 0.633279
13 0.672529
16 0.716676
20 0.759055
23 0.782383
28 0.809049
33 0.826073
38 0.838100
45 0.849578
52 0.857094
60 0.862725
69 0.866660
79 0.869122
91 0.870383
104 0.870482
119 0.869770
135 0.868713
154 0.867316
174 0.865674
198 0.863376
223 0.860519
252 0.856564
285 0.851280
321 0.845158
362 0.838749
407 0.832760
457 0.827818
513 0.823010
575 0.817958
645 0.812702
723 0.807264
809 0.801343
905 0.794256
1011 0.788383
1130 0.783415
1261 0.779633
1407 0.777242
1570 0.777138
