4 0.542296
5 0.580247
7 0.660281
9 0.729082
11 0.781207
13 0.818494
16 0.855236
20 0.884312
23 0.898141
28 0.912893
33 0.921691
38 0.927028
45 0.931019
52 0.932564
60 0.932486
69 0.930882
79 0.927947
91 0.923663
104 0.918978
119 0.914140
135 0.909682
154 0.904990
174 0.900451
198 0.894948
223 0.888740
252 0.880893
285 0.871461
321 0.860570
362 0.846815
407 0.830369
457 0.811468
513 0.790053
575 0.767043
645 0.743718
723 0.721264
809 0.700107
905 0.679753
1011 0.659684
1130 0.641451
1261 0.626308
1407 0.613276
1570 0.602379
