4 0.575915
5 0.634135
7 0.719862
9 0.774376
11 0.807169
13 0.827028
16 0.844014
20 0.854862
23 0.859397
28 0.865689
33 0.871984
38 0.877479
45 0.882704
52 0.885525
60 0.886966
69 0.887323
79 0.886957
91 0.885987
104 0.884700
119 0.883297
135 0.882143
154 0.881533
174 0.881727
198 0.882516
223 0.883556
252 0.885014
285 0.886818
321 0.888760
362 0.890640
407 0.892139
457 0.893171
513 0.893607
575 0.893162
645 0.891668
723 0.889306
809 0.885616
905 0.880074
1011 0.873332
1130 0.866932
1261 0.862832
1407 0.862173
1570 0.865214
