4 0.710235
5 0.744474
7 0.801779
9 0.844672
11 0.875025
13 0.895894
16 0.916013
20 0.931561
23 0.938848
28 0.946740
33 0.951727
38 0.955168
45 0.958566
52 0.961014
60 0.963099
69 0.964825
79 0.966205
91 0.967343
104 0.968119
119 0.968589
135 0.968718
154 0.968461
174 0.967754
198 0.966427
223 0.964648
252 0.962189
285 0.958844
321 0.954520
362 0.949037
407 0.942847
457 0.936320
513 0.929612
575 0.922640
645 0.915076
723 0.906812
809 0.898322
905 0.890118
1011 0.882720
1130 0.876197
1261 0.871054
1407 0.867309
1570 0.863124
