4 0.465633
5 0.462024
7 0.467146
9 0.480254
11 0.497671
13 0.518062
16 0.554012
20 0.609073
23 0.648870
28 0.700464
33 0.734830
38 0.760571
45 0.786866
52 0.804805
60 0.819271
69 0.829968
79 0.837496
91 0.842646
104 0.845254
119 0.845870
135 0.844752
154 0.841766
174 0.837395
198 0.831439
223 0.825266
252 0.818578
285 0.811373
321 0.803717
362 0.795409
407 0.786503
457 0.776092
513 0.764046
575 0.751826
645 0.741246
723 0.733815
809 0.729754
905 0.728566
1011 0.729149
1130 0.730436
1261 0.731683
1407 0.731889
1570 0.728340
