4 0.487509
5 0.500228
7 0.532164
9 0.564435
11 0.588427
13 0.601613
16 0.607395
20 0.605015
23 0.601924
28 0.598246
33 0.597994
38 0.600137
45 0.604378
52 0.609239
60 0.614021
69 0.618420
79 0.621696
91 0.623339
104 0.623569
119 0.623767
135 0.625362
154 0.629185
174 0.634036
198 0.639670
223 0.645096
252 0.651113
285 0.658389
321 0.665899
362 0.673313
407 0.681113
457 0.689433
513 0.697072
575 0.702570
645 0.704191
723 0.703530
809 0.702096
905 0.699842
1011 0.696566
1130 0.692420
1261 0.687211
1407 0.680222
1570 0.670089
