4 0.696930
5 0.712976
7 0.734001
9 0.747376
11 0.757909
13 0.768212
16 0.785023
20 0.808971
23 0.826265
28 0.851527
33 0.871652
38 0.886793
45 0.901196
52 0.910498
60 0.917668
69 0.923004
79 0.926838
91 0.929679
104 0.931418
119 0.932409
135 0.932763
154 0.932692
174 0.932296
198 0.931428
223 0.930039
252 0.927877
285 0.924970
321 0.921698
362 0.918182
407 0.914321
457 0.909952
513 0.905685
575 0.902290
645 0.899831
723 0.898089
809 0.896950
905 0.896285
1011 0.896036
1130 0.896134
1261 0.896313
1407 0.895810
1570 0.895231
1750 0.894723
