4 0.359007
5 0.378989
7 0.435200
9 0.498452
11 0.556189
13 0.604031
16 0.658694
20 0.708457
23 0.733750
28 0.761715
33 0.778703
38 0.788985
45 0.796370
52 0.798690
60 0.797654
69 0.793655
79 0.787157
91 0.777955
104 0.767408
119 0.755346
135 0.743368
154 0.730874
174 0.719543
198 0.707585
223 0.696430
252 0.685083
285 0.674072
321 0.663767
362 0.653277
407 0.642694
457 0.632679
513 0.624813
575 0.619966
645 0.617786
723 0.617289
809 0.617744
905 0.618839
1011 0.620134
1130 0.619742
1261 0.616924
1407 0.613011
1570 0.609754
