4 0.278095
5 0.291290
7 0.331567
9 0.383418
11 0.439584
13 0.493971
16 0.569733
20 0.658020
23 0.710717
28 0.775009
33 0.817148
38 0.845230
45 0.870456
52 0.886042
60 0.897268
69 0.905160
79 0.910539
91 0.914214
104 0.916219
119 0.917149
135 0.917255
154 0.916640
174 0.915377
198 0.913337
223 0.910777
252 0.907303
285 0.902625
321 0.896566
362 0.888661
407 0.879075
457 0.867393
513 0.852606
575 0.833995
645 0.810253
723 0.780627
809 0.745381
905 0.705494
1011 0.662786
1130 0.617189
1261 0.571958
1407 0.530281
1570 0.494447
1750 0.473600
