4 0.540821
5 0.531311
7 0.537973
9 0.559333
11 0.583368
13 0.604936
16 0.632640
20 0.665670
23 0.687934
28 0.718355
33 0.740364
38 0.756380
45 0.772369
52 0.782729
60 0.790195
69 0.795552
79 0.799108
91 0.800982
104 0.800939
119 0.799434
135 0.797310
154 0.794723
174 0.792338
198 0.790273
223 0.788820
252 0.787036
285 0.783311
321 0.776122
362 0.764846
407 0.750013
457 0.730672
513 0.705751
575 0.675062
645 0.637917
723 0.595718
809 0.550382
905 0.503944
1011 0.458173
1130 0.412838
1261 0.371575
1407 0.339914
1570 0.316650
1750 0.307303
