4 0.060995
5 0.092365
7 0.181334
9 0.299285
11 0.429817
13 0.549461
16 0.684510
20 0.795314
23 0.845673
28 0.895419
33 0.922926
38 0.939342
45 0.952868
52 0.960633
60 0.965829
69 0.969163
79 0.971200
91 0.972403
104 0.972874
119 0.972831
135 0.972419
154 0.971656
174 0.970636
198 0.969272
223 0.967850
252 0.966261
285 0.964393
321 0.962083
362 0.959115
407 0.955520
457 0.951123
513 0.945761
575 0.939648
645 0.932665
723 0.924434
809 0.914607
905 0.903179
1011 0.891444
1130 0.879889
1261 0.869528
1407 0.861610
1570 0.856555
1750 0.853487
