4 0.075261
5 0.111127
7 0.208661
9 0.332037
11 0.463234
13 0.579605
16 0.707513
20 0.810408
23 0.856797
28 0.902653
33 0.928093
38 0.943351
45 0.956010
52 0.963375
60 0.968431
69 0.971847
79 0.974132
91 0.975721
104 0.976622
119 0.977009
135 0.976981
154 0.976585
174 0.975887
198 0.974864
223 0.973730
252 0.972403
285 0.970738
321 0.968557
362 0.965681
407 0.962243
457 0.958052
513 0.952774
575 0.946561
645 0.939251
723 0.930315
809 0.919714
905 0.907665
1011 0.895332
1130 0.883090
1261 0.872085
1407 0.863303
1570 0.857363
