4 0.533423
5 0.584725
7 0.674095
9 0.738960
11 0.782644
13 0.811877
16 0.839169
20 0.858930
23 0.867305
28 0.874924
33 0.878233
38 0.879203
45 0.878048
52 0.874742
60 0.869084
69 0.861422
79 0.852477
91 0.841932
104 0.830724
119 0.817694
135 0.803408
154 0.787172
174 0.772648
198 0.758072
223 0.745399
252 0.733046
285 0.719846
321 0.705413
362 0.688175
407 0.669217
457 0.649356
513 0.629244
575 0.609080
645 0.588442
723 0.567609
809 0.546709
905 0.526333
1011 0.506755
1130 0.490367
1261 0.480729
1407 0.479818
1570 0.483478
