4 0.519877
5 0.499777
7 0.480241
9 0.475550
11 0.478453
13 0.485399
16 0.500436
20 0.527431
23 0.551350
28 0.590743
33 0.620912
38 0.643430
45 0.670397
52 0.692311
60 0.712223
69 0.728578
79 0.740933
91 0.750208
104 0.756216
119 0.760412
135 0.763098
154 0.764929
174 0.765862
198 0.766281
223 0.765656
252 0.762746
285 0.756685
321 0.747537
362 0.735846
407 0.722568
457 0.707626
513 0.690558
575 0.671887
645 0.652634
723 0.632404
809 0.608188
905 0.580577
1011 0.552154
1130 0.522775
1261 0.493461
1407 0.467939
1570 0.447672
1750 0.431189
