4 0.712915
5 0.734680
7 0.765273
9 0.786324
11 0.802856
13 0.817827
16 0.839224
20 0.865354
23 0.882272
28 0.904907
33 0.921306
38 0.932665
45 0.942729
52 0.948942
60 0.953580
69 0.956919
79 0.959260
91 0.960922
104 0.961824
119 0.962159
135 0.962015
154 0.961468
174 0.960657
198 0.959532
223 0.958337
252 0.957092
285 0.956033
321 0.955523
362 0.955734
407 0.956557
457 0.957692
513 0.958951
575 0.960154
645 0.961268
723 0.962073
809 0.962397
905 0.961929
1011 0.960627
1130 0.958723
1261 0.956421
1407 0.953872
1570 0.951774
1750 0.950512
