4 0.188192
5 0.228338
7 0.324106
9 0.431873
11 0.527688
13 0.603461
16 0.685440
20 0.755972
23 0.791658
28 0.832434
33 0.859022
38 0.876640
45 0.891950
52 0.900684
60 0.905829
69 0.908045
79 0.907919
91 0.905733
104 0.901866
119 0.896043
135 0.888982
154 0.879830
174 0.869471
198 0.856502
223 0.842834
252 0.827447
285 0.811123
321 0.794710
362 0.777174
407 0.759158
457 0.740774
513 0.722413
575 0.704633
645 0.687100
723 0.669705
809 0.652936
905 0.638163
1011 0.627711
1130 0.622079
1261 0.618649
1407 0.614121
1570 0.608927
