4 0.403289
5 0.451820
7 0.536993
9 0.601326
11 0.645504
13 0.673581
16 0.696509
20 0.708555
23 0.710984
28 0.711420
33 0.712555
38 0.714743
45 0.716868
52 0.716880
60 0.715026
69 0.711163
79 0.705651
91 0.698719
104 0.691390
119 0.683306
135 0.675530
154 0.667894
174 0.661382
198 0.654246
223 0.645430
252 0.631869
285 0.612985
321 0.589911
362 0.561958
407 0.532800
457 0.503810
513 0.474155
575 0.443705
645 0.412346
723 0.382398
809 0.355228
905 0.333021
1011 0.317854
1130 0.308206
1261 0.302069
1407 0.299222
1570 0.299841
1750 0.298774
