4 0.591390
5 0.591674
7 0.595290
9 0.597709
11 0.598061
13 0.596640
16 0.591568
20 0.580437
23 0.570101
28 0.552920
33 0.538439
38 0.525861
45 0.509232
52 0.492563
60 0.473776
69 0.454750
79 0.437559
91 0.422969
104 0.413451
119 0.407543
135 0.404450
154 0.402760
174 0.402074
198 0.402407
223 0.403279
252 0.403845
285 0.403263
321 0.401271
362 0.397205
407 0.390704
457 0.382067
513 0.372337
575 0.362321
645 0.352780
723 0.344740
809 0.338603
905 0.335241
1011 0.333491
1130 0.329401
1261 0.322502
1407 0.314841
1570 0.305639
1750 0.296356
