4 0.615339
5 0.628357
7 0.647213
9 0.656901
11 0.661730
13 0.664546
16 0.668582
20 0.677409
23 0.686116
28 0.699181
33 0.705580
38 0.706451
45 0.704808
52 0.703774
60 0.704789
69 0.708944
79 0.716297
91 0.727068
104 0.740001
119 0.754972
135 0.770029
154 0.786524
174 0.801751
198 0.817179
223 0.830618
252 0.843809
285 0.857065
321 0.870240
362 0.883693
407 0.896234
457 0.907267
513 0.916395
575 0.923456
645 0.928867
723 0.932878
809 0.935649
905 0.937312
1011 0.937937
1130 0.937536
1261 0.936239
1407 0.933948
1570 0.930840
