4 0.451290
5 0.487494
7 0.549427
9 0.597929
11 0.636451
13 0.667557
16 0.702116
20 0.731587
23 0.745939
28 0.760602
33 0.768842
38 0.774468
45 0.780642
52 0.785820
60 0.791505
69 0.797293
79 0.802361
91 0.806358
104 0.808763
119 0.810026
135 0.810638
154 0.811848
174 0.814444
198 0.819418
223 0.826290
252 0.835539
285 0.846569
321 0.858294
362 0.870656
407 0.882259
457 0.892845
513 0.902340
575 0.910373
645 0.917017
723 0.922392
809 0.926902
905 0.930734
1011 0.933591
1130 0.935183
1261 0.935422
1407 0.934746
1570 0.933309
1750 0.931840
