4 0.726304
5 0.739546
7 0.758934
9 0.770480
11 0.777852
13 0.783383
16 0.790300
20 0.798514
23 0.803435
28 0.807167
33 0.805200
38 0.800459
45 0.793212
52 0.786905
60 0.782279
69 0.780202
79 0.780417
91 0.782558
104 0.786222
119 0.791013
135 0.795785
154 0.800708
174 0.804712
198 0.808199
223 0.811121
252 0.814344
285 0.818221
321 0.822974
362 0.828974
407 0.835873
457 0.843301
513 0.850615
575 0.857048
645 0.862125
723 0.865293
809 0.866388
905 0.865500
1011 0.863008
1130 0.859237
1261 0.854405
1407 0.848157
1570 0.840964
1750 0.834546
