4 0.690945
5 0.722119
7 0.771922
9 0.808957
11 0.836477
13 0.857231
16 0.879943
20 0.900614
23 0.911586
28 0.924015
33 0.931639
38 0.936523
45 0.940428
52 0.942132
60 0.942448
69 0.941399
79 0.939118
91 0.935449
104 0.930791
119 0.925042
135 0.918945
154 0.912238
174 0.906093
198 0.899842
223 0.894256
252 0.888559
285 0.882560
321 0.875964
362 0.867694
407 0.857075
457 0.843387
513 0.826102
575 0.805717
645 0.782879
723 0.757927
809 0.730191
905 0.699783
1011 0.669762
1130 0.641355
1261 0.613994
1407 0.587597
1570 0.562648
