206.0
195.0
240.0
251.0
276.0
269.0
257.0
261.0
246.0
228.0
231.0
241.0
213.0
215.0
213.0
237.0
287.0
301.0
257.0
235.0
226.0
224.0
238.0
265.0
269.0
261.0
235.0
210.0
211.0
246.0
261.0
270.0
300.0
333.0
344.0
279.0
276.0
272.0
274.0
288.0
299.0
300.0
317.0
298.0
255.0
250.0
256.0
267.0
293.0
282.0
295.0
322.0
284.0
267.0
292.0
287.0
248.0
265.0
269.0
266.0
273.0
271.0
282.0
281.0
316.0
338.0
365.0
400.0
365.0
370.0
353.0
321.0
326.0
318.0
307.0
345.0
356.0
352.0
360.0
329.0
288.0
277.0
297.0
302.0
300.0
307.0
281.0
297.0
309.0
300.0
333.0
342.0
344.0
346.0
336.0
339.0
327.0
329.0
301.0
310.0
317.0
276.0
282.0
296.0
322.0
341.0
331.0
326.0
306.0
271.0
262.0
261.0
276.0
280.0
270.0
259.0
250.0
297.0
288.0
261.0
253.0
271.0
250.0
213.0
206.0
200.0
196.0
201.0
223.0
235.0
221.0
178.0
207.0
224.0
220.0
216.0
205.0
186.0
195.0
228.0
242.0
246.0
257.0
276.0
288.0
267.0
241.0
224.0
246.0
266.0
268.0
259.0
260.0
254.0
231.0
173.0
148.0
115.0
68.0
48.0
26.0
2.0
22.0
56.0
65.0
49.0
44.0
8.0
-28.0
-22.0
-13.0
2.0
29.0
26.0
49.0
84.0
89.0
76.0
8.0
-35.0
-30.0
24.0
27.0
41.0
45.0
39.0
61.0
56.0
82.0
117.0
106.0
98.0
120.0
103.0
105.0
95.0
90.0
106.0
112.0
134.0
135.0
116.0
107.0
102.0
137.0
174.0
181.0
202.0
261.0
301.0
363.0
417.0
437.0
453.0
483.0
473.0
454.0
455.0
464.0
449.0
422.0
346.0
301.0
303.0
264.0
220.0
234.0
222.0
173.0
103.0
40.0
27.0
12.0
0.0
8.0
14.0
48.0
41.0
-16.0
-76.0
-66.0
-64.0
-68.0
-20.0
15.0
-23.0
-88.0
-121.0
-114.0
-41.0
-17.0
-20.0
-8.0
15.0
47.0
62.0
69.0
105.0
130.0
144.0
128.0
108.0
81.0
84.0
87.0
79.0
111.0
161.0
175.0
185.0
183.0
215.0
201.0
227.0
243.0
249.0
268.0
319.0
349.0
339.0
326.0
301.0
314.0
319.0
273.0
262.0
254.0
313.0
336.0
332.0
345.0
354.0
307.0
312.0
298.0
298.0
309.0
263.0
249.0
288.0
322.0
319.0
329.0
319.0
310.0
298.0
274.0
248.0
276.0
306.0
273.0
284.0
300.0
295.0
324.0
339.0
315.0
327.0
310.0
276.0
268.0
262.0
262.0
279.0
290.0
297.0
257.0
231.0
234.0
244.0
218.0
196.0
221.0
229.0
203.0
186.0
207.0
209.0
257.0
259.0
257.0
234.0
180.0
135.0
123.0
111.0
149.0
125.0
116.0
123.0
75.0
116.0
128.0
138.0
171.0
155.0
158.0
133.0
118.0
146.0
174.0
155.0
143.0
155.0
161.0
158.0
127.0
128.0
136.0
122.0
144.0
148.0
111.0
102.0
111.0
105.0
87.0
91.0
95.0
91.0
84.0
89.0
94.0
100.0
98.0
97.0
82.0
64.0
53.0
77.0
79.0
82.0
119.0
139.0
150.0
123.0
86.0
41.0
43.0
83.0
67.0
35.0
50.0
42.0
76.0
120.0
119.0
139.0
136.0
133.0
147.0
153.0
153.0
167.0
190.0
179.0
173.0
172.0
161.0
128.0
133.0
150.0
159.0
181.0
174.0
149.0
146.0
137.0
150.0
158.0
139.0
129.0
109.0
125.0
141.0
133.0
154.0
151.0
126.0
99.0
81.0
57.0
40.0
25.0
24.0
32.0
53.0
88.0
112.0
124.0
153.0
102.0
97.0
105.0
81.0
84.0
101.0
99.0
88.0
61.0
30.0
19.0
51.0
63.0
99.0
111.0
84.0
100.0
85.0
68.0
80.0
64.0
50.0
26.0
28.0
26.0
25.0
49.0
65.0
85.0
73.0
59.0
94.0
89.0
64.0
106.0
102.0
100.0
79.0
66.0
65.0
63.0
73.0
122.0
122.0
119.0
140.0
128.0
119.0
132.0
143.0
154.0
116.0
93.0
98.0
77.0
62.0
69.0
78.0
107.0
116.0
124.0
107.0
95.0
80.0
48.0
39.0
51.0
74.0
113.0
101.0
80.0
83.0
111.0
77.0
60.0
67.0
67.0
61.0
78.0
83.0
57.0
34.0
43.0
54.0
55.0
59.0
75.0
102.0
110.0
62.0
76.0
69.0
31.0
22.0
27.0
25.0
9.0
11.0
20.0
21.0
18.0
39.0
38.0
23.0
26.0
21.0
28.0
83.0
76.0
81.0
62.0
84.0
84.0
54.0
68.0
98.0
99.0
73.0
73.0
71.0
31.0
13.0
30.0
39.0
53.0
75.0
54.0
43.0
32.0
11.0
9.0
14.0
22.0
16.0
30.0
52.0
58.0
60.0
46.0
25.0
21.0
-1.0
-10.0
35.0
31.0
36.0
50.0
69.0
71.0
62.0
75.0
88.0
105.0
98.0
92.0
85.0
56.0
69.0
83.0
93.0
115.0
107.0
123.0
127.0
115.0
99.0
128.0
123.0
104.0
109.0
92.0
81.0
116.0
143.0
138.0
136.0
128.0
126.0
135.0
159.0
164.0
142.0
164.0
174.0
158.0
149.0
136.0
126.0
117.0
96.0
82.0
125.0
125.0
120.0
156.0
149.0
134.0
175.0
154.0
131.0
127.0
135.0
114.0
93.0
121.0
100.0
88.0
117.0
120.0
129.0
161.0
153.0
195.0
222.0
189.0
215.0
230.0
232.0
242.0
244.0
247.0
220.0
196.0
194.0
180.0
158.0
156.0
165.0
192.0
173.0
162.0
153.0
166.0
171.0
161.0
148.0
149.0
123.0
108.0
127.0
134.0
157.0
186.0
175.0
166.0
185.0
177.0
181.0
183.0
176.0
154.0
156.0
204.0
182.0
125.0
157.0
166.0
184.0
197.0
200.0
241.0
213.0
185.0
198.0
203.0
183.0
184.0
182.0
179.0
187.0
197.0
239.0
238.0
263.0
265.0
194.0
193.0
192.0
188.0
200.0
145.0
104.0
86.0
103.0
131.0
153.0
132.0
157.0
148.0
145.0
198.0
247.0
249.0
255.0
236.0
210.0
225.0
238.0
243.0
213.0
204.0
171.0
187.0
188.0
163.0
172.0
170.0
157.0
188.0
184.0
161.0
169.0
158.0
172.0
199.0
212.0
237.0
211.0
210.0
190.0
190.0
182.0
181.0
176.0
190.0
211.0
213.0
221.0
225.0
225.0
237.0
229.0
182.0
187.0
208.0
220.0
238.0
233.0
246.0
228.0
201.0
216.0
188.0
150.0
147.0
150.0
109.0
119.0
115.0
126.0
115.0
121.0
140.0
156.0
182.0
210.0
210.0
163.0
143.0
155.0
155.0
187.0
216.0
195.0
185.0
174.0
145.0
155.0
182.0
193.0
189.0
165.0
166.0
160.0
142.0
165.0
167.0
164.0
185.0
169.0
157.0
155.0
179.0
173.0
159.0
162.0
171.0
157.0
172.0
185.0
140.0
173.0
174.0
177.0
186.0
176.0
182.0
208.0
185.0
165.0
163.0
168.0
173.0
177.0
187.0
149.0
118.0
121.0
140.0
166.0
195.0
201.0
213.0
228.0
220.0
219.0
181.0
166.0
202.0
192.0
174.0
176.0
168.0
164.0
158.0
126.0
127.0
148.0
140.0
149.0
152.0
134.0
140.0
131.0
124.0
140.0
171.0
156.0
133.0
161.0
129.0
126.0
135.0
112.0
138.0
148.0
138.0
148.0
133.0
118.0
140.0
161.0
210.0
191.0
176.0
153.0
149.0
159.0
195.0
183.0
168.0
192.0
160.0
128.0
111.0
109.0
109.0
100.0
114.0
147.0
131.0
145.0
162.0
201.0
211.0
214.0
191.0
177.0
183.0
171.0
162.0
152.0
135.0
113.0
121.0
159.0
143.0
187.0
201.0
170.0
169.0
112.0
76.0
149.0
235.0
252.0
259.0
233.0
178.0
135.0
93.0
98.0
74.0
90.0
110.0
126.0
121.0
98.0
77.0
78.0
71.0
118.0
139.0
125.0
114.0
91.0
108.0
121.0
116.0
111.0
149.0
154.0
95.0
42.0
43.0
67.0
84.0
152.0
160.0
164.0
181.0
196.0
204.0
217.0
157.0
153.0
147.0
102.0
95.0
100.0
116.0
89.0
67.0
88.0
144.0
196.0
223.0
219.0
210.0
226.0
222.0
232.0
222.0
242.0
294.0
289.0
310.0
272.0
237.0
239.0
245.0
222.0
218.0
221.0
237.0
263.0
269.0
280.0
286.0
312.0
334.0
340.0
312.0
302.0
298.0
312.0
306.0
301.0
300.0
280.0
281.0
305.0
298.0
313.0
291.0
301.0
309.0
285.0
302.0
321.0
313.0
328.0
304.0
299.0
254.0
229.0
219.0
202.0
188.0
164.0
164.0
185.0
181.0
138.0
144.0
185.0
201.0
239.0
243.0
231.0
209.0
196.0
213.0
219.0
181.0
140.0
137.0
148.0
176.0
176.0
141.0
144.0
136.0
127.0
167.0
193.0
179.0
150.0
140.0
116.0
113.0
110.0
111.0
135.0
183.0
158.0
137.0
129.0
118.0
110.0
157.0
147.0
142.0
154.0
164.0
182.0
191.0
206.0
192.0
177.0
190.0
167.0
134.0
129.0
121.0
145.0
150.0
162.0
157.0
166.0
188.0
183.0
175.0
180.0
187.0
183.0
174.0
127.0
91.0
59.0
38.0
34.0
44.0
55.0
39.0
17.0
17.0
58.0
97.0
104.0
93.0
91.0
109.0
82.0
97.0
93.0
67.0
69.0
91.0
111.0
95.0
87.0
111.0
51.0
36.0
53.0
68.0
71.0
100.0
104.0
103.0
92.0
83.0
99.0
95.0
57.0
35.0
28.0
34.0
52.0
90.0
103.0
95.0
97.0
116.0
128.0
132.0
132.0
102.0
75.0
76.0
87.0
74.0
51.0
42.0
46.0
64.0
58.0
47.0
31.0
56.0
53.0
44.0
71.0
103.0
98.0
64.0
56.0
59.0
46.0
72.0
55.0
23.0
27.0
36.0
39.0
49.0
63.0
80.0
74.0
73.0
73.0
56.0
37.0
23.0
15.0
29.0
25.0
2.0
5.0
32.0
45.0
22.0
36.0
59.0
39.0
31.0
47.0
68.0
49.0
22.0
-17.0
-28.0
-31.0
-44.0
-51.0
-44.0
-65.0
-70.0
-54.0
-44.0
-23.0
-3.0
44.0
63.0
17.0
35.0
48.0
48.0
42.0
29.0
53.0
35.0
23.0
20.0
-10.0
-4.0
-4.0
10.0
36.0
23.0
2.0
-17.0
-27.0
-32.0
-27.0
-41.0
-28.0
-28.0
-51.0
-32.0
-22.0
-41.0
4.0
5.0
21.0
72.0
91.0
86.0
53.0
59.0
69.0
31.0
11.0
34.0
35.0
43.0
15.0
10.0
35.0
48.0
58.0
59.0
22.0
3.0
-4.0
4.0
18.0
-26.0
12.0
54.0
75.0
69.0
23.0
1.0
35.0
16.0
25.0
5.0
-6.0
-9.0
-13.0
36.0
50.0
52.0
43.0
44.0
29.0
43.0
51.0
48.0
50.0
51.0
49.0
53.0
63.0
60.0
54.0
50.0
64.0
80.0
73.0
78.0
95.0
70.0
47.0
56.0
62.0
31.0
2.0
3.0
16.0
43.0
48.0
33.0
15.0
-10.0
-24.0
-26.0
-15.0
24.0
39.0
30.0
39.0
40.0
14.0
5.0
-6.0
-12.0
-26.0
-26.0
-15.0
-4.0
5.0
-33.0
-6.0
27.0
41.0
17.0
10.0
-16.0
-11.0
-2.0
-7.0
13.0
24.0
45.0
42.0
6.0
15.0
55.0
60.0
12.0
-24.0
-44.0
-33.0
-27.0
-20.0
13.0
71.0
111.0
130.0
154.0
162.0
164.0
129.0
103.0
76.0
23.0
-8.0
-5.0
8.0
-17.0
-27.0
-22.0
-55.0
-46.0
-22.0
15.0
40.0
17.0
11.0
-1.0
-21.0
-16.0
-44.0
-28.0
-32.0
-32.0
-24.0
-22.0
-46.0
-30.0
-9.0
-4.0
-4.0
-2.0
23.0
24.0
11.0
-1.0
-12.0
-16.0
-7.0
5.0
42.0
32.0
8.0
23.0
13.0
27.0
29.0
19.0
-3.0
13.0
12.0
32.0
10.0
-5.0
3.0
-13.0
14.0
18.0
-6.0
-27.0
-38.0
-11.0
-8.0
-15.0
-7.0
-6.0
19.0
7.0
17.0
59.0
62.0
37.0
36.0
30.0
-4.0
-23.0
-49.0
-56.0
-43.0
-54.0
-33.0
-30.0
-41.0
-21.0
-21.0
9.0
22.0
9.0
8.0
-15.0
-2.0
20.0
9.0
-15.0
3.0
4.0
8.0
38.0
38.0
14.0
-2.0
14.0
19.0
9.0
-2.0
41.0
39.0
54.0
60.0
48.0
27.0
40.0
61.0
55.0
29.0
38.0
19.0
22.0
48.0
84.0
105.0
79.0
99.0
137.0
150.0
115.0
110.0
128.0
118.0
98.0
107.0
98.0
59.0
45.0
36.0
30.0
27.0
49.0
56.0
76.0
64.0
85.0
72.0
99.0
97.0
68.0
66.0
91.0
100.0
98.0
70.0
15.0
18.0
36.0
39.0
69.0
73.0
85.0
63.0
61.0
68.0
53.0
35.0
51.0
64.0
73.0
70.0
68.0
77.0
63.0
50.0
56.0
43.0
40.0
46.0
33.0
60.0
40.0
43.0
67.0
42.0
56.0
95.0
55.0
34.0
50.0
39.0
61.0
71.0
58.0
70.0
84.0
61.0
42.0
54.0
74.0
79.0
61.0
49.0
74.0
93.0
79.0
78.0
68.0
53.0
56.0
70.0
75.0
59.0
58.0
63.0
96.0
116.0
139.0
151.0
133.0
133.0
129.0
97.0
79.0
30.0
29.0
40.0
40.0
40.0
74.0
61.0
57.0
68.0
58.0
50.0
58.0
46.0
39.0
55.0
78.0
72.0
56.0
73.0
46.0
47.0
50.0
22.0
45.0
49.0
58.0
53.0
42.0
58.0
46.0
41.0
59.0
46.0
7.0
-6.0
-2.0
5.0
-20.0
-5.0
2.0
-5.0
16.0
28.0
30.0
37.0
32.0
30.0
2.0
-28.0
-13.0
1.0
10.0
42.0
67.0
72.0
60.0
31.0
31.0
63.0
50.0
53.0
43.0
41.0
29.0
14.0
14.0
14.0
-1.0
25.0
68.0
88.0
75.0
47.0
42.0
16.0
-11.0
-14.0
-19.0
21.0
25.0
-4.0
10.0
14.0
-7.0
-2.0
20.0
44.0
61.0
32.0
-12.0
14.0
10.0
18.0
43.0
64.0
97.0
102.0
79.0
38.0
11.0
20.0
36.0
60.0
73.0
59.0
67.0
91.0
121.0
110.0
98.0
113.0
112.0
109.0
118.0
132.0
121.0
127.0
157.0
146.0
148.0
145.0
135.0
170.0
176.0
167.0
146.0
142.0
152.0
133.0
132.0
155.0
153.0
138.0
119.0
111.0
140.0
142.0
130.0
140.0
146.0
173.0
167.0
145.0
152.0
133.0
133.0
149.0
153.0
168.0
178.0
162.0
154.0
171.0
193.0
206.0
152.0
129.0
144.0
163.0
182.0
173.0
147.0
142.0
152.0
172.0
189.0
174.0
195.0
192.0
178.0
159.0
117.0
138.0
187.0
206.0
203.0
215.0
259.0
262.0
232.0
230.0
242.0
278.0
317.0
285.0
268.0
284.0
261.0
228.0
232.0
202.0
181.0
180.0
166.0
204.0
187.0
187.0
201.0
184.0
157.0
157.0
145.0
161.0
185.0
194.0
230.0
249.0
248.0
214.0
188.0
237.0
257.0
259.0
261.0
270.0
259.0
264.0
248.0
267.0
275.0
288.0
271.0
256.0
252.0
195.0
178.0
172.0
145.0
161.0
187.0
179.0
173.0
189.0
158.0
129.0
137.0
141.0
134.0
127.0
129.0
124.0
149.0
162.0
154.0
143.0
155.0
166.0
148.0
133.0
114.0
102.0
116.0
124.0
104.0
80.0
79.0
113.0
118.0
119.0
114.0
154.0
176.0
193.0
178.0
130.0
105.0
106.0
83.0
84.0
71.0
89.0
104.0
55.0
50.0
77.0
81.0
88.0
70.0
58.0
71.0
102.0
110.0
74.0
37.0
48.0
68.0
60.0
81.0
88.0
102.0
97.0
66.0
37.0
22.0
35.0
63.0
64.0
45.0
27.0
3.0
31.0
64.0
67.0
52.0
54.0
47.0
54.0
45.0
39.0
35.0
38.0
30.0
8.0
-22.0
-2.0
27.0
42.0
34.0
48.0
87.0
91.0
73.0
82.0
70.0
83.0
89.0
66.0
65.0
74.0
69.0
60.0
62.0
62.0
66.0
61.0
64.0
72.0
81.0
89.0
83.0
91.0
64.0
41.0
30.0
56.0
72.0
86.0
58.0
51.0
68.0
96.0
96.0
116.0
107.0
88.0
71.0
56.0
62.0
31.0
54.0
76.0
80.0
83.0
84.0
88.0
70.0
79.0
96.0
68.0
45.0
81.0
106.0
87.0
59.0
65.0
68.0
50.0
62.0
59.0
61.0
77.0
44.0
23.0
7.0
-28.0
-6.0
26.0
30.0
29.0
27.0
33.0
33.0
31.0
35.0
52.0
56.0
52.0
12.0
-13.0
10.0
2.0
7.0
2.0
-8.0
11.0
-11.0
15.0
44.0
25.0
-23.0
-21.0
20.0
27.0
7.0
1.0
6.0
1.0
-13.0
-30.0
-20.0
15.0
-22.0
-72.0
-53.0
-81.0
-83.0
-94.0
-84.0
-71.0
-94.0
-40.0
-8.0
-37.0
-27.0
-12.0
-31.0
-35.0
-23.0
-34.0
-20.0
-9.0
-23.0
-24.0
-54.0
-72.0
-56.0
-48.0
-55.0
-62.0
-50.0
-32.0
-22.0
3.0
-16.0
-50.0
-70.0
-81.0
-59.0
-66.0
-84.0
-40.0
-26.0
-33.0
-69.0
-102.0
-100.0
-112.0
-138.0
-116.0
-123.0
-139.0
-154.0
-162.0
-169.0
-127.0
-100.0
-104.0
-109.0
-136.0
-147.0
-135.0
-131.0
-110.0
-108.0
-79.0
-56.0
-67.0
-90.0
-119.0
-122.0
-99.0
-99.0
-91.0
-114.0
-141.0
-127.0
-137.0
-121.0
-84.0
-78.0
-70.0
-43.0
-55.0
-33.0
-30.0
-54.0
-70.0
-103.0
-91.0
-65.0
-59.0
-72.0
-68.0
-43.0
-35.0
-45.0
-33.0
-46.0
-56.0
-40.0
-36.0
-42.0
-1.0
26.0
20.0
34.0
9.0
3.0
-41.0
-50.0
-50.0
-99.0
-79.0
-64.0
-92.0
-78.0
-85.0
-93.0
-93.0
-102.0
-80.0
-68.0
-75.0
-80.0
-93.0
-77.0
-74.0
-84.0
-90.0
-94.0
-108.0
-107.0
-110.0
-115.0
-124.0
-124.0
-112.0
-118.0
-118.0
-93.0
-103.0
-99.0
-125.0
-145.0
-115.0
-109.0
-116.0
-56.0
-51.0
-46.0
-55.0
-64.0
-61.0
-60.0
-71.0
-31.0
-21.0
-10.0
-28.0
-43.0
-56.0
-47.0
-40.0
-60.0
-43.0
-25.0
-44.0
-55.0
-27.0
-31.0
-62.0
-76.0
-53.0
-25.0
-35.0
-60.0
-49.0
-29.0
-41.0
-29.0
-29.0
-42.0
-24.0
-21.0
-50.0
-69.0
-39.0
-29.0
-12.0
3.0
34.0
16.0
34.0
11.0
-27.0
-15.0
2.0
18.0
23.0
17.0
14.0
-1.0
-5.0
-1.0
-3.0
3.0
2.0
-40.0
-26.0
-7.0
5.0
-7.0
-29.0
-33.0
-32.0
-3.0
-3.0
-18.0
-52.0
-68.0
-68.0
-97.0
-118.0
-119.0
-102.0
-119.0
-91.0
-67.0
-69.0
-55.0
-32.0
-55.0
-48.0
-62.0
-52.0
-44.0
-60.0
-48.0
-12.0
-17.0
-24.0
-55.0
-45.0
-59.0
-62.0
-53.0
-34.0
-34.0
-55.0
-84.0
-81.0
-105.0
-114.0
-69.0
-66.0
-72.0
-51.0
-27.0
-31.0
-26.0
-20.0
-35.0
-59.0
-87.0
-80.0
-103.0
-114.0
-89.0
-86.0
-107.0
-107.0
-100.0
-102.0
-79.0
-65.0
-74.0
-77.0
-88.0
-67.0
-69.0
-77.0
-93.0
-131.0
-127.0
-100.0
-67.0
-73.0
-77.0
-64.0
-92.0
-106.0
-109.0
-64.0
-67.0
-77.0
-71.0
-33.0
-36.0
-59.0
-68.0
-101.0
-126.0
-124.0
-99.0
-80.0
-93.0
-88.0
-61.0
-54.0
-54.0
-53.0
-44.0
-28.0
-33.0
-51.0
-72.0
-70.0
-82.0
-85.0
-75.0
-72.0
-78.0
-88.0
-80.0
-81.0
-62.0
-44.0
-29.0
-45.0
-80.0
-84.0
-64.0
-75.0
-77.0
-70.0
-91.0
-110.0
-127.0
-146.0
-106.0
-68.0
-42.0
-56.0
-106.0
-100.0
-102.0
-105.0
-90.0
-133.0
-139.0
-115.0
-107.0
-85.0
-58.0
-92.0
-99.0
-106.0
-110.0
-111.0
-112.0
-95.0
-84.0
-68.0
-71.0
-83.0
-69.0
-29.0
-25.0
-40.0
-49.0
-46.0
-43.0
-48.0
-54.0
-35.0
-29.0
-16.0
-38.0
-65.0
-77.0
-56.0
-41.0
-34.0
-36.0
-30.0
-36.0
-51.0
-57.0
-73.0
-91.0
-91.0
-60.0
-50.0
-62.0
-38.0
-7.0
-23.0
-41.0
-13.0
-25.0
-16.0
-9.0
-52.0
-32.0
-22.0
-34.0
-56.0
-65.0
-31.0
2.0
37.0
50.0
13.0
-15.0
-29.0
-54.0
-46.0
-24.0
-7.0
-5.0
-10.0
-4.0
-11.0
-25.0
-34.0
-18.0
3.0
7.0
11.0
21.0
31.0
5.0
-41.0
-56.0
-41.0
-35.0
-44.0
-55.0
-23.0
23.0
15.0
-22.0
-59.0
-72.0
-65.0
-51.0
-13.0
-1.0
8.0
-1.0
-2.0
34.0
10.0
17.0
25.0
7.0
16.0
17.0
19.0
43.0
54.0
62.0
46.0
50.0
56.0
48.0
70.0
106.0
91.0
108.0
97.0
69.0
67.0
90.0
98.0
132.0
163.0
169.0
174.0
170.0
145.0
130.0
115.0
138.0
143.0
138.0
152.0
158.0
190.0
164.0
140.0
137.0
109.0
111.0
131.0
149.0
168.0
159.0
136.0
114.0
91.0
102.0
109.0
106.0
145.0
191.0
210.0
199.0
156.0
136.0
140.0
124.0
128.0
121.0
115.0
116.0
140.0
144.0
137.0
109.0
91.0
131.0
177.0
173.0
174.0
192.0
153.0
149.0
163.0
166.0
188.0
212.0
186.0
178.0
185.0
161.0
127.0
115.0
119.0
104.0
115.0
166.0
173.0
165.0
165.0
162.0
163.0
160.0
144.0
137.0
98.0
91.0
107.0
123.0
126.0
108.0
111.0
116.0
108.0
78.0
82.0
100.0
112.0
80.0
71.0
60.0
39.0
53.0
76.0
53.0
62.0
93.0
74.0
74.0
90.0
75.0
60.0
43.0
65.0
93.0
83.0
83.0
106.0
83.0
80.0
64.0
69.0
72.0
27.0
47.0
72.0
46.0
58.0
88.0
82.0
77.0
78.0
62.0
85.0
100.0
109.0
77.0
36.0
27.0
48.0
60.0
37.0
23.0
54.0
50.0
1.0
4.0
4.0
8.0
50.0
58.0
59.0
39.0
33.0
36.0
63.0
69.0
76.0
88.0
94.0
67.0
44.0
26.0
-5.0
-30.0
-32.0
-65.0
-62.0
-21.0
13.0
40.0
74.0
74.0
55.0
35.0
13.0
11.0
46.0
93.0
73.0
55.0
42.0
26.0
8.0
16.0
7.0
-11.0
-18.0
6.0
36.0
45.0
25.0
4.0
-23.0
-46.0
-71.0
-95.0
-88.0
-106.0
-110.0
-126.0
-139.0
-82.0
-67.0
-89.0
-74.0
-72.0
-52.0
-29.0
-29.0
-39.0
-35.0
-31.0
-44.0
-55.0
-49.0
-32.0
-22.0
-65.0
-107.0
-111.0
-110.0
-101.0
-75.0
-67.0
-55.0
-23.0
-18.0
-12.0
-33.0
-49.0
-59.0
-56.0
-43.0
13.0
14.0
15.0
-11.0
-50.0
-49.0
-25.0
-3.0
-18.0
3.0
11.0
-22.0
-59.0
-72.0
-79.0
-101.0
-76.0
-55.0
-13.0
-14.0
-18.0
-66.0
-112.0
-136.0
-135.0
-122.0
-81.0
-52.0
-54.0
-79.0
-76.0
-52.0
-68.0
-70.0
-37.0
-46.0
-68.0
-57.0
-70.0
-109.0
-111.0
-96.0
-65.0
-45.0
-44.0
-23.0
-14.0
-17.0
-39.0
-63.0
-56.0
-72.0
-90.0
-72.0
-78.0
-68.0
-21.0
11.0
-17.0
-27.0
-32.0
-39.0
-37.0
-64.0
-72.0
-95.0
-136.0
-125.0
-95.0
-74.0
0.0
44.0
50.0
-8.0
-87.0
-100.0
-128.0
-115.0
-97.0
-103.0
-80.0
-98.0
-88.0
-91.0
-91.0
-104.0
-115.0
-147.0
-126.0
-98.0
-82.0
-82.0
-76.0
-70.0
-62.0
-62.0
-56.0
-73.0
-100.0
-88.0
-92.0
-97.0
-88.0
-102.0
-76.0
-34.0
-32.0
-24.0
-20.0
-50.0
-72.0
-69.0
-71.0
-86.0
-92.0
-122.0
-112.0
-106.0
-118.0
-62.0
-60.0
-80.0
-79.0
-106.0
-95.0
-60.0
-54.0
-34.0
-48.0
-79.0
-99.0
-119.0
-122.0
-111.0
-84.0
-66.0
-73.0
-77.0
-45.0
-24.0
-37.0
-36.0
-36.0
13.0
26.0
-14.0
-18.0
-18.0
-47.0
-32.0
-23.0
-14.0
21.0
32.0
4.0
6.0
33.0
59.0
36.0
35.0
44.0
46.0
38.0
43.0
36.0
59.0
93.0
93.0
76.0
57.0
51.0
51.0
52.0
57.0
61.0
54.0
43.0
35.0
42.0
36.0
34.0
69.0
51.0
17.0
33.0
50.0
24.0
21.0
9.0
29.0
36.0
15.0
-7.0
2.0
13.0
40.0
41.0
14.0
5.0
1.0
-19.0
-7.0
-6.0
7.0
22.0
15.0
21.0
18.0
17.0
17.0
-10.0
-8.0
-12.0
7.0
30.0
-5.0
-14.0
-2.0
4.0
9.0
-13.0
-7.0
7.0
41.0
40.0
7.0
-2.0
1.0
27.0
16.0
18.0
45.0
71.0
72.0
54.0
72.0
67.0
61.0
35.0
41.0
32.0
11.0
-10.0
-8.0
9.0
41.0
29.0
17.0
31.0
17.0
15.0
12.0
-1.0
33.0
44.0
36.0
22.0
-35.0
-49.0
-4.0
18.0
47.0
27.0
19.0
6.0
-29.0
-38.0
-24.0
-18.0
-22.0
-12.0
-23.0
-30.0
-42.0
-53.0
-56.0
-57.0
-28.0
-15.0
-1.0
14.0
16.0
27.0
-8.0
-25.0
-36.0
-18.0
-28.0
-34.0
-10.0
16.0
13.0
23.0
35.0
31.0
26.0
33.0
31.0
40.0
44.0
44.0
48.0
56.0
78.0
106.0
67.0
51.0
62.0
57.0
49.0
39.0
26.0
23.0
47.0
41.0
47.0
61.0
69.0
79.0
108.0
124.0
113.0
79.0
49.0
21.0
-13.0
-36.0
-21.0
7.0
21.0
33.0
35.0
47.0
42.0
25.0
27.0
45.0
22.0
3.0
-3.0
7.0
19.0
22.0
23.0
51.0
64.0
95.0
107.0
63.0
45.0
32.0
23.0
52.0
60.0
27.0
18.0
-18.0
-21.0
-2.0
-16.0
-7.0
1.0
23.0
-1.0
-46.0
-26.0
-23.0
-10.0
2.0
-46.0
-55.0
-34.0
-26.0
3.0
18.0
21.0
27.0
1.0
-46.0
-61.0
-72.0
-83.0
-99.0
-83.0
-55.0
-36.0
15.0
25.0
17.0
-3.0
-16.0
-5.0
-2.0
-41.0
-39.0
3.0
-18.0
-19.0
-20.0
-52.0
-63.0
-101.0
-86.0
-70.0
-69.0
-82.0
-88.0
-93.0
-125.0
-149.0
-139.0
-123.0
-126.0
-137.0
-127.0
-97.0
-68.0
-81.0
-114.0
-97.0
-73.0
-80.0
-100.0
-119.0
-113.0
-107.0
-116.0
-133.0
-143.0
-133.0
-163.0
-176.0
-118.0
-97.0
-68.0
-46.0
-20.0
-27.0
-45.0
-70.0
-77.0
-71.0
-61.0
-89.0
-67.0
-42.0
-61.0
-102.0
-114.0
-127.0
-91.0
-72.0
-66.0
-44.0
-33.0
-65.0
-69.0
-88.0
-97.0
-86.0
-99.0
-95.0
-82.0
-103.0
-122.0
-130.0
-113.0
-95.0
-115.0
-112.0
-111.0
-105.0
-131.0
-130.0
-102.0
-70.0
-60.0
-60.0
-104.0
-149.0
-106.0
-81.0
-116.0
-75.0
-38.0
-44.0
-78.0
-96.0
-78.0
-88.0
-79.0
-49.0
-65.0
-71.0
-108.0
-128.0
-134.0
-142.0
-138.0
-119.0
-92.0
-101.0
-100.0
-115.0
-111.0
-117.0
-85.0
-64.0
-76.0
-73.0
-83.0
-79.0
-66.0
-70.0
-60.0
-62.0
-90.0
-99.0
-98.0
-94.0
-76.0
-91.0
-79.0
-62.0
-57.0
-39.0
-58.0
-83.0
-78.0
-75.0
-81.0
-45.0
-74.0
-103.0
-95.0
-76.0
-71.0
-88.0
-121.0
-142.0
-152.0
-146.0
-130.0
-119.0
-92.0
-110.0
-92.0
-68.0
-43.0
-42.0
-53.0
-54.0
-51.0
-65.0
-96.0
-79.0
-71.0
-84.0
-61.0
-59.0
-82.0
-93.0
-100.0
-78.0
-80.0
-79.0
-64.0
-52.0
-53.0
-48.0
-23.0
-29.0
-29.0
-20.0
-43.0
-58.0
-13.0
24.0
-7.0
-23.0
-29.0
-27.0
-15.0
-22.0
-19.0
-46.0
-33.0
-11.0
-27.0
-33.0
3.0
5.0
-15.0
-22.0
-20.0
-49.0
-43.0
-58.0
-92.0
-89.0
-69.0
-92.0
-87.0
-86.0
-93.0
-76.0
-72.0
-53.0
-23.0
-70.0
-84.0
-66.0
-62.0
-65.0
-79.0
-76.0
-70.0
-50.0
-16.0
-10.0
-20.0
-58.0
-84.0
-74.0
-82.0
-89.0
-53.0
-33.0
-62.0
-67.0
-39.0
-54.0
-13.0
19.0
22.0
4.0
35.0
55.0
86.0
124.0
138.0
126.0
81.0
91.0
93.0
147.0
193.0
184.0
179.0
180.0
163.0
153.0
130.0
110.0
129.0
164.0
175.0
137.0
129.0
107.0
75.0
46.0
41.0
78.0
88.0
68.0
87.0
74.0
30.0
32.0
10.0
-24.0
-38.0
-30.0
-32.0
-19.0
-8.0
11.0
3.0
-5.0
-10.0
-9.0
13.0
21.0
3.0
-16.0
-16.0
-37.0
-49.0
-35.0
-7.0
6.0
12.0
26.0
38.0
52.0
62.0
58.0
45.0
73.0
72.0
80.0
105.0
63.0
29.0
32.0
37.0
36.0
56.0
41.0
-7.0
-22.0
3.0
17.0
-2.0
19.0
28.0
56.0
55.0
55.0
56.0
54.0
17.0
22.0
-14.0
-7.0
3.0
-13.0
-15.0
-30.0
-46.0
-23.0
-40.0
-39.0
-32.0
-43.0
-27.0
13.0
-16.0
-22.0
13.0
21.0
17.0
25.0
14.0
2.0
4.0
20.0
27.0
-2.0
4.0
5.0
-4.0
5.0
-22.0
-37.0
-35.0
-39.0
-64.0
-61.0
-60.0
-83.0
-56.0
-71.0
-102.0
-80.0
-58.0
-41.0
-31.0
-31.0
-4.0
4.0
-6.0
8.0
11.0
-16.0
-20.0
5.0
14.0
-7.0
-22.0
-17.0
-37.0
-25.0
-7.0
-10.0
12.0
48.0
60.0
81.0
66.0
74.0
84.0
89.0
106.0
149.0
146.0
115.0
71.0
52.0
39.0
26.0
59.0
97.0
92.0
84.0
85.0
71.0
70.0
84.0
93.0
84.0
107.0
128.0
129.0
93.0
92.0
128.0
164.0
193.0
194.0
183.0
150.0
98.0
102.0
62.0
27.0
70.0
126.0
168.0
163.0
133.0
120.0
79.0
59.0
50.0
72.0
82.0
90.0
93.0
91.0
98.0
110.0
99.0
125.0
128.0
107.0
136.0
130.0
137.0
161.0
136.0
115.0
103.0
65.0
28.0
16.0
43.0
67.0
99.0
108.0
94.0
105.0
95.0
84.0
69.0
71.0
83.0
106.0
95.0
88.0
62.0
44.0
29.0
16.0
15.0
32.0
64.0
46.0
58.0
71.0
65.0
62.0
81.0
81.0
97.0
65.0
35.0
62.0
64.0
73.0
91.0
96.0
90.0
88.0
74.0
44.0
35.0
39.0
63.0
43.0
23.0
32.0
18.0
-2.0
23.0
34.0
21.0
11.0
10.0
52.0
70.0
70.0
74.0
94.0
95.0
49.0
14.0
-7.0
-16.0
-8.0
-23.0
8.0
7.0
-14.0
9.0
2.0
-26.0
-8.0
-21.0
-17.0
-15.0
-40.0
-21.0
24.0
42.0
84.0
97.0
121.0
126.0
92.0
100.0
83.0
52.0
32.0
1.0
-42.0
-63.0
-46.0
-27.0
-26.0
-3.0
27.0
45.0
47.0
61.0
72.0
80.0
76.0
67.0
55.0
27.0
32.0
39.0
27.0
36.0
33.0
31.0
67.0
101.0
99.0
106.0
84.0
54.0
52.0
16.0
5.0
-27.0
-30.0
-16.0
-15.0
20.0
11.0
5.0
32.0
-15.0
-29.0
-13.0
-30.0
-26.0
-3.0
-16.0
11.0
22.0
18.0
12.0
14.0
13.0
6.0
-10.0
-21.0
-63.0
-56.0
-16.0
-8.0
-21.0
-36.0
-20.0
-5.0
-18.0
-13.0
13.0
-16.0
-9.0
24.0
13.0
0.0
-23.0
-2.0
2.0
20.0
19.0
-9.0
-22.0
-9.0
7.0
21.0
34.0
28.0
36.0
31.0
8.0
5.0
14.0
24.0
28.0
29.0
52.0
50.0
32.0
23.0
3.0
-29.0
-21.0
-3.0
1.0
3.0
23.0
56.0
77.0
62.0
24.0
17.0
67.0
52.0
17.0
7.0
15.0
56.0
39.0
25.0
34.0
35.0
44.0
67.0
60.0
54.0
55.0
41.0
25.0
37.0
38.0
37.0
17.0
-2.0
12.0
13.0
45.0
33.0
-22.0
-7.0
-18.0
-41.0
-46.0
-47.0
-27.0
10.0
9.0
-1.0
8.0
14.0
26.0
30.0
7.0
-25.0
-33.0
-36.0
-55.0
-33.0
-26.0
-34.0
-37.0
-91.0
-87.0
-46.0
-54.0
-54.0
-30.0
-17.0
-2.0
-2.0
-6.0
20.0
34.0
56.0
54.0
40.0
53.0
72.0
70.0
57.0
25.0
55.0
108.0
97.0
114.0
136.0
127.0
122.0
109.0
97.0
98.0
93.0
115.0
119.0
87.0
102.0
124.0
157.0
173.0
190.0
218.0
228.0
241.0
225.0
209.0
240.0
265.0
271.0
280.0
233.0
204.0
191.0
192.0
211.0
212.0
195.0
211.0
246.0
237.0
276.0
261.0
228.0
219.0
216.0
145.0
122.0
144.0
162.0
145.0
152.0
177.0
175.0
181.0
191.0
155.0
132.0
153.0
156.0
149.0
127.0
121.0
131.0
115.0
120.0
143.0
134.0
118.0
100.0
121.0
125.0
90.0
89.0
74.0
71.0
52.0
47.0
66.0
96.0
110.0
125.0
121.0
139.0
130.0
120.0
119.0
95.0
74.0
62.0
56.0
68.0
82.0
83.0
52.0
34.0
31.0
42.0
15.0
36.0
62.0
36.0
20.0
-5.0
-16.0
-11.0
2.0
-8.0
-31.0
-29.0
-48.0
-54.0
-25.0
-29.0
-24.0
-15.0
-14.0
-9.0
15.0
20.0
5.0
-13.0
-5.0
0.0
11.0
24.0
43.0
10.0
-9.0
-25.0
-10.0
10.0
8.0
-15.0
-29.0
-25.0
-35.0
-45.0
-42.0
-48.0
-40.0
-35.0
-37.0
-46.0
-64.0
-31.0
-17.0
-10.0
-30.0
-26.0
-21.0
-53.0
-99.0
-123.0
-106.0
-70.0
-59.0
-70.0
-47.0
-62.0
-69.0
-63.0
-55.0
-46.0
-54.0
-89.0
-81.0
-45.0
-51.0
-67.0
-81.0
-84.0
-99.0
-103.0
-117.0
-174.0
-173.0
-137.0
-135.0
-103.0
-71.0
-45.0
-35.0
-36.0
-27.0
-41.0
-70.0
-74.0
-73.0
-89.0
-108.0
-163.0
-216.0
-210.0
-210.0
-183.0
-161.0
-143.0
-159.0
-143.0
-102.0
-82.0
-86.0
-99.0
-97.0
-105.0
-94.0
-96.0
-103.0
-110.0
-134.0
-135.0
-134.0
-156.0
-148.0
-146.0
-155.0
-146.0
-149.0
-152.0
-127.0
-129.0
-118.0
-88.0
-62.0
-48.0
-56.0
-71.0
-84.0
-90.0
-127.0
-177.0
-183.0
-170.0
-180.0
-165.0
-130.0
-118.0
-106.0
-91.0
-99.0
-102.0
-110.0
-96.0
-97.0
-133.0
-133.0
-131.0
-153.0
-150.0
-134.0
-144.0
-133.0
-138.0
-102.0
-65.0
-72.0
-88.0
-100.0
-113.0
-121.0
-140.0
-111.0
-89.0
-95.0
-94.0
-98.0
-67.0
-50.0
-95.0
-93.0
-93.0
-158.0
-174.0
-155.0
-156.0
-130.0
-131.0
-133.0
-120.0
-133.0
-141.0
-138.0
-153.0
-175.0
-193.0
-197.0
-192.0
-181.0
-137.0
-156.0
-153.0
-127.0
-146.0
-127.0
-120.0
-139.0
-124.0
-115.0
-121.0
-116.0
-116.0
-135.0
-168.0
-164.0
-148.0
-175.0
-197.0
-170.0
-165.0
-158.0
-157.0
-177.0
-164.0
-143.0
-83.0
-47.0
-42.0
-29.0
-15.0
-24.0
-30.0
-43.0
-71.0
-56.0
-34.0
-49.0
-109.0
-140.0
-131.0
-128.0
-125.0
-128.0
-108.0
-62.0
-40.0
-51.0
-54.0
-63.0
-106.0
-127.0
-124.0
-83.0
-77.0
-99.0
-119.0
-141.0
-98.0
-69.0
-65.0
-91.0
-110.0
-118.0
-104.0
-114.0
-103.0
-85.0
-116.0
-92.0
-70.0
-68.0
-47.0
-68.0
-61.0
-53.0
-101.0
-135.0
-188.0
-197.0
-178.0
-146.0
-98.0
-77.0
-64.0
-28.0
-31.0
-23.0
-22.0
-60.0
-90.0
-101.0
-117.0
-110.0
-100.0
-126.0
-134.0
-127.0
-108.0
-91.0
-93.0
-81.0
-53.0
-53.0
-62.0
-120.0
-140.0
-154.0
-166.0
-149.0
-137.0
-116.0
-95.0
-65.0
-37.0
-24.0
-64.0
-68.0
-59.0
-54.0
-59.0
-70.0
-65.0
-92.0
-116.0
-116.0
-102.0
-68.0
-30.0
-37.0
-64.0
-77.0
-79.0
-77.0
-81.0
-49.0
1.0
12.0
34.0
23.0
-2.0
-20.0
-5.0
-6.0
-22.0
-22.0
-5.0
-27.0
-71.0
-46.0
-26.0
-2.0
31.0
27.0
32.0
17.0
-16.0
-10.0
11.0
17.0
-1.0
-30.0
-42.0
-41.0
-56.0
-77.0
-38.0
15.0
53.0
60.0
64.0
76.0
79.0
67.0
46.0
24.0
22.0
7.0
-35.0
-73.0
-87.0
-63.0
-21.0
25.0
52.0
94.0
117.0
91.0
73.0
53.0
17.0
-14.0
-46.0
-63.0
-72.0
-40.0
-17.0
-7.0
-11.0
3.0
38.0
50.0
50.0
19.0
5.0
5.0
-12.0
-22.0
-23.0
-23.0
-1.0
39.0
17.0
5.0
2.0
-12.0
-15.0
-31.0
-26.0
-40.0
-69.0
-106.0
-144.0
-145.0
-97.0
-56.0
1.0
20.0
-8.0
31.0
53.0
36.0
48.0
30.0
-1.0
-31.0
-44.0
-48.0
-55.0
-60.0
-45.0
-36.0
-44.0
-19.0
-8.0
-5.0
35.0
42.0
45.0
29.0
-1.0
-17.0
-51.0
-53.0
-22.0
-18.0
2.0
11.0
-1.0
-14.0
-16.0
12.0
45.0
49.0
12.0
-56.0
-76.0
-80.0
-87.0
-63.0
-26.0
-30.0
-10.0
-9.0
-13.0
-8.0
-10.0
4.0
10.0
13.0
28.0
24.0
44.0
56.0
69.0
32.0
-22.0
-71.0
-88.0
-84.0
-50.0
12.0
43.0
12.0
-40.0
-90.0
-111.0
-87.0
-20.0
-17.0
-14.0
-34.0
-81.0
-79.0
-16.0
25.0
7.0
21.0
36.0
22.0
-43.0
-114.0
-130.0
-102.0
-35.0
23.0
7.0
-2.0
-13.0
-7.0
8.0
30.0
61.0
55.0
42.0
26.0
-26.0
-48.0
-28.0
-17.0
-41.0
-27.0
-36.0
-26.0
4.0
5.0
-10.0
14.0
9.0
-7.0
-11.0
-41.0
-53.0
-38.0
-47.0
-53.0
-72.0
-76.0
-37.0
-6.0
21.0
11.0
12.0
-8.0
6.0
20.0
1.0
-2.0
6.0
17.0
63.0
46.0
-10.0
-11.0
-7.0
5.0
9.0
-8.0
-10.0
-17.0
-5.0
32.0
37.0
52.0
58.0
29.0
27.0
20.0
14.0
16.0
-17.0
-3.0
-17.0
-63.0
-73.0
-52.0
-14.0
39.0
12.0
24.0
35.0
26.0
13.0
8.0
3.0
2.0
-11.0
9.0
11.0
1.0
31.0
50.0
32.0
3.0
18.0
34.0
51.0
61.0
85.0
81.0
61.0
103.0
87.0
68.0
70.0
56.0
42.0
13.0
7.0
1.0
-43.0
-25.0
4.0
21.0
45.0
40.0
32.0
-2.0
-8.0
-2.0
-1.0
-10.0
-5.0
-20.0
-49.0
-19.0
-3.0
-3.0
-48.0
-80.0
-84.0
-83.0
-72.0
-45.0
-16.0
-2.0
11.0
11.0
1.0
-3.0
2.0
23.0
12.0
12.0
-1.0
-45.0
-75.0
-112.0
-110.0
-31.0
22.0
41.0
64.0
87.0
106.0
72.0
59.0
43.0
36.0
60.0
68.0
43.0
56.0
42.0
31.0
11.0
2.0
-12.0
12.0
26.0
47.0
72.0
80.0
70.0
71.0
83.0
64.0
62.0
69.0
87.0
118.0
107.0
92.0
70.0
59.0
63.0
59.0
67.0
59.0
60.0
71.0
90.0
86.0
93.0
93.0
87.0
90.0
70.0
49.0
50.0
35.0
17.0
24.0
29.0
33.0
43.0
27.0
33.0
62.0
74.0
83.0
97.0
97.0
89.0
74.0
69.0
63.0
33.0
24.0
11.0
33.0
49.0
62.0
87.0
89.0
67.0
86.0
89.0
16.0
-4.0
7.0
5.0
4.0
17.0
36.0
22.0
34.0
44.0
40.0
0.0
-25.0
-60.0
-68.0
-41.0
-41.0
-34.0
-17.0
-10.0
-30.0
-17.0
15.0
19.0
6.0
6.0
-14.0
-40.0
-52.0
-65.0
-80.0
-78.0
-86.0
-99.0
-80.0
-35.0
-1.0
16.0
38.0
0.0
-68.0
-100.0
-84.0
-96.0
-112.0
-144.0
-154.0
-202.0
-215.0
-186.0
-133.0
-86.0
-84.0
-60.0
-29.0
-56.0
-50.0
-74.0
-99.0
-90.0
-81.0
-67.0
-66.0
-99.0
-132.0
-153.0
-181.0
-153.0
-142.0
-140.0
-143.0
-152.0
-139.0
-148.0
-189.0
-205.0
-180.0
-170.0
-190.0
-186.0
-180.0
-163.0
-156.0
-142.0
-147.0
-150.0
-124.0
-137.0
-143.0
-124.0
-129.0
-120.0
-87.0
-83.0
-92.0
-105.0
-116.0
-133.0
-140.0
-126.0
-110.0
-111.0
-120.0
-112.0
-120.0
-145.0
-155.0
-147.0
-134.0
-111.0
-133.0
-116.0
-105.0
-106.0
-111.0
-91.0
-77.0
-96.0
-80.0
-108.0
-119.0
-110.0
-106.0
-96.0
-128.0
-138.0
-136.0
-137.0
-133.0
-127.0
-113.0
-94.0
-109.0
-103.0
-108.0
-107.0
-136.0
-155.0
-158.0
-143.0
-105.0
-104.0
-101.0
-101.0
-109.0
-117.0
-122.0
-117.0
-109.0
-106.0
-92.0
-84.0
-78.0
-74.0
-106.0
-105.0
-119.0
-136.0
-122.0
-99.0
-95.0
-117.0
-144.0
-111.0
-83.0
-69.0
-35.0
-23.0
-35.0
-33.0
-42.0
-75.0
-111.0
-136.0
-103.0
-88.0
-55.0
-7.0
1.0
10.0
-31.0
-91.0
-80.0
-67.0
-24.0
15.0
22.0
8.0
2.0
1.0
14.0
22.0
1.0
7.0
-31.0
-67.0
-79.0
-63.0
-38.0
-46.0
-65.0
-51.0
-38.0
-8.0
2.0
11.0
43.0
73.0
78.0
88.0
62.0
21.0
-11.0
-23.0
-30.0
-64.0
-79.0
-107.0
-127.0
-93.0
-41.0
11.0
16.0
25.0
46.0
81.0
71.0
84.0
69.0
76.0
92.0
81.0
43.0
20.0
-29.0
-44.0
-24.0
15.0
26.0
11.0
19.0
32.0
10.0
-2.0
-6.0
-13.0
7.0
-8.0
-13.0
6.0
23.0
35.0
20.0
-3.0
-30.0
-38.0
-15.0
4.0
10.0
10.0
33.0
67.0
79.0
89.0
72.0
74.0
71.0
71.0
64.0
42.0
61.0
60.0
26.0
-12.0
-18.0
8.0
25.0
36.0
33.0
5.0
12.0
53.0
87.0
89.0
79.0
67.0
50.0
18.0
35.0
41.0
-16.0
-32.0
-46.0
-47.0
-24.0
18.0
46.0
67.0
67.0
75.0
77.0
91.0
95.0
90.0
66.0
22.0
2.0
24.0
5.0
22.0
14.0
10.0
16.0
12.0
33.0
53.0
45.0
30.0
45.0
33.0
-17.0
-18.0
-4.0
21.0
48.0
38.0
5.0
7.0
-2.0
6.0
33.0
60.0
38.0
21.0
45.0
24.0
12.0
40.0
59.0
95.0
89.0
60.0
20.0
-17.0
-20.0
-2.0
11.0
18.0
23.0
19.0
34.0
11.0
28.0
45.0
71.0
109.0
107.0
89.0
73.0
36.0
33.0
19.0
-13.0
1.0
36.0
34.0
-5.0
-36.0
-66.0
-61.0
-42.0
-27.0
-14.0
19.0
13.0
-18.0
-25.0
-27.0
-42.0
-16.0
-17.0
-65.0
-92.0
-110.0
-125.0
-101.0
-72.0
-30.0
15.0
36.0
23.0
-2.0
12.0
23.0
18.0
-10.0
-19.0
2.0
-11.0
-35.0
-25.0
-14.0
-8.0
14.0
22.0
9.0
3.0
-4.0
-4.0
-11.0
-13.0
2.0
20.0
26.0
-24.0
-74.0
-34.0
22.0
23.0
25.0
51.0
40.0
36.0
39.0
49.0
27.0
11.0
44.0
37.0
33.0
50.0
24.0
1.0
29.0
15.0
-29.0
-91.0
-116.0
-108.0
-150.0
-215.0
-251.0
-276.0
-268.0
-244.0
-213.0
-188.0
-184.0
-167.0
-184.0
-190.0
-162.0
-130.0
-144.0
-167.0
-175.0
-155.0
-152.0
-148.0
-136.0
-152.0
-156.0
-133.0
-137.0
-128.0
-100.0
-82.0
-69.0
-78.0
-101.0
-86.0
-73.0
-88.0
-108.0
-103.0
-87.0
-90.0
-86.0
-61.0
-56.0
-46.0
-8.0
4.0
35.0
50.0
35.0
3.0
-18.0
7.0
0.0
-17.0
-27.0
-27.0
56.0
107.0
136.0
154.0
196.0
241.0
287.0
308.0
329.0
325.0
351.0
364.0
361.0
341.0
316.0
293.0
284.0
262.0
248.0
247.0
240.0
247.0
269.0
273.0
265.0
268.0
291.0
308.0
313.0
303.0
311.0
282.0
238.0
237.0
251.0
254.0
251.0
272.0
251.0
228.0
204.0
163.0
180.0
205.0
216.0
212.0
239.0
254.0
235.0
230.0
211.0
175.0
150.0
174.0
196.0
190.0
181.0
181.0
148.0
138.0
106.0
98.0
122.0
144.0
157.0
154.0
154.0
184.0
193.0
168.0
155.0
159.0
149.0
150.0
168.0
178.0
146.0
99.0
78.0
52.0
58.0
58.0
79.0
96.0
110.0
123.0
135.0
160.0
170.0
157.0
136.0
141.0
134.0
124.0
128.0
138.0
119.0
96.0
80.0
79.0
91.0
72.0
83.0
91.0
85.0
93.0
86.0
73.0
52.0
34.0
54.0
74.0
86.0
86.0
58.0
89.0
102.0
85.0
65.0
75.0
87.0
99.0
96.0
84.0
90.0
84.0
107.0
115.0
111.0
99.0
83.0
82.0
87.0
43.0
11.0
32.0
23.0
49.0
50.0
54.0
70.0
70.0
85.0
93.0
69.0
69.0
79.0
97.0
118.0
117.0
146.0
174.0
142.0
109.0
98.0
74.0
81.0
93.0
109.0
90.0
71.0
86.0
109.0
111.0
120.0
121.0
129.0
130.0
133.0
128.0
138.0
112.0
97.0
109.0
129.0
118.0
119.0
101.0
78.0
75.0
83.0
92.0
86.0
90.0
107.0
97.0
84.0
98.0
134.0
120.0
131.0
130.0
154.0
150.0
157.0
152.0
146.0
112.0
80.0
67.0
80.0
121.0
145.0
136.0
138.0
136.0
154.0
133.0
96.0
87.0
105.0
136.0
150.0
143.0
134.0
114.0
88.0
114.0
135.0
113.0
96.0
103.0
103.0
73.0
58.0
71.0
53.0
81.0
116.0
91.0
86.0
97.0
66.0
81.0
100.0
98.0
110.0
116.0
102.0
60.0
65.0
76.0
56.0
56.0
76.0
67.0
53.0
55.0
60.0
67.0
71.0
85.0
105.0
82.0
42.0
1.0
-25.0
-29.0
-28.0
-37.0
-3.0
17.0
20.0
12.0
-11.0
-11.0
5.0
-34.0
-48.0
-38.0
-4.0
56.0
76.0
78.0
31.0
17.0
15.0
7.0
19.0
16.0
-7.0
-13.0
-17.0
-6.0
-1.0
8.0
-12.0
-50.0
-85.0
-91.0
-81.0
-51.0
-12.0
-3.0
6.0
7.0
-5.0
-7.0
10.0
14.0
13.0
17.0
20.0
-17.0
-32.0
-10.0
-39.0
-8.0
-2.0
-9.0
-14.0
-15.0
10.0
59.0
45.0
41.0
34.0
7.0
-31.0
-18.0
-2.0
-2.0
-16.0
-17.0
-6.0
-43.0
6.0
-6.0
-15.0
-26.0
-22.0
-32.0
-25.0
-11.0
-25.0
-67.0
-89.0
-73.0
-71.0
-31.0
-12.0
-6.0
-27.0
-7.0
-8.0
6.0
20.0
43.0
65.0
77.0
60.0
13.0
-22.0
9.0
49.0
71.0
119.0
129.0
98.0
63.0
41.0
17.0
19.0
58.0
43.0
5.0
56.0
56.0
46.0
39.0
24.0
54.0
39.0
39.0
35.0
26.0
13.0
0.0
17.0
44.0
86.0
86.0
106.0
138.0
158.0
152.0
167.0
169.0
197.0
172.0
134.0
128.0
146.0
176.0
215.0
189.0
230.0
245.0
200.0
187.0
188.0
186.0
214.0
227.0
235.0
236.0
199.0
178.0
206.0
194.0
150.0
163.0
208.0
166.0
170.0
152.0
79.0
125.0
153.0
169.0
220.0
235.0
209.0
240.0
292.0
284.0
282.0
317.0
316.0
331.0
320.0
322.0
304.0
324.0
323.0
341.0
406.0
400.0
450.0
476.0
394.0
408.0
395.0
423.0
435.0
386.0
398.0
414.0
440.0
428.0
432.0
419.0
393.0
376.0
362.0
383.0
373.0
436.0
442.0
422.0
404.0
384.0
353.0
361.0
425.0
475.0
434.0
382.0
353.0
291.0
282.0
273.0
281.0
305.0
296.0
287.0
275.0
260.0
242.0
252.0
236.0
247.0
243.0
196.0
167.0
180.0
163.0
166.0
178.0
199.0
229.0
195.0
186.0
210.0
242.0
192.0
162.0
186.0
148.0
140.0
120.0
88.0
94.0
86.0
103.0
86.0
91.0
103.0
134.0
151.0
115.0
146.0
157.0
119.0
126.0
114.0
140.0
146.0
139.0
214.0
266.0
270.0
215.0
166.0
163.0
176.0
223.0
207.0
195.0
207.0
187.0
196.0
228.0
163.0
156.0
188.0
221.0
172.0
214.0
296.0
354.0
293.0
288.0
291.0
210.0
267.0
273.0
254.0
224.0
184.0
228.0
212.0
149.0
141.0
102.0
144.0
191.0
199.0
157.0
147.0
161.0
183.0
156.0
125.0
148.0
127.0
134.0
109.0
41.0
23.0
22.0
23.0
-18.0
-20.0
-12.0
-38.0
-41.0
-53.0
-33.0
-80.0
-64.0
-49.0
-35.0
-31.0
-63.0
-90.0
-74.0
-46.0
-20.0
-52.0
-59.0
-130.0
-156.0
-162.0
-152.0
-156.0
-168.0
-183.0
-187.0
-242.0
-278.0
-281.0
-265.0
-207.0
-186.0
-182.0
-256.0
-263.0
-222.0
-243.0
-231.0
-232.0
-225.0
-206.0
-234.0
-231.0
-267.0
-305.0
-314.0
-348.0
-259.0
-216.0
-220.0
-241.0
-291.0
-320.0
-335.0
-271.0
-203.0
-270.0
-283.0
-282.0
-252.0
-253.0
-319.0
-329.0
-295.0
-303.0
-279.0
-256.0
-253.0
-282.0
-306.0
-404.0
-408.0
-362.0
-397.0
-362.0
-304.0
-313.0
-276.0
-229.0
-245.0
-306.0
-316.0
-293.0
-312.0
-261.0
-242.0
-277.0
-287.0
-289.0
-315.0
-310.0
-308.0
-296.0
-267.0
-262.0
-194.0
-227.0
-262.0
-241.0
-279.0
-275.0
-234.0
-212.0
-208.0
-230.0
-218.0
-228.0
-250.0
-225.0
-220.0
-249.0
-263.0
-267.0
-279.0
-280.0
-181.0
-161.0
-191.0
-147.0
-185.0
-240.0
-291.0
-296.0
-333.0
-347.0
-361.0
-355.0
-367.0
-419.0
-429.0
-418.0
-412.0
-381.0
-402.0
-407.0
-398.0
-365.0
-348.0
-327.0
-382.0
-379.0
-385.0
-388.0
-404.0
-387.0
-362.0
-341.0
-351.0
-382.0
-397.0
-420.0
-384.0
-359.0
-319.0
-329.0
-288.0
-254.0
-328.0
-348.0
-334.0
-360.0
-350.0
-301.0
-284.0
-260.0
-227.0
-210.0
-240.0
-262.0
-281.0
-281.0
-297.0
-319.0
-272.0
-276.0
-244.0
-243.0
-237.0
-231.0
-231.0
-203.0
-222.0
-255.0
-221.0
-210.0
-276.0
-289.0
-297.0
-309.0
-293.0
-281.0
-226.0
-234.0
-239.0
-228.0
-241.0
-232.0
-219.0
-244.0
-265.0
-283.0
-280.0
-261.0
-279.0
-261.0
-259.0
-229.0
-216.0
-189.0
-153.0
-159.0
-155.0
-188.0
-217.0
-226.0
-267.0
-271.0
-225.0
-222.0
-201.0
-190.0
-197.0
-192.0
-191.0
-209.0
-241.0
-229.0
-191.0
-175.0
-184.0
-194.0
-173.0
-198.0
-251.0
-251.0
-259.0
-279.0
-264.0
-252.0
-222.0
-234.0
-258.0
-303.0
-310.0
-282.0
-278.0
-240.0
-203.0
-168.0
-165.0
-178.0
-187.0
-179.0
-213.0
-261.0
-276.0
-265.0
-242.0
-248.0
-246.0
-230.0
-254.0
-247.0
-220.0
-223.0
-196.0
-165.0
-138.0
-108.0
-159.0
-202.0
-175.0
-157.0
-148.0
-148.0
-135.0
-150.0
-155.0
-131.0
-130.0
-187.0
-221.0
-178.0
-214.0
-263.0
-259.0
-255.0
-244.0
-211.0
-161.0
-146.0
-106.0
-7.0
-34.0
-85.0
-58.0
-122.0
-107.0
-56.0
-109.0
-55.0
-101.0
-94.0
-106.0
-100.0
-67.0
-19.0
41.0
21.0
-8.0
-1.0
7.0
-38.0
-71.0
-96.0
-45.0
26.0
49.0
62.0
17.0
29.0
38.0
70.0
69.0
97.0
81.0
59.0
48.0
47.0
41.0
33.0
-33.0
-79.0
-109.0
-120.0
-133.0
-167.0
-145.0
-181.0
-199.0
-144.0
-102.0
-98.0
-55.0
-43.0
-26.0
-26.0
-17.0
8.0
9.0
5.0
-19.0
-64.0
-85.0
-102.0
-141.0
-162.0
-182.0
-186.0
-165.0
-132.0
-101.0
-123.0
-176.0
-183.0
-225.0
-193.0
-159.0
-123.0
-93.0
-108.0
-115.0
-110.0
-92.0
-87.0
-107.0
-121.0
-98.0
-83.0
-104.0
-110.0
-93.0
-107.0
-92.0
-95.0
-77.0
-70.0
-106.0
-125.0
-147.0
-163.0
-172.0
-176.0
-174.0
-170.0
-145.0
-73.0
-59.0
-44.0
-19.0
-5.0
-27.0
-53.0
-64.0
-104.0
-93.0
-57.0
-60.0
-82.0
-115.0
-139.0
-84.0
-41.0
-14.0
32.0
68.0
67.0
20.0
-18.0
-40.0
-28.0
-35.0
-61.0
-47.0
-27.0
-21.0
-46.0
-57.0
-22.0
-13.0
-12.0
-9.0
1.0
46.0
34.0
5.0
10.0
-18.0
-22.0
-13.0
-34.0
-52.0
-79.0
-109.0
-98.0
-78.0
-93.0
-78.0
-67.0
-83.0
-68.0
-50.0
-69.0
-68.0
-49.0
-28.0
-31.0
-26.0
-35.0
-20.0
-30.0
-71.0
-63.0
-29.0
-3.0
3.0
-14.0
-23.0
-59.0
-64.0
-40.0
-24.0
-26.0
-27.0
-68.0
-78.0
-35.0
-84.0
-116.0
-75.0
-74.0
-39.0
-15.0
-38.0
-75.0
-76.0
-52.0
-29.0
-24.0
-3.0
-14.0
8.0
-13.0
-55.0
-62.0
-46.0
-59.0
-48.0
-28.0
-51.0
-53.0
-53.0
-39.0
-44.0
-57.0
-83.0
-65.0
-53.0
-21.0
23.0
-18.0
-74.0
-116.0
-84.0
-73.0
-76.0
-107.0
-105.0
-111.0
-135.0
-135.0
-102.0
-80.0
-79.0
-70.0
-54.0
-78.0
-82.0
-106.0
-106.0
-100.0
-108.0
-92.0
-94.0
-94.0
-118.0
-103.0
-86.0
-71.0
-65.0
-45.0
-63.0
-59.0
-55.0
-70.0
-53.0
-49.0
-53.0
-19.0
-45.0
-71.0
-56.0
-35.0
-17.0
-26.0
-71.0
-99.0
-103.0
-96.0
-100.0
-90.0
-54.0
-34.0
-20.0
-22.0
-22.0
-11.0
-23.0
-59.0
-75.0
-73.0
-73.0
-120.0
-153.0
-182.0
-160.0
-149.0
-140.0
-108.0
-67.0
-41.0
-45.0
-56.0
-39.0
-64.0
-67.0
-64.0
-48.0
-33.0
-29.0
-27.0
-33.0
-50.0
-95.0
-78.0
-107.0
-73.0
-36.0
-19.0
-18.0
11.0
34.0
-17.0
-21.0
-3.0
25.0
31.0
47.0
41.0
-9.0
-34.0
-26.0
-90.0
-80.0
-52.0
-49.0
-52.0
-13.0
20.0
-20.0
10.0
38.0
50.0
89.0
101.0
110.0
80.0
120.0
103.0
73.0
82.0
86.0
90.0
105.0
84.0
80.0
103.0
127.0
156.0
195.0
168.0
136.0
147.0
149.0
138.0
145.0
142.0
136.0
117.0
106.0
107.0
96.0
128.0
147.0
139.0
146.0
124.0
102.0
105.0
135.0
124.0
101.0
103.0
110.0
67.0
74.0
55.0
64.0
58.0
106.0
117.0
108.0
107.0
127.0
122.0
133.0
129.0
120.0
125.0
98.0
63.0
54.0
54.0
23.0
-7.0
-8.0
-31.0
-21.0
-7.0
21.0
2.0
5.0
29.0
20.0
4.0
73.0
103.0
115.0
119.0
121.0
73.0
106.0
90.0
67.0
62.0
51.0
60.0
98.0
111.0
69.0
81.0
126.0
117.0
110.0
109.0
89.0
86.0
82.0
74.0
48.0
23.0
25.0
41.0
70.0
48.0
69.0
103.0
91.0
56.0
37.0
31.0
6.0
4.0
4.0
-8.0
18.0
33.0
26.0
65.0
55.0
35.0
63.0
63.0
67.0
26.0
29.0
52.0
68.0
61.0
22.0
36.0
45.0
61.0
68.0
58.0
21.0
22.0
29.0
-13.0
8.0
55.0
75.0
95.0
76.0
48.0
15.0
-25.0
-53.0
-64.0
-25.0
23.0
36.0
28.0
8.0
24.0
22.0
-7.0
-49.0
-32.0
-22.0
-14.0
2.0
-8.0
-11.0
-7.0
-5.0
27.0
-5.0
19.0
22.0
7.0
-2.0
-97.0
-107.0
-95.0
-83.0
-33.0
3.0
47.0
23.0
54.0
58.0
31.0
20.0
25.0
13.0
40.0
28.0
63.0
33.0
-23.0
-32.0
-34.0
-67.0
-65.0
-99.0
-51.0
-40.0
-26.0
-10.0
26.0
30.0
12.0
-25.0
-74.0
-50.0
-39.0
-66.0
-45.0
-59.0
-69.0
-45.0
-64.0
-74.0
-63.0
-89.0
-96.0
-114.0
-66.0
-65.0
-39.0
7.0
-14.0
-22.0
-16.0
9.0
1.0
-8.0
0.0
-64.0
-76.0
-73.0
-87.0
-114.0
-114.0
-77.0
-41.0
-19.0
-27.0
-18.0
-16.0
-27.0
-50.0
-74.0
-84.0
-111.0
-88.0
-62.0
-51.0
-83.0
-86.0
-120.0
-137.0
-133.0
-135.0
-121.0
-103.0
-68.0
-100.0
-139.0
-146.0
-109.0
-99.0
-132.0
-124.0
-129.0
-144.0
-148.0
-112.0
-96.0
-78.0
-15.0
-32.0
-106.0
-121.0
-103.0
-105.0
-115.0
-119.0
-122.0
-71.0
-50.0
-50.0
-64.0
-65.0
-105.0
-112.0
-87.0
-42.0
-28.0
-26.0
-34.0
-92.0
-116.0
-88.0
-83.0
-72.0
-62.0
-37.0
-31.0
-13.0
-6.0
-43.0
-78.0
-101.0
-143.0
-133.0
-119.0
-124.0
-133.0
-127.0
-137.0
-122.0
-66.0
-17.0
2.0
-81.0
-93.0
-65.0
-44.0
-24.0
-54.0
-76.0
-80.0
-96.0
-119.0
-127.0
-90.0
-87.0
-84.0
-70.0
-26.0
16.0
32.0
-25.0
-23.0
15.0
25.0
53.0
75.0
34.0
25.0
63.0
60.0
71.0
67.0
36.0
-4.0
-6.0
-44.0
-60.0
-42.0
-17.0
12.0
25.0
-34.0
-50.0
-23.0
11.0
-34.0
-30.0
-10.0
-33.0
-16.0
-5.0
-4.0
-7.0
-28.0
-13.0
-1.0
-15.0
-22.0
-8.0
3.0
-31.0
-24.0
-26.0
30.0
53.0
25.0
35.0
42.0
35.0
6.0
6.0
-14.0
-24.0
0.0
26.0
37.0
26.0
36.0
55.0
72.0
45.0
15.0
17.0
59.0
43.0
58.0
56.0
54.0
46.0
35.0
46.0
52.0
66.0
69.0
52.0
77.0
79.0
59.0
87.0
117.0
107.0
76.0
90.0
84.0
68.0
63.0
52.0
69.0
79.0
58.0
67.0
66.0
78.0
74.0
73.0
85.0
67.0
35.0
43.0
79.0
76.0
77.0
124.0
111.0
107.0
102.0
70.0
43.0
65.0
106.0
95.0
78.0
57.0
41.0
36.0
76.0
75.0
76.0
97.0
115.0
91.0
77.0
103.0
76.0
57.0
63.0
46.0
56.0
85.0
68.0
43.0
35.0
41.0
23.0
56.0
59.0
56.0
93.0
142.0
87.0
65.0
75.0
24.0
1.0
10.0
39.0
65.0
77.0
82.0
95.0
80.0
111.0
142.0
111.0
112.0
165.0
158.0
158.0
168.0
115.0
80.0
60.0
94.0
126.0
149.0
136.0
121.0
105.0
113.0
179.0
195.0
156.0
167.0
173.0
110.0
82.0
72.0
55.0
100.0
79.0
70.0
135.0
154.0
144.0
155.0
159.0
156.0
84.0
64.0
84.0
56.0
88.0
155.0
168.0
157.0
152.0
122.0
121.0
110.0
86.0
79.0
112.0
94.0
69.0
73.0
105.0
88.0
62.0
81.0
90.0
116.0
153.0
156.0
168.0
161.0
181.0
162.0
130.0
141.0
101.0
65.0
90.0
110.0
114.0
100.0
106.0
146.0
130.0
163.0
165.0
161.0
119.0
78.0
76.0
140.0
176.0
155.0
138.0
124.0
145.0
141.0
111.0
95.0
92.0
86.0
114.0
108.0
105.0
119.0
103.0
34.0
-31.0
-23.0
41.0
78.0
125.0
146.0
119.0
106.0
108.0
102.0
83.0
106.0
117.0
144.0
153.0
142.0
100.0
62.0
26.0
21.0
61.0
82.0
87.0
81.0
74.0
64.0
50.0
75.0
104.0
96.0
92.0
133.0
108.0
80.0
64.0
34.0
43.0
61.0
54.0
83.0
63.0
61.0
28.0
61.0
120.0
121.0
114.0
120.0
107.0
63.0
29.0
2.0
2.0
58.0
87.0
77.0
85.0
109.0
134.0
81.0
42.0
46.0
47.0
98.0
101.0
60.0
74.0
78.0
78.0
62.0
67.0
122.0
148.0
93.0
62.0
23.0
32.0
37.0
38.0
62.0
99.0
145.0
183.0
167.0
112.0
32.0
20.0
18.0
20.0
29.0
41.0
30.0
23.0
35.0
42.0
73.0
61.0
58.0
40.0
23.0
27.0
59.0
58.0
68.0
64.0
49.0
53.0
18.0
30.0
41.0
54.0
61.0
35.0
8.0
-3.0
24.0
52.0
56.0
50.0
49.0
73.0
107.0
124.0
72.0
44.0
67.0
42.0
29.0
60.0
20.0
-10.0
1.0
32.0
53.0
80.0
118.0
100.0
97.0
67.0
48.0
3.0
-11.0
8.0
22.0
22.0
16.0
6.0
8.0
35.0
55.0
68.0
109.0
161.0
134.0
118.0
86.0
25.0
-25.0
-14.0
20.0
13.0
13.0
-14.0
-37.0
-24.0
-50.0
-16.0
64.0
84.0
68.0
90.0
58.0
25.0
-7.0
1.0
21.0
53.0
103.0
159.0
125.0
128.0
136.0
119.0
101.0
63.0
42.0
59.0
93.0
115.0
109.0
71.0
31.0
7.0
-4.0
-6.0
-1.0
-6.0
-12.0
-8.0
10.0
44.0
36.0
22.0
-3.0
3.0
7.0
15.0
34.0
56.0
-14.0
-16.0
17.0
47.0
45.0
36.0
5.0
12.0
34.0
22.0
7.0
27.0
52.0
81.0
20.0
4.0
44.0
79.0
86.0
86.0
87.0
92.0
108.0
96.0
78.0
46.0
17.0
27.0
56.0
91.0
118.0
109.0
94.0
100.0
70.0
60.0
55.0
25.0
28.0
24.0
11.0
7.0
6.0
51.0
78.0
32.0
25.0
-18.0
-26.0
-43.0
-23.0
25.0
48.0
67.0
52.0
25.0
8.0
30.0
21.0
15.0
47.0
63.0
55.0
71.0
47.0
53.0
44.0
41.0
59.0
62.0
33.0
6.0
13.0
42.0
14.0
17.0
39.0
26.0
-4.0
-39.0
-71.0
-70.0
-30.0
7.0
41.0
70.0
35.0
9.0
11.0
38.0
37.0
23.0
56.0
36.0
12.0
-1.0
-42.0
-67.0
-42.0
20.0
39.0
25.0
65.0
90.0
40.0
49.0
37.0
80.0
68.0
46.0
59.0
63.0
41.0
11.0
-12.0
8.0
48.0
71.0
103.0
73.0
54.0
47.0
39.0
42.0
30.0
-7.0
2.0
30.0
33.0
78.0
74.0
70.0
54.0
14.0
40.0
45.0
58.0
67.0
50.0
26.0
37.0
54.0
17.0
26.0
20.0
18.0
36.0
16.0
14.0
31.0
43.0
22.0
1.0
6.0
-28.0
-45.0
-48.0
-59.0
-98.0
-107.0
-94.0
-67.0
-41.0
-18.0
5.0
7.0
35.0
38.0
12.0
11.0
4.0
-22.0
-3.0
-55.0
-56.0
-53.0
2.0
-10.0
-26.0
3.0
10.0
11.0
45.0
53.0
65.0
57.0
81.0
79.0
59.0
36.0
19.0
34.0
37.0
5.0
14.0
40.0
40.0
40.0
11.0
25.0
24.0
11.0
15.0
29.0
16.0
41.0
51.0
39.0
19.0
45.0
41.0
25.0
26.0
41.0
34.0
56.0
63.0
70.0
98.0
81.0
56.0
72.0
89.0
97.0
115.0
124.0
109.0
135.0
133.0
89.0
84.0
74.0
57.0
58.0
52.0
86.0
105.0
91.0
76.0
17.0
-27.0
-34.0
-13.0
4.0
23.0
35.0
41.0
58.0
62.0
52.0
29.0
30.0
-3.0
-52.0
-36.0
-5.0
36.0
57.0
66.0
71.0
28.0
9.0
9.0
-32.0
-57.0
-67.0
-67.0
-23.0
6.0
12.0
53.0
19.0
28.0
13.0
-3.0
-3.0
1.0
-42.0
-73.0
-77.0
-49.0
-14.0
15.0
26.0
-6.0
-26.0
6.0
-7.0
-16.0
16.0
8.0
27.0
50.0
41.0
16.0
5.0
23.0
-37.0
-44.0
-32.0
-82.0
-43.0
-16.0
-2.0
-6.0
-3.0
-37.0
-35.0
-6.0
-32.0
-26.0
-41.0
-45.0
-21.0
-35.0
-68.0
-84.0
-71.0
7.0
17.0
-21.0
-1.0
-13.0
-42.0
-48.0
-47.0
-47.0
-28.0
-51.0
-23.0
-26.0
-21.0
-32.0
-45.0
-29.0
-54.0
-55.0
-44.0
-93.0
-69.0
-27.0
-5.0
53.0
54.0
50.0
19.0
-56.0
-51.0
-41.0
-45.0
-54.0
-53.0
-83.0
-82.0
-96.0
-62.0
-35.0
-20.0
-10.0
-14.0
-3.0
-35.0
-83.0
-115.0
-144.0
-136.0
-152.0
-149.0
-116.0
-117.0
-110.0
-97.0
-55.0
-16.0
2.0
7.0
-12.0
-23.0
-32.0
-77.0
-91.0
-79.0
-68.0
-89.0
-93.0
-88.0
-66.0
-69.0
-67.0
-26.0
11.0
1.0
-43.0
-54.0
-60.0
-62.0
-27.0
-33.0
-2.0
-14.0
-10.0
-28.0
-52.0
-39.0
-14.0
-24.0
-42.0
-11.0
30.0
21.0
3.0
16.0
54.0
82.0
58.0
54.0
82.0
29.0
20.0
45.0
-12.0
-41.0
-51.0
-70.0
-64.0
-37.0
-56.0
-25.0
33.0
67.0
92.0
91.0
70.0
16.0
19.0
16.0
13.0
-39.0
-65.0
-61.0
-72.0
-74.0
-83.0
-73.0
-37.0
-3.0
35.0
44.0
50.0
35.0
37.0
4.0
-36.0
-43.0
-22.0
-29.0
-48.0
-64.0
-113.0
-141.0
-87.0
-41.0
-25.0
-30.0
-8.0
4.0
9.0
22.0
20.0
24.0
-18.0
-40.0
-33.0
-31.0
-33.0
-56.0
-46.0
-64.0
-94.0
-114.0
-176.0
-168.0
-87.0
-70.0
-58.0
-29.0
-59.0
-54.0
11.0
32.0
10.0
-14.0
2.0
-14.0
-6.0
21.0
3.0
-8.0
-37.0
-49.0
-100.0
-73.0
-30.0
-11.0
-30.0
-30.0
6.0
22.0
-31.0
-24.0
-59.0
-62.0
-37.0
-37.0
-81.0
-89.0
-30.0
-52.0
-38.0
-20.0
-47.0
-66.0
-48.0
-42.0
-74.0
-59.0
-50.0
-55.0
-38.0
-15.0
12.0
13.0
53.0
65.0
30.0
11.0
14.0
11.0
17.0
49.0
68.0
71.0
65.0
21.0
-16.0
15.0
53.0
58.0
71.0
94.0
119.0
126.0
99.0
33.0
8.0
-7.0
-22.0
-44.0
-45.0
-65.0
-15.0
41.0
36.0
49.0
73.0
58.0
44.0
60.0
63.0
54.0
55.0
65.0
61.0
37.0
38.0
13.0
-10.0
12.0
18.0
40.0
66.0
88.0
136.0
138.0
111.0
153.0
157.0
159.0
132.0
118.0
124.0
101.0
61.0
31.0
-1.0
-7.0
-1.0
25.0
51.0
63.0
74.0
71.0
54.0
67.0
58.0
11.0
29.0
19.0
59.0
43.0
5.0
31.0
48.0
59.0
43.0
56.0
59.0
62.0
96.0
95.0
99.0
103.0
102.0
96.0
81.0
88.0
102.0
93.0
81.0
102.0
103.0
74.0
88.0
62.0
50.0
76.0
65.0
74.0
81.0
58.0
41.0
58.0
37.0
50.0
84.0
81.0
86.0
90.0
16.0
42.0
57.0
75.0
67.0
42.0
52.0
59.0
59.0
59.0
76.0
66.0
16.0
22.0
29.0
12.0
-15.0
-21.0
-10.0
-5.0
-21.0
-46.0
-63.0
-82.0
-97.0
-105.0
-72.0
-79.0
-96.0
-83.0
-80.0
-80.0
-82.0
-83.0
-87.0
-92.0
-105.0
-117.0
-116.0
-106.0
-88.0
-58.0
-39.0
-49.0
-63.0
-54.0
-31.0
-9.0
-25.0
-1.0
24.0
-7.0
-3.0
-8.0
23.0
35.0
48.0
16.0
-21.0
24.0
6.0
33.0
60.0
9.0
-36.0
-12.0
-19.0
-33.0
-13.0
20.0
5.0
-21.0
-1.0
-3.0
7.0
4.0
-3.0
-30.0
-2.0
7.0
-15.0
-58.0
-76.0
-86.0
-81.0
-70.0
-91.0
-103.0
-86.0
-76.0
-71.0
-71.0
-58.0
-86.0
-89.0
-105.0
-83.0
-99.0
-101.0
-102.0
-125.0
-103.0
-65.0
-72.0
-102.0
-118.0
-124.0
-93.0
-64.0
-61.0
-69.0
-69.0
-65.0
-29.0
-62.0
-58.0
-38.0
-79.0
-98.0
-92.0
-96.0
-129.0
-137.0
-128.0
-154.0
-136.0
-93.0
-82.0
-94.0
-79.0
-79.0
-50.0
-55.0
-90.0
-92.0
-91.0
-104.0
-128.0
-136.0
-92.0
-115.0
-111.0
-88.0
-69.0
-55.0
-67.0
-36.0
-38.0
-62.0
-74.0
-62.0
-52.0
-54.0
-68.0
-102.0
-78.0
-82.0
-97.0
-63.0
-70.0
-82.0
-63.0
-73.0
-79.0
-47.0
-47.0
-18.0
-8.0
-44.0
-22.0
-55.0
-63.0
-87.0
-121.0
-108.0
-83.0
-52.0
-47.0
-55.0
-48.0
-40.0
-51.0
-57.0
-24.0
-20.0
-16.0
-24.0
-42.0
-53.0
-53.0
-63.0
-70.0
-70.0
-68.0
-75.0
-37.0
-21.0
-5.0
18.0
-5.0
-37.0
-44.0
-30.0
-40.0
-41.0
-30.0
-5.0
-48.0
-55.0
-43.0
-36.0
-10.0
8.0
-2.0
-11.0
-3.0
27.0
47.0
40.0
42.0
99.0
83.0
60.0
21.0
15.0
39.0
11.0
-3.0
1.0
12.0
23.0
21.0
35.0
4.0
-12.0
2.0
37.0
59.0
78.0
53.0
38.0
3.0
-26.0
-40.0
-78.0
-74.0
-71.0
-64.0
-41.0
-13.0
-9.0
1.0
5.0
27.0
19.0
31.0
81.0
130.0
90.0
66.0
33.0
-4.0
-11.0
-36.0
-34.0
19.0
59.0
95.0
93.0
73.0
69.0
34.0
31.0
56.0
67.0
81.0
99.0
108.0
85.0
63.0
20.0
-7.0
9.0
68.0
106.0
129.0
96.0
28.0
9.0
-3.0
3.0
52.0
29.0
31.0
-3.0
27.0
45.0
62.0
69.0
48.0
2.0
-12.0
24.0
34.0
65.0
56.0
53.0
70.0
80.0
82.0
97.0
95.0
72.0
37.0
54.0
67.0
11.0
-25.0
-31.0
-53.0
-7.0
46.0
107.0
83.0
57.0
49.0
43.0
-2.0
-3.0
16.0
6.0
31.0
17.0
-35.0
-14.0
9.0
-6.0
-12.0
-48.0
-42.0
-22.0
-13.0
-27.0
-13.0
2.0
27.0
28.0
3.0
4.0
-13.0
-8.0
8.0
13.0
1.0
4.0
-4.0
-2.0
24.0
53.0
51.0
39.0
17.0
7.0
34.0
37.0
53.0
74.0
48.0
16.0
33.0
12.0
-3.0
4.0
-23.0
-41.0
-74.0
-106.0
-87.0
-86.0
-54.0
-40.0
-53.0
-62.0
-46.0
-7.0
-16.0
-13.0
-22.0
-47.0
-95.0
-118.0
-121.0
-88.0
-92.0
-109.0
-52.0
-21.0
-11.0
-11.0
-20.0
-30.0
-32.0
-33.0
-30.0
-18.0
-16.0
-8.0
-14.0
-42.0
-33.0
-31.0
-11.0
-5.0
10.0
-4.0
2.0
31.0
20.0
5.0
23.0
23.0
13.0
40.0
20.0
-16.0
1.0
30.0
56.0
79.0
70.0
60.0
50.0
25.0
4.0
12.0
6.0
-11.0
-8.0
4.0
22.0
-4.0
9.0
35.0
59.0
51.0
41.0
52.0
32.0
12.0
-25.0
9.0
48.0
27.0
34.0
26.0
25.0
39.0
1.0
-8.0
28.0
29.0
-7.0
-26.0
-43.0
-36.0
-10.0
-9.0
0.0
-4.0
-8.0
14.0
-30.0
-33.0
36.0
-8.0
-36.0
-15.0
-25.0
-5.0
-8.0
-8.0
-21.0
-18.0
-5.0
2.0
-14.0
-18.0
-31.0
-29.0
-25.0
-12.0
-8.0
38.0
51.0
29.0
54.0
46.0
48.0
39.0
56.0
48.0
59.0
65.0
48.0
4.0
1.0
2.0
36.0
21.0
8.0
8.0
10.0
32.0
49.0
37.0
67.0
56.0
63.0
99.0
73.0
62.0
61.0
70.0
81.0
101.0
64.0
74.0
114.0
145.0
96.0
53.0
35.0
39.0
46.0
59.0
46.0
53.0
14.0
-18.0
-3.0
-10.0
24.0
82.0
113.0
118.0
106.0
80.0
32.0
40.0
59.0
40.0
34.0
31.0
27.0
15.0
16.0
27.0
45.0
55.0
54.0
34.0
10.0
1.0
-5.0
5.0
36.0
50.0
66.0
71.0
51.0
38.0
44.0
10.0
7.0
53.0
72.0
98.0
73.0
71.0
79.0
30.0
18.0
36.0
45.0
60.0
55.0
32.0
7.0
27.0
24.0
58.0
84.0
70.0
86.0
90.0
70.0
42.0
65.0
78.0
85.0
91.0
103.0
117.0
111.0
66.0
46.0
32.0
53.0
101.0
100.0
101.0
135.0
95.0
96.0
156.0
163.0
156.0
154.0
183.0
177.0
128.0
88.0
67.0
50.0
77.0
101.0
117.0
124.0
109.0
100.0
96.0
105.0
114.0
128.0
165.0
184.0
193.0
177.0
145.0
90.0
70.0
75.0
107.0
111.0
129.0
146.0
120.0
51.0
25.0
50.0
79.0
112.0
147.0
212.0
217.0
173.0
132.0
111.0
102.0
104.0
138.0
143.0
136.0
90.0
109.0
150.0
108.0
90.0
141.0
166.0
173.0
183.0
142.0
124.0
89.0
104.0
99.0
44.0
45.0
79.0
121.0
122.0
83.0
53.0
37.0
37.0
79.0
56.0
45.0
70.0
76.0
75.0
67.0
56.0
95.0
142.0
156.0
142.0
126.0
85.0
64.0
32.0
35.0
69.0
114.0
118.0
108.0
95.0
88.0
65.0
95.0
125.0
93.0
144.0
158.0
130.0
107.0
82.0
79.0
100.0
137.0
180.0
174.0
158.0
129.0
105.0
104.0
52.0
48.0
81.0
76.0
41.0
45.0
53.0
98.0
106.0
102.0
129.0
99.0
103.0
144.0
153.0
163.0
148.0
137.0
117.0
83.0
70.0
53.0
58.0
59.0
65.0
76.0
107.0
140.0
162.0
121.0
91.0
78.0
59.0
83.0
131.0
127.0
142.0
131.0
99.0
91.0
122.0
105.0
126.0
147.0
143.0
113.0
106.0
81.0
35.0
22.0
59.0
52.0
39.0
57.0
86.0
89.0
77.0
64.0
80.0
111.0
125.0
118.0
68.0
69.0
72.0
61.0
51.0
11.0
27.0
14.0
21.0
56.0
41.0
56.0
86.0
67.0
61.0
85.0
85.0
91.0
96.0
97.0
112.0
124.0
110.0
128.0
93.0
50.0
40.0
14.0
-29.0
-9.0
0.0
26.0
32.0
52.0
92.0
72.0
50.0
62.0
87.0
109.0
81.0
67.0
27.0
-39.0
-4.0
0.0
11.0
61.0
77.0
100.0
107.0
71.0
23.0
12.0
24.0
8.0
-37.0
-6.0
24.0
32.0
26.0
42.0
58.0
51.0
33.0
33.0
54.0
53.0
42.0
11.0
2.0
2.0
-2.0
30.0
28.0
52.0
67.0
64.0
57.0
67.0
41.0
19.0
20.0
18.0
47.0
36.0
36.0
63.0
54.0
37.0
20.0
29.0
54.0
62.0
63.0
42.0
49.0
60.0
86.0
99.0
96.0
97.0
60.0
15.0
27.0
21.0
2.0
12.0
34.0
8.0
5.0
-31.0
-45.0
30.0
12.0
6.0
23.0
-35.0
-81.0
-46.0
-61.0
-90.0
-46.0
-69.0
-57.0
-42.0
-22.0
-53.0
-117.0
-119.0
-85.0
-81.0
-72.0
-29.0
4.0
-12.0
-11.0
-31.0
-54.0
-40.0
-44.0
-27.0
-16.0
4.0
-31.0
-24.0
-58.0
-76.0
-55.0
-76.0
-49.0
-68.0
-69.0
-108.0
-116.0
-106.0
-78.0
-6.0
-14.0
-21.0
-32.0
-56.0
-76.0
-82.0
-64.0
-23.0
-11.0
-70.0
-106.0
-182.0
-228.0
-219.0
-159.0
-81.0
-18.0
16.0
14.0
59.0
67.0
38.0
30.0
8.0
-7.0
-43.0
-84.0
-176.0
-186.0
-188.0
-200.0
-178.0
-134.0
-81.0
-83.0
-69.0
-55.0
-62.0
-46.0
-88.0
-98.0
-111.0
-169.0
-193.0
-230.0
-260.0
-275.0
-234.0
-131.0
-58.0
-33.0
-22.0
-13.0
-14.0
-25.0
-36.0
-72.0
-122.0
-98.0
-99.0
-78.0
-53.0
-31.0
-74.0
-50.0
-33.0
-5.0
39.0
52.0
68.0
49.0
-2.0
-69.0
-131.0
-161.0
-158.0
-98.0
-67.0
-64.0
-85.0
-109.0
-110.0
-98.0
-66.0
-45.0
-53.0
-65.0
-80.0
-93.0
-89.0
-116.0
-117.0
-111.0
-103.0
-108.0
-121.0
-98.0
-59.0
-70.0
-60.0
-82.0
-123.0
-145.0
-172.0
-143.0
-129.0
-109.0
-65.0
-28.0
0.0
2.0
-16.0
-43.0
-71.0
-70.0
-105.0
-88.0
-81.0
-62.0
-67.0
-58.0
-34.0
-32.0
-36.0
-48.0
-85.0
-92.0
-91.0
-68.0
-50.0
-38.0
-22.0
-61.0
-79.0
-71.0
-102.0
-103.0
-91.0
-75.0
-68.0
-103.0
-108.0
-95.0
-73.0
-109.0
-139.0
-140.0
-121.0
-81.0
-33.0
-61.0
-51.0
7.0
-21.0
-60.0
-74.0
-112.0
-116.0
-106.0
-113.0
-80.0
-69.0
-84.0
-108.0
-131.0
-74.0
14.0
6.0
-24.0
-33.0
1.0
13.0
-57.0
-81.0
-97.0
-71.0
-48.0
-49.0
-25.0
-43.0
-81.0
-45.0
-53.0
-22.0
17.0
16.0
10.0
11.0
-15.0
-26.0
-20.0
-65.0
-52.0
-18.0
-37.0
-31.0
-16.0
-31.0
-13.0
-10.0
36.0
32.0
30.0
44.0
-4.0
-4.0
-17.0
-43.0
-11.0
-29.0
-15.0
-43.0
-118.0
-102.0
-51.0
-67.0
-78.0
-61.0
-82.0
-63.0
-34.0
-32.0
-27.0
-82.0
-91.0
-92.0
-117.0
-96.0
-93.0
-78.0
-79.0
-117.0
-107.0
-67.0
-71.0
-54.0
-36.0
-6.0
-22.0
-75.0
-40.0
-83.0
-62.0
-66.0
-91.0
-80.0
-63.0
-61.0
-61.0
-40.0
-27.0
-33.0
-66.0
-60.0
-96.0
-111.0
-101.0
-64.0
-66.0
-64.0
-21.0
-38.0
-99.0
-116.0
-108.0
-91.0
-53.0
-10.0
-14.0
-32.0
-72.0
-61.0
-86.0
-83.0
-60.0
-70.0
-76.0
-50.0
-50.0
-30.0
2.0
-13.0
-38.0
-49.0
-60.0
-70.0
-62.0
-92.0
-145.0
-148.0
-129.0
-116.0
-84.0
-90.0
-87.0
-94.0
-79.0
-82.0
-94.0
-66.0
-72.0
-90.0
-105.0
-138.0
-123.0
-128.0
-108.0
-87.0
-84.0
-47.0
-75.0
-106.0
-96.0
-88.0
-77.0
-72.0
-89.0
-104.0
-112.0
-115.0
-108.0
-91.0
-91.0
-54.0
-28.0
-23.0
2.0
52.0
60.0
20.0
-2.0
-25.0
-27.0
-27.0
-50.0
-93.0
-96.0
-110.0
-112.0
-61.0
-35.0
-29.0
-3.0
-18.0
-11.0
27.0
-10.0
-12.0
14.0
-12.0
-29.0
-46.0
-23.0
-27.0
-10.0
-47.0
-6.0
19.0
22.0
13.0
-17.0
-16.0
-2.0
22.0
-3.0
-6.0
-2.0
5.0
20.0
51.0
87.0
67.0
46.0
0.0
-33.0
-49.0
-4.0
-1.0
-10.0
-15.0
-29.0
-25.0
30.0
29.0
19.0
16.0
1.0
-18.0
3.0
-9.0
-35.0
-68.0
-53.0
-17.0
3.0
17.0
9.0
2.0
-27.0
-48.0
2.0
24.0
36.0
27.0
16.0
6.0
-24.0
-52.0
-51.0
-57.0
-39.0
-8.0
15.0
7.0
-1.0
1.0
-6.0
-48.0
-37.0
-34.0
-28.0
-32.0
-18.0
-6.0
19.0
3.0
-25.0
-34.0
-45.0
-22.0
0.0
-2.0
-24.0
11.0
25.0
43.0
-10.0
-31.0
15.0
-4.0
-5.0
3.0
42.0
68.0
87.0
76.0
75.0
73.0
-2.0
-85.0
-106.0
-51.0
-46.0
-23.0
-6.0
22.0
37.0
68.0
56.0
62.0
72.0
98.0
99.0
84.0
61.0
-4.0
-25.0
3.0
-6.0
-12.0
-16.0
26.0
46.0
25.0
6.0
0.0
-3.0
-21.0
18.0
64.0
72.0
83.0
87.0
80.0
48.0
18.0
53.0
65.0
103.0
107.0
87.0
31.0
15.0
14.0
0.0
9.0
3.0
-11.0
3.0
42.0
35.0
-5.0
-11.0
-29.0
-8.0
23.0
77.0
102.0
89.0
68.0
36.0
11.0
-21.0
-44.0
-58.0
-57.0
-42.0
-31.0
-49.0
-43.0
-30.0
-43.0
-4.0
27.0
6.0
26.0
23.0
-39.0
-12.0
-22.0
-7.0
-33.0
-30.0
-16.0
-75.0
-95.0
-23.0
9.0
-12.0
5.0
10.0
16.0
0.0
-9.0
-17.0
-90.0
-63.0
-40.0
-44.0
-1.0
30.0
48.0
28.0
-10.0
-41.0
-29.0
-24.0
-45.0
-17.0
-45.0
-30.0
21.0
-10.0
-17.0
-1.0
-13.0
5.0
-5.0
-17.0
-34.0
-30.0
-2.0
-2.0
13.0
3.0
24.0
-11.0
-6.0
45.0
89.0
78.0
41.0
43.0
24.0
47.0
72.0
43.0
16.0
20.0
42.0
13.0
-5.0
-6.0
-8.0
-13.0
-2.0
-1.0
35.0
13.0
-31.0
-49.0
-36.0
-22.0
-26.0
-18.0
-20.0
1.0
-21.0
-16.0
-5.0
-12.0
-12.0
-19.0
-26.0
-3.0
6.0
29.0
43.0
12.0
-23.0
-20.0
-2.0
13.0
5.0
-6.0
-11.0
-26.0
-14.0
14.0
17.0
12.0
-24.0
-59.0
-99.0
-135.0
-111.0
-72.0
-32.0
8.0
30.0
39.0
54.0
50.0
33.0
14.0
-15.0
-34.0
-71.0
-58.0
-36.0
-2.0
34.0
10.0
2.0
25.0
39.0
34.0
15.0
33.0
44.0
18.0
-10.0
-5.0
3.0
10.0
25.0
-11.0
-21.0
35.0
68.0
70.0
32.0
-6.0
-19.0
-20.0
-23.0
-52.0
-11.0
41.0
34.0
32.0
42.0
42.0
34.0
32.0
38.0
1.0
-49.0
-41.0
3.0
17.0
1.0
-11.0
23.0
51.0
64.0
44.0
44.0
65.0
63.0
69.0
78.0
62.0
39.0
57.0
6.0
-33.0
-24.0
-48.0
-44.0
-43.0
-25.0
-18.0
-14.0
5.0
42.0
15.0
7.0
17.0
-14.0
-18.0
23.0
26.0
56.0
35.0
-3.0
-13.0
7.0
-33.0
-48.0
-35.0
-84.0
-86.0
-43.0
-27.0
-18.0
36.0
64.0
72.0
95.0
86.0
72.0
98.0
58.0
50.0
22.0
-36.0
-79.0
-78.0
-78.0
-57.0
-58.0
-8.0
34.0
62.0
102.0
113.0
70.0
53.0
41.0
40.0
50.0
21.0
32.0
50.0
73.0
35.0
-8.0
-26.0
-27.0
-5.0
6.0
21.0
73.0
73.0
20.0
-15.0
-35.0
-19.0
31.0
54.0
53.0
26.0
13.0
45.0
68.0
46.0
21.0
34.0
43.0
36.0
-8.0
-10.0
-4.0
-11.0
-3.0
14.0
47.0
55.0
42.0
-21.0
-33.0
-27.0
-37.0
-31.0
-29.0
-43.0
-45.0
-32.0
-22.0
-31.0
-26.0
3.0
2.0
11.0
-17.0
-25.0
-32.0
-54.0
-58.0
-68.0
-49.0
-51.0
-60.0
-65.0
-54.0
-45.0
-21.0
-25.0
-18.0
-30.0
-33.0
-64.0
-78.0
-123.0
-124.0
-112.0
-131.0
-133.0
-134.0
-99.0
-72.0
-78.0
-56.0
-68.0
-83.0
-75.0
-79.0
-62.0
-63.0
-82.0
-99.0
-93.0
-101.0
-100.0
-82.0
-67.0
-47.0
-64.0
-55.0
-83.0
-120.0
-125.0
-137.0
-138.0
-116.0
-101.0
-77.0
-92.0
-98.0
-107.0
-115.0
-84.0
-56.0
-60.0
-59.0
-54.0
-70.0
-105.0
-106.0
-78.0
-67.0
-48.0
-52.0
-88.0
-81.0
-70.0
-123.0
-99.0
-64.0
-95.0
-116.0
-103.0
-83.0
-53.0
-29.0
-23.0
11.0
-9.0
-54.0
-49.0
-57.0
-48.0
-15.0
-8.0
-53.0
-82.0
-75.0
-92.0
-87.0
-68.0
-52.0
-39.0
-17.0
-48.0
-55.0
-57.0
-51.0
-76.0
-130.0
-118.0
-104.0
-91.0
-92.0
-111.0
-107.0
-80.0
-35.0
-13.0
29.0
46.0
23.0
20.0
21.0
3.0
-32.0
-33.0
-43.0
-74.0
-61.0
-43.0
-43.0
-57.0
-76.0
-58.0
-56.0
-80.0
-58.0
-24.0
-35.0
-44.0
-73.0
-70.0
-53.0
-49.0
-40.0
-35.0
-63.0
-88.0
-87.0
-71.0
-73.0
-61.0
-55.0
-79.0
-70.0
-50.0
-67.0
-72.0
-60.0
-67.0
-41.0
-56.0
-81.0
-55.0
-30.0
-37.0
-9.0
-43.0
-37.0
-26.0
-25.0
-37.0
-42.0
-18.0
-29.0
-46.0
-23.0
-28.0
-47.0
-64.0
-91.0
-79.0
-65.0
-101.0
-108.0
-86.0
-62.0
-39.0
-3.0
1.0
-13.0
20.0
22.0
-20.0
-7.0
7.0
36.0
74.0
48.0
-2.0
-12.0
-22.0
-40.0
-22.0
-11.0
52.0
64.0
51.0
27.0
-15.0
-37.0
-32.0
-28.0
-39.0
-29.0
6.0
29.0
18.0
-4.0
1.0
-46.0
-49.0
8.0
52.0
56.0
46.0
6.0
-26.0
-73.0
-120.0
-169.0
-168.0
-132.0
-79.0
-61.0
-33.0
-26.0
-49.0
-79.0
-126.0
-142.0
-121.0
-76.0
-57.0
-44.0
26.0
97.0
143.0
157.0
125.0
87.0
6.0
-70.0
-112.0
-116.0
-93.0
-36.0
8.0
40.0
4.0
-13.0
-39.0
-53.0
-57.0
-26.0
-8.0
33.0
39.0
-7.0
-17.0
-1.0
-30.0
-30.0
-31.0
-5.0
-49.0
-70.0
-47.0
-51.0
-22.0
15.0
55.0
92.0
113.0
114.0
116.0
98.0
13.0
-28.0
-15.0
-32.0
-56.0
-73.0
-79.0
-67.0
-91.0
-78.0
-59.0
-27.0
37.0
6.0
-29.0
-60.0
-77.0
-81.0
-72.0
-59.0
-48.0
-25.0
-36.0
-41.0
-18.0
13.0
18.0
-7.0
-25.0
-58.0
-49.0
-46.0
-42.0
-18.0
5.0
-2.0
-39.0
-92.0
-64.0
-72.0
-99.0
-60.0
-62.0
-53.0
-32.0
-41.0
-14.0
-1.0
-19.0
-49.0
-52.0
-31.0
-16.0
-37.0
-30.0
-51.0
-42.0
-25.0
-40.0
0.0
20.0
-27.0
-63.0
-90.0
-89.0
-71.0
-46.0
-51.0
-24.0
-12.0
13.0
63.0
36.0
1.0
-5.0
-36.0
-19.0
-39.0
-43.0
-11.0
15.0
40.0
56.0
52.0
28.0
-20.0
-22.0
-28.0
-77.0
-100.0
-86.0
-109.0
-95.0
-90.0
-70.0
-54.0
-59.0
-96.0
-118.0
-163.0
-107.0
-67.0
-99.0
-75.0
-64.0
-80.0
-77.0
-62.0
-30.0
-24.0
-32.0
-47.0
-48.0
-51.0
-36.0
-53.0
-58.0
-76.0
-71.0
-12.0
-11.0
6.0
16.0
50.0
56.0
38.0
74.0
110.0
120.0
110.0
98.0
83.0
97.0
72.0
11.0
-31.0
-49.0
-30.0
-24.0
9.0
41.0
40.0
36.0
5.0
3.0
46.0
55.0
71.0
83.0
66.0
14.0
-2.0
-11.0
16.0
20.0
20.0
12.0
18.0
41.0
32.0
24.0
9.0
-2.0
17.0
34.0
23.0
49.0
8.0
-48.0
-25.0
-54.0
-48.0
-12.0
5.0
-4.0
1.0
-8.0
19.0
22.0
18.0
12.0
53.0
54.0
-14.0
-35.0
-41.0
-33.0
-18.0
-18.0
-9.0
-1.0
-33.0
-54.0
-32.0
-19.0
25.0
39.0
30.0
15.0
-6.0
17.0
33.0
42.0
49.0
49.0
20.0
-15.0
-51.0
-86.0
-84.0
-61.0
-52.0
-37.0
-21.0
-14.0
-12.0
-20.0
-2.0
-4.0
5.0
4.0
-9.0
-4.0
-1.0
12.0
44.0
45.0
20.0
32.0
44.0
67.0
73.0
46.0
44.0
29.0
24.0
32.0
22.0
26.0
58.0
46.0
83.0
77.0
60.0
47.0
60.0
54.0
26.0
16.0
8.0
-10.0
22.0
71.0
90.0
115.0
108.0
74.0
80.0
111.0
109.0
70.0
58.0
60.0
87.0
112.0
109.0
64.0
43.0
84.0
64.0
68.0
90.0
102.0
128.0
116.0
93.0
86.0
48.0
65.0
101.0
121.0
95.0
36.0
-20.0
-46.0
-17.0
38.0
46.0
43.0
80.0
93.0
93.0
102.0
77.0
41.0
44.0
36.0
49.0
77.0
68.0
45.0
24.0
40.0
50.0
70.0
112.0
84.0
76.0
89.0
96.0
83.0
50.0
33.0
79.0
55.0
63.0
99.0
93.0
72.0
48.0
7.0
25.0
34.0
35.0
7.0
12.0
10.0
-11.0
-21.0
-9.0
1.0
18.0
14.0
3.0
20.0
-7.0
-33.0
-28.0
-28.0
-44.0
-26.0
-39.0
-31.0
-18.0
-2.0
18.0
31.0
41.0
69.0
93.0
90.0
84.0
56.0
13.0
-24.0
8.0
4.0
6.0
-2.0
13.0
15.0
44.0
53.0
25.0
18.0
-14.0
18.0
5.0
13.0
58.0
44.0
58.0
69.0
24.0
42.0
49.0
28.0
14.0
-12.0
-15.0
-20.0
-15.0
-6.0
-13.0
-43.0
-21.0
-7.0
25.0
36.0
4.0
-13.0
-15.0
1.0
53.0
59.0
46.0
36.0
-16.0
1.0
59.0
82.0
70.0
88.0
99.0
66.0
60.0
53.0
36.0
37.0
46.0
27.0
37.0
15.0
51.0
47.0
44.0
40.0
14.0
-17.0
-9.0
7.0
-8.0
23.0
31.0
4.0
-9.0
-28.0
-31.0
-11.0
-29.0
-37.0
-10.0
3.0
9.0
-15.0
-31.0
-25.0
-1.0
9.0
24.0
12.0
27.0
51.0
42.0
24.0
22.0
10.0
1.0
-26.0
24.0
66.0
62.0
31.0
32.0
46.0
42.0
20.0
55.0
51.0
33.0
22.0
21.0
27.0
58.0
72.0
63.0
82.0
58.0
75.0
65.0
67.0
80.0
61.0
59.0
22.0
14.0
43.0
37.0
33.0
51.0
38.0
25.0
27.0
49.0
93.0
102.0
103.0
134.0
107.0
70.0
69.0
61.0
57.0
47.0
38.0
24.0
11.0
37.0
77.0
122.0
167.0
170.0
190.0
176.0
135.0
144.0
156.0
163.0
140.0
102.0
120.0
143.0
117.0
121.0
102.0
113.0
144.0
156.0
186.0
171.0
152.0
151.0
121.0
124.0
120.0
107.0
120.0
109.0
122.0
151.0
166.0
152.0
133.0
118.0
87.0
42.0
54.0
83.0
73.0
103.0
125.0
118.0
96.0
74.0
43.0
81.0
96.0
77.0
73.0
52.0
73.0
77.0
61.0
81.0
70.0
64.0
68.0
83.0
76.0
68.0
71.0
52.0
14.0
36.0
19.0
16.0
17.0
5.0
6.0
30.0
62.0
67.0
48.0
32.0
17.0
-28.0
-11.0
16.0
54.0
32.0
-1.0
-15.0
-24.0
-37.0
-78.0
-56.0
-89.0
-107.0
-49.0
-26.0
-29.0
-18.0
-10.0
6.0
-13.0
-9.0
-53.0
-97.0
-99.0
-82.0
-108.0
-87.0
-93.0
-118.0
-56.0
-11.0
-5.0
-50.0
-91.0
-108.0
-86.0
-44.0
-28.0
-3.0
14.0
-1.0
4.0
2.0
-37.0
-55.0
-65.0
-67.0
-34.0
-29.0
-35.0
7.0
14.0
-1.0
-11.0
-65.0
-63.0
-30.0
37.0
83.0
61.0
50.0
47.0
21.0
42.0
14.0
-46.0
-51.0
-74.0
-87.0
-64.0
-83.0
-81.0
-66.0
-86.0
-69.0
-69.0
-34.0
-58.0
-104.0
-106.0
-105.0
-110.0
-61.0
-44.0
-11.0
5.0
8.0
8.0
-17.0
-32.0
-31.0
-53.0
-76.0
-72.0
-50.0
-20.0
-27.0
-16.0
8.0
6.0
21.0
47.0
15.0
-12.0
-61.0
-111.0
-93.0
-77.0
-42.0
-42.0
-49.0
-43.0
-50.0
-61.0
-26.0
-4.0
15.0
11.0
-23.0
-13.0
-34.0
-62.0
-35.0
-16.0
-20.0
-24.0
-55.0
-49.0
-44.0
-51.0
6.0
14.0
11.0
-10.0
-41.0
-55.0
-27.0
-40.0
-94.0
-116.0
-97.0
-75.0
-90.0
-95.0
-69.0
-54.0
-33.0
-61.0
-69.0
-1.0
24.0
15.0
-18.0
-53.0
-50.0
-39.0
-39.0
-41.0
-46.0
-44.0
-14.0
-10.0
11.0
30.0
28.0
14.0
-11.0
-13.0
18.0
21.0
47.0
20.0
-3.0
8.0
5.0
32.0
63.0
66.0
74.0
64.0
54.0
71.0
17.0
17.0
41.0
59.0
69.0
65.0
68.0
70.0
84.0
72.0
65.0
99.0
123.0
78.0
44.0
15.0
2.0
17.0
22.0
22.0
13.0
40.0
25.0
11.0
35.0
27.0
0.0
-8.0
4.0
-4.0
10.0
12.0
-7.0
-33.0
-10.0
9.0
0.0
10.0
58.0
70.0
45.0
79.0
81.0
40.0
32.0
14.0
-9.0
17.0
45.0
52.0
50.0
45.0
54.0
72.0
65.0
48.0
48.0
26.0
-8.0
-5.0
2.0
-3.0
18.0
48.0
49.0
-8.0
-26.0
-18.0
-25.0
-29.0
-8.0
9.0
40.0
61.0
28.0
-10.0
-59.0
-41.0
-41.0
-55.0
-58.0
-50.0
-76.0
-93.0
-103.0
-88.0
-67.0
-72.0
-109.0
-93.0
-52.0
-23.0
15.0
27.0
19.0
2.0
-14.0
-22.0
-12.0
-26.0
-22.0
-41.0
-67.0
-64.0
-41.0
-31.0
-42.0
-26.0
-1.0
-10.0
-1.0
24.0
-2.0
-16.0
-4.0
11.0
35.0
35.0
-4.0
-51.0
-78.0
-62.0
-24.0
-6.0
-25.0
-39.0
-20.0
-20.0
-7.0
1.0
-16.0
-44.0
-41.0
-60.0
-95.0
-82.0
-64.0
-89.0
-82.0
-49.0
-23.0
-61.0
-55.0
-34.0
-30.0
-14.0
16.0
15.0
-14.0
-50.0
-33.0
-20.0
-50.0
-33.0
-57.0
-64.0
-50.0
-43.0
-44.0
-62.0
-74.0
-86.0
-91.0
-63.0
-54.0
-65.0
-50.0
-84.0
-127.0
-122.0
-98.0
-89.0
-65.0
-43.0
-13.0
-17.0
-33.0
-30.0
-70.0
-83.0
-60.0
-53.0
-28.0
-26.0
-27.0
-57.0
-50.0
-62.0
-101.0
-101.0
-112.0
-122.0
-107.0
-87.0
-82.0
-93.0
-59.0
-10.0
11.0
12.0
13.0
10.0
-16.0
-83.0
-129.0
-147.0
-150.0
-98.0
-96.0
-83.0
-39.0
-37.0
-72.0
-54.0
-23.0
-21.0
-19.0
-24.0
-64.0
-98.0
-117.0
-124.0
-100.0
-85.0
-72.0
-71.0
-83.0
-102.0
-134.0
-169.0
-188.0
-178.0
-167.0
-139.0
-115.0
-97.0
-31.0
-7.0
21.0
23.0
-27.0
-45.0
-93.0
-104.0
-105.0
-80.0
-88.0
-41.0
-19.0
-20.0
-10.0
2.0
-8.0
-19.0
-5.0
4.0
14.0
-32.0
-45.0
-67.0
-72.0
-48.0
-51.0
-36.0
-4.0
45.0
99.0
117.0
96.0
69.0
30.0
8.0
-1.0
-2.0
-29.0
-61.0
-54.0
-70.0
-46.0
-42.0
-41.0
-27.0
16.0
22.0
17.0
8.0
-36.0
22.0
1.0
-39.0
-51.0
-33.0
14.0
15.0
-11.0
-12.0
21.0
62.0
19.0
-14.0
-25.0
-23.0
-32.0
-25.0
-42.0
-57.0
-15.0
2.0
47.0
74.0
39.0
-13.0
-15.0
-18.0
-41.0
-51.0
-65.0
-90.0
-87.0
-60.0
-30.0
-15.0
10.0
38.0
75.0
98.0
90.0
82.0
39.0
2.0
12.0
20.0
22.0
11.0
-12.0
-40.0
-44.0
-42.0
-15.0
11.0
43.0
48.0
44.0
30.0
43.0
92.0
99.0
42.0
14.0
-13.0
-27.0
-32.0
-29.0
5.0
23.0
42.0
80.0
82.0
58.0
65.0
54.0
45.0
40.0
27.0
48.0
54.0
58.0
30.0
4.0
-25.0
-34.0
32.0
79.0
142.0
144.0
136.0
94.0
48.0
16.0
-2.0
29.0
14.0
16.0
-8.0
-31.0
-41.0
-40.0
-36.0
-48.0
-62.0
-43.0
6.0
-10.0
-34.0
-48.0
-41.0
-34.0
-10.0
-1.0
13.0
16.0
29.0
32.0
44.0
74.0
112.0
124.0
112.0
77.0
45.0
71.0
67.0
22.0
11.0
22.0
83.0
116.0
114.0
120.0
88.0
71.0
33.0
52.0
79.0
98.0
121.0
137.0
139.0
152.0
175.0
142.0
115.0
105.0
56.0
56.0
74.0
105.0
99.0
77.0
95.0
71.0
66.0
77.0
100.0
92.0
63.0
70.0
74.0
33.0
18.0
45.0
105.0
122.0
80.0
79.0
105.0
88.0
126.0
147.0
112.0
109.0
81.0
72.0
86.0
59.0
81.0
110.0
125.0
142.0
171.0
186.0
178.0
158.0
134.0
78.0
19.0
-16.0
1.0
27.0
69.0
72.0
93.0
109.0
107.0
149.0
202.0
184.0
147.0
109.0
107.0
115.0
85.0
87.0
106.0
99.0
98.0
109.0
155.0
194.0
193.0
150.0
124.0
161.0
178.0
117.0
52.0
25.0
11.0
47.0
36.0
51.0
94.0
159.0
180.0
186.0
188.0
171.0
106.0
44.0
20.0
23.0
59.0
76.0
79.0
71.0
85.0
105.0
143.0
124.0
165.0
157.0
84.0
22.0
-11.0
-59.0
-97.0
-109.0
-88.0
-52.0
-37.0
-18.0
31.0
29.0
103.0
89.0
81.0
35.0
-3.0
-5.0
-28.0
-63.0
-21.0
15.0
37.0
33.0
9.0
20.0
73.0
71.0
63.0
82.0
106.0
55.0
14.0
-24.0
-64.0
-76.0
-22.0
24.0
74.0
74.0
44.0
54.0
71.0
21.0
-47.0
-111.0
-104.0
-99.0
-79.0
-34.0
-42.0
-37.0
-16.0
-51.0
-39.0
-9.0
-5.0
19.0
32.0
23.0
17.0
-14.0
-76.0
-149.0
-143.0
-116.0
-94.0
-42.0
3.0
-13.0
-12.0
33.0
23.0
14.0
45.0
49.0
44.0
-13.0
-37.0
-65.0
-116.0
-133.0
-159.0
-127.0
-65.0
-12.0
-8.0
-12.0
-49.0
-38.0
-41.0
-64.0
-51.0
-49.0
-29.0
-47.0
-71.0
-44.0
-44.0
-50.0
-59.0
-73.0
-46.0
-30.0
-14.0
-10.0
-29.0
-37.0
-28.0
-27.0
-35.0
-30.0
-46.0
-11.0
19.0
-12.0
-52.0
-55.0
-65.0
-41.0
-54.0
-36.0
-25.0
-33.0
-51.0
-88.0
-85.0
-96.0
-116.0
-101.0
-102.0
-101.0
-101.0
-124.0
-97.0
-108.0
-118.0
-69.0
-68.0
-110.0
-131.0
-137.0
-125.0
-100.0
-82.0
-37.0
-13.0
1.0
-23.0
-90.0
-77.0
-63.0
-51.0
-48.0
-71.0
-72.0
-55.0
-99.0
-108.0
-86.0
-46.0
-46.0
-60.0
-52.0
-41.0
-10.0
-24.0
-30.0
-43.0
-49.0
-71.0
-98.0
-97.0
-114.0
-111.0
-96.0
-76.0
-41.0
-35.0
-17.0
-1.0
-50.0
-67.0
-53.0
-33.0
-21.0
-13.0
-9.0
-4.0
-28.0
-72.0
-48.0
-26.0
-40.0
-29.0
-9.0
-18.0
26.0
-24.0
2.0
11.0
-13.0
-15.0
-51.0
-66.0
-59.0
-31.0
-88.0
-84.0
-67.0
-38.0
-67.0
-46.0
-97.0
-43.0
-36.0
-73.0
-23.0
-52.0
-48.0
-40.0
-65.0
-40.0
-57.0
-38.0
-60.0
-83.0
-63.0
-61.0
-75.0
-92.0
-90.0
-90.0
-102.0
-96.0
-51.0
-16.0
-5.0
-2.0
-2.0
-6.0
10.0
-18.0
-55.0
-46.0
-20.0
13.0
6.0
10.0
-46.0
-75.0
-78.0
-69.0
-34.0
-41.0
0.0
44.0
77.0
101.0
109.0
115.0
99.0
44.0
16.0
24.0
24.0
30.0
22.0
37.0
42.0
44.0
67.0
86.0
88.0
53.0
41.0
60.0
40.0
27.0
-3.0
8.0
22.0
1.0
2.0
6.0
-48.0
-83.0
-91.0
-51.0
-13.0
-35.0
-15.0
18.0
13.0
-6.0
-34.0
-56.0
-36.0
-27.0
-6.0
-16.0
-15.0
-26.0
-37.0
-34.0
19.0
37.0
61.0
64.0
41.0
44.0
14.0
48.0
35.0
13.0
30.0
30.0
73.0
78.0
-17.0
-26.0
-5.0
-1.0
-1.0
-3.0
-17.0
-6.0
35.0
41.0
39.0
59.0
62.0
63.0
53.0
24.0
5.0
-33.0
-72.0
-116.0
-91.0
-97.0
-78.0
-93.0
-78.0
-89.0
-74.0
-26.0
-36.0
-18.0
22.0
3.0
-10.0
-50.0
-88.0
-76.0
-52.0
-99.0
-119.0
-124.0
-157.0
-162.0
-112.0
-117.0
-88.0
-43.0
-69.0
-57.0
-53.0
-56.0
-55.0
-84.0
-86.0
-95.0
-99.0
-91.0
-84.0
-56.0
-23.0
-51.0
-56.0
-34.0
-52.0
-74.0
-99.0
-120.0
-110.0
-104.0
-101.0
-82.0
-76.0
-33.0
-11.0
-18.0
-16.0
-38.0
-16.0
-32.0
-6.0
41.0
-1.0
-33.0
-56.0
-69.0
-62.0
-37.0
-71.0
-53.0
-64.0
-86.0
-34.0
-11.0
-52.0
-17.0
-76.0
-36.0
-15.0
-54.0
-44.0
-39.0
-49.0
-31.0
-35.0
-46.0
-36.0
-34.0
-66.0
-98.0
-105.0
-81.0
-115.0
-100.0
-77.0
-100.0
-116.0
-182.0
-184.0
-190.0
-229.0
-183.0
-129.0
-152.0
-117.0
-122.0
-86.0
-92.0
-105.0
-83.0
-79.0
-106.0
-94.0
-82.0
-74.0
-78.0
-88.0
-102.0
-96.0
-71.0
-67.0
-72.0
-65.0
-56.0
-84.0
-87.0
-49.0
-43.0
-31.0
-54.0
-56.0
-48.0
-68.0
-71.0
-92.0
-98.0
-81.0
-80.0
-90.0
-88.0
-76.0
-77.0
-85.0
-102.0
-97.0
-89.0
-108.0
-59.0
-48.0
-46.0
-47.0
-30.0
-35.0
-58.0
-78.0
-71.0
-102.0
-81.0
-89.0
-83.0
-45.0
-67.0
-76.0
-105.0
-95.0
-72.0
-82.0
-58.0
-81.0
-82.0
-34.0
-10.0
-61.0
-61.0
-89.0
-175.0
-154.0
-130.0
-105.0
-70.0
-31.0
-30.0
-42.0
-32.0
34.0
4.0
-42.0
-26.0
-31.0
-15.0
0.0
-2.0
6.0
-13.0
-13.0
-4.0
-22.0
-36.0
-30.0
-26.0
-39.0
6.0
-11.0
-22.0
-42.0
-52.0
-30.0
-23.0
6.0
-12.0
-37.0
-73.0
-131.0
-134.0
-107.0
-74.0
-24.0
-21.0
-8.0
19.0
-4.0
-31.0
-68.0
-83.0
-47.0
-53.0
-52.0
-27.0
-11.0
39.0
54.0
14.0
-21.0
-44.0
-45.0
-54.0
-48.0
-43.0
-23.0
40.0
77.0
45.0
-10.0
-24.0
-44.0
-40.0
-16.0
-1.0
19.0
48.0
54.0
54.0
59.0
33.0
25.0
36.0
41.0
60.0
84.0
110.0
97.0
69.0
71.0
42.0
48.0
48.0
27.0
35.0
67.0
75.0
41.0
96.0
79.0
45.0
5.0
-8.0
14.0
20.0
65.0
35.0
35.0
52.0
76.0
81.0
70.0
57.0
63.0
50.0
65.0
45.0
22.0
33.0
61.0
74.0
63.0
67.0
90.0
67.0
80.0
73.0
40.0
68.0
90.0
95.0
89.0
80.0
53.0
61.0
74.0
102.0
111.0
80.0
40.0
32.0
47.0
86.0
62.0
66.0
86.0
121.0
161.0
172.0
154.0
146.0
126.0
138.0
136.0
103.0
102.0
144.0
126.0
101.0
87.0
50.0
28.0
57.0
89.0
142.0
171.0
134.0
72.0
65.0
98.0
101.0
76.0
98.0
77.0
46.0
14.0
33.0
48.0
52.0
51.0
97.0
120.0
95.0
46.0
25.0
45.0
80.0
120.0
124.0
142.0
150.0
91.0
81.0
111.0
119.0
110.0
105.0
128.0
121.0
89.0
109.0
109.0
75.0
102.0
108.0
82.0
79.0
71.0
87.0
126.0
103.0
84.0
88.0
87.0
81.0
92.0
106.0
96.0
81.0
74.0
78.0
31.0
18.0
29.0
76.0
81.0
59.0
28.0
42.0
61.0
76.0
63.0
48.0
-10.0
-43.0
15.0
68.0
81.0
88.0
95.0
121.0
153.0
151.0
118.0
90.0
62.0
67.0
75.0
45.0
50.0
37.0
39.0
12.0
-28.0
-24.0
-16.0
39.0
89.0
51.0
40.0
40.0
46.0
27.0
34.0
54.0
21.0
20.0
23.0
5.0
-6.0
15.0
23.0
39.0
59.0
42.0
30.0
51.0
50.0
67.0
62.0
87.0
124.0
100.0
97.0
126.0
142.0
149.0
166.0
131.0
98.0
77.0
61.0
48.0
34.0
3.0
44.0
84.0
58.0
24.0
91.0
145.0
209.0
272.0
251.0
193.0
170.0
130.0
69.0
37.0
30.0
-3.0
-4.0
-17.0
-53.0
-30.0
9.0
22.0
3.0
10.0
-33.0
-51.0
-26.0
-55.0
-69.0
-30.0
5.0
4.0
-13.0
-21.0
-17.0
-26.0
-45.0
-77.0
-73.0
-28.0
-36.0
-36.0
14.0
1.0
-14.0
-32.0
-21.0
-27.0
5.0
39.0
58.0
57.0
21.0
5.0
32.0
34.0
45.0
-20.0
-90.0
-43.0
-29.0
-59.0
21.0
16.0
8.0
23.0
10.0
-41.0
-55.0
-26.0
-64.0
-70.0
-103.0
-126.0
-68.0
-19.0
18.0
6.0
45.0
36.0
9.0
-9.0
-31.0
-36.0
-33.0
-67.0
-98.0
-106.0
-121.0
-136.0
-118.0
-129.0
-102.0
-89.0
-46.0
27.0
10.0
16.0
18.0
-72.0
-37.0
-35.0
-99.0
-119.0
-133.0
-122.0
-80.0
-67.0
-9.0
36.0
19.0
17.0
-21.0
-52.0
-43.0
-35.0
-19.0
-37.0
-39.0
-43.0
-41.0
-71.0
-76.0
-57.0
-35.0
-75.0
-131.0
-149.0
-141.0
-112.0
-43.0
-20.0
-33.0
-41.0
-59.0
-8.0
-64.0
-90.0
-88.0
-138.0
-176.0
-186.0
-218.0
-192.0
-203.0
-237.0
-191.0
-186.0
-149.0
-97.0
-111.0
-97.0
-103.0
-122.0
-105.0
-83.0
-76.0
-93.0
-120.0
-150.0
-170.0
-143.0
-120.0
-107.0
-82.0
-89.0
-90.0
-76.0
-63.0
-71.0
-70.0
-70.0
-129.0
-105.0
-37.0
-63.0
-115.0
-168.0
-166.0
-134.0
-89.0
-150.0
-187.0
-138.0
-59.0
-98.0
-67.0
-43.0
-41.0
-43.0
-52.0
-49.0
-91.0
-118.0
-87.0
-56.0
-9.0
-16.0
-42.0
-14.0
-17.0
2.0
5.0
-5.0
-38.0
-53.0
-43.0
-15.0
7.0
30.0
1.0
22.0
28.0
15.0
-7.0
1.0
-49.0
-47.0
-36.0
-74.0
-51.0
-41.0
-27.0
-7.0
-2.0
-32.0
15.0
25.0
44.0
65.0
11.0
-11.0
-8.0
-27.0
-53.0
-24.0
-3.0
-49.0
-42.0
-42.0
-77.0
-37.0
-3.0
-24.0
-41.0
-47.0
-68.0
-78.0
-81.0
-95.0
-88.0
-65.0
-27.0
1.0
-36.0
-48.0
-64.0
-72.0
-22.0
2.0
-11.0
22.0
15.0
68.0
126.0
3.0
-10.0
5.0
-15.0
27.0
69.0
92.0
123.0
102.0
60.0
1.0
-33.0
-12.0
10.0
-23.0
-12.0
-14.0
-5.0
6.0
-8.0
3.0
-2.0
3.0
11.0
9.0
27.0
3.0
-9.0
-22.0
-44.0
-12.0
-12.0
-50.0
-67.0
-68.0
-30.0
-14.0
9.0
64.0
42.0
3.0
-22.0
-44.0
-43.0
-18.0
-49.0
-19.0
16.0
43.0
20.0
2.0
25.0
73.0
90.0
93.0
101.0
53.0
27.0
20.0
-2.0
-3.0
-44.0
-41.0
17.0
69.0
68.0
66.0
48.0
-16.0
-6.0
28.0
33.0
54.0
43.0
-2.0
5.0
16.0
14.0
31.0
60.0
50.0
-10.0
-26.0
-15.0
-4.0
-26.0
-36.0
-33.0
-13.0
-6.0
-27.0
20.0
44.0
51.0
4.0
-60.0
-102.0
-104.0
-106.0
-91.0
-122.0
-146.0
-114.0
-111.0
-83.0
-49.0
-32.0
-37.0
-39.0
-73.0
-83.0
-80.0
-81.0
-56.0
-30.0
-31.0
-6.0
-13.0
-23.0
-43.0
-46.0
-39.0
-26.0
-6.0
-10.0
-26.0
-51.0
-92.0
-81.0
-65.0
-83.0
-59.0
-25.0
-16.0
7.0
13.0
-24.0
-26.0
-61.0
-70.0
-50.0
-21.0
-4.0
-29.0
-67.0
-91.0
-71.0
-58.0
-47.0
1.0
40.0
32.0
33.0
12.0
-20.0
-4.0
13.0
-2.0
22.0
24.0
-14.0
-51.0
-59.0
-48.0
-7.0
41.0
81.0
69.0
22.0
-12.0
-21.0
-28.0
-2.0
55.0
52.0
39.0
44.0
-11.0
-52.0
-70.0
-14.0
-5.0
24.0
60.0
103.0
85.0
29.0
14.0
-8.0
17.0
7.0
-32.0
-42.0
-43.0
-82.0
-62.0
-3.0
-6.0
17.0
29.0
4.0
-52.0
-95.0
-43.0
-14.0
-18.0
-21.0
-43.0
-68.0
-106.0
-119.0
-99.0
-42.0
23.0
23.0
5.0
-28.0
-30.0
-33.0
-78.0
-88.0
-80.0
-20.0
6.0
-7.0
20.0
6.0
-18.0
-44.0
-70.0
-88.0
-105.0
-71.0
-17.0
-4.0
-25.0
-47.0
-44.0
-86.0
-125.0
-134.0
-96.0
-83.0
-22.0
35.0
39.0
33.0
6.0
-15.0
-79.0
-67.0
-48.0
-39.0
-53.0
-21.0
-40.0
-55.0
-95.0
-96.0
-72.0
-64.0
-54.0
-54.0
-49.0
-11.0
-31.0
-61.0
-39.0
-32.0
-5.0
22.0
-29.0
-18.0
-6.0
-37.0
-61.0
-39.0
-15.0
23.0
31.0
7.0
39.0
25.0
23.0
32.0
-28.0
-6.0
-12.0
-25.0
-45.0
-74.0
-58.0
-24.0
-12.0
-21.0
-41.0
74.0
32.0
-45.0
-41.0
-32.0
5.0
61.0
67.0
92.0
63.0
18.0
28.0
22.0
25.0
20.0
-31.0
-15.0
-4.0
25.0
-2.0
-31.0
-35.0
-13.0
12.0
61.0
16.0
-40.0
2.0
59.0
52.0
44.0
63.0
37.0
-17.0
3.0
16.0
-10.0
-18.0
40.0
9.0
-15.0
37.0
92.0
140.0
131.0
72.0
60.0
58.0
82.0
25.0
-22.0
15.0
63.0
92.0
81.0
80.0
68.0
60.0
65.0
96.0
134.0
129.0
150.0
148.0
122.0
64.0
45.0
83.0
96.0
125.0
135.0
120.0
75.0
60.0
10.0
-5.0
23.0
61.0
105.0
115.0
118.0
94.0
92.0
100.0
75.0
67.0
64.0
15.0
-12.0
1.0
6.0
7.0
-4.0
-4.0
52.0
81.0
86.0
105.0
90.0
56.0
49.0
52.0
65.0
79.0
112.0
108.0
48.0
44.0
53.0
58.0
51.0
61.0
56.0
73.0
37.0
10.0
4.0
12.0
41.0
29.0
52.0
103.0
95.0
77.0
55.0
63.0
82.0
94.0
114.0
87.0
64.0
36.0
11.0
6.0
33.0
33.0
36.0
29.0
45.0
86.0
102.0
109.0
77.0
45.0
34.0
46.0
70.0
87.0
89.0
93.0
88.0
58.0
30.0
20.0
48.0
54.0
88.0
143.0
153.0
157.0
197.0
188.0
200.0
219.0
235.0
212.0
195.0
225.0
307.0
335.0
278.0
220.0
168.0
166.0
188.0
220.0
238.0
254.0
254.0
236.0
191.0
176.0
155.0
118.0
109.0
143.0
172.0
155.0
176.0
179.0
158.0
152.0
81.0
33.0
27.0
1.0
33.0
81.0
115.0
99.0
67.0
85.0
55.0
48.0
71.0
73.0
52.0
7.0
37.0
31.0
26.0
51.0
42.0
28.0
43.0
65.0
76.0
44.0
61.0
88.0
88.0
90.0
149.0
166.0
148.0
125.0
54.0
18.0
5.0
43.0
73.0
70.0
65.0
71.0
105.0
128.0
127.0
100.0
83.0
75.0
56.0
51.0
108.0
161.0
169.0
171.0
168.0
124.0
64.0
42.0
21.0
3.0
72.0
121.0
122.0
112.0
127.0
98.0
86.0
105.0
102.0
83.0
103.0
108.0
134.0
126.0
61.0
15.0
34.0
24.0
12.0
5.0
42.0
35.0
57.0
97.0
70.0
83.0
114.0
106.0
82.0
81.0
58.0
61.0
62.0
30.0
64.0
86.0
93.0
104.0
91.0
87.0
120.0
69.0
27.0
42.0
60.0
90.0
139.0
155.0
117.0
98.0
93.0
82.0
106.0
98.0
73.0
61.0
33.0
31.0
34.0
18.0
-29.0
-24.0
7.0
16.0
14.0
-18.0
-7.0
-14.0
-3.0
5.0
0.0
25.0
6.0
-58.0
-51.0
-50.0
-48.0
-41.0
-29.0
20.0
3.0
-6.0
2.0
-2.0
37.0
58.0
50.0
72.0
75.0
35.0
29.0
25.0
40.0
50.0
24.0
10.0
-5.0
-16.0
-33.0
-63.0
-57.0
-32.0
-37.0
18.0
58.0
99.0
107.0
74.0
15.0
25.0
23.0
12.0
30.0
18.0
10.0
-8.0
-1.0
7.0
-5.0
-24.0
-54.0
-23.0
-4.0
6.0
22.0
2.0
-26.0
-62.0
-54.0
-82.0
-100.0
-111.0
-122.0
-140.0
-134.0
-140.0
-137.0
-128.0
-112.0
-102.0
-65.0
-54.0
-38.0
-25.0
-32.0
-35.0
-1.0
-27.0
-38.0
-74.0
-101.0
-108.0
-94.0
-80.0
-80.0
-73.0
-61.0
-16.0
-5.0
-24.0
-36.0
-20.0
-4.0
0.0
-13.0
-12.0
-4.0
-17.0
-34.0
-25.0
-7.0
-10.0
-16.0
-29.0
-36.0
-6.0
-3.0
8.0
2.0
-34.0
-73.0
-98.0
-112.0
-79.0
-48.0
-10.0
40.0
82.0
63.0
79.0
84.0
55.0
70.0
63.0
42.0
-23.0
-35.0
-16.0
-32.0
-32.0
-10.0
-48.0
-92.0
-111.0
-98.0
-27.0
87.0
91.0
107.0
105.0
77.0
11.0
-62.0
-97.0
-103.0
-63.0
-46.0
-35.0
-40.0
-57.0
-35.0
-35.0
-56.0
-32.0
-30.0
3.0
26.0
4.0
-24.0
-42.0
-80.0
-150.0
-163.0
-147.0
-184.0
-166.0
-109.0
-65.0
-34.0
-43.0
-49.0
-53.0
-43.0
-8.0
31.0
35.0
-35.0
-91.0
-116.0
-146.0
-126.0
-130.0
-136.0
-86.0
-65.0
-54.0
-11.0
-1.0
-39.0
-59.0
-70.0
-76.0
-47.0
-10.0
-16.0
-24.0
-25.0
-1.0
2.0
-67.0
-114.0
-128.0
-110.0
-117.0
-108.0
-129.0
-116.0
-54.0
-24.0
-19.0
-12.0
35.0
62.0
41.0
7.0
-11.0
-29.0
-99.0
-88.0
-70.0
-74.0
-93.0
-73.0
-44.0
-32.0
-26.0
-4.0
5.0
14.0
-16.0
-46.0
-48.0
-49.0
-59.0
-80.0
-133.0
-136.0
-106.0
-81.0
-71.0
-59.0
-49.0
-52.0
-95.0
-76.0
-42.0
-36.0
-6.0
19.0
7.0
-48.0
-49.0
-65.0
-72.0
-91.0
-80.0
-81.0
-57.0
-48.0
-76.0
-52.0
-55.0
-48.0
-13.0
-22.0
-17.0
-3.0
-10.0
-39.0
-65.0
-58.0
-87.0
-125.0
-94.0
-122.0
-111.0
-46.0
-44.0
-49.0
-55.0
-92.0
-117.0
-95.0
-60.0
-78.0
-114.0
-112.0
-81.0
-71.0
-53.0
-36.0
-30.0
-16.0
-7.0
-35.0
-42.0
-52.0
-39.0
-34.0
-46.0
-33.0
-46.0
-41.0
-40.0
-58.0
-18.0
-12.0
-13.0
-33.0
-74.0
-91.0
-70.0
-45.0
-42.0
-41.0
-35.0
0.0
12.0
4.0
10.0
3.0
-7.0
-59.0
-39.0
-26.0
-56.0
-15.0
-9.0
-42.0
-33.0
-47.0
-50.0
-32.0
-72.0
-82.0
-65.0
-76.0
-82.0
-70.0
-58.0
-18.0
4.0
-19.0
-22.0
-8.0
30.0
-3.0
-73.0
-77.0
-69.0
-50.0
-85.0
-107.0
-84.0
-78.0
-102.0
-156.0
-139.0
-117.0
-98.0
-55.0
-43.0
-35.0
-48.0
-75.0
-77.0
-84.0
-88.0
-89.0
-115.0
-109.0
-98.0
-90.0
-97.0
-82.0
-84.0
-79.0
-70.0
-30.0
-36.0
-41.0
-55.0
-90.0
-81.0
-87.0
-54.0
-34.0
-41.0
-44.0
-67.0
-136.0
-153.0
-118.0
-118.0
-101.0
-87.0
-80.0
-95.0
-113.0
-98.0
-66.0
-73.0
-70.0
-83.0
-67.0
3.0
-30.0
-93.0
-103.0
-81.0
-67.0
-83.0
-45.0
-22.0
-53.0
-35.0
-25.0
-38.0
-40.0
-13.0
-1.0
-24.0
-41.0
-44.0
-35.0
-31.0
-16.0
-13.0
-17.0
-52.0
-107.0
-125.0
-113.0
-77.0
-65.0
-86.0
-73.0
-60.0
-63.0
-16.0
-23.0
-35.0
-70.0
-70.0
-56.0
-57.0
-37.0
-43.0
-48.0
-47.0
-45.0
-23.0
2.0
-32.0
-73.0
-95.0
-93.0
-85.0
-70.0
-12.0
-15.0
-32.0
-35.0
-34.0
-64.0
-96.0
-119.0
-99.0
-62.0
-79.0
-70.0
-34.0
-55.0
-60.0
-41.0
-9.0
-12.0
-15.0
-11.0
-23.0
-32.0
5.0
6.0
-63.0
20.0
55.0
13.0
37.0
86.0
29.0
36.0
47.0
23.0
-8.0
2.0
19.0
4.0
5.0
33.0
20.0
27.0
-17.0
-24.0
-31.0
-78.0
-66.0
-90.0
-67.0
-54.0
-48.0
-77.0
-72.0
-81.0
-74.0
-69.0
-114.0
-119.0
-95.0
-86.0
-98.0
-98.0
-75.0
-77.0
-65.0
-69.0
-89.0
-106.0
-98.0
-130.0
-124.0
-115.0
-109.0
-77.0
-86.0
-79.0
-67.0
-97.0
-103.0
-63.0
-77.0
-70.0
-38.0
6.0
-10.0
-75.0
-71.0
-81.0
-81.0
-76.0
-82.0
-84.0
-39.0
-22.0
-36.0
-68.0
-83.0
-111.0
-118.0
-120.0
-108.0
-93.0
-61.0
-55.0
-43.0
-68.0
-112.0
-134.0
-115.0
-92.0
-43.0
-69.0
-76.0
-42.0
-51.0
-37.0
-10.0
-46.0
-68.0
-57.0
-66.0
-83.0
-30.0
21.0
59.0
23.0
15.0
5.0
-20.0
-17.0
-47.0
-51.0
-61.0
-60.0
26.0
84.0
106.0
104.0
64.0
2.0
-15.0
-32.0
-49.0
-68.0
-88.0
-77.0
-122.0
-126.0
-105.0
-105.0
-92.0
-87.0
-71.0
-44.0
-52.0
-67.0
-64.0
-80.0
-78.0
-87.0
-104.0
-92.0
-79.0
-53.0
-61.0
-59.0
-58.0
-65.0
-54.0
-44.0
-46.0
-26.0
10.0
-20.0
-27.0
-24.0
-31.0
-38.0
-20.0
8.0
-2.0
-29.0
-24.0
-6.0
-5.0
6.0
-27.0
-62.0
-84.0
-92.0
-42.0
-2.0
12.0
24.0
-10.0
-43.0
-54.0
-65.0
-48.0
-52.0
-49.0
-40.0
-31.0
-15.0
-30.0
-43.0
4.0
32.0
42.0
27.0
-13.0
-21.0
-8.0
-11.0
17.0
48.0
52.0
6.0
-5.0
-13.0
14.0
-28.0
-44.0
-45.0
-43.0
10.0
32.0
51.0
59.0
23.0
-11.0
-57.0
-106.0
-126.0
-105.0
-85.0
-57.0
-61.0
-29.0
32.0
27.0
1.0
-18.0
5.0
-2.0
-26.0
-3.0
-8.0
-31.0
-45.0
-55.0
-34.0
-26.0
-25.0
12.0
19.0
7.0
5.0
3.0
14.0
16.0
10.0
13.0
-18.0
-41.0
-33.0
-49.0
-44.0
-48.0
-64.0
-56.0
-34.0
-52.0
-49.0
-48.0
-45.0
-13.0
-21.0
2.0
22.0
5.0
-17.0
2.0
18.0
3.0
4.0
-24.0
-45.0
-58.0
-72.0
-69.0
-46.0
2.0
12.0
23.0
2.0
-35.0
-36.0
-37.0
-26.0
-15.0
-46.0
-52.0
-40.0
-53.0
-61.0
-49.0
-45.0
-62.0
-40.0
-18.0
-8.0
18.0
16.0
15.0
-3.0
-54.0
-65.0
-71.0
-86.0
-97.0
-92.0
-114.0
-97.0
-81.0
-108.0
-99.0
-54.0
-17.0
12.0
7.0
10.0
21.0
5.0
-7.0
5.0
-28.0
-53.0
-71.0
-72.0
-90.0
-134.0
-99.0
-79.0
-72.0
-70.0
-73.0
-67.0
-58.0
-61.0
-71.0
-100.0
-97.0
-118.0
-92.0
-117.0
-88.0
-93.0
-89.0
-29.0
-40.0
-34.0
-20.0
-4.0
17.0
2.0
-39.0
-64.0
-70.0
-46.0
-36.0
-18.0
26.0
29.0
29.0
7.0
1.0
-3.0
-16.0
44.0
58.0
13.0
29.0
41.0
28.0
56.0
32.0
-7.0
-25.0
-34.0
-18.0
-41.0
-45.0
-17.0
-18.0
-14.0
25.0
43.0
39.0
26.0
49.0
40.0
76.0
114.0
109.0
35.0
-19.0
-17.0
-29.0
-20.0
7.0
3.0
34.0
18.0
39.0
90.0
89.0
90.0
75.0
8.0
-30.0
-19.0
32.0
77.0
132.0
124.0
82.0
93.0
50.0
-22.0
-45.0
-44.0
-26.0
-16.0
-6.0
-43.0
-32.0
3.0
20.0
-30.0
-52.0
-47.0
-54.0
-48.0
-10.0
5.0
1.0
-13.0
3.0
-45.0
-82.0
-62.0
-33.0
-10.0
25.0
62.0
49.0
73.0
38.0
3.0
-5.0
-5.0
35.0
27.0
33.0
11.0
13.0
39.0
-15.0
-35.0
2.0
49.0
99.0
23.0
-5.0
11.0
24.0
11.0
25.0
26.0
10.0
58.0
100.0
80.0
101.0
84.0
59.0
57.0
34.0
63.0
51.0
75.0
109.0
119.0
152.0
126.0
152.0
177.0
175.0
125.0
101.0
101.0
118.0
131.0
137.0
176.0
167.0
163.0
140.0
107.0
109.0
92.0
84.0
58.0
41.0
49.0
28.0
27.0
36.0
67.0
54.0
89.0
114.0
106.0
116.0
103.0
77.0
83.0
39.0
17.0
49.0
34.0
55.0
96.0
77.0
99.0
93.0
105.0
126.0
120.0
142.0
146.0
155.0
160.0
127.0
145.0
144.0
97.0
102.0
109.0
112.0
118.0
125.0
112.0
109.0
123.0
119.0
127.0
116.0
70.0
62.0
87.0
89.0
76.0
71.0
62.0
100.0
77.0
-71.0
-128.0
-144.0
-116.0
-141.0
-194.0
-153.0
-84.0
24.0
42.0
48.0
42.0
60.0
44.0
-2.0
2.0
-15.0
-10.0
-8.0
-48.0
-22.0
-13.0
-23.0
-42.0
-62.0
-17.0
-8.0
26.0
26.0
35.0
57.0
81.0
95.0
81.0
6.0
-32.0
26.0
10.0
53.0
93.0
52.0
88.0
37.0
25.0
56.0
50.0
71.0
83.0
2.0
23.0
61.0
46.0
55.0
93.0
143.0
114.0
77.0
88.0
68.0
48.0
38.0
30.0
35.0
53.0
49.0
9.0
-18.0
-33.0
-61.0
-20.0
4.0
29.0
24.0
73.0
31.0
11.0
21.0
15.0
55.0
51.0
16.0
33.0
32.0
-22.0
-55.0
-24.0
-23.0
-10.0
4.0
-1.0
-10.0
-5.0
14.0
-13.0
-26.0
-5.0
14.0
62.0
14.0
-8.0
-6.0
-4.0
-36.0
-18.0
34.0
3.0
16.0
43.0
97.0
79.0
44.0
36.0
41.0
47.0
38.0
17.0
9.0
23.0
20.0
28.0
67.0
80.0
29.0
49.0
102.0
115.0
111.0
92.0
99.0
92.0
65.0
46.0
36.0
53.0
43.0
19.0
-5.0
-14.0
-40.0
-46.0
-13.0
18.0
36.0
15.0
1.0
-1.0
39.0
16.0
-1.0
-24.0
-56.0
-54.0
-33.0
-13.0
-24.0
-16.0
46.0
31.0
-18.0
17.0
-6.0
-25.0
-8.0
-10.0
-25.0
-63.0
-88.0
-69.0
-51.0
-73.0
-93.0
-89.0
-83.0
-72.0
-69.0
-82.0
-73.0
-40.0
0.0
-18.0
3.0
-12.0
-38.0
-46.0
-65.0
-78.0
-96.0
-98.0
-93.0
-119.0
-85.0
-83.0
-111.0
-137.0
-107.0
-69.0
-65.0
-69.0
-54.0
-37.0
-69.0
-82.0
-84.0
-114.0
-69.0
-106.0
-148.0
-163.0
-142.0
-115.0
-131.0
-102.0
-70.0
-76.0
-41.0
-53.0
-65.0
-69.0
-71.0
-106.0
-123.0
-122.0
-105.0
-90.0
-86.0
-73.0
-94.0
-101.0
-80.0
-74.0
-62.0
-36.0
-20.0
-34.0
-57.0
-70.0
-72.0
-89.0
-64.0
-30.0
-53.0
-46.0
-14.0
8.0
3.0
-2.0
49.0
59.0
53.0
54.0
60.0
120.0
76.0
62.0
46.0
80.0
88.0
89.0
72.0
18.0
-42.0
30.0
88.0
110.0
-14.0
39.0
82.0
2.0
19.0
52.0
31.0
-6.0
-1.0
2.0
1.0
23.0
65.0
108.0
110.0
67.0
110.0
156.0
140.0
237.0
155.0
68.0
25.0
18.0
76.0
93.0
61.0
92.0
114.0
116.0
146.0
178.0
110.0
103.0
113.0
131.0
153.0
139.0
134.0
115.0
50.0
70.0
59.0
33.0
45.0
-13.0
35.0
68.0
59.0
77.0
46.0
17.0
50.0
93.0
54.0
40.0
27.0
34.0
30.0
27.0
26.0
63.0
103.0
115.0
119.0
120.0
74.0
58.0
80.0
22.0
11.0
39.0
26.0
36.0
37.0
48.0
31.0
8.0
36.0
14.0
24.0
13.0
-20.0
-18.0
47.0
29.0
-42.0
6.0
-20.0
-12.0
-26.0
-3.0
-36.0
-37.0
27.0
-24.0
-4.0
-24.0
-37.0
-4.0
-50.0
1.0
25.0
31.0
46.0
39.0
27.0
-8.0
35.0
70.0
23.0
37.0
25.0
35.0
58.0
73.0
85.0
68.0
65.0
35.0
60.0
44.0
45.0
48.0
54.0
49.0
69.0
78.0
25.0
8.0
17.0
6.0
19.0
31.0
42.0
42.0
46.0
64.0
68.0
70.0
99.0
32.0
67.0
114.0
114.0
53.0
53.0
54.0
46.0
27.0
18.0
7.0
-1.0
-6.0
29.0
86.0
144.0
118.0
76.0
89.0
67.0
51.0
36.0
14.0
21.0
75.0
112.0
84.0
79.0
67.0
40.0
-4.0
-10.0
-20.0
17.0
43.0
52.0
27.0
38.0
59.0
39.0
25.0
49.0
42.0
39.0
69.0
35.0
12.0
34.0
45.0
80.0
55.0
-22.0
-69.0
-66.0
-84.0
-58.0
-49.0
24.0
77.0
101.0
110.0
92.0
66.0
32.0
-2.0
3.0
48.0
30.0
-16.0
-24.0
-15.0
1.0
31.0
21.0
29.0
48.0
91.0
106.0
85.0
32.0
17.0
-8.0
-16.0
-24.0
-16.0
-29.0
15.0
27.0
36.0
70.0
71.0
47.0
42.0
48.0
43.0
11.0
12.0
1.0
-4.0
6.0
22.0
21.0
12.0
23.0
30.0
18.0
11.0
-7.0
29.0
21.0
-49.0
-59.0
-64.0
-90.0
-79.0
-69.0
-30.0
-105.0
-143.0
-91.0
-68.0
-55.0
-63.0
-106.0
-70.0
-27.0
-35.0
-29.0
3.0
26.0
-42.0
-61.0
-43.0
-88.0
-85.0
-86.0
-126.0
-108.0
-64.0
-56.0
-52.0
-83.0
-129.0
-84.0
-73.0
-78.0
-32.0
15.0
13.0
-38.0
-80.0
-27.0
-49.0
-105.0
-100.0
-93.0
-84.0
-11.0
12.0
-10.0
-52.0
-69.0
-84.0
-42.0
16.0
43.0
-10.0
-60.0
-86.0
-63.0
-18.0
-37.0
-58.0
-105.0
-81.0
-31.0
-12.0
-21.0
-45.0
-34.0
-65.0
-61.0
-15.0
-11.0
-36.0
-72.0
-52.0
-24.0
0.0
16.0
20.0
39.0
5.0
-18.0
6.0
55.0
32.0
26.0
38.0
29.0
-1.0
-13.0
-29.0
-15.0
-3.0
27.0
41.0
33.0
43.0
19.0
-9.0
-31.0
-40.0
-50.0
-20.0
15.0
-23.0
12.0
16.0
-11.0
-16.0
-2.0
-16.0
8.0
15.0
33.0
-3.0
7.0
65.0
53.0
-25.0
-51.0
-58.0
-42.0
-57.0
-58.0
-40.0
-31.0
-34.0
8.0
23.0
25.0
64.0
10.0
-44.0
-5.0
-48.0
-51.0
-36.0
-10.0
-36.0
-60.0
-33.0
-29.0
-35.0
-39.0
-47.0
-52.0
-43.0
-27.0
-20.0
-9.0
17.0
-5.0
-38.0
-33.0
-47.0
-58.0
-68.0
-73.0
-52.0
-38.0
-1.0
67.0
72.0
32.0
72.0
50.0
68.0
135.0
160.0
124.0
63.0
-50.0
-29.0
-32.0
-73.0
-21.0
33.0
11.0
73.0
64.0
72.0
95.0
90.0
100.0
105.0
31.0
24.0
-9.0
-26.0
-54.0
-24.0
40.0
63.0
74.0
48.0
73.0
142.0
7.0
-22.0
-30.0
-39.0
-7.0
-48.0
-33.0
-52.0
-46.0
-2.0
10.0
8.0
-69.0
-97.0
24.0
-18.0
3.0
38.0
-17.0
27.0
-7.0
-41.0
-41.0
-3.0
33.0
-6.0
11.0
41.0
26.0
43.0
-18.0
-40.0
-49.0
-58.0
-52.0
-34.0
-52.0
-2.0
7.0
49.0
48.0
2.0
32.0
32.0
95.0
69.0
6.0
-7.0
-4.0
-24.0
27.0
37.0
12.0
15.0
45.0
49.0
21.0
38.0
16.0
15.0
32.0
-16.0
-35.0
-41.0
-72.0
-83.0
-74.0
-23.0
-1.0
15.0
34.0
27.0
56.0
75.0
91.0
70.0
63.0
46.0
34.0
53.0
67.0
77.0
79.0
79.0
91.0
51.0
58.0
100.0
110.0
103.0
128.0
72.0
108.0
117.0
101.0
121.0
145.0
158.0
167.0
152.0
103.0
83.0
70.0
62.0
59.0
22.0
41.0
48.0
36.0
73.0
64.0
135.0
184.0
205.0
159.0
106.0
91.0
114.0
63.0
23.0
77.0
134.0
159.0
174.0
185.0
159.0
105.0
118.0
118.0
81.0
62.0
65.0
-20.0
-29.0
-5.0
55.0
136.0
161.0
143.0
149.0
109.0
38.0
47.0
57.0
64.0
116.0
55.0
-2.0
-59.0
-72.0
-11.0
41.0
76.0
64.0
60.0
30.0
24.0
63.0
58.0
-1.0
-17.0
-17.0
2.0
-33.0
21.0
100.0
97.0
139.0
203.0
183.0
138.0
99.0
58.0
43.0
64.0
77.0
88.0
71.0
45.0
12.0
-1.0
46.0
87.0
112.0
97.0
118.0
150.0
132.0
73.0
96.0
81.0
49.0
-1.0
57.0
40.0
11.0
96.0
149.0
137.0
119.0
81.0
168.0
109.0
53.0
17.0
25.0
24.0
6.0
9.0
-33.0
40.0
13.0
-27.0
-17.0
-25.0
-70.0
-65.0
-56.0
-81.0
-67.0
-76.0
-128.0
-144.0
-93.0
-90.0
-24.0
-32.0
-58.0
-63.0
-96.0
-82.0
-68.0
-50.0
-72.0
-74.0
-110.0
-107.0
-90.0
-86.0
-112.0
-100.0
-171.0
-198.0
-165.0
-144.0
-180.0
-168.0
-115.0
-145.0
-155.0
-143.0
-174.0
-195.0
-174.0
-124.0
-78.0
-72.0
-85.0
-65.0
-70.0
-90.0
-93.0
-68.0
-64.0
-48.0
-46.0
-1.0
-29.0
-49.0
-35.0
-12.0
-2.0
-4.0
-9.0
-33.0
-25.0
10.0
27.0
37.0
54.0
45.0
39.0
20.0
1.0
-9.0
-43.0
-50.0
-32.0
-32.0
-49.0
-30.0
-20.0
11.0
51.0
17.0
15.0
-3.0
-32.0
0.0
6.0
18.0
53.0
41.0
52.0
71.0
90.0
99.0
131.0
176.0
197.0
139.0
52.0
56.0
77.0
81.0
127.0
176.0
185.0
131.0
119.0
128.0
91.0
72.0
47.0
9.0
21.0
15.0
26.0
52.0
86.0
115.0
138.0
129.0
99.0
111.0
118.0
137.0
139.0
117.0
105.0
112.0
99.0
79.0
139.0
126.0
122.0
140.0
138.0
130.0
122.0
109.0
89.0
65.0
83.0
97.0
101.0
96.0
100.0
97.0
89.0
118.0
104.0
132.0
45.0
20.0
37.0
6.0
8.0
18.0
63.0
90.0
53.0
33.0
61.0
56.0
43.0
63.0
50.0
83.0
63.0
30.0
63.0
-11.0
6.0
42.0
78.0
98.0
107.0
117.0
63.0
81.0
119.0
106.0
88.0
85.0
96.0
39.0
78.0
80.0
71.0
70.0
88.0
89.0
83.0
33.0
8.0
-14.0
21.0
92.0
116.0
95.0
68.0
20.0
55.0
59.0
52.0
79.0
90.0
81.0
92.0
99.0
76.0
81.0
61.0
62.0
61.0
64.0
39.0
34.0
23.0
24.0
51.0
77.0
96.0
98.0
84.0
21.0
12.0
18.0
4.0
41.0
15.0
16.0
13.0
-55.0
-103.0
-40.0
37.0
82.0
98.0
78.0
84.0
96.0
100.0
69.0
15.0
34.0
72.0
52.0
50.0
37.0
34.0
86.0
80.0
54.0
95.0
46.0
53.0
81.0
70.0
1.0
-11.0
-3.0
29.0
66.0
55.0
42.0
33.0
31.0
33.0
6.0
22.0
41.0
-15.0
-63.0
-96.0
-46.0
-12.0
23.0
-11.0
8.0
18.0
43.0
36.0
22.0
-52.0
-82.0
-71.0
-82.0
-110.0
-103.0
-45.0
-51.0
-17.0
7.0
-25.0
-5.0
-5.0
-42.0
-39.0
-44.0
-41.0
-34.0
-112.0
-147.0
-161.0
-138.0
-81.0
-58.0
5.0
46.0
33.0
16.0
-60.0
-63.0
-19.0
-21.0
-29.0
-42.0
-36.0
-3.0
-39.0
-36.0
-6.0
-10.0
21.0
38.0
-7.0
-43.0
-99.0
-151.0
-145.0
-147.0
-124.0
-90.0
-25.0
-10.0
18.0
14.0
21.0
-21.0
-52.0
-53.0
-55.0
-58.0
-78.0
-2.0
-46.0
-112.0
-116.0
-129.0
-102.0
-79.0
-60.0
-34.0
-76.0
-77.0
-43.0
-56.0
-65.0
-39.0
-30.0
-48.0
-47.0
-2.0
14.0
-16.0
-33.0
-16.0
-20.0
-39.0
-79.0
-103.0
-38.0
-16.0
13.0
67.0
57.0
28.0
36.0
7.0
-5.0
-50.0
-7.0
28.0
-2.0
-16.0
-52.0
-44.0
1.0
-12.0
-24.0
6.0
29.0
43.0
36.0
-34.0
-55.0
-53.0
-44.0
-26.0
-27.0
-12.0
41.0
31.0
2.0
-11.0
-9.0
-17.0
-57.0
-64.0
-45.0
-96.0
-66.0
5.0
-27.0
-35.0
-30.0
-48.0
-68.0
-60.0
-33.0
15.0
-7.0
-17.0
-11.0
-37.0
-19.0
-43.0
-86.0
-45.0
3.0
17.0
41.0
56.0
13.0
-25.0
12.0
29.0
-22.0
-64.0
-51.0
-43.0
-44.0
5.0
64.0
86.0
59.0
13.0
-54.0
-70.0
-35.0
-41.0
-13.0
3.0
-18.0
-37.0
-23.0
-26.0
-32.0
-54.0
-32.0
18.0
50.0
39.0
41.0
64.0
54.0
20.0
-13.0
-10.0
-7.0
-13.0
29.0
59.0
54.0
48.0
57.0
51.0
21.0
25.0
20.0
4.0
-32.0
-22.0
7.0
-14.0
-1.0
-12.0
-50.0
-78.0
-69.0
-44.0
-58.0
-31.0
-18.0
80.0
120.0
81.0
67.0
18.0
-42.0
-58.0
-52.0
-39.0
-8.0
25.0
17.0
-13.0
7.0
38.0
53.0
59.0
-19.0
-48.0
-39.0
-11.0
40.0
83.0
55.0
42.0
27.0
-12.0
-31.0
-15.0
-39.0
-53.0
-73.0
-52.0
-44.0
-64.0
-84.0
-55.0
-66.0
-76.0
-37.0
0.0
22.0
29.0
39.0
25.0
61.0
87.0
101.0
101.0
111.0
70.0
88.0
69.0
45.0
42.0
23.0
-4.0
-14.0
11.0
-17.0
-25.0
5.0
-5.0
-14.0
-6.0
17.0
20.0
-8.0
-40.0
-60.0
-21.0
-9.0
25.0
11.0
-12.0
-33.0
-5.0
-12.0
-36.0
-1.0
16.0
-16.0
-71.0
-91.0
-123.0
-157.0
-168.0
-142.0
-53.0
-78.0
-53.0
-42.0
-18.0
8.0
-36.0
-26.0
11.0
37.0
9.0
-1.0
-28.0
-26.0
-74.0
-124.0
-141.0
-162.0
-170.0
-120.0
-106.0
-85.0
-75.0
-54.0
15.0
42.0
16.0
3.0
-46.0
-101.0
-111.0
-59.0
7.0
-35.0
-48.0
8.0
-14.0
-27.0
-24.0
-42.0
15.0
-2.0
8.0
17.0
15.0
-10.0
-5.0
-27.0
-32.0
-54.0
-47.0
-10.0
15.0
32.0
44.0
33.0
6.0
24.0
46.0
30.0
-12.0
-24.0
-53.0
-54.0
-7.0
13.0
6.0
11.0
49.0
97.0
112.0
72.0
59.0
51.0
-5.0
-30.0
-65.0
-92.0
-71.0
-42.0
-69.0
-132.0
-100.0
-73.0
-73.0
-50.0
-23.0
-9.0
9.0
-2.0
-2.0
3.0
-7.0
-56.0
-84.0
-54.0
-57.0
-31.0
43.0
66.0
39.0
21.0
-9.0
-6.0
-18.0
-59.0
-29.0
15.0
-5.0
-18.0
-13.0
-11.0
11.0
13.0
7.0
-8.0
15.0
21.0
23.0
5.0
-13.0
-17.0
2.0
8.0
8.0
1.0
11.0
31.0
83.0
21.0
-49.0
-32.0
-61.0
-45.0
-16.0
-5.0
15.0
-3.0
-3.0
26.0
15.0
-4.0
13.0
18.0
41.0
15.0
30.0
16.0
-27.0
-11.0
3.0
25.0
69.0
43.0
42.0
54.0
67.0
83.0
100.0
100.0
26.0
-6.0
14.0
12.0
-13.0
-5.0
10.0
-70.0
-86.0
-93.0
-77.0
-34.0
-10.0
-35.0
-21.0
-20.0
-30.0
-31.0
-20.0
24.0
44.0
35.0
21.0
48.0
33.0
-15.0
-50.0
-45.0
-26.0
-16.0
-32.0
-34.0
-54.0
-53.0
-33.0
23.0
40.0
21.0
34.0
-1.0
-4.0
-52.0
-5.0
-30.0
7.0
48.0
58.0
11.0
34.0
9.0
-1.0
3.0
-10.0
34.0
18.0
32.0
59.0
13.0
25.0
8.0
-32.0
-25.0
-16.0
-24.0
-16.0
-14.0
17.0
41.0
33.0
84.0
96.0
89.0
111.0
95.0
83.0
46.0
-4.0
21.0
3.0
-20.0
-13.0
32.0
15.0
22.0
15.0
2.0
21.0
21.0
10.0
14.0
38.0
76.0
69.0
79.0
101.0
89.0
77.0
15.0
50.0
64.0
88.0
115.0
93.0
116.0
117.0
18.0
14.0
39.0
45.0
89.0
54.0
27.0
56.0
39.0
24.0
57.0
55.0
33.0
39.0
15.0
31.0
52.0
12.0
8.0
25.0
56.0
29.0
4.0
26.0
14.0
-5.0
-17.0
51.0
62.0
62.0
33.0
-5.0
-16.0
1.0
-8.0
-43.0
-67.0
-79.0
-49.0
-26.0
20.0
-16.0
-76.0
-74.0
-45.0
-65.0
-76.0
-98.0
-79.0
-93.0
-83.0
-72.0
-32.0
-53.0
-33.0
-40.0
-80.0
-100.0
-49.0
-61.0
-65.0
-59.0
-67.0
-79.0
-119.0
-112.0
-65.0
-47.0
-7.0
17.0
20.0
14.0
33.0
60.0
21.0
-2.0
-13.0
-54.0
-99.0
-60.0
-75.0
-102.0
-135.0
-127.0
-106.0
-52.0
-81.0
-75.0
-34.0
-32.0
-80.0
-49.0
-7.0
-54.0
-91.0
-138.0
-92.0
-53.0
-39.0
-83.0
-147.0
-186.0
-127.0
-101.0
-121.0
-131.0
-120.0
-99.0
-93.0
-45.0
-67.0
-73.0
-101.0
-83.0
-52.0
-143.0
-127.0
-147.0
-139.0
-99.0
-122.0
-98.0
