4 0.669635
5 0.727906
7 0.803710
9 0.847326
11 0.874251
13 0.892124
16 0.910083
20 0.925855
23 0.934277
28 0.944283
33 0.951059
38 0.955744
45 0.959844
52 0.961964
60 0.962902
69 0.962927
79 0.962270
91 0.960925
104 0.959065
119 0.956573
135 0.953626
154 0.949862
174 0.945593
198 0.939851
223 0.933016
252 0.923956
285 0.912213
321 0.898164
362 0.881394
407 0.862824
457 0.843134
513 0.823205
575 0.804280
645 0.785939
723 0.767882
809 0.750575
905 0.733939
1011 0.716282
1130 0.696338
1261 0.674661
1407 0.651898
1570 0.627473
