4 0.148796
5 0.169104
7 0.222388
9 0.292828
11 0.366426
13 0.429996
16 0.500729
20 0.563979
23 0.598793
28 0.646752
33 0.688606
38 0.725391
45 0.767868
52 0.800109
60 0.826757
69 0.847514
79 0.862919
91 0.874657
104 0.882244
119 0.886806
135 0.888493
154 0.887775
174 0.885115
198 0.880429
223 0.874700
252 0.867497
285 0.858810
321 0.849232
362 0.839016
407 0.828897
457 0.818402
513 0.807129
575 0.793930
645 0.778415
723 0.761978
809 0.745716
905 0.731272
1011 0.719994
1130 0.711546
1261 0.705834
1407 0.703229
1570 0.698822
1750 0.691255
