4 0.587445
5 0.634624
7 0.723251
9 0.795120
11 0.843936
13 0.873933
16 0.899435
20 0.917348
23 0.925356
28 0.933976
33 0.939297
38 0.942627
45 0.945161
52 0.946208
60 0.946396
69 0.945835
79 0.944627
91 0.942661
104 0.940135
119 0.936954
135 0.933465
154 0.929362
174 0.925071
198 0.919793
223 0.913927
252 0.906754
285 0.898389
321 0.888903
362 0.877641
407 0.865164
457 0.851482
513 0.836290
575 0.819467
645 0.800432
723 0.779391
809 0.756570
905 0.731150
1011 0.704083
1130 0.676851
1261 0.652425
1407 0.632770
1570 0.619121
1750 0.611993
