4 0.519313
5 0.550334
7 0.592812
9 0.621326
11 0.642927
13 0.660305
16 0.681047
20 0.702955
23 0.716734
28 0.736811
33 0.754534
38 0.770044
45 0.788447
52 0.802840
60 0.814411
69 0.822493
79 0.827002
91 0.828559
104 0.827212
119 0.823163
135 0.817030
154 0.808311
174 0.798201
198 0.785344
223 0.771532
252 0.755389
285 0.737042
321 0.717163
362 0.694838
407 0.671136
457 0.646238
513 0.620723
575 0.595932
645 0.572445
723 0.551355
809 0.532563
905 0.514547
1011 0.496516
1130 0.476407
1261 0.453976
1407 0.432310
1570 0.417029
1750 0.413938
