4 0.494108
5 0.484620
7 0.487824
9 0.506851
11 0.531540
13 0.556347
16 0.590950
20 0.634220
23 0.662386
28 0.697143
33 0.721036
38 0.738962
45 0.757179
52 0.770088
60 0.781089
69 0.790872
79 0.799914
91 0.809413
104 0.818472
119 0.827360
135 0.835071
154 0.842371
174 0.848440
198 0.853987
223 0.858226
252 0.861536
285 0.863649
321 0.864491
362 0.864256
407 0.863093
457 0.861121
513 0.858589
575 0.855780
645 0.852762
723 0.849442
809 0.845675
905 0.841324
1011 0.837031
1130 0.834381
1261 0.834918
1407 0.839138
1570 0.846099
1750 0.854150
