4 0.430932
5 0.436888
7 0.452895
9 0.469162
11 0.483457
13 0.495039
16 0.507793
20 0.518279
23 0.522005
28 0.523386
33 0.523728
38 0.525458
45 0.527999
52 0.528729
60 0.527817
69 0.524943
79 0.520564
91 0.515707
104 0.512714
119 0.512512
135 0.514811
154 0.519838
174 0.526917
198 0.536668
223 0.547002
252 0.557507
285 0.566362
321 0.572516
362 0.576005
407 0.576748
457 0.575514
513 0.573849
575 0.572341
645 0.571949
723 0.573809
809 0.578852
905 0.588176
1011 0.602340
1130 0.621064
1261 0.641168
1407 0.659994
1570 0.674375
