4 0.565580
5 0.555583
7 0.558136
9 0.573682
11 0.593394
13 0.614970
16 0.649745
20 0.693572
23 0.718451
28 0.745641
33 0.764836
38 0.779916
45 0.794568
52 0.803030
60 0.807472
69 0.808217
79 0.805812
91 0.800337
104 0.792334
119 0.781604
135 0.769506
154 0.754846
174 0.739538
198 0.722271
223 0.705957
252 0.689870
285 0.675636
321 0.664386
362 0.655828
407 0.651447
457 0.651411
513 0.655757
575 0.663375
645 0.672282
723 0.681879
809 0.691958
905 0.702245
1011 0.712208
1130 0.720982
1261 0.728029
1407 0.733990
1570 0.740337
