4 0.655109
5 0.686890
7 0.735100
9 0.769825
11 0.794924
13 0.813913
16 0.837059
20 0.864107
23 0.882167
28 0.906574
33 0.923476
38 0.934483
45 0.944106
52 0.950045
60 0.954115
69 0.956658
79 0.958010
91 0.958408
104 0.957920
119 0.956651
135 0.954896
154 0.952623
174 0.950219
198 0.947410
223 0.944526
252 0.941228
285 0.937496
321 0.933387
362 0.928697
407 0.923630
457 0.918059
513 0.911803
575 0.904661
645 0.896120
723 0.886274
809 0.875269
905 0.863006
1011 0.849840
1130 0.835957
1261 0.822723
1407 0.812019
1570 0.804476
1750 0.798946
