4 0.074196
5 0.077293
7 0.097458
9 0.140742
11 0.208902
13 0.291072
16 0.417177
20 0.560991
23 0.640596
28 0.730125
33 0.784251
38 0.818272
45 0.847412
52 0.864594
60 0.876367
69 0.884116
79 0.888918
91 0.891696
104 0.892522
119 0.891754
135 0.889655
154 0.886002
174 0.881118
198 0.874086
223 0.865378
252 0.853601
285 0.838596
321 0.821035
362 0.799870
407 0.775761
457 0.748829
513 0.718416
575 0.683981
645 0.645212
723 0.604456
809 0.565349
905 0.530655
1011 0.505145
1130 0.486334
1261 0.467354
1407 0.447989
1570 0.425910
