4 0.410644
5 0.448326
7 0.506206
9 0.550419
11 0.585314
13 0.612910
16 0.645504
20 0.678782
23 0.697692
28 0.720691
33 0.736203
38 0.746321
45 0.754110
52 0.756757
60 0.755537
69 0.750487
79 0.742192
91 0.730703
104 0.718142
119 0.704539
135 0.691716
154 0.679236
174 0.669183
198 0.660542
223 0.654348
252 0.649417
285 0.645740
321 0.643709
362 0.643828
407 0.646497
457 0.651708
513 0.659584
575 0.669399
645 0.680131
723 0.691160
809 0.702098
905 0.712756
1011 0.722506
1130 0.731521
1261 0.738622
1407 0.742988
1570 0.745472
