4 0.579521
5 0.596649
7 0.622161
9 0.648689
11 0.671067
13 0.687328
16 0.702013
20 0.709464
23 0.709476
28 0.703095
33 0.692183
38 0.678757
45 0.657229
52 0.635005
60 0.610857
69 0.586776
79 0.564779
91 0.544033
104 0.527257
119 0.514901
135 0.507392
154 0.502275
174 0.498694
198 0.495814
223 0.493952
252 0.491691
285 0.488306
321 0.484015
362 0.477198
407 0.466761
457 0.452275
513 0.434210
575 0.413745
645 0.390968
723 0.366254
809 0.340585
905 0.314561
1011 0.289170
1130 0.264568
1261 0.240239
1407 0.216535
1570 0.195492
1750 0.176428
