-60.0
-95.0
-91.0
-43.0
-124.0
-78.0
-103.0
-93.0
-89.0
-55.0
-46.0
-89.0
29.0
-81.0
-56.0
-114.0
-77.0
-92.0
-72.0
-52.0
-22.0
33.0
54.0
122.0
196.0
243.0
340.0
388.0
441.0
375.0
454.0
419.0
413.0
443.0
371.0
369.0
340.0
185.0
169.0
176.0
125.0
134.0
110.0
60.0
81.0
93.0
26.0
80.0
18.0
-5.0
-86.0
-95.0
-67.0
-181.0
-102.0
-107.0
-199.0
-107.0
-138.0
-96.0
-97.0
-167.0
-120.0
-79.0
-115.0
-97.0
-88.0
-44.0
-87.0
-268.0
-138.0
-188.0
-201.0
-193.0
-171.0
-234.0
-117.0
-104.0
-133.0
-130.0
-74.0
-156.0
-127.0
-136.0
-98.0
-102.0
-54.0
-120.0
-147.0
-165.0
-176.0
-161.0
-136.0
-127.0
-202.0
-218.0
-215.0
-115.0
-124.0
-120.0
-139.0
-108.0
-155.0
-119.0
-138.0
-142.0
-157.0
-141.0
-181.0
-168.0
-128.0
-174.0
-93.0
-168.0
-93.0
-126.0
-155.0
-172.0
-158.0
-140.0
-167.0
-124.0
-200.0
-151.0
-108.0
-102.0
-115.0
-121.0
-74.0
-55.0
-168.0
-121.0
-137.0
-120.0
-83.0
-137.0
-84.0
-121.0
-158.0
-74.0
-107.0
-80.0
-112.0
-35.0
-113.0
-88.0
-72.0
-21.0
-37.0
-42.0
-36.0
-73.0
-59.0
-41.0
-36.0
-83.0
-77.0
-97.0
-55.0
-137.0
10.0
-40.0
-98.0
18.0
1.0
-2.0
-3.0
-11.0
-18.0
-76.0
-2.0
-15.0
-76.0
-1.0
-74.0
-13.0
-69.0
-16.0
-68.0
-15.0
-64.0
-46.0
-55.0
-100.0
-111.0
-71.0
-121.0
-53.0
-32.0
-19.0
-111.0
-56.0
-77.0
7.0
-29.0
-12.0
-55.0
-80.0
-84.0
-91.0
-98.0
-31.0
-127.0
-62.0
-140.0
-64.0
-37.0
-51.0
-55.0
27.0
-46.0
-50.0
-23.0
-45.0
1.0
-71.0
-47.0
-84.0
-31.0
-11.0
-41.0
-56.0
-35.0
15.0
-36.0
2.0
-54.0
2.0
60.0
-30.0
-36.0
4.0
-51.0
-36.0
31.0
-40.0
-34.0
4.0
16.0
-22.0
10.0
49.0
-32.0
-60.0
-31.0
58.0
-69.0
-37.0
-36.0
-29.0
-28.0
-21.0
-20.0
-46.0
-67.0
-13.0
-42.0
49.0
-23.0
-27.0
46.0
16.0
2.0
-34.0
-30.0
-92.0
-49.0
-65.0
-33.0
-119.0
-73.0
-16.0
-23.0
76.0
-39.0
-4.0
-40.0
17.0
61.0
14.0
27.0
56.0
12.0
53.0
21.0
-21.0
48.0
-7.0
2.0
6.0
-50.0
18.0
-14.0
-23.0
86.0
-11.0
-2.0
-7.0
-12.0
12.0
64.0
111.0
17.0
22.0
12.0
-2.0
162.0
46.0
56.0
20.0
65.0
40.0
16.0
25.0
-5.0
35.0
-4.0
46.0
36.0
-15.0
48.0
-2.0
11.0
39.0
65.0
5.0
8.0
15.0
-81.0
6.0
-16.0
13.0
-49.0
-8.0
-22.0
18.0
-32.0
-25.0
50.0
-9.0
-27.0
14.0
54.0
15.0
-1.0
-5.0
30.0
-36.0
13.0
-3.0
-53.0
33.0
-1.0
21.0
55.0
58.0
-8.0
-27.0
73.0
-22.0
18.0
30.0
42.0
-35.0
32.0
-2.0
15.0
-3.0
60.0
49.0
24.0
36.0
78.0
65.0
32.0
62.0
34.0
100.0
59.0
-12.0
-6.0
59.0
36.0
-14.0
64.0
84.0
109.0
-13.0
24.0
73.0
44.0
81.0
68.0
62.0
18.0
58.0
-6.0
42.0
58.0
35.0
-40.0
16.0
61.0
-18.0
46.0
54.0
25.0
52.0
-7.0
56.0
-14.0
-30.0
-60.0
18.0
13.0
-46.0
6.0
51.0
-40.0
-16.0
2.0
61.0
17.0
-31.0
102.0
-30.0
-59.0
14.0
52.0
-42.0
65.0
-43.0
41.0
26.0
76.0
-28.0
37.0
-2.0
52.0
42.0
-30.0
81.0
-44.0
49.0
-56.0
117.0
-6.0
172.0
159.0
122.0
209.0
186.0
354.0
367.0
303.0
311.0
384.0
460.0
332.0
295.0
382.0
392.0
413.0
175.0
263.0
170.0
170.0
238.0
118.0
191.0
-44.0
63.0
63.0
34.0
81.0
43.0
28.0
-77.0
-20.0
-13.0
-72.0
-12.0
23.0
-187.0
-43.0
-109.0
-208.0
-122.0
-186.0
-108.0
-126.0
-133.0
-239.0
-173.0
-153.0
-261.0
-166.0
-157.0
-14.0
-107.0
-154.0
-102.0
-90.0
-161.0
-155.0
-96.0
-150.0
-124.0
-124.0
-230.0
-177.0
-225.0
-177.0
-110.0
-241.0
-124.0
-105.0
-103.0
-79.0
-114.0
-53.0
-96.0
-155.0
-88.0
-108.0
-80.0
-69.0
-90.0
-130.0
-43.0
-111.0
-53.0
-81.0
-106.0
15.0
17.0
-15.0
-60.0
-101.0
-77.0
-105.0
-200.0
-131.0
-164.0
-154.0
-131.0
-88.0
-125.0
-86.0
-152.0
-99.0
-72.0
-123.0
-93.0
-166.0
-47.0
-157.0
-114.0
-123.0
-116.0
-247.0
-133.0
-204.0
-121.0
-178.0
-147.0
-105.0
-115.0
-110.0
-118.0
-109.0
-118.0
-83.0
-99.0
-54.0
-131.0
-96.0
-106.0
-94.0
-163.0
-94.0
-61.0
-49.0
-134.0
-39.0
-65.0
-99.0
-91.0
-92.0
-64.0
-106.0
-46.0
-84.0
-80.0
-125.0
-64.0
-89.0
-117.0
-144.0
-65.0
-67.0
-161.0
-82.0
-62.0
-70.0
-117.0
-76.0
-90.0
-23.0
-86.0
-89.0
-73.0
-75.0
-141.0
-38.0
-48.0
-18.0
20.0
16.0
-111.0
26.0
6.0
-37.0
-6.0
-21.0
-27.0
-59.0
-110.0
-41.0
-102.0
31.0
-96.0
-46.0
-59.0
-39.0
-51.0
46.0
-39.0
-43.0
-11.0
-8.0
-22.0
-34.0
-81.0
-90.0
-45.0
-131.0
-93.0
-70.0
-12.0
-41.0
-51.0
-37.0
56.0
-66.0
8.0
7.0
5.0
-4.0
35.0
61.0
-12.0
-77.0
-32.0
-98.0
-39.0
-58.0
-51.0
-32.0
-20.0
6.0
1.0
55.0
46.0
65.0
21.0
40.0
-6.0
-4.0
-53.0
-39.0
-56.0
-114.0
-27.0
-60.0
-10.0
-58.0
3.0
12.0
-43.0
-10.0
-27.0
-79.0
-149.0
-101.0
-16.0
-98.0
-121.0
-60.0
-32.0
-79.0
-39.0
31.0
40.0
-26.0
4.0
31.0
-59.0
13.0
19.0
-53.0
-15.0
-75.0
38.0
-32.0
1.0
-15.0
34.0
6.0
66.0
17.0
-15.0
31.0
50.0
63.0
72.0
8.0
20.0
-23.0
-8.0
-12.0
-23.0
-39.0
-8.0
35.0
-18.0
-16.0
-1.0
-52.0
-53.0
20.0
-100.0
-67.0
-58.0
-61.0
48.0
-27.0
34.0
-97.0
-81.0
-13.0
-99.0
35.0
0.0
-21.0
-20.0
-21.0
-44.0
-71.0
-4.0
35.0
-29.0
-34.0
-31.0
-10.0
-70.0
-15.0
-34.0
-81.0
-40.0
-48.0
-38.0
-78.0
-54.0
-20.0
-88.0
-16.0
-61.0
-24.0
-19.0
-89.0
-65.0
-101.0
-72.0
-61.0
-45.0
-32.0
-36.0
17.0
-11.0
-81.0
-38.0
-144.0
-58.0
-25.0
-52.0
-55.0
2.0
-98.0
-52.0
-28.0
-24.0
-13.0
2.0
17.0
43.0
25.0
107.0
89.0
120.0
249.0
216.0
286.0
316.0
366.0
306.0
353.0
406.0
368.0
369.0
410.0
351.0
338.0
342.0
271.0
222.0
237.0
223.0
167.0
98.0
75.0
87.0
80.0
51.0
21.0
-65.0
-25.0
-113.0
-95.0
-105.0
-83.0
-118.0
-163.0
-146.0
-168.0
-190.0
-222.0
-185.0
-248.0
-183.0
-232.0
-196.0
-165.0
-191.0
-212.0
-121.0
-231.0
-161.0
-159.0
-188.0
-159.0
-144.0
-159.0
-153.0
-171.0
-103.0
-158.0
-168.0
-182.0
-179.0
-130.0
-162.0
-176.0
-134.0
-133.0
-163.0
-111.0
-144.0
-268.0
-119.0
-167.0
-73.0
-52.0
-87.0
-117.0
-130.0
-197.0
-128.0
-147.0
-141.0
-138.0
-119.0
-91.0
-194.0
-171.0
-152.0
-209.0
-127.0
-199.0
-73.0
-110.0
-169.0
-74.0
-162.0
-117.0
-56.0
-127.0
-132.0
-73.0
-93.0
-86.0
-152.0
-92.0
-91.0
-107.0
-148.0
-85.0
-30.0
-73.0
-84.0
-86.0
-85.0
-64.0
-97.0
-31.0
-52.0
-98.0
-110.0
-120.0
-118.0
-64.0
-63.0
-36.0
-51.0
-94.0
-125.0
-37.0
-62.0
-29.0
-35.0
-14.0
-112.0
-20.0
-60.0
-140.0
-24.0
-20.0
-86.0
-55.0
-146.0
-3.0
-26.0
-53.0
-56.0
-18.0
-15.0
-17.0
15.0
-31.0
16.0
21.0
17.0
92.0
105.0
155.0
243.0
286.0
322.0
344.0
365.0
347.0
408.0
395.0
383.0
366.0
392.0
306.0
394.0
305.0
231.0
268.0
187.0
137.0
130.0
128.0
81.0
129.0
53.0
26.0
-6.0
16.0
-61.0
-136.0
-75.0
-81.0
-88.0
-96.0
-94.0
-108.0
-116.0
-163.0
-84.0
-120.0
-192.0
-127.0
-192.0
-99.0
-36.0
-155.0
-138.0
-177.0
-74.0
-167.0
-82.0
-121.0
-52.0
-161.0
-129.0
-120.0
-155.0
-26.0
-125.0
-157.0
-136.0
-147.0
-242.0
-80.0
-109.0
-95.0
-98.0
-71.0
-102.0
-116.0
-102.0
-129.0
-98.0
-76.0
-45.0
-131.0
-15.0
-30.0
-54.0
-68.0
-105.0
-88.0
-60.0
-70.0
-68.0
-126.0
-52.0
-95.0
-179.0
-100.0
-119.0
-128.0
-94.0
-123.0
-134.0
-150.0
-191.0
-155.0
-141.0
-114.0
-123.0
-148.0
-142.0
-111.0
-93.0
-63.0
-115.0
-39.0
-8.0
26.0
84.0
173.0
224.0
271.0
356.0
395.0
385.0
455.0
399.0
433.0
397.0
401.0
429.0
301.0
342.0
307.0
328.0
169.0
203.0
166.0
72.0
100.0
41.0
33.0
-23.0
-47.0
4.0
-42.0
-83.0
-99.0
-69.0
-121.0
-131.0
-138.0
-204.0
-91.0
-195.0
-199.0
-217.0
-254.0
-203.0
-225.0
-206.0
-253.0
-262.0
-183.0
-200.0
-252.0
-182.0
-231.0
-162.0
-248.0
-158.0
-176.0
-142.0
-158.0
-64.0
-182.0
-201.0
-172.0
-159.0
-129.0
-152.0
-149.0
-137.0
-179.0
-112.0
-209.0
-123.0
-191.0
-190.0
-123.0
-173.0
-180.0
-138.0
-126.0
-163.0
-174.0
-149.0
-198.0
-190.0
-213.0
-154.0
-157.0
-117.0
-167.0
-161.0
-169.0
-192.0
-176.0
-186.0
-121.0
-192.0
-209.0
-177.0
-227.0
-182.0
-175.0
-191.0
-135.0
-136.0
-136.0
-117.0
-76.0
-172.0
-113.0
-148.0
-87.0
-140.0
-122.0
-56.0
-59.0
-126.0
-121.0
-72.0
-97.0
-167.0
-36.0
-145.0
-48.0
-95.0
-58.0
-100.0
-88.0
-133.0
-126.0
-107.0
-97.0
-104.0
-65.0
-109.0
-40.0
-29.0
34.0
126.0
114.0
181.0
262.0
308.0
340.0
347.0
381.0
359.0
342.0
427.0
371.0
338.0
295.0
279.0
264.0
138.0
161.0
159.0
67.0
73.0
54.0
-12.0
30.0
35.0
10.0
-28.0
-16.0
-82.0
-135.0
-114.0
-49.0
-110.0
-128.0
-69.0
-119.0
-199.0
-164.0
-282.0
-240.0
-229.0
-213.0
-179.0
-221.0
-195.0
-165.0
-151.0
-175.0
-161.0
-144.0
-150.0
-137.0
-161.0
-148.0
-235.0
-187.0
-195.0
-165.0
-140.0
-161.0
-208.0
-133.0
-137.0
-134.0
-134.0
-93.0
-171.0
-97.0
-209.0
-94.0
-112.0
-122.0
-126.0
-122.0
-121.0
-193.0
-114.0
-132.0
-112.0
-168.0
-183.0
-151.0
-155.0
-198.0
-229.0
-101.0
-214.0
-144.0
-146.0
-158.0
-176.0
-181.0
-165.0
-153.0
-158.0
-164.0
-148.0
-203.0
-160.0
-202.0
-255.0
-198.0
-83.0
-106.0
-55.0
-50.0
-100.0
-40.0
-130.0
-74.0
-117.0
-103.0
-66.0
-133.0
-88.0
-139.0
-214.0
-213.0
-143.0
-109.0
-89.0
-32.0
-49.0
-68.0
-21.0
-82.0
-138.0
-41.0
-10.0
-71.0
-88.0
-70.0
-169.0
-148.0
-135.0
-79.0
-90.0
-49.0
-29.0
-51.0
-65.0
-23.0
-2.0
-11.0
6.0
6.0
-10.0
-39.0
-65.0
-70.0
-35.0
-97.0
-41.0
-63.0
42.0
-24.0
-76.0
-19.0
7.0
15.0
13.0
55.0
-81.0
-4.0
41.0
21.0
-29.0
-16.0
9.0
-39.0
-54.0
-41.0
-40.0
-7.0
4.0
1.0
-5.0
19.0
-67.0
-34.0
13.0
33.0
-14.0
26.0
-15.0
-10.0
71.0
26.0
-34.0
33.0
-23.0
10.0
29.0
-11.0
-17.0
41.0
3.0
30.0
-13.0
24.0
47.0
7.0
65.0
30.0
31.0
56.0
51.0
40.0
79.0
83.0
110.0
220.0
296.0
343.0
359.0
419.0
413.0
420.0
445.0
419.0
408.0
444.0
409.0
410.0
407.0
296.0
271.0
249.0
218.0
217.0
187.0
224.0
208.0
23.0
77.0
26.0
55.0
-6.0
97.0
-33.0
-45.0
-65.0
-60.0
-42.0
-88.0
-75.0
-152.0
-126.0
-178.0
-171.0
-183.0
-127.0
-165.0
-220.0
-153.0
-162.0
-225.0
-212.0
-164.0
-145.0
-93.0
-165.0
-146.0
-164.0
-155.0
-189.0
-154.0
-212.0
-172.0
-164.0
-215.0
-157.0
-146.0
-173.0
-192.0
-151.0
-121.0
-156.0
-150.0
-108.0
-208.0
-152.0
-188.0
-172.0
-127.0
-242.0
-157.0
-195.0
-199.0
-229.0
-149.0
-120.0
-132.0
-129.0
-164.0
-85.0
-101.0
-150.0
-63.0
-112.0
-82.0
-125.0
-61.0
-114.0
-152.0
-136.0
-161.0
-128.0
-150.0
-126.0
-96.0
-103.0
-108.0
-154.0
-104.0
-103.0
-140.0
-58.0
-140.0
-120.0
-127.0
-89.0
-156.0
-109.0
-136.0
-71.0
-130.0
-153.0
-92.0
-125.0
-93.0
-149.0
-98.0
-116.0
-8.0
-131.0
-7.0
-60.0
-119.0
-40.0
-130.0
-32.0
-100.0
-96.0
-89.0
-144.0
-104.0
-79.0
-130.0
-135.0
-107.0
-111.0
-173.0
-51.0
-42.0
-14.0
-68.0
-52.0
-178.0
-59.0
-89.0
-93.0
-81.0
-135.0
-97.0
-137.0
-139.0
-102.0
-93.0
-140.0
-133.0
-67.0
-68.0
-82.0
-98.0
-37.0
-103.0
-107.0
-92.0
-106.0
-49.0
-64.0
-144.0
-27.0
-138.0
-58.0
-93.0
-126.0
-43.0
-166.0
-73.0
-50.0
3.0
-110.0
-86.0
-57.0
-55.0
-39.0
-64.0
-46.0
-59.0
-77.0
-86.0
-45.0
-69.0
-83.0
-80.0
-68.0
-83.0
-22.0
-17.0
-29.0
0.0
18.0
-26.0
-41.0
22.0
-62.0
-40.0
-27.0
-39.0
-8.0
-69.0
-103.0
-45.0
15.0
-14.0
1.0
-33.0
-16.0
-89.0
-10.0
-24.0
3.0
-8.0
-14.0
25.0
-32.0
-15.0
-66.0
-39.0
-86.0
-18.0
27.0
-35.0
-20.0
-34.0
-6.0
-53.0
-73.0
-74.0
13.0
-42.0
-71.0
-12.0
-86.0
-69.0
-85.0
-111.0
-57.0
-39.0
-17.0
-19.0
33.0
-32.0
5.0
1.0
-36.0
-51.0
-84.0
-106.0
11.0
-56.0
-83.0
-54.0
-63.0
-74.0
-58.0
-26.0
-87.0
-20.0
-97.0
-63.0
-77.0
-58.0
-75.0
-66.0
-64.0
-29.0
-67.0
-77.0
-135.0
-116.0
-142.0
-152.0
-70.0
-150.0
-112.0
-168.0
-206.0
-143.0
-219.0
-178.0
-163.0
-174.0
-203.0
-200.0
-154.0
-77.0
-29.0
46.0
118.0
224.0
199.0
301.0
361.0
323.0
332.0
352.0
271.0
314.0
274.0
249.0
252.0
145.0
139.0
29.0
48.0
64.0
76.0
23.0
-6.0
5.0
-25.0
-25.0
-64.0
-109.0
-95.0
-139.0
-195.0
-255.0
-262.0
-227.0
-259.0
-261.0
-232.0
-224.0
-270.0
-300.0
-293.0
-254.0
-267.0
-284.0
-314.0
-370.0
-264.0
-309.0
-262.0
-295.0
-272.0
-363.0
-277.0
-300.0
-233.0
-239.0
-233.0
-272.0
-252.0
-280.0
-277.0
-233.0
-245.0
-285.0
-246.0
-281.0
-306.0
-319.0
-278.0
-174.0
-228.0
-248.0
-137.0
-269.0
-201.0
-249.0
-202.0
-189.0
-186.0
-208.0
-192.0
-224.0
-225.0
-191.0
-168.0
-99.0
-55.0
74.0
184.0
250.0
333.0
301.0
381.0
471.0
277.0
323.0
303.0
268.0
288.0
266.0
152.0
160.0
117.0
81.0
72.0
52.0
95.0
33.0
30.0
-49.0
5.0
-18.0
-80.0
-89.0
-84.0
-143.0
-161.0
-262.0
-224.0
-232.0
-227.0
-280.0
-276.0
-292.0
-284.0
-227.0
-263.0
-269.0
-273.0
-248.0
-269.0
-310.0
-307.0
-314.0
-335.0
-274.0
-241.0
-277.0
-280.0
-293.0
-308.0
-211.0
-260.0
-221.0
-200.0
-228.0
-226.0
-185.0
-180.0
-83.0
-135.0
-118.0
-157.0
-183.0
-209.0
-298.0
-242.0
-240.0
-183.0
-186.0
-146.0
-136.0
-117.0
-135.0
-184.0
-184.0
-215.0
-163.0
-188.0
-177.0
-105.0
-65.0
6.0
132.0
140.0
230.0
201.0
233.0
274.0
265.0
205.0
207.0
174.0
112.0
139.0
81.0
111.0
111.0
-30.0
54.0
-10.0
52.0
78.0
48.0
26.0
10.0
-41.0
-98.0
-71.0
-90.0
-97.0
-128.0
-95.0
-153.0
-118.0
-144.0
-124.0
-56.0
-139.0
-109.0
-97.0
-165.0
-167.0
-185.0
-214.0
-207.0
-243.0
-244.0
-196.0
-186.0
-182.0
-124.0
-100.0
-98.0
-101.0
-64.0
-122.0
-105.0
-142.0
-105.0
-176.0
-83.0
-121.0
-173.0
-100.0
-138.0
-171.0
-144.0
-134.0
-144.0
-123.0
-116.0
-52.0
-196.0
-91.0
-24.0
-45.0
-100.0
-127.0
-113.0
-78.0
-163.0
-81.0
-144.0
-142.0
-173.0
-110.0
-63.0
-79.0
-117.0
-84.0
-93.0
-70.0
-101.0
-78.0
-115.0
-34.0
-78.0
1.0
-18.0
-13.0
24.0
115.0
65.0
193.0
220.0
280.0
348.0
340.0
387.0
400.0
457.0
512.0
485.0
469.0
457.0
441.0
335.0
286.0
246.0
254.0
172.0
127.0
110.0
38.0
36.0
96.0
60.0
67.0
66.0
92.0
68.0
26.0
-9.0
-9.0
-78.0
-42.0
-39.0
-77.0
-41.0
-30.0
-50.0
-30.0
-61.0
-77.0
-33.0
-12.0
-8.0
-1.0
-51.0
-14.0
1.0
32.0
-14.0
-5.0
-26.0
-31.0
-105.0
-4.0
-72.0
-63.0
-33.0
-69.0
-46.0
-35.0
-131.0
-120.0
-64.0
-63.0
-36.0
8.0
-63.0
-15.0
-91.0
-78.0
-138.0
-112.0
-156.0
-139.0
-167.0
-149.0
-92.0
-21.0
11.0
42.0
7.0
-17.0
-37.0
-115.0
-128.0
-111.0
-128.0
-66.0
-91.0
-154.0
-15.0
-186.0
-124.0
-36.0
-95.0
-38.0
-38.0
8.0
-1.0
20.0
38.0
37.0
-33.0
-17.0
-89.0
-90.0
-63.0
-157.0
-139.0
-113.0
-89.0
-73.0
18.0
54.0
111.0
126.0
109.0
154.0
136.0
222.0
97.0
163.0
163.0
181.0
170.0
249.0
191.0
249.0
263.0
231.0
265.0
214.0
243.0
164.0
100.0
73.0
153.0
133.0
124.0
197.0
215.0
135.0
154.0
158.0
186.0
146.0
184.0
145.0
152.0
187.0
178.0
186.0
128.0
132.0
126.0
115.0
60.0
172.0
153.0
112.0
201.0
167.0
166.0
116.0
251.0
152.0
119.0
257.0
106.0
98.0
150.0
82.0
209.0
127.0
185.0
149.0
184.0
205.0
232.0
219.0
261.0
130.0
348.0
316.0
405.0
407.0
396.0
413.0
397.0
406.0
337.0
352.0
369.0
366.0
357.0
291.0
201.0
269.0
211.0
195.0
247.0
208.0
206.0
165.0
142.0
143.0
67.0
71.0
99.0
106.0
84.0
41.0
72.0
26.0
48.0
33.0
-7.0
-13.0
-12.0
13.0
17.0
-89.0
-74.0
-31.0
-79.0
-83.0
-98.0
-77.0
-59.0
-66.0
-98.0
-34.0
-70.0
-50.0
6.0
-104.0
-44.0
-53.0
-6.0
-8.0
-66.0
37.0
-44.0
30.0
-15.0
-31.0
45.0
12.0
-48.0
-36.0
1.0
5.0
36.0
52.0
-16.0
-12.0
23.0
-21.0
-57.0
3.0
-36.0
-39.0
-14.0
-88.0
-44.0
-150.0
-75.0
-161.0
-173.0
-155.0
-144.0
-190.0
-169.0
-204.0
-181.0
-144.0
-116.0
-114.0
-133.0
-163.0
-97.0
-185.0
-122.0
-154.0
-152.0
-75.0
-146.0
-114.0
-157.0
-145.0
-145.0
-131.0
-101.0
-89.0
-56.0
-140.0
-118.0
-116.0
-78.0
-138.0
-108.0
-95.0
-70.0
-70.0
-58.0
-106.0
-147.0
-78.0
-82.0
-77.0
-80.0
-63.0
-132.0
-158.0
-110.0
-175.0
-92.0
-80.0
-107.0
-46.0
-153.0
-109.0
-82.0
-116.0
-135.0
-27.0
-99.0
-157.0
-143.0
-136.0
-67.0
-87.0
-176.0
-95.0
-51.0
-137.0
-119.0
-11.0
-21.0
-71.0
-158.0
-59.0
-1.0
-62.0
27.0
-126.0
-39.0
-70.0
-64.0
-103.0
-62.0
-95.0
-80.0
-19.0
-88.0
-59.0
-63.0
-77.0
25.0
-59.0
-1.0
-16.0
-61.0
-25.0
-23.0
14.0
-31.0
27.0
32.0
35.0
-17.0
-32.0
17.0
14.0
15.0
16.0
53.0
6.0
3.0
-70.0
24.0
-3.0
-41.0
-40.0
22.0
56.0
-44.0
55.0
67.0
61.0
27.0
109.0
84.0
42.0
14.0
26.0
31.0
118.0
-5.0
63.0
119.0
123.0
48.0
5.0
107.0
59.0
76.0
73.0
72.0
33.0
89.0
-15.0
3.0
31.0
32.0
27.0
9.0
13.0
15.0
19.0
37.0
73.0
70.0
58.0
65.0
-3.0
80.0
60.0
40.0
37.0
80.0
136.0
25.0
15.0
39.0
31.0
24.0
128.0
-50.0
40.0
91.0
-15.0
46.0
43.0
55.0
-2.0
82.0
-32.0
5.0
5.0
29.0
63.0
13.0
52.0
36.0
8.0
44.0
32.0
37.0
7.0
37.0
1.0
11.0
10.0
26.0
27.0
66.0
35.0
15.0
23.0
77.0
48.0
12.0
15.0
-26.0
-11.0
8.0
-19.0
-49.0
-5.0
12.0
24.0
65.0
16.0
73.0
17.0
10.0
79.0
46.0
66.0
14.0
60.0
26.0
10.0
-8.0
-9.0
51.0
-70.0
41.0
34.0
51.0
43.0
57.0
56.0
46.0
108.0
81.0
80.0
91.0
63.0
38.0
60.0
19.0
42.0
62.0
95.0
121.0
27.0
44.0
64.0
58.0
41.0
100.0
72.0
18.0
96.0
67.0
55.0
95.0
47.0
54.0
97.0
117.0
88.0
74.0
120.0
15.0
13.0
89.0
50.0
117.0
74.0
8.0
73.0
11.0
80.0
32.0
50.0
70.0
68.0
6.0
-16.0
88.0
7.0
51.0
-40.0
16.0
18.0
56.0
78.0
67.0
86.0
78.0
98.0
19.0
59.0
5.0
95.0
42.0
40.0
-14.0
10.0
32.0
34.0
79.0
74.0
104.0
106.0
64.0
2.0
87.0
72.0
70.0
56.0
62.0
62.0
109.0
78.0
78.0
91.0
69.0
37.0
-10.0
70.0
89.0
38.0
-24.0
34.0
20.0
44.0
82.0
25.0
62.0
32.0
18.0
41.0
-6.0
79.0
40.0
62.0
-23.0
41.0
30.0
21.0
99.0
70.0
57.0
22.0
74.0
8.0
81.0
87.0
73.0
102.0
96.0
68.0
39.0
119.0
11.0
67.0
52.0
129.0
72.0
46.0
113.0
37.0
59.0
10.0
61.0
55.0
113.0
74.0
32.0
102.0
93.0
40.0
121.0
136.0
52.0
10.0
77.0
51.0
43.0
107.0
55.0
33.0
17.0
36.0
16.0
18.0
65.0
27.0
57.0
112.0
45.0
12.0
37.0
63.0
14.0
104.0
-8.0
-38.0
6.0
61.0
69.0
61.0
82.0
53.0
22.0
131.0
123.0
21.0
80.0
91.0
63.0
110.0
61.0
96.0
39.0
69.0
63.0
59.0
76.0
99.0
107.0
130.0
172.0
195.0
213.0
311.0
327.0
300.0
390.0
381.0
400.0
318.0
259.0
274.0
233.0
271.0
254.0
245.0
196.0
236.0
162.0
149.0
154.0
119.0
63.0
80.0
89.0
2.0
16.0
-29.0
-5.0
70.0
53.0
-10.0
4.0
-81.0
-102.0
-166.0
-174.0
-84.0
-129.0
-118.0
-137.0
-148.0
-146.0
-187.0
-170.0
-224.0
-182.0
-185.0
-165.0
-198.0
-185.0
-216.0
-186.0
-159.0
-146.0
-306.0
-193.0
-182.0
-232.0
-193.0
-217.0
-149.0
-261.0
-212.0
-251.0
-236.0
-257.0
-202.0
-212.0
-215.0
-192.0
-222.0
-200.0
-240.0
-208.0
-198.0
-208.0
-184.0
-208.0
-231.0
-154.0
-214.0
-222.0
-232.0
-208.0
-209.0
-151.0
-171.0
-122.0
-81.0
-116.0
-131.0
-109.0
-62.0
-121.0
-129.0
-111.0
-137.0
-161.0
-174.0
-197.0
-121.0
-108.0
-143.0
-124.0
-88.0
-42.0
-48.0
40.0
4.0
-10.0
84.0
20.0
22.0
-5.0
-43.0
-24.0
62.0
-6.0
-39.0
-4.0
41.0
-23.0
-55.0
-31.0
-5.0
-21.0
-26.0
-42.0
-22.0
45.0
-26.0
1.0
5.0
-24.0
4.0
-54.0
17.0
52.0
5.0
-16.0
10.0
15.0
21.0
25.0
36.0
43.0
40.0
-29.0
81.0
-25.0
58.0
69.0
85.0
23.0
-65.0
35.0
28.0
9.0
-30.0
78.0
-23.0
45.0
-31.0
36.0
-27.0
-55.0
34.0
3.0
5.0
-37.0
-55.0
8.0
-17.0
-15.0
-11.0
6.0
22.0
24.0
1.0
8.0
87.0
98.0
136.0
200.0
181.0
242.0
219.0
218.0
264.0
155.0
232.0
176.0
224.0
268.0
159.0
197.0
159.0
159.0
142.0
99.0
169.0
143.0
116.0
82.0
125.0
6.0
8.0
56.0
39.0
-11.0
4.0
-3.0
-50.0
-45.0
-72.0
-20.0
-46.0
-104.0
-130.0
-93.0
-89.0
-137.0
-45.0
-64.0
-84.0
-89.0
-176.0
-124.0
-80.0
-133.0
-25.0
-115.0
-96.0
-34.0
-116.0
-124.0
-68.0
-143.0
-92.0
-136.0
-116.0
-127.0
-150.0
-99.0
-112.0
-91.0
-175.0
-134.0
-126.0
-171.0
-74.0
-92.0
-89.0
-62.0
-150.0
-54.0
-123.0
-141.0
-50.0
-73.0
-6.0
-60.0
-31.0
-41.0
5.0
-100.0
-18.0
-67.0
-32.0
-55.0
-95.0
-65.0
-111.0
-82.0
-52.0
-78.0
-74.0
-86.0
-118.0
-143.0
-141.0
-88.0
-115.0
-93.0
-60.0
-139.0
-112.0
-171.0
-99.0
-26.0
-53.0
-2.0
-4.0
-77.0
-45.0
-95.0
-65.0
-53.0
-55.0
-74.0
-98.0
-44.0
-76.0
-53.0
-75.0
-67.0
-52.0
-73.0
-56.0
-5.0
-6.0
-33.0
-80.0
-134.0
-97.0
-134.0
-98.0
-134.0
-51.0
-35.0
-93.0
-77.0
-64.0
-58.0
-35.0
-99.0
-29.0
-16.0
-44.0
-10.0
-46.0
-35.0
1.0
-18.0
-92.0
-37.0
-84.0
-18.0
-20.0
-62.0
11.0
-25.0
1.0
-63.0
-20.0
-25.0
18.0
-35.0
43.0
14.0
-27.0
-37.0
10.0
6.0
45.0
-22.0
61.0
65.0
17.0
57.0
-7.0
-1.0
34.0
-27.0
5.0
3.0
-26.0
-59.0
-60.0
-30.0
-5.0
13.0
-39.0
-33.0
20.0
87.0
25.0
14.0
32.0
-2.0
8.0
3.0
81.0
13.0
-27.0
-37.0
75.0
-26.0
30.0
11.0
65.0
74.0
39.0
111.0
25.0
24.0
29.0
58.0
80.0
39.0
39.0
-25.0
48.0
-51.0
-64.0
-29.0
-47.0
-2.0
6.0
-17.0
29.0
-2.0
51.0
84.0
14.0
48.0
3.0
5.0
29.0
20.0
4.0
25.0
-5.0
34.0
62.0
-20.0
27.0
20.0
18.0
7.0
20.0
27.0
56.0
-8.0
-31.0
82.0
34.0
16.0
-11.0
-10.0
-50.0
-68.0
26.0
86.0
33.0
44.0
58.0
126.0
23.0
31.0
-2.0
91.0
122.0
50.0
16.0
36.0
57.0
4.0
25.0
33.0
88.0
74.0
113.0
27.0
-9.0
24.0
63.0
22.0
142.0
50.0
44.0
14.0
-8.0
55.0
75.0
9.0
49.0
-6.0
46.0
-14.0
70.0
59.0
48.0
41.0
37.0
82.0
-40.0
9.0
23.0
8.0
19.0
-8.0
-6.0
-41.0
-89.0
-26.0
-76.0
-36.0
36.0
-69.0
34.0
-20.0
-29.0
-10.0
8.0
-14.0
21.0
-35.0
-8.0
-74.0
-52.0
-22.0
-14.0
58.0
45.0
13.0
-16.0
-35.0
-20.0
-17.0
-27.0
35.0
35.0
76.0
100.0
124.0
254.0
286.0
341.0
422.0
430.0
380.0
362.0
313.0
290.0
281.0
238.0
247.0
252.0
299.0
249.0
289.0
314.0
269.0
322.0
291.0
201.0
268.0
173.0
108.0
119.0
61.0
-10.0
20.0
-40.0
-27.0
6.0
-33.0
7.0
25.0
11.0
-18.0
-79.0
-92.0
-84.0
-109.0
-85.0
-224.0
-248.0
-207.0
-219.0
-195.0
-190.0
-207.0
-230.0
-135.0
-192.0
-161.0
-105.0
-68.0
-70.0
-109.0
-114.0
-103.0
-121.0
-152.0
-172.0
-237.0
-217.0
-210.0
-211.0
-186.0
-200.0
-113.0
-166.0
-137.0
-151.0
-117.0
-125.0
-176.0
-187.0
-164.0
-166.0
-248.0
-270.0
-193.0
-175.0
-165.0
-182.0
-181.0
-173.0
-142.0
-145.0
-133.0
-228.0
-124.0
-133.0
-204.0
-131.0
-90.0
-196.0
-201.0
-162.0
-155.0
-163.0
-204.0
-179.0
-128.0
-84.0
-137.0
-129.0
-167.0
-114.0
-147.0
-222.0
-118.0
-148.0
-93.0
-86.0
-100.0
-98.0
-112.0
-111.0
-107.0
-131.0
-153.0
-111.0
-127.0
-122.0
-115.0
-163.0
-166.0
-110.0
-97.0
-130.0
-92.0
-109.0
-86.0
-118.0
-73.0
-84.0
-67.0
-82.0
-89.0
-76.0
-50.0
-12.0
17.0
29.0
76.0
110.0
228.0
252.0
293.0
302.0
263.0
348.0
271.0
344.0
289.0
238.0
254.0
178.0
193.0
108.0
70.0
97.0
41.0
71.0
41.0
50.0
-47.0
-51.0
-37.0
-60.0
-74.0
-118.0
-130.0
-140.0
-134.0
-194.0
-113.0
-197.0
-183.0
-147.0
-166.0
-223.0
-218.0
-203.0
-194.0
-197.0
-175.0
-194.0
-122.0
-116.0
-139.0
-84.0
-92.0
-117.0
-109.0
-180.0
-137.0
-161.0
-139.0
-185.0
-144.0
-143.0
-145.0
-133.0
-135.0
-155.0
-130.0
-139.0
-159.0
-162.0
-146.0
-87.0
-135.0
-175.0
-153.0
-130.0
-59.0
-79.0
-88.0
-170.0
-95.0
-108.0
-153.0
-105.0
-51.0
-48.0
-37.0
-81.0
-96.0
-67.0
-120.0
-79.0
-73.0
-38.0
-40.0
-16.0
-86.0
-59.0
-6.0
-76.0
-132.0
-128.0
-43.0
-149.0
-122.0
-109.0
-132.0
-122.0
-146.0
-91.0
-111.0
-123.0
-73.0
-110.0
-66.0
-103.0
-90.0
-101.0
-83.0
-150.0
-73.0
-61.0
-91.0
-69.0
-92.0
-28.0
-68.0
-54.0
-193.0
-55.0
-97.0
-22.0
-64.0
-66.0
-75.0
-154.0
-100.0
-117.0
-163.0
-169.0
-36.0
-39.0
-72.0
-93.0
-75.0
-108.0
-106.0
-90.0
-124.0
-61.0
-82.0
-121.0
-85.0
-182.0
-99.0
-91.0
-63.0
-64.0
14.0
-52.0
-65.0
-29.0
-87.0
-63.0
-63.0
-186.0
8.0
-69.0
-15.0
-37.0
-77.0
-23.0
12.0
-109.0
-22.0
-37.0
-10.0
-37.0
-4.0
52.0
13.0
12.0
34.0
42.0
-28.0
29.0
44.0
75.0
87.0
123.0
153.0
223.0
206.0
338.0
360.0
427.0
355.0
425.0
380.0
441.0
344.0
361.0
386.0
305.0
308.0
253.0
275.0
261.0
260.0
227.0
265.0
220.0
199.0
210.0
144.0
144.0
124.0
137.0
51.0
29.0
73.0
4.0
-11.0
-21.0
-67.0
-17.0
-35.0
-21.0
-121.0
-40.0
-112.0
-96.0
-137.0
-65.0
-112.0
-155.0
-129.0
-164.0
-162.0
-150.0
-172.0
-186.0
-138.0
-141.0
-163.0
-176.0
-90.0
-156.0
-109.0
-139.0
-120.0
-174.0
-135.0
-178.0
-205.0
-158.0
-152.0
-157.0
-158.0
-161.0
-101.0
-125.0
-140.0
-165.0
-144.0
-210.0
-181.0
-112.0
-68.0
-147.0
-133.0
-155.0
-188.0
-118.0
-210.0
-78.0
-143.0
-87.0
-103.0
-31.0
-126.0
-164.0
-103.0
-143.0
-150.0
-112.0
-127.0
-127.0
-83.0
-187.0
-209.0
-161.0
-86.0
-169.0
-125.0
-146.0
-67.0
-81.0
-105.0
-143.0
-62.0
-107.0
-69.0
-136.0
-108.0
-100.0
-107.0
-173.0
-131.0
-77.0
-79.0
-110.0
-136.0
-157.0
-186.0
-120.0
-134.0
-128.0
-139.0
-110.0
-77.0
-129.0
-124.0
-114.0
-121.0
-120.0
-108.0
-117.0
-134.0
-65.0
-58.0
-84.0
-135.0
-163.0
-61.0
-95.0
-67.0
-114.0
-28.0
-43.0
-30.0
-125.0
-133.0
-76.0
-74.0
-86.0
-69.0
-68.0
-84.0
-103.0
-134.0
-129.0
-65.0
-133.0
-33.0
-70.0
-40.0
-52.0
-26.0
-36.0
-88.0
-74.0
-102.0
-50.0
-134.0
-38.0
-33.0
-6.0
-76.0
-44.0
-38.0
14.0
-23.0
-41.0
23.0
-29.0
15.0
-4.0
-25.0
-63.0
-26.0
-54.0
-13.0
-61.0
-62.0
-67.0
-39.0
16.0
-5.0
-44.0
-8.0
-37.0
42.0
34.0
78.0
39.0
43.0
51.0
93.0
54.0
79.0
143.0
165.0
230.0
290.0
313.0
375.0
374.0
418.0
414.0
416.0
494.0
347.0
392.0
403.0
301.0
346.0
270.0
147.0
205.0
126.0
225.0
226.0
149.0
122.0
172.0
116.0
136.0
91.0
126.0
102.0
66.0
46.0
53.0
7.0
-94.0
51.0
-48.0
14.0
-26.0
-69.0
-56.0
-93.0
-117.0
-120.0
-114.0
-55.0
-60.0
-128.0
-122.0
-120.0
-125.0
-141.0
-133.0
-119.0
-147.0
-168.0
-125.0
-110.0
-135.0
-128.0
-139.0
-145.0
-103.0
-74.0
-64.0
-110.0
-81.0
-64.0
-161.0
-169.0
-186.0
-168.0
-175.0
-127.0
-131.0
-140.0
-72.0
-40.0
-92.0
-121.0
-62.0
-68.0
-82.0
-78.0
-78.0
-68.0
-89.0
-111.0
-96.0
-172.0
-155.0
-95.0
-165.0
-146.0
-91.0
-75.0
-96.0
-91.0
-122.0
-96.0
-108.0
-126.0
-211.0
-253.0
-280.0
-310.0
-328.0
-290.0
-369.0
-294.0
-314.0
-233.0
-237.0
-219.0
-173.0
-182.0
-136.0
-178.0
-137.0
-180.0
-175.0
-187.0
-233.0
-248.0
-251.0
-275.0
-244.0
-220.0
-184.0
-222.0
-203.0
-178.0
-116.0
-112.0
-100.0
-103.0
-72.0
-127.0
-159.0
-144.0
-188.0
-165.0
-173.0
-229.0
-189.0
-165.0
-145.0
-127.0
-107.0
-130.0
-156.0
-100.0
-98.0
-128.0
-24.0
-106.0
-124.0
-150.0
-120.0
-199.0
-175.0
-145.0
-138.0
-144.0
-118.0
-88.0
-147.0
-104.0
-103.0
-92.0
-120.0
-102.0
-127.0
-74.0
-77.0
-98.0
-58.0
-91.0
-141.0
-109.0
-106.0
-130.0
-108.0
-146.0
-45.0
-58.0
-49.0
-29.0
-31.0
-128.0
-126.0
-84.0
-67.0
-91.0
-102.0
-140.0
-117.0
-142.0
-143.0
-135.0
-145.0
-160.0
-183.0
-162.0
-64.0
-102.0
-150.0
-120.0
-144.0
-43.0
-178.0
-81.0
-201.0
-139.0
-136.0
-144.0
-138.0
-177.0
-140.0
-76.0
-81.0
-121.0
-42.0
-76.0
-86.0
-78.0
-55.0
-68.0
-81.0
-35.0
-75.0
-114.0
-96.0
-62.0
-116.0
-53.0
-86.0
-41.0
-86.0
-94.0
-190.0
-15.0
-19.0
-62.0
-67.0
-126.0
-50.0
-64.0
-46.0
-69.0
3.0
-26.0
-11.0
3.0
14.0
-27.0
-17.0
-42.0
-7.0
-46.0
-6.0
13.0
-24.0
45.0
41.0
105.0
149.0
30.0
34.0
30.0
-37.0
-21.0
-93.0
-73.0
-18.0
1.0
-9.0
49.0
20.0
22.0
-40.0
-42.0
-8.0
-68.0
-60.0
-17.0
-77.0
-83.0
-139.0
-74.0
-72.0
59.0
4.0
69.0
26.0
29.0
-27.0
42.0
-53.0
-38.0
-52.0
-88.0
-41.0
-41.0
-95.0
106.0
18.0
110.0
148.0
142.0
136.0
69.0
91.0
32.0
-49.0
-155.0
-111.0
-107.0
-109.0
-31.0
55.0
100.0
123.0
126.0
73.0
-3.0
-36.0
-65.0
7.0
-17.0
-31.0
-44.0
73.0
7.0
36.0
68.0
96.0
22.0
-64.0
-84.0
12.0
-49.0
-7.0
21.0
36.0
60.0
55.0
23.0
40.0
20.0
-1.0
39.0
37.0
15.0
39.0
-19.0
25.0
-25.0
-10.0
-4.0
5.0
44.0
22.0
43.0
60.0
56.0
99.0
45.0
83.0
67.0
92.0
-42.0
59.0
76.0
73.0
41.0
39.0
58.0
118.0
19.0
46.0
46.0
68.0
51.0
29.0
103.0
90.0
48.0
47.0
15.0
-13.0
-25.0
-14.0
3.0
-8.0
16.0
-72.0
5.0
-45.0
5.0
73.0
-21.0
-5.0
-8.0
-47.0
-19.0
42.0
-56.0
-2.0
49.0
31.0
-15.0
-3.0
2.0
35.0
109.0
103.0
81.0
120.0
107.0
165.0
224.0
290.0
346.0
391.0
457.0
527.0
524.0
543.0
509.0
536.0
456.0
544.0
487.0
316.0
396.0
360.0
310.0
284.0
316.0
230.0
107.0
104.0
96.0
86.0
78.0
50.0
2.0
0.0
23.0
20.0
-22.0
-5.0
-7.0
40.0
-27.0
-13.0
-38.0
-38.0
-104.0
-148.0
-90.0
-164.0
-91.0
-63.0
-95.0
-114.0
-134.0
-76.0
-95.0
-93.0
-65.0
-78.0
-11.0
-88.0
-44.0
-80.0
-82.0
-69.0
-40.0
-61.0
-78.0
-80.0
-46.0
-98.0
-94.0
-134.0
-75.0
-89.0
-78.0
-100.0
-45.0
-93.0
-75.0
-63.0
-93.0
-99.0
-97.0
-26.0
-71.0
16.0
-63.0
-44.0
-4.0
-4.0
-77.0
-11.0
-86.0
-65.0
-89.0
-104.0
-14.0
-63.0
-25.0
-52.0
-33.0
-86.0
-51.0
-56.0
-110.0
-30.0
-106.0
-112.0
-107.0
-95.0
-123.0
-89.0
-101.0
-156.0
-102.0
-117.0
-129.0
-108.0
-52.0
-105.0
-106.0
-89.0
-54.0
-126.0
-41.0
-57.0
-129.0
-106.0
-118.0
-76.0
-40.0
1.0
-88.0
-93.0
-140.0
-116.0
-22.0
-45.0
-110.0
-7.0
-144.0
-76.0
-63.0
-78.0
-77.0
-136.0
-92.0
-72.0
-83.0
-69.0
-27.0
-72.0
-32.0
-87.0
-73.0
-52.0
-106.0
-55.0
-139.0
-105.0
-115.0
-121.0
-80.0
-63.0
-63.0
-121.0
-38.0
-104.0
-124.0
-79.0
-101.0
-73.0
-67.0
-69.0
-54.0
-18.0
-71.0
11.0
-78.0
-78.0
-58.0
-21.0
25.0
-18.0
-44.0
41.0
-51.0
9.0
-32.0
9.0
21.0
-5.0
-44.0
-78.0
-90.0
-55.0
-85.0
-110.0
-50.0
-7.0
-42.0
-18.0
-8.0
-51.0
-58.0
-37.0
-71.0
-59.0
3.0
-65.0
19.0
-3.0
38.0
-6.0
86.0
-3.0
36.0
-30.0
-26.0
13.0
25.0
-6.0
50.0
44.0
64.0
47.0
27.0
14.0
-22.0
41.0
52.0
1.0
13.0
77.0
23.0
71.0
69.0
54.0
7.0
19.0
10.0
-53.0
76.0
32.0
42.0
3.0
-3.0
11.0
-32.0
0.0
0.0
85.0
21.0
37.0
39.0
29.0
85.0
-64.0
32.0
22.0
3.0
37.0
60.0
26.0
29.0
37.0
15.0
37.0
2.0
35.0
22.0
7.0
-7.0
-35.0
-34.0
-29.0
16.0
-27.0
13.0
57.0
56.0
2.0
11.0
67.0
41.0
51.0
17.0
-3.0
2.0
-15.0
-53.0
-18.0
40.0
-5.0
6.0
44.0
27.0
-37.0
10.0
7.0
-1.0
78.0
18.0
-43.0
4.0
62.0
-32.0
2.0
-7.0
-14.0
-21.0
-75.0
-29.0
-24.0
10.0
-4.0
-24.0
-10.0
4.0
-100.0
34.0
27.0
20.0
18.0
-33.0
-92.0
-31.0
-81.0
-81.0
-45.0
-78.0
-47.0
-44.0
-35.0
-56.0
-8.0
-16.0
25.0
-45.0
58.0
-47.0
-51.0
-67.0
-52.0
-53.0
-22.0
-145.0
-99.0
-86.0
-82.0
-87.0
-99.0
-39.0
-29.0
-64.0
-60.0
-97.0
-89.0
-77.0
-71.0
-97.0
-27.0
-95.0
-58.0
-31.0
-124.0
-102.0
-77.0
-79.0
-36.0
-1.0
-2.0
-18.0
-44.0
-55.0
-71.0
-51.0
-60.0
-87.0
-86.0
-162.0
-155.0
-233.0
-117.0
-99.0
-69.0
-95.0
-56.0
-96.0
-59.0
-86.0
-178.0
-128.0
-98.0
-122.0
-83.0
-151.0
-137.0
-74.0
-131.0
-149.0
-135.0
-91.0
-98.0
-84.0
-46.0
-25.0
-71.0
-77.0
-107.0
-81.0
-114.0
-16.0
-31.0
-34.0
-35.0
-102.0
-30.0
-54.0
-90.0
-39.0
5.0
-86.0
-54.0
-59.0
-48.0
-78.0
-108.0
-51.0
-59.0
-61.0
-91.0
-55.0
-93.0
-84.0
-118.0
-98.0
-43.0
-65.0
-158.0
-135.0
-130.0
-94.0
-76.0
-80.0
-51.0
-17.0
-49.0
-50.0
-11.0
-69.0
-87.0
-77.0
-68.0
-34.0
-47.0
-96.0
-23.0
-120.0
-14.0
-34.0
-33.0
-15.0
17.0
-1.0
-107.0
-71.0
-96.0
-44.0
-65.0
-45.0
-29.0
5.0
-76.0
-82.0
-103.0
-40.0
-65.0
-60.0
-18.0
-63.0
-3.0
-6.0
8.0
-23.0
-41.0
-24.0
-15.0
-35.0
-59.0
-22.0
-49.0
-108.0
-37.0
-11.0
-16.0
-8.0
68.0
-8.0
-4.0
-30.0
-64.0
-54.0
-35.0
-29.0
-18.0
-60.0
-6.0
-70.0
-63.0
-12.0
-52.0
42.0
-2.0
-65.0
6.0
-29.0
-37.0
-142.0
-33.0
-44.0
-52.0
-33.0
-63.0
14.0
-13.0
3.0
-73.0
-70.0
-90.0
-71.0
-50.0
-60.0
-51.0
-56.0
-77.0
-33.0
-59.0
-153.0
-88.0
-102.0
-122.0
5.0
-63.0
-45.0
-58.0
-138.0
-42.0
-76.0
-106.0
-41.0
-76.0
15.0
7.0
-23.0
-23.0
21.0
-13.0
80.0
-37.0
-24.0
-63.0
-86.0
-51.0
-56.0
-35.0
-33.0
-124.0
-142.0
-115.0
-108.0
-116.0
-67.0
-59.0
-99.0
-129.0
-110.0
-106.0
-100.0
-48.0
-62.0
-34.0
-31.0
22.0
56.0
121.0
161.0
246.0
287.0
384.0
348.0
391.0
360.0
375.0
451.0
398.0
475.0
432.0
391.0
358.0
273.0
385.0
310.0
285.0
264.0
147.0
196.0
182.0
164.0
59.0
35.0
18.0
-59.0
-98.0
-46.0
-12.0
-47.0
-56.0
-81.0
-77.0
-102.0
-73.0
-63.0
-69.0
-53.0
-117.0
-118.0
-128.0
-174.0
-155.0
-237.0
-238.0
-285.0
-205.0
-254.0
-243.0
-281.0
-197.0
-208.0
-238.0
-252.0
-238.0
-262.0
-247.0
-258.0
-303.0
-221.0
-209.0
-202.0
-149.0
-158.0
-176.0
-209.0
-243.0
-205.0
-208.0
-194.0
-244.0
-201.0
-192.0
-181.0
-197.0
-228.0
-240.0
-240.0
-169.0
-161.0
-201.0
-182.0
-182.0
-215.0
-177.0
-199.0
-171.0
-165.0
-107.0
-165.0
-166.0
-145.0
-168.0
-151.0
-185.0
-167.0
-208.0
-168.0
-154.0
-169.0
-225.0
-116.0
-105.0
-124.0
-199.0
-100.0
-98.0
-150.0
-152.0
-233.0
-106.0
-189.0
-165.0
-169.0
-147.0
-162.0
-182.0
-192.0
-171.0
-129.0
-116.0
-80.0
-53.0
-64.0
-80.0
-33.0
-118.0
-61.0
-106.0
-154.0
-118.0
-161.0
-167.0
-151.0
-122.0
-128.0
-146.0
-155.0
-159.0
-117.0
-243.0
-142.0
-135.0
-134.0
-110.0
-125.0
-109.0
-95.0
-62.0
16.0
48.0
120.0
152.0
263.0
295.0
294.0
401.0
338.0
381.0
392.0
450.0
422.0
367.0
369.0
400.0
299.0
338.0
297.0
278.0
251.0
228.0
209.0
137.0
131.0
104.0
52.0
53.0
51.0
31.0
-54.0
-92.0
-39.0
-66.0
-71.0
-50.0
-71.0
-81.0
-114.0
-152.0
-118.0
-183.0
-168.0
-178.0
-224.0
-200.0
-208.0
-263.0
-179.0
-265.0
-298.0
-287.0
-203.0
-204.0
-172.0
-186.0
-175.0
-219.0
-225.0
-242.0
-223.0
-224.0
-221.0
-168.0
-221.0
-172.0
-149.0
-207.0
-238.0
-171.0
-192.0
-237.0
-179.0
-178.0
-210.0
-120.0
-228.0
-263.0
-211.0
-271.0
-252.0
-268.0
-239.0
-204.0
-275.0
-209.0
-215.0
-182.0
-178.0
-151.0
-148.0
-117.0
-110.0
-123.0
-124.0
-168.0
-182.0
-221.0
-290.0
-231.0
-158.0
-203.0
-173.0
-167.0
-200.0
-143.0
-131.0
-104.0
-116.0
-116.0
-148.0
-152.0
-213.0
-214.0
-293.0
-256.0
-271.0
-288.0
-262.0
-310.0
-193.0
-192.0
-208.0
-116.0
-100.0
-100.0
-14.0
-50.0
-55.0
-114.0
-106.0
-207.0
-232.0
-228.0
-235.0
-223.0
-186.0
-159.0
-105.0
-36.0
42.0
135.0
213.0
253.0
355.0
407.0
475.0
351.0
418.0
316.0
391.0
283.0
254.0
286.0
243.0
242.0
267.0
263.0
252.0
279.0
297.0
308.0
250.0
290.0
174.0
138.0
90.0
10.0
-17.0
-53.0
-126.0
-87.0
-83.0
-173.0
-41.0
-104.0
-93.0
-12.0
-64.0
-14.0
-6.0
-76.0
-56.0
-101.0
-175.0
-230.0
-252.0
-275.0
-251.0
-248.0
-280.0
-243.0
-182.0
-191.0
-164.0
-154.0
-106.0
-174.0
-175.0
-207.0
-202.0
-175.0
-172.0
-177.0
-207.0
-257.0
-227.0
-254.0
-230.0
-259.0
-201.0
-244.0
-170.0
-151.0
-195.0
-169.0
-193.0
-185.0
-171.0
-175.0
-186.0
-237.0
-230.0
-258.0
-222.0
-276.0
-228.0
-237.0
-221.0
-187.0
-167.0
-150.0
-115.0
-97.0
-93.0
-111.0
-111.0
-145.0
-121.0
-193.0
-212.0
-230.0
-272.0
-209.0
-187.0
-208.0
-204.0
-181.0
-182.0
-186.0
-207.0
-130.0
-128.0
-106.0
-87.0
-52.0
-163.0
-128.0
-130.0
-149.0
-172.0
-119.0
-165.0
-165.0
-142.0
-214.0
-135.0
-149.0
-162.0
-168.0
-157.0
-187.0
-140.0
-155.0
-126.0
-139.0
-160.0
-130.0
-195.0
-217.0
-170.0
-145.0
-189.0
-165.0
-155.0
-69.0
-120.0
-74.0
-83.0
-88.0
13.0
-79.0
-48.0
-52.0
-98.0
-183.0
-141.0
-103.0
-118.0
-103.0
-91.0
-68.0
14.0
1.0
78.0
43.0
36.0
-7.0
-54.0
-124.0
-114.0
-131.0
-117.0
-51.0
-50.0
-82.0
-59.0
-136.0
-152.0
-137.0
-100.0
-28.0
14.0
56.0
35.0
54.0
-21.0
-8.0
-44.0
-49.0
-117.0
-96.0
-99.0
-104.0
-48.0
-146.0
-43.0
-59.0
-34.0
-56.0
-86.0
-21.0
-39.0
8.0
-78.0
-53.0
-100.0
-127.0
-155.0
-111.0
-157.0
-156.0
-173.0
-163.0
-193.0
-81.0
-137.0
-101.0
-87.0
-79.0
-71.0
-65.0
-88.0
-40.0
-59.0
-80.0
-30.0
-55.0
-30.0
-43.0
-23.0
-115.0
-41.0
-65.0
-50.0
-29.0
-39.0
-39.0
-64.0
-7.0
7.0
-12.0
13.0
-61.0
-72.0
-45.0
-89.0
-81.0
-113.0
-26.0
25.0
-15.0
43.0
25.0
21.0
16.0
48.0
58.0
29.0
-41.0
25.0
62.0
5.0
-22.0
-14.0
-102.0
-100.0
-54.0
-37.0
-31.0
-29.0
-31.0
-3.0
-3.0
66.0
34.0
3.0
-34.0
-48.0
-9.0
17.0
27.0
41.0
54.0
105.0
168.0
145.0
276.0
294.0
356.0
341.0
357.0
297.0
384.0
421.0
301.0
312.0
270.0
311.0
326.0
199.0
220.0
210.0
208.0
183.0
176.0
130.0
114.0
73.0
105.0
60.0
46.0
48.0
-69.0
-3.0
-31.0
-64.0
-25.0
-45.0
-29.0
-105.0
-105.0
-121.0
-137.0
-157.0
-103.0
-122.0
-173.0
-147.0
-107.0
-131.0
-153.0
-178.0
-96.0
-82.0
-102.0
-90.0
-162.0
-107.0
-98.0
-166.0
-122.0
-146.0
-108.0
-120.0
-51.0
-143.0
-137.0
-179.0
-158.0
-181.0
-148.0
-126.0
-134.0
-97.0
-115.0
-133.0
-111.0
-70.0
-125.0
-126.0
-159.0
-123.0
-162.0
-116.0
-130.0
-165.0
-209.0
-130.0
-154.0
-171.0
-87.0
-109.0
-101.0
-102.0
-65.0
-92.0
-95.0
-157.0
-125.0
-126.0
-166.0
-159.0
-93.0
-140.0
-118.0
-192.0
-131.0
-153.0
-89.0
-156.0
-177.0
-178.0
-218.0
-259.0
-214.0
-185.0
-167.0
-143.0
-125.0
-166.0
-146.0
-172.0
-194.0
-194.0
-86.0
-165.0
-125.0
-125.0
-136.0
-158.0
-189.0
-167.0
-148.0
-198.0
-144.0
-129.0
-168.0
-145.0
-156.0
-163.0
-134.0
-122.0
-80.0
-168.0
-157.0
-142.0
-137.0
-172.0
-122.0
-181.0
-128.0
-181.0
-156.0
-225.0
-134.0
-161.0
-162.0
-125.0
-97.0
-118.0
-126.0
-148.0
-131.0
-105.0
-146.0
-135.0
-176.0
-139.0
-143.0
-80.0
-192.0
-160.0
-208.0
-154.0
-129.0
-161.0
-121.0
-80.0
-157.0
-163.0
-161.0
-180.0
-141.0
-187.0
-116.0
-118.0
-102.0
-126.0
-148.0
-130.0
-97.0
-72.0
-121.0
-35.0
-98.0
-137.0
-99.0
-148.0
-62.0
-144.0
-73.0
-107.0
-101.0
-84.0
-77.0
-158.0
-76.0
-143.0
-7.0
-116.0
-55.0
-5.0
-158.0
-103.0
-78.0
-89.0
-87.0
-41.0
-78.0
-62.0
-127.0
-107.0
-81.0
-91.0
-30.0
-124.0
-47.0
-89.0
-88.0
-142.0
-23.0
-76.0
-69.0
-20.0
-24.0
21.0
18.0
-17.0
4.0
-7.0
-41.0
-34.0
-12.0
3.0
-18.0
-8.0
-36.0
38.0
-17.0
-26.0
-7.0
-24.0
-7.0
-67.0
-62.0
-12.0
-41.0
-28.0
-2.0
2.0
-110.0
-19.0
11.0
36.0
-34.0
33.0
87.0
59.0
66.0
32.0
97.0
86.0
91.0
54.0
38.0
45.0
49.0
77.0
53.0
43.0
83.0
11.0
98.0
42.0
131.0
8.0
91.0
32.0
70.0
-20.0
-27.0
7.0
18.0
3.0
5.0
-36.0
56.0
39.0
9.0
-14.0
22.0
46.0
22.0
13.0
-15.0
-38.0
-19.0
-65.0
-49.0
-6.0
41.0
72.0
-14.0
6.0
17.0
48.0
11.0
12.0
88.0
1.0
-30.0
54.0
61.0
28.0
33.0
97.0
-12.0
-12.0
-22.0
54.0
-12.0
6.0
-23.0
-10.0
-20.0
-13.0
54.0
13.0
10.0
-19.0
26.0
-47.0
24.0
5.0
46.0
37.0
35.0
-15.0
13.0
45.0
32.0
60.0
78.0
39.0
59.0
88.0
30.0
91.0
43.0
53.0
-86.0
53.0
17.0
13.0
52.0
45.0
-3.0
-5.0
45.0
42.0
69.0
55.0
-46.0
-26.0
-13.0
-48.0
-69.0
27.0
-29.0
44.0
5.0
6.0
14.0
18.0
-29.0
14.0
60.0
37.0
34.0
74.0
51.0
-12.0
-34.0
-86.0
-39.0
-107.0
-54.0
-3.0
-16.0
-46.0
-21.0
8.0
-13.0
-3.0
54.0
52.0
32.0
24.0
1.0
-50.0
-15.0
-30.0
-64.0
-21.0
9.0
-14.0
65.0
21.0
35.0
20.0
51.0
50.0
60.0
23.0
16.0
23.0
-3.0
-13.0
-23.0
-125.0
-22.0
-43.0
-30.0
-19.0
-3.0
29.0
48.0
-18.0
88.0
-15.0
-5.0
7.0
-85.0
-70.0
-113.0
-95.0
-57.0
-31.0
12.0
-36.0
-15.0
8.0
-76.0
18.0
-8.0
32.0
12.0
21.0
-21.0
-27.0
-54.0
-61.0
81.0
2.0
-1.0
-10.0
-39.0
55.0
81.0
100.0
-30.0
48.0
-41.0
13.0
-8.0
61.0
76.0
27.0
33.0
31.0
17.0
44.0
67.0
8.0
26.0
51.0
53.0
41.0
41.0
56.0
67.0
101.0
73.0
72.0
90.0
52.0
76.0
48.0
122.0
146.0
163.0
195.0
257.0
290.0
346.0
379.0
308.0
456.0
484.0
331.0
322.0
309.0
344.0
243.0
281.0
223.0
237.0
266.0
229.0
296.0
276.0
194.0
113.0
104.0
181.0
86.0
62.0
15.0
2.0
-27.0
-56.0
3.0
-43.0
28.0
65.0
39.0
55.0
6.0
-46.0
-64.0
-144.0
-132.0
-177.0
-152.0
-113.0
-178.0
-133.0
-108.0
-100.0
-72.0
-59.0
-72.0
-68.0
-49.0
-128.0
-7.0
-146.0
-121.0
-128.0
-95.0
-111.0
-86.0
-98.0
-129.0
-82.0
-55.0
-87.0
-73.0
-74.0
-24.0
-50.0
-102.0
-30.0
-62.0
-73.0
-144.0
-93.0
-77.0
-78.0
-143.0
-101.0
-105.0
-112.0
-160.0
-111.0
-117.0
-18.0
-35.0
-14.0
-98.0
-58.0
-73.0
-112.0
-55.0
-118.0
-167.0
-110.0
-134.0
-147.0
-117.0
-84.0
-89.0
-224.0
-93.0
-25.0
-91.0
-4.0
-75.0
-61.0
-45.0
-120.0
-81.0
-62.0
-91.0
-106.0
-96.0
-83.0
-135.0
-132.0
-101.0
-59.0
-71.0
-48.0
-17.0
-17.0
42.0
-19.0
-21.0
-17.0
-33.0
3.0
3.0
-55.0
-34.0
-12.0
-50.0
-29.0
-23.0
4.0
-20.0
-17.0
1.0
23.0
-25.0
-17.0
43.0
20.0
16.0
33.0
52.0
55.0
51.0
90.0
95.0
122.0
143.0
193.0
184.0
180.0
253.0
315.0
269.0
322.0
299.0
327.0
283.0
374.0
304.0
308.0
284.0
285.0
268.0
261.0
263.0
288.0
279.0
363.0
367.0
331.0
306.0
278.0
250.0
273.0
280.0
274.0
283.0
280.0
243.0
293.0
237.0
314.0
322.0
344.0
331.0
374.0
279.0
316.0
293.0
252.0
201.0
184.0
235.0
237.0
250.0
258.0
309.0
250.0
288.0
206.0
205.0
166.0
204.0
121.0
168.0
82.0
73.0
72.0
-24.0
13.0
-50.0
55.0
3.0
25.0
17.0
-43.0
-31.0
-160.0
-134.0
-126.0
-166.0
-177.0
-181.0
-173.0
-192.0
-149.0
-120.0
-71.0
-131.0
-52.0
-143.0
-210.0
-278.0
-247.0
-307.0
-332.0
-293.0
-316.0
-266.0
-209.0
-203.0
-128.0
-157.0
-98.0
-171.0
-171.0
-164.0
-249.0
-171.0
-253.0
-270.0
-262.0
-260.0
-277.0
-297.0
-268.0
-382.0
-362.0
-303.0
-229.0
-149.0
-196.0
-222.0
-177.0
-175.0
-163.0
-149.0
-156.0
-164.0
-183.0
-152.0
-145.0
-228.0
-174.0
-204.0
-205.0
-172.0
-161.0
-155.0
-136.0
-143.0
-106.0
-130.0
-124.0
-166.0
-124.0
-172.0
-179.0
-169.0
-176.0
-249.0
-195.0
-214.0
-252.0
-290.0
-156.0
-231.0
-187.0
-170.0
-219.0
-168.0
-186.0
-187.0
-238.0
-202.0
-246.0
-214.0
-309.0
-220.0
-239.0
-247.0
-254.0
-194.0
-212.0
-188.0
-206.0
-152.0
-183.0
-158.0
-150.0
-225.0
-135.0
-140.0
-204.0
-129.0
-240.0
-194.0
-174.0
-164.0
-96.0
-133.0
-136.0
-114.0
-110.0
-63.0
-49.0
-108.0
-84.0
-161.0
-90.0
-139.0
-120.0
-262.0
-169.0
-211.0
-130.0
-136.0
-133.0
-134.0
-102.0
-182.0
-194.0
-192.0
-115.0
-149.0
-146.0
-157.0
-190.0
-207.0
-193.0
-233.0
-231.0
-212.0
-206.0
-218.0
-171.0
-165.0
-96.0
-152.0
-127.0
-94.0
-42.0
-48.0
-26.0
-50.0
-39.0
-112.0
-181.0
-128.0
-142.0
-119.0
-109.0
-120.0
-117.0
-157.0
-83.0
-119.0
-89.0
-24.0
-20.0
-28.0
-50.0
-115.0
-42.0
-39.0
-69.0
-26.0
-74.0
-71.0
-108.0
-55.0
-70.0
-87.0
-55.0
-42.0
-37.0
-27.0
25.0
51.0
-28.0
-60.0
-100.0
-59.0
-69.0
-25.0
-107.0
-62.0
-87.0
-77.0
-45.0
-48.0
-27.0
-57.0
-56.0
-77.0
-34.0
-32.0
-35.0
-59.0
-36.0
-56.0
-52.0
-133.0
-50.0
-62.0
-28.0
-39.0
-60.0
-83.0
-15.0
-25.0
11.0
-26.0
36.0
-23.0
-1.0
36.0
-51.0
-71.0
-43.0
4.0
-47.0
12.0
-72.0
-16.0
-34.0
-30.0
14.0
-39.0
-49.0
-63.0
-60.0
-81.0
-17.0
-3.0
-15.0
-13.0
-45.0
-37.0
-48.0
-58.0
-86.0
-123.0
-148.0
-51.0
-97.0
-32.0
-32.0
7.0
66.0
103.0
143.0
177.0
227.0
318.0
316.0
320.0
292.0
333.0
205.0
287.0
270.0
300.0
298.0
206.0
225.0
185.0
238.0
222.0
197.0
271.0
228.0
185.0
185.0
175.0
107.0
90.0
71.0
51.0
-6.0
-4.0
-20.0
7.0
26.0
-23.0
5.0
-5.0
-47.0
-18.0
-56.0
-77.0
-12.0
-48.0
-39.0
30.0
-12.0
-29.0
-89.0
-67.0
-69.0
-108.0
-118.0
-74.0
-99.0
-20.0
-15.0
-51.0
-80.0
-62.0
-59.0
-85.0
-78.0
-124.0
-79.0
-44.0
-53.0
-118.0
-110.0
-144.0
-139.0
-155.0
-68.0
-100.0
-98.0
-107.0
-154.0
-191.0
-158.0
-126.0
-162.0
-146.0
-201.0
-188.0
-140.0
-175.0
-134.0
-139.0
-83.0
-93.0
-81.0
-94.0
-100.0
-83.0
-176.0
-100.0
-91.0
-82.0
-140.0
-145.0
-85.0
-69.0
-93.0
-96.0
-54.0
-36.0
-23.0
-15.0
-98.0
-92.0
-135.0
-63.0
-190.0
-173.0
-150.0
-124.0
-92.0
-84.0
-128.0
-92.0
-44.0
13.0
19.0
47.0
-55.0
23.0
-54.0
-61.0
-90.0
-139.0
-102.0
-151.0
-139.0
-120.0
-177.0
-115.0
-102.0
-90.0
-72.0
-89.0
-16.0
-56.0
15.0
37.0
19.0
8.0
-64.0
-72.0
-99.0
-112.0
-139.0
-161.0
-52.0
-32.0
-29.0
31.0
-8.0
-1.0
6.0
26.0
66.0
68.0
121.0
50.0
53.0
-90.0
-6.0
-71.0
-48.0
-55.0
-68.0
-16.0
-71.0
-13.0
41.0
57.0
29.0
63.0
61.0
23.0
1.0
12.0
-122.0
-23.0
-96.0
-105.0
-76.0
-142.0
-68.0
-103.0
-109.0
-25.0
-49.0
-17.0
-20.0
43.0
65.0
-21.0
77.0
35.0
74.0
35.0
-58.0
-17.0
-54.0
-17.0
-38.0
-46.0
-16.0
-18.0
-42.0
-9.0
22.0
13.0
43.0
20.0
44.0
34.0
-21.0
76.0
-91.0
43.0
-67.0
24.0
-5.0
10.0
-17.0
-22.0
-19.0
-1.0
13.0
-42.0
4.0
-30.0
-2.0
16.0
-7.0
10.0
25.0
-71.0
37.0
5.0
-5.0
-2.0
4.0
11.0
68.0
28.0
55.0
1.0
21.0
43.0
40.0
15.0
81.0
49.0
19.0
24.0
47.0
46.0
33.0
53.0
10.0
1.0
29.0
45.0
45.0
84.0
54.0
22.0
13.0
-16.0
62.0
-14.0
-1.0
9.0
12.0
-40.0
-30.0
-94.0
-5.0
-27.0
40.0
86.0
11.0
11.0
50.0
-23.0
80.0
40.0
54.0
-3.0
-16.0
22.0
41.0
26.0
-26.0
-62.0
95.0
92.0
56.0
62.0
92.0
18.0
41.0
63.0
27.0
118.0
122.0
4.0
60.0
48.0
32.0
-22.0
6.0
-24.0
-31.0
-1.0
-58.0
-27.0
24.0
48.0
10.0
59.0
-1.0
33.0
-16.0
-1.0
28.0
124.0
58.0
-17.0
-17.0
-17.0
46.0
53.0
91.0
35.0
73.0
51.0
86.0
72.0
129.0
126.0
117.0
118.0
149.0
177.0
184.0
249.0
286.0
339.0
332.0
340.0
354.0
373.0
370.0
373.0
381.0
364.0
320.0
348.0
362.0
290.0
316.0
258.0
317.0
375.0
337.0
326.0
251.0
278.0
248.0
238.0
142.0
155.0
72.0
63.0
163.0
88.0
116.0
105.0
125.0
112.0
109.0
136.0
193.0
92.0
90.0
107.0
67.0
64.0
75.0
-3.0
20.0
-6.0
25.0
3.0
19.0
5.0
41.0
63.0
22.0
1.0
45.0
16.0
9.0
66.0
-2.0
-12.0
13.0
-50.0
2.0
-1.0
55.0
16.0
36.0
-54.0
21.0
-10.0
-40.0
-1.0
-18.0
33.0
-31.0
-45.0
-43.0
-2.0
-5.0
36.0
23.0
76.0
22.0
11.0
46.0
18.0
25.0
61.0
-11.0
-61.0
71.0
-48.0
-71.0
-40.0
-50.0
-27.0
-62.0
-81.0
-153.0
-133.0
-114.0
-104.0
-153.0
-117.0
-74.0
-67.0
-99.0
-117.0
-53.0
-176.0
-140.0
-92.0
-120.0
-120.0
-113.0
-124.0
-83.0
-89.0
-117.0
-94.0
-100.0
-107.0
-63.0
-34.0
-28.0
-28.0
-116.0
-61.0
-72.0
-42.0
-91.0
-36.0
-43.0
-21.0
-13.0
-69.0
-64.0
-120.0
-41.0
-76.0
-46.0
-51.0
-114.0
-76.0
-103.0
-58.0
-117.0
-82.0
-55.0
-13.0
-18.0
62.0
58.0
88.0
126.0
136.0
143.0
180.0
157.0
220.0
262.0
321.0
271.0
290.0
293.0
334.0
362.0
407.0
421.0
374.0
398.0
366.0
381.0
328.0
331.0
324.0
272.0
215.0
194.0
196.0
175.0
252.0
174.0
263.0
278.0
206.0
212.0
165.0
149.0
125.0
34.0
11.0
-78.0
-58.0
-152.0
-94.0
-82.0
-93.0
-12.0
-68.0
26.0
69.0
86.0
17.0
62.0
-17.0
-118.0
-42.0
-165.0
-124.0
-74.0
-132.0
-124.0
-121.0
-39.0
-88.0
-55.0
-29.0
-39.0
-24.0
11.0
-2.0
10.0
-20.0
-84.0
-147.0
-163.0
-203.0
-149.0
-103.0
-130.0
-95.0
-75.0
-79.0
-34.0
-42.0
-38.0
-61.0
-76.0
2.0
-82.0
-109.0
-120.0
-100.0
-65.0
-92.0
-132.0
-116.0
-93.0
-120.0
-116.0
-167.0
-25.0
-68.0
-76.0
-64.0
-36.0
-80.0
-35.0
-159.0
-114.0
-98.0
-68.0
-95.0
-5.0
-13.0
-3.0
-52.0
-69.0
-84.0
-37.0
-96.0
-50.0
-26.0
-30.0
1.0
21.0
-60.0
-69.0
-60.0
-89.0
-41.0
-44.0
-45.0
-27.0
-88.0
-106.0
-83.0
-99.0
-149.0
-100.0
-108.0
-79.0
-50.0
-59.0
1.0
-95.0
-74.0
-29.0
-55.0
-48.0
-49.0
-87.0
-67.0
-77.0
-86.0
-46.0
-74.0
-87.0
-82.0
-127.0
-88.0
-102.0
-60.0
-37.0
-22.0
-60.0
-43.0
-59.0
-50.0
-77.0
-69.0
-87.0
-76.0
-124.0
-136.0
-178.0
-93.0
-58.0
-46.0
-30.0
-81.0
-53.0
-27.0
-24.0
-6.0
81.0
-1.0
12.0
-4.0
-5.0
-166.0
-79.0
-99.0
-100.0
-96.0
-85.0
-88.0
-32.0
-23.0
6.0
-43.0
-68.0
-79.0
-79.0
-51.0
-95.0
-131.0
-162.0
-139.0
-112.0
-131.0
-172.0
-100.0
-89.0
-43.0
-81.0
-88.0
-60.0
-25.0
-94.0
-90.0
-13.0
-39.0
-118.0
-94.0
-129.0
-122.0
-161.0
-142.0
-155.0
-205.0
-126.0
-56.0
12.0
-38.0
-65.0
-107.0
-74.0
-98.0
-39.0
-135.0
-133.0
-163.0
-153.0
-192.0
-138.0
-52.0
-93.0
-59.0
-72.0
-55.0
10.0
-62.0
24.0
18.0
-10.0
26.0
46.0
-32.0
15.0
41.0
53.0
-24.0
31.0
7.0
63.0
132.0
171.0
206.0
224.0
256.0
240.0
303.0
291.0
217.0
156.0
136.0
50.0
93.0
41.0
59.0
56.0
-15.0
49.0
44.0
41.0
111.0
102.0
98.0
63.0
43.0
87.0
45.0
-46.0
-7.0
27.0
-15.0
-86.0
-46.0
-78.0
-9.0
-73.0
-28.0
-35.0
6.0
-63.0
4.0
-52.0
-76.0
-24.0
-87.0
-124.0
-128.0
-60.0
-109.0
-83.0
-56.0
-72.0
-55.0
-45.0
7.0
-61.0
-23.0
-33.0
-71.0
-86.0
-162.0
-142.0
-179.0
-102.0
-104.0
-139.0
-101.0
-79.0
-84.0
-100.0
-102.0
-76.0
-37.0
-29.0
-15.0
-84.0
-80.0
-43.0
-126.0
-66.0
-69.0
-43.0
-84.0
-110.0
-127.0
-147.0
-71.0
-140.0
-168.0
-170.0
-124.0
-146.0
-144.0
-197.0
-197.0
-135.0
-87.0
-121.0
-154.0
-129.0
-79.0
-101.0
-141.0
-126.0
-116.0
-111.0
-231.0
-155.0
-136.0
-183.0
-174.0
-205.0
-212.0
-160.0
-204.0
-176.0
-173.0
-233.0
-207.0
-163.0
-183.0
-171.0
-165.0
-106.0
-111.0
-99.0
-192.0
-135.0
-150.0
-138.0
-209.0
-121.0
-120.0
-114.0
-142.0
-146.0
-142.0
-130.0
-142.0
-93.0
-70.0
-40.0
-23.0
-94.0
-83.0
-143.0
-147.0
-178.0
-108.0
-150.0
-110.0
-100.0
-187.0
-140.0
-124.0
-119.0
-117.0
-144.0
-112.0
-112.0
-153.0
-45.0
-92.0
-103.0
-97.0
-103.0
-86.0
-87.0
-74.0
-54.0
-205.0
-176.0
-118.0
-159.0
-172.0
-166.0
-132.0
-91.0
-112.0
-70.0
-44.0
-50.0
-30.0
-70.0
-83.0
-59.0
-48.0
-34.0
-33.0
-19.0
-41.0
-90.0
-37.0
8.0
-15.0
4.0
-23.0
0.0
20.0
3.0
41.0
84.0
8.0
39.0
5.0
-33.0
-69.0
-61.0
-62.0
-74.0
-116.0
-30.0
-35.0
-24.0
-55.0
-6.0
0.0
-31.0
-53.0
7.0
20.0
-78.0
-44.0
-95.0
-83.0
-54.0
-96.0
-16.0
-9.0
-14.0
0.0
3.0
7.0
-19.0
16.0
50.0
88.0
72.0
151.0
180.0
203.0
303.0
279.0
369.0
412.0
402.0
428.0
369.0
361.0
406.0
345.0
323.0
296.0
289.0
268.0
258.0
257.0
229.0
197.0
171.0
124.0
81.0
138.0
85.0
73.0
42.0
30.0
-12.0
-33.0
-33.0
-50.0
-34.0
-29.0
-42.0
-18.0
-56.0
11.0
-82.0
-83.0
-81.0
-112.0
-135.0
-190.0
-156.0
-222.0
-95.0
-205.0
-147.0
-180.0
-89.0
-133.0
-135.0
-116.0
-145.0
-152.0
-176.0
-120.0
-202.0
-214.0
-166.0
-224.0
-177.0
-169.0
-161.0
-197.0
-164.0
-173.0
-124.0
-79.0
-112.0
-136.0
-175.0
-220.0
-204.0
-219.0
-152.0
-175.0
-91.0
-87.0
-60.0
-7.0
-33.0
73.0
131.0
165.0
192.0
251.0
230.0
243.0
291.0
309.0
254.0
245.0
212.0
234.0
138.0
217.0
170.0
176.0
161.0
149.0
175.0
214.0
95.0
51.0
44.0
-55.0
11.0
-79.0
-70.0
-119.0
-169.0
-148.0
-247.0
-227.0
-144.0
-178.0
-177.0
-173.0
-168.0
-157.0
-108.0
-159.0
-178.0
-155.0
-219.0
-135.0
-185.0
-161.0
-199.0
-262.0
-215.0
-249.0
-263.0
-250.0
-211.0
-279.0
-206.0
-242.0
-264.0
-316.0
-282.0
-270.0
-248.0
-227.0
-228.0
-248.0
-216.0
-251.0
-225.0
-208.0
-225.0
-230.0
-237.0
-205.0
-227.0
-203.0
-174.0
-111.0
-77.0
-35.0
-20.0
-1.0
3.0
23.0
27.0
44.0
46.0
111.0
103.0
141.0
136.0
150.0
133.0
127.0
152.0
178.0
178.0
201.0
156.0
169.0
150.0
188.0
203.0
167.0
145.0
147.0
140.0
175.0
207.0
161.0
196.0
224.0
168.0
161.0
155.0
152.0
106.0
171.0
138.0
192.0
173.0
213.0
185.0
178.0
159.0
216.0
178.0
221.0
191.0
176.0
218.0
194.0
162.0
168.0
151.0
210.0
187.0
161.0
119.0
92.0
94.0
120.0
110.0
122.0
97.0
116.0
53.0
21.0
32.0
-18.0
10.0
16.0
-8.0
-80.0
28.0
-11.0
1.0
4.0
-51.0
-7.0
-77.0
-116.0
-121.0
-115.0
-94.0
-102.0
-162.0
-162.0
-218.0
-193.0
-301.0
-259.0
-253.0
-181.0
-269.0
-257.0
-181.0
-168.0
-157.0
-172.0
-159.0
-155.0
-182.0
-179.0
-207.0
-218.0
-243.0
-208.0
-151.0
-172.0
-137.0
-140.0
-133.0
-161.0
-142.0
-97.0
-133.0
-114.0
-193.0
-166.0
-151.0
-202.0
-154.0
-187.0
-202.0
-193.0
-182.0
-159.0
-153.0
-196.0
-83.0
-101.0
-135.0
-173.0
-177.0
-178.0
-175.0
-181.0
-230.0
-232.0
-263.0
-201.0
-235.0
-229.0
-191.0
-197.0
-214.0
-184.0
-201.0
-160.0
-168.0
-180.0
-157.0
-108.0
-158.0
-121.0
-120.0
-120.0
-152.0
-114.0
-167.0
-152.0
-100.0
-110.0
-155.0
-137.0
-115.0
-49.0
-84.0
-64.0
-52.0
-54.0
-17.0
-61.0
-14.0
-127.0
-96.0
-104.0
-134.0
-161.0
-108.0
-112.0
-148.0
-123.0
-98.0
-88.0
-96.0
-59.0
-73.0
-72.0
-65.0
-55.0
-86.0
-38.0
-110.0
-120.0
-136.0
-134.0
-126.0
-98.0
-41.0
-117.0
-73.0
-63.0
-111.0
-84.0
-67.0
-37.0
-34.0
-50.0
-53.0
-41.0
-20.0
8.0
50.0
-11.0
31.0
-4.0
32.0
8.0
26.0
50.0
87.0
139.0
180.0
239.0
220.0
391.0
343.0
342.0
303.0
295.0
271.0
253.0
280.0
282.0
208.0
173.0
212.0
121.0
212.0
159.0
111.0
154.0
105.0
91.0
95.0
88.0
77.0
-72.0
-56.0
-112.0
-52.0
-60.0
-92.0
7.0
-101.0
-95.0
-105.0
-125.0
-90.0
-99.0
-49.0
-104.0
-72.0
-172.0
-137.0
-166.0
-137.0
-137.0
-123.0
-169.0
-78.0
-64.0
-104.0
-71.0
-34.0
-77.0
-79.0
-60.0
-124.0
-107.0
-93.0
-116.0
-99.0
-115.0
-105.0
-143.0
-134.0
-168.0
-200.0
-187.0
-222.0
-169.0
-171.0
-225.0
-218.0
-234.0
-224.0
-196.0
-256.0
-278.0
-252.0
-293.0
-304.0
-266.0
-268.0
-269.0
-172.0
-198.0
-166.0
-161.0
-147.0
-191.0
-154.0
-166.0
-149.0
-205.0
-138.0
-199.0
-146.0
-153.0
-141.0
-116.0
-150.0
-127.0
-134.0
-134.0
-111.0
-114.0
-183.0
-125.0
-142.0
-160.0
-208.0
-196.0
-140.0
-169.0
-149.0
-129.0
-124.0
-94.0
-89.0
-97.0
-37.0
-45.0
-56.0
-69.0
-98.0
-98.0
-68.0
-43.0
-1.0
-13.0
-41.0
-74.0
-39.0
-44.0
20.0
7.0
23.0
8.0
-10.0
5.0
-42.0
-34.0
12.0
41.0
-50.0
-43.0
-8.0
-21.0
-3.0
-20.0
24.0
-39.0
4.0
12.0
-15.0
-44.0
-50.0
-39.0
-67.0
-54.0
-100.0
-77.0
-82.0
-88.0
-54.0
49.0
48.0
23.0
33.0
18.0
2.0
-14.0
-72.0
-52.0
-29.0
-35.0
-12.0
6.0
52.0
3.0
-11.0
0.0
-13.0
-13.0
-26.0
-25.0
49.0
45.0
54.0
38.0
8.0
54.0
75.0
76.0
110.0
109.0
121.0
127.0
155.0
124.0
223.0
235.0
216.0
214.0
225.0
232.0
239.0
227.0
293.0
256.0
250.0
240.0
213.0
172.0
227.0
204.0
196.0
187.0
211.0
191.0
224.0
133.0
209.0
194.0
202.0
174.0
139.0
139.0
138.0
89.0
114.0
98.0
72.0
68.0
25.0
-2.0
23.0
15.0
15.0
61.0
93.0
27.0
-31.0
33.0
22.0
-8.0
-20.0
-39.0
-14.0
-68.0
-42.0
-65.0
-70.0
-72.0
-36.0
-62.0
-89.0
-21.0
-33.0
-71.0
-58.0
-57.0
-59.0
-67.0
-74.0
-89.0
-80.0
-82.0
-60.0
-18.0
-3.0
61.0
67.0
64.0
79.0
109.0
99.0
157.0
187.0
172.0
167.0
159.0
167.0
188.0
167.0
259.0
316.0
294.0
304.0
298.0
293.0
278.0
262.0
253.0
309.0
292.0
271.0
261.0
253.0
261.0
276.0
304.0
328.0
317.0
286.0
308.0
277.0
231.0
188.0
227.0
181.0
159.0
179.0
115.0
210.0
276.0
240.0
277.0
259.0
254.0
259.0
259.0
214.0
262.0
214.0
238.0
208.0
185.0
155.0
149.0
173.0
187.0
211.0
263.0
221.0
287.0
274.0
274.0
260.0
271.0
236.0
223.0
203.0
133.0
106.0
80.0
126.0
175.0
169.0
188.0
155.0
194.0
196.0
214.0
202.0
144.0
64.0
88.0
24.0
76.0
48.0
79.0
53.0
79.0
92.0
122.0
76.0
100.0
96.0
56.0
65.0
44.0
-48.0
-24.0
-74.0
-101.0
-148.0
-125.0
-107.0
-26.0
-73.0
-82.0
-45.0
-48.0
-27.0
-90.0
-81.0
-142.0
-99.0
-127.0
-187.0
-208.0
-174.0
-209.0
-172.0
-221.0
-209.0
-205.0
-174.0
-262.0
-279.0
-247.0
-254.0
-233.0
-224.0
-206.0
-186.0
-167.0
-169.0
-238.0
-246.0
-318.0
-272.0
-279.0
-246.0
-243.0
-229.0
-173.0
-205.0
-217.0
-209.0
-197.0
-140.0
-127.0
-118.0
-130.0
-117.0
-184.0
-167.0
-171.0
-189.0
-201.0
-279.0
-225.0
-251.0
-254.0
-249.0
-275.0
-233.0
-242.0
-211.0
-252.0
-202.0
-211.0
-259.0
-290.0
-254.0
-258.0
-294.0
-241.0
-316.0
-260.0
-284.0
-230.0
-254.0
-240.0
-228.0
-218.0
-193.0
-209.0
-258.0
-208.0
-239.0
-251.0
-228.0
-221.0
-240.0
-216.0
-253.0
-231.0
-219.0
-227.0
-184.0
-166.0
-177.0
-229.0
-176.0
-178.0
-173.0
-209.0
-246.0
-214.0
-212.0
-254.0
-269.0
-266.0
-203.0
-209.0
-140.0
-93.0
-88.0
-71.0
-119.0
-109.0
-146.0
-136.0
-84.0
-77.0
-124.0
-82.0
-154.0
-140.0
-106.0
-147.0
-126.0
-89.0
-120.0
-77.0
-67.0
-97.0
-119.0
-90.0
-103.0
-54.0
-79.0
-26.0
13.0
-62.0
-147.0
-179.0
-156.0
-115.0
-122.0
-20.0
4.0
-7.0
-44.0
-13.0
-46.0
-39.0
-51.0
-59.0
-44.0
-107.0
-21.0
-12.0
64.0
35.0
41.0
73.0
41.0
39.0
10.0
45.0
128.0
113.0
54.0
69.0
44.0
4.0
37.0
43.0
56.0
54.0
15.0
67.0
81.0
83.0
35.0
-15.0
-6.0
-36.0
45.0
67.0
49.0
35.0
69.0
40.0
49.0
27.0
101.0
79.0
44.0
61.0
39.0
74.0
-15.0
9.0
-20.0
36.0
79.0
88.0
97.0
71.0
88.0
65.0
66.0
4.0
74.0
105.0
98.0
73.0
66.0
74.0
-26.0
88.0
82.0
44.0
71.0
148.0
140.0
85.0
69.0
128.0
171.0
105.0
99.0
134.0
92.0
105.0
40.0
97.0
84.0
90.0
69.0
15.0
-3.0
46.0
7.0
22.0
15.0
69.0
68.0
-23.0
74.0
-10.0
-12.0
-68.0
-42.0
-15.0
58.0
67.0
83.0
56.0
102.0
20.0
5.0
24.0
-12.0
25.0
20.0
63.0
1.0
117.0
64.0
32.0
29.0
30.0
67.0
117.0
94.0
118.0
188.0
90.0
72.0
115.0
130.0
120.0
159.0
92.0
115.0
107.0
110.0
121.0
130.0
126.0
154.0
119.0
187.0
148.0
134.0
99.0
89.0
33.0
84.0
26.0
11.0
4.0
12.0
-10.0
-21.0
-17.0
-13.0
-34.0
-7.0
5.0
36.0
71.0
53.0
56.0
-6.0
43.0
18.0
8.0
31.0
21.0
48.0
13.0
25.0
8.0
-21.0
2.0
-2.0
15.0
47.0
36.0
62.0
64.0
69.0
48.0
32.0
56.0
-1.0
25.0
-24.0
1.0
24.0
13.0
-44.0
-22.0
-17.0
-87.0
-101.0
-81.0
-68.0
-86.0
-5.0
23.0
41.0
-34.0
5.0
-31.0
-73.0
-119.0
-137.0
-140.0
-114.0
-154.0
-116.0
-204.0
-101.0
-150.0
-119.0
-171.0
-143.0
-154.0
-18.0
-52.0
-80.0
-72.0
-115.0
-195.0
-156.0
-190.0
-161.0
-102.0
-125.0
-137.0
-111.0
-132.0
-122.0
-128.0
-152.0
-110.0
-125.0
-100.0
-162.0
-125.0
-129.0
-128.0
-97.0
-81.0
-84.0
-135.0
-127.0
-80.0
-46.0
-44.0
-39.0
-8.0
-14.0
37.0
-33.0
12.0
60.0
4.0
-9.0
-25.0
15.0
-11.0
19.0
-11.0
-43.0
-52.0
6.0
-25.0
-48.0
-22.0
16.0
1.0
-63.0
-73.0
-2.0
39.0
49.0
78.0
52.0
34.0
1.0
23.0
33.0
54.0
-5.0
37.0
-22.0
22.0
14.0
-2.0
74.0
52.0
48.0
29.0
53.0
2.0
37.0
28.0
79.0
70.0
114.0
108.0
114.0
125.0
193.0
202.0
200.0
181.0
167.0
100.0
162.0
119.0
192.0
104.0
204.0
145.0
210.0
149.0
104.0
104.0
143.0
70.0
37.0
100.0
145.0
67.0
40.0
45.0
90.0
39.0
78.0
22.0
89.0
73.0
56.0
116.0
104.0
46.0
143.0
90.0
62.0
24.0
76.0
78.0
88.0
44.0
87.0
107.0
81.0
80.0
39.0
99.0
103.0
30.0
80.0
121.0
98.0
124.0
127.0
66.0
105.0
95.0
48.0
32.0
51.0
103.0
114.0
78.0
97.0
118.0
55.0
154.0
101.0
80.0
86.0
107.0
91.0
132.0
113.0
117.0
93.0
139.0
59.0
57.0
61.0
79.0
84.0
74.0
72.0
69.0
99.0
48.0
48.0
35.0
54.0
72.0
69.0
74.0
109.0
130.0
188.0
230.0
248.0
296.0
418.0
394.0
388.0
507.0
436.0
399.0
440.0
456.0
416.0
334.0
289.0
267.0
272.0
225.0
261.0
216.0
180.0
185.0
155.0
92.0
32.0
-5.0
58.0
43.0
37.0
27.0
-14.0
31.0
7.0
7.0
-3.0
-60.0
-93.0
12.0
-55.0
-87.0
-46.0
-102.0
-78.0
-83.0
-42.0
-74.0
-111.0
-73.0
-64.0
-96.0
-39.0
-35.0
-37.0
-93.0
-33.0
-70.0
-2.0
5.0
-72.0
-25.0
-39.0
-31.0
-21.0
-18.0
-34.0
-58.0
-99.0
-51.0
-93.0
-59.0
-36.0
-23.0
-79.0
-118.0
-72.0
-108.0
-101.0
-124.0
-135.0
-157.0
-73.0
-72.0
-117.0
-62.0
-88.0
-54.0
-169.0
-121.0
-96.0
-124.0
-142.0
-172.0
-171.0
-183.0
-153.0
-184.0
-154.0
-168.0
-166.0
-247.0
-216.0
-121.0
-138.0
-176.0
-131.0
-133.0
-102.0
-80.0
-99.0
-81.0
-67.0
-125.0
-38.0
-131.0
-133.0
-69.0
-82.0
-108.0
-46.0
-28.0
-82.0
-34.0
-103.0
-88.0
-58.0
-106.0
-49.0
-89.0
-82.0
-103.0
-102.0
-145.0
-121.0
-147.0
-118.0
-153.0
-107.0
-96.0
-100.0
-146.0
-108.0
-87.0
-105.0
-68.0
-117.0
-115.0
-122.0
-51.0
-63.0
-55.0
-45.0
-109.0
-81.0
-119.0
-79.0
-97.0
-99.0
-127.0
-110.0
-134.0
-133.0
-100.0
-71.0
-4.0
-68.0
-13.0
-33.0
-88.0
-56.0
-67.0
-66.0
-75.0
-42.0
-63.0
-48.0
-46.0
-89.0
-101.0
-56.0
-87.0
-6.0
-76.0
-41.0
5.0
-36.0
-17.0
-26.0
36.0
0.0
-27.0
-13.0
-21.0
-27.0
0.0
-15.0
18.0
59.0
94.0
129.0
162.0
159.0
258.0
247.0
251.0
227.0
230.0
208.0
183.0
192.0
193.0
178.0
137.0
149.0
154.0
178.0
114.0
167.0
131.0
125.0
119.0
126.0
94.0
55.0
70.0
88.0
25.0
83.0
77.0
39.0
99.0
77.0
85.0
118.0
44.0
83.0
60.0
120.0
67.0
90.0
49.0
74.0
124.0
83.0
76.0
96.0
135.0
103.0
92.0
144.0
136.0
187.0
207.0
145.0
109.0
150.0
154.0
144.0
144.0
165.0
182.0
142.0
176.0
154.0
176.0
179.0
139.0
106.0
82.0
142.0
146.0
176.0
63.0
58.0
18.0
54.0
45.0
49.0
33.0
107.0
87.0
67.0
99.0
47.0
105.0
93.0
50.0
73.0
58.0
73.0
12.0
77.0
52.0
65.0
125.0
129.0
119.0
149.0
136.0
101.0
102.0
-5.0
17.0
-16.0
53.0
77.0
89.0
102.0
149.0
11.0
-2.0
86.0
96.0
103.0
69.0
65.0
73.0
58.0
77.0
50.0
115.0
92.0
141.0
66.0
155.0
92.0
101.0
94.0
136.0
59.0
98.0
72.0
87.0
105.0
172.0
238.0
289.0
339.0
429.0
508.0
482.0
436.0
496.0
348.0
256.0
250.0
110.0
22.0
44.0
-41.0
-49.0
-41.0
-26.0
-60.0
-78.0
-118.0
-80.0
-122.0
-161.0
-250.0
-242.0
-228.0
-200.0
-191.0
-264.0
-196.0
-184.0
-256.0
-270.0
-229.0
-214.0
-212.0
-195.0
-202.0
-254.0
-192.0
-215.0
-263.0
-227.0
-230.0
-203.0
-264.0
-284.0
-179.0
-216.0
-212.0
-186.0
-153.0
-186.0
-266.0
-197.0
-240.0
-237.0
-196.0
-149.0
-93.0
-80.0
-182.0
-166.0
-134.0
-90.0
-67.0
-83.0
-83.0
-73.0
-115.0
-76.0
-89.0
-147.0
-98.0
-91.0
-59.0
-182.0
-175.0
-137.0
-126.0
-143.0
-130.0
-168.0
-185.0
-153.0
-229.0
-161.0
-157.0
-156.0
-145.0
-127.0
-77.0
-89.0
-101.0
-159.0
-104.0
-180.0
-166.0
-158.0
-185.0
-142.0
-124.0
-182.0
-159.0
-184.0
-235.0
-182.0
-284.0
-255.0
-271.0
-289.0
-292.0
-311.0
-350.0
-347.0
-345.0
-356.0
-353.0
-342.0
-279.0
-243.0
-292.0
-247.0
-268.0
-220.0
-263.0
-251.0
-280.0
-243.0
-268.0
-279.0
-252.0
-290.0
-303.0
-296.0
-267.0
-257.0
-212.0
-225.0
-279.0
-253.0
-240.0
-282.0
-222.0
-234.0
-164.0
-304.0
-258.0
-295.0
-347.0
-386.0
-380.0
-445.0
-417.0
-417.0
-453.0
-449.0
-453.0
-416.0
-408.0
-451.0
-444.0
-414.0
-445.0
-432.0
-456.0
-416.0
-362.0
-370.0
-299.0
-289.0
-306.0
-299.0
-254.0
-265.0
-238.0
-225.0
-266.0
-274.0
-287.0
-292.0
-254.0
-338.0
-370.0
-322.0
-274.0
-267.0
-270.0
-241.0
-206.0
-174.0
-212.0
-187.0
-219.0
-139.0
-182.0
-155.0
-235.0
-170.0
-177.0
-165.0
-193.0
-215.0
-168.0
-99.0
-27.0
72.0
125.0
201.0
309.0
369.0
375.0
414.0
461.0
477.0
561.0
503.0
420.0
378.0
362.0
327.0
244.0
291.0
327.0
313.0
310.0
213.0
200.0
182.0
162.0
201.0
192.0
246.0
197.0
218.0
215.0
224.0
169.0
130.0
170.0
171.0
234.0
203.0
248.0
273.0
234.0
227.0
225.0
227.0
216.0
240.0
222.0
202.0
246.0
213.0
220.0
209.0
195.0
240.0
220.0
244.0
244.0
278.0
298.0
243.0
227.0
243.0
210.0
172.0
231.0
239.0
237.0
204.0
289.0
271.0
225.0
225.0
174.0
221.0
233.0
177.0
142.0
89.0
70.0
4.0
-75.0
-101.0
-158.0
-184.0
-262.0
-340.0
-297.0
-365.0
-288.0
-300.0
-312.0
-287.0
-279.0
-257.0
-303.0
-222.0
-282.0
-268.0
-286.0
-272.0
-257.0
-193.0
-213.0
-267.0
-241.0
-240.0
-229.0
-224.0
-247.0
-212.0
-220.0
-221.0
-289.0
-275.0
-240.0
-294.0
-271.0
-289.0
-221.0
-252.0
-254.0
-276.0
-205.0
-230.0
-235.0
-241.0
-161.0
-213.0
-251.0
-193.0
-198.0
-225.0
-222.0
-177.0
-221.0
-128.0
-174.0
-233.0
-139.0
-214.0
-133.0
-154.0
-163.0
-178.0
-137.0
-163.0
-162.0
-135.0
-121.0
-128.0
-203.0
-138.0
-150.0
-149.0
-164.0
-118.0
-150.0
-109.0
-103.0
-105.0
-93.0
-68.0
-103.0
-73.0
-65.0
7.0
-14.0
98.0
40.0
50.0
8.0
29.0
58.0
22.0
55.0
25.0
50.0
70.0
101.0
76.0
108.0
43.0
72.0
81.0
1.0
5.0
54.0
22.0
133.0
46.0
30.0
16.0
-65.0
22.0
-6.0
23.0
60.0
80.0
83.0
1.0
116.0
41.0
83.0
86.0
56.0
69.0
119.0
81.0
174.0
250.0
194.0
306.0
351.0
384.0
500.0
470.0
458.0
359.0
393.0
298.0
323.0
323.0
314.0
364.0
356.0
326.0
296.0
283.0
251.0
218.0
267.0
200.0
235.0
244.0
225.0
181.0
211.0
278.0
244.0
234.0
227.0
232.0
260.0
211.0
215.0
216.0
228.0
169.0
221.0
259.0
220.0
205.0
248.0
170.0
185.0
192.0
218.0
234.0
265.0
234.0
146.0
164.0
288.0
232.0
229.0
305.0
225.0
244.0
228.0
189.0
213.0
225.0
235.0
247.0
288.0
280.0
247.0
234.0
202.0
270.0
216.0
163.0
225.0
218.0
183.0
183.0
193.0
171.0
183.0
174.0
195.0
163.0
211.0
227.0
250.0
231.0
199.0
201.0
260.0
270.0
215.0
244.0
190.0
157.0
136.0
117.0
106.0
133.0
158.0
232.0
226.0
258.0
324.0
316.0
314.0
416.0
445.0
421.0
442.0
445.0
402.0
394.0
402.0
375.0
438.0
372.0
323.0
323.0
244.0
166.0
238.0
259.0
247.0
249.0
198.0
131.0
104.0
27.0
22.0
87.0
21.0
52.0
62.0
37.0
73.0
41.0
27.0
-1.0
-18.0
-46.0
-103.0
-108.0
-128.0
-129.0
-139.0
-95.0
-101.0
-37.0
-52.0
-25.0
-5.0
-92.0
-45.0
-88.0
-98.0
-154.0
-41.0
-74.0
-53.0
-53.0
-31.0
-32.0
-111.0
-78.0
-26.0
-35.0
-47.0
-73.0
-71.0
-98.0
-41.0
-107.0
-54.0
-47.0
-21.0
42.0
24.0
-14.0
-41.0
-49.0
-90.0
-107.0
-152.0
-176.0
-179.0
-151.0
-148.0
-115.0
-93.0
-101.0
-14.0
-53.0
29.0
-61.0
13.0
-58.0
-80.0
-111.0
-153.0
-148.0
-111.0
-131.0
-175.0
-140.0
-120.0
-106.0
-102.0
-67.0
-20.0
-69.0
-44.0
-76.0
-31.0
-97.0
-80.0
-112.0
-124.0
-78.0
-94.0
-69.0
-95.0
-84.0
-221.0
-119.0
-121.0
-97.0
-74.0
-39.0
-51.0
-41.0
-55.0
-96.0
-83.0
-70.0
-83.0
-77.0
-121.0
-137.0
-158.0
-122.0
-64.0
-139.0
-96.0
-155.0
-161.0
-79.0
-106.0
-60.0
-30.0
-13.0
-100.0
-70.0
-95.0
-69.0
-109.0
-18.0
4.0
-23.0
-32.0
-95.0
-70.0
-118.0
-74.0
-59.0
-49.0
-21.0
5.0
26.0
-65.0
-32.0
-104.0
-4.0
-95.0
-60.0
-44.0
-63.0
-65.0
-64.0
-60.0
-41.0
-74.0
-98.0
-79.0
-118.0
-88.0
-33.0
-8.0
-55.0
-79.0
-64.0
-70.0
-91.0
-89.0
-66.0
-70.0
-77.0
-39.0
-73.0
-67.0
-83.0
-76.0
-67.0
-67.0
-81.0
-108.0
-39.0
-109.0
-83.0
-51.0
-58.0
-98.0
-84.0
-30.0
-62.0
-102.0
-13.0
-43.0
-40.0
-74.0
-13.0
-67.0
-74.0
-38.0
-65.0
-35.0
24.0
16.0
-8.0
-46.0
2.0
-46.0
-58.0
-87.0
-106.0
-79.0
-133.0
-74.0
-100.0
-133.0
-148.0
-147.0
-91.0
-175.0
-138.0
-176.0
-180.0
-156.0
-204.0
-103.0
-138.0
-119.0
-168.0
-148.0
-127.0
-130.0
-161.0
-203.0
-97.0
-116.0
-108.0
-96.0
-144.0
-79.0
-120.0
-119.0
-107.0
-78.0
-113.0
-96.0
-175.0
-213.0
-148.0
-128.0
-96.0
-131.0
-162.0
-185.0
-147.0
-177.0
-86.0
-159.0
-120.0
-122.0
-136.0
-201.0
-161.0
-70.0
-88.0
-111.0
-97.0
-175.0
-95.0
-142.0
-164.0
-122.0
-64.0
-92.0
-145.0
-88.0
-134.0
-88.0
-109.0
-122.0
-100.0
-135.0
-102.0
-36.0
-92.0
-88.0
-129.0
-108.0
-149.0
-56.0
-100.0
-91.0
-99.0
-133.0
-106.0
-123.0
-103.0
-112.0
-95.0
-106.0
-124.0
-101.0
-93.0
-84.0
-66.0
-76.0
-79.0
-102.0
-124.0
-74.0
-126.0
-87.0
-131.0
-88.0
-142.0
-129.0
-76.0
-122.0
-88.0
-34.0
23.0
43.0
26.0
11.0
25.0
45.0
0.0
72.0
29.0
-6.0
12.0
-44.0
6.0
-24.0
23.0
41.0
7.0
71.0
36.0
73.0
58.0
71.0
84.0
112.0
173.0
165.0
260.0
263.0
240.0
280.0
273.0
393.0
409.0
417.0
426.0
461.0
439.0
317.0
350.0
327.0
301.0
314.0
268.0
270.0
149.0
98.0
24.0
-4.0
-23.0
23.0
46.0
21.0
84.0
-4.0
22.0
-32.0
-93.0
-133.0
-163.0
-110.0
-128.0
-90.0
-110.0
-177.0
-204.0
-253.0
-156.0
-205.0
-193.0
-193.0
-174.0
-229.0
-240.0
-215.0
-193.0
-217.0
-150.0
-92.0
-180.0
-147.0
-134.0
-195.0
-235.0
-184.0
-258.0
-200.0
-198.0
-187.0
-210.0
-196.0
-198.0
-179.0
-225.0
-202.0
-161.0
-178.0
-201.0
-198.0
-173.0
-163.0
-168.0
-212.0
-216.0
-265.0
-187.0
-262.0
-196.0
-157.0
-191.0
-123.0
-125.0
-135.0
-112.0
-110.0
-100.0
-51.0
-53.0
20.0
100.0
43.0
93.0
148.0
196.0
204.0
208.0
163.0
239.0
199.0
225.0
238.0
271.0
266.0
208.0
157.0
122.0
129.0
182.0
151.0
159.0
155.0
126.0
149.0
101.0
149.0
56.0
113.0
96.0
64.0
42.0
-59.0
-177.0
-164.0
-140.0
-120.0
-96.0
-157.0
-112.0
-140.0
-129.0
-168.0
-159.0
-155.0
-178.0
-158.0
-197.0
-174.0
-211.0
-253.0
-251.0
-299.0
-276.0
-277.0
-252.0
-269.0
-251.0
-292.0
-316.0
-270.0
-227.0
-202.0
-246.0
-271.0
-261.0
-293.0
-222.0
-310.0
-281.0
-312.0
-215.0
-171.0
-204.0
-162.0
-137.0
-113.0
-122.0
-128.0
-194.0
-175.0
-182.0
-183.0
-184.0
-215.0
-227.0
-166.0
-206.0
-140.0
-147.0
-150.0
-136.0
-102.0
-158.0
-105.0
-144.0
-151.0
-176.0
-204.0
-225.0
-192.0
-168.0
-158.0
-136.0
-91.0
-74.0
-104.0
-71.0
-133.0
-108.0
-101.0
-105.0
-97.0
-98.0
-122.0
-63.0
-37.0
-13.0
41.0
54.0
164.0
155.0
244.0
218.0
252.0
282.0
303.0
330.0
328.0
311.0
302.0
379.0
381.0
307.0
426.0
427.0
458.0
367.0
407.0
408.0
396.0
360.0
337.0
348.0
234.0
343.0
314.0
298.0
231.0
210.0
213.0
234.0
190.0
196.0
156.0
156.0
152.0
124.0
58.0
100.0
138.0
136.0
101.0
84.0
93.0
87.0
67.0
56.0
18.0
-29.0
-102.0
-150.0
-69.0
-79.0
-93.0
-41.0
31.0
-6.0
-16.0
-35.0
-100.0
-86.0
-221.0
-204.0
-220.0
-262.0
-202.0
-289.0
-306.0
-256.0
-286.0
-228.0
-220.0
-242.0
-266.0
-262.0
-290.0
-284.0
-336.0
-364.0
-419.0
-421.0
-400.0
-367.0
-317.0
-336.0
-281.0
-270.0
-241.0
-276.0
-224.0
-248.0
-125.0
-186.0
-132.0
-176.0
-237.0
-254.0
-293.0
-322.0
-308.0
-275.0
-336.0
-289.0
-324.0
-344.0
-356.0
-301.0
-258.0
-234.0
-242.0
-281.0
-281.0
-221.0
-215.0
-206.0
-280.0
-241.0
-350.0
-291.0
-284.0
-304.0
-248.0
-290.0
-219.0
-229.0
-187.0
-176.0
-164.0
-163.0
-175.0
-147.0
-165.0
-98.0
-215.0
-155.0
-195.0
-191.0
-243.0
-233.0
-195.0
-239.0
-204.0
-208.0
-168.0
-183.0
-119.0
-115.0
-149.0
-112.0
-98.0
-168.0
-107.0
-106.0
-98.0
-95.0
-77.0
-90.0
-64.0
-115.0
-151.0
-135.0
-111.0
-115.0
-144.0
-52.0
-100.0
-71.0
-115.0
-148.0
-131.0
-181.0
-121.0
-128.0
-150.0
-145.0
-101.0
-178.0
-150.0
-81.0
-136.0
-134.0
-117.0
-100.0
-101.0
-164.0
-133.0
-68.0
-51.0
-52.0
-87.0
-160.0
-174.0
-106.0
-122.0
-153.0
-75.0
-116.0
-72.0
-89.0
-95.0
-79.0
-56.0
-90.0
-106.0
-122.0
-102.0
-94.0
-139.0
-111.0
-80.0
-89.0
-106.0
-128.0
-109.0
-100.0
-67.0
-35.0
-109.0
-130.0
-71.0
-82.0
-155.0
-134.0
-119.0
-110.0
-41.0
-83.0
-58.0
-52.0
-78.0
-127.0
-76.0
-105.0
-98.0
-42.0
-101.0
-48.0
-81.0
-64.0
-59.0
-49.0
-50.0
-77.0
-54.0
-29.0
-13.0
-29.0
-32.0
-86.0
-51.0
-52.0
7.0
-47.0
-17.0
-77.0
-94.0
-77.0
-49.0
-31.0
-4.0
-3.0
6.0
-8.0
8.0
-16.0
7.0
-41.0
15.0
13.0
12.0
-58.0
8.0
-17.0
-4.0
-33.0
-8.0
-20.0
14.0
29.0
-14.0
-5.0
54.0
38.0
18.0
9.0
27.0
-23.0
-8.0
-31.0
70.0
58.0
51.0
103.0
47.0
48.0
43.0
51.0
-5.0
17.0
25.0
12.0
16.0
-1.0
-35.0
5.0
-20.0
-53.0
-4.0
35.0
69.0
6.0
41.0
-36.0
39.0
91.0
21.0
110.0
85.0
62.0
-41.0
-70.0
-25.0
-23.0
4.0
64.0
108.0
143.0
140.0
135.0
102.0
169.0
251.0
270.0
307.0
329.0
336.0
413.0
377.0
320.0
434.0
407.0
455.0
316.0
352.0
326.0
307.0
287.0
301.0
353.0
238.0
247.0
213.0
214.0
176.0
142.0
144.0
132.0
10.0
-55.0
39.0
-73.0
-56.0
-109.0
-116.0
-65.0
-32.0
-93.0
-27.0
-15.0
-15.0
-56.0
-64.0
-81.0
-96.0
-108.0
-127.0
-170.0
-215.0
-216.0
-243.0
-196.0
-206.0
-200.0
-136.0
-158.0
-106.0
-88.0
-89.0
-5.0
-32.0
-24.0
-84.0
-91.0
-114.0
-143.0
-127.0
-170.0
-187.0
-138.0
-116.0
-148.0
-86.0
-80.0
-78.0
-45.0
-79.0
-114.0
-76.0
-70.0
-81.0
-75.0
-121.0
-121.0
-168.0
-248.0
-214.0
-229.0
-231.0
-178.0
-172.0
-165.0
-214.0
-138.0
-134.0
-76.0
-106.0
-49.0
-15.0
-43.0
-27.0
-9.0
-21.0
-75.0
-68.0
-76.0
-129.0
-107.0
-99.0
-171.0
-178.0
-161.0
-73.0
-114.0
-68.0
-56.0
-28.0
-20.0
-4.0
-18.0
-75.0
-70.0
-124.0
-169.0
-195.0
-243.0
-228.0
-180.0
-79.0
-109.0
-51.0
-27.0
-37.0
-53.0
1.0
-31.0
10.0
-23.0
-112.0
-139.0
-259.0
-263.0
-181.0
-182.0
-102.0
-50.0
31.0
24.0
37.0
-13.0
-48.0
-106.0
-105.0
-82.0
-165.0
-58.0
-77.0
-74.0
-76.0
-62.0
-90.0
-100.0
-161.0
-74.0
32.0
54.0
135.0
170.0
118.0
62.0
42.0
-39.0
-37.0
-73.0
-82.0
-121.0
-48.0
-10.0
52.0
37.0
-2.0
-59.0
-17.0
-77.0
-55.0
-42.0
-17.0
-68.0
-73.0
-53.0
-45.0
60.0
68.0
70.0
46.0
78.0
20.0
-54.0
-37.0
-40.0
-45.0
-5.0
60.0
50.0
55.0
-4.0
-16.0
-25.0
-3.0
3.0
-18.0
-24.0
-7.0
-61.0
-69.0
-21.0
-56.0
-53.0
-41.0
-9.0
30.0
1.0
54.0
11.0
7.0
29.0
-11.0
13.0
39.0
29.0
59.0
68.0
110.0
145.0
146.0
133.0
181.0
205.0
273.0
305.0
331.0
340.0
306.0
375.0
314.0
384.0
400.0
431.0
418.0
430.0
394.0
370.0
366.0
357.0
407.0
357.0
341.0
369.0
393.0
333.0
204.0
229.0
229.0
168.0
83.0
95.0
86.0
93.0
67.0
17.0
-12.0
-46.0
-59.0
-43.0
-26.0
-81.0
-27.0
-110.0
-73.0
-133.0
-154.0
-127.0
-177.0
-133.0
-92.0
-91.0
-68.0
-88.0
-105.0
-133.0
-160.0
-129.0
-125.0
-130.0
-101.0
-102.0
-108.0
-114.0
-161.0
-121.0
-148.0
-181.0
-187.0
-124.0
-148.0
-167.0
-156.0
-185.0
-217.0
-172.0
-205.0
-165.0
-174.0
-212.0
-183.0
-231.0
-255.0
-193.0
-163.0
-215.0
-235.0
-229.0
-244.0
-235.0
-235.0
-250.0
-202.0
-248.0
-167.0
-129.0
-224.0
-152.0
-237.0
-233.0
-165.0
-203.0
-190.0
-185.0
-158.0
-103.0
-193.0
-193.0
-228.0
-197.0
-129.0
-147.0
-131.0
-76.0
-138.0
-129.0
-154.0
-157.0
-150.0
-199.0
-155.0
-89.0
-72.0
-115.0
-54.0
-89.0
-99.0
-131.0
-53.0
-51.0
-48.0
-35.0
-93.0
-122.0
-129.0
-216.0
-123.0
-57.0
-166.0
-124.0
-136.0
-144.0
-110.0
-129.0
-83.0
-74.0
-70.0
-52.0
-46.0
-60.0
-53.0
-97.0
-175.0
-103.0
-136.0
-118.0
-143.0
-140.0
-119.0
-163.0
-89.0
-112.0
-106.0
-65.0
-31.0
-107.0
-3.0
-74.0
-92.0
-64.0
-125.0
-114.0
-85.0
-114.0
-62.0
-81.0
-96.0
-35.0
-88.0
-121.0
-92.0
-111.0
-67.0
-13.0
-88.0
-69.0
-69.0
-60.0
-124.0
-215.0
-133.0
-114.0
-139.0
-129.0
-116.0
-121.0
-103.0
-56.0
-82.0
-100.0
-78.0
-31.0
-41.0
-55.0
-34.0
-50.0
-79.0
-110.0
-103.0
-77.0
-41.0
-51.0
-46.0
-37.0
-5.0
10.0
-78.0
-8.0
-23.0
-1.0
-83.0
9.0
-32.0
-58.0
-50.0
-84.0
-59.0
-46.0
-67.0
-45.0
-11.0
-42.0
-21.0
-7.0
-18.0
-13.0
-30.0
1.0
-71.0
33.0
15.0
-23.0
-34.0
-34.0
-37.0
-20.0
-63.0
-76.0
-54.0
-94.0
-106.0
-79.0
-83.0
-50.0
-26.0
-17.0
-108.0
-46.0
-17.0
-52.0
-74.0
-43.0
-53.0
-27.0
-92.0
-7.0
-21.0
1.0
37.0
-4.0
-1.0
-39.0
-11.0
31.0
63.0
98.0
17.0
13.0
-6.0
-16.0
-41.0
1.0
-21.0
46.0
10.0
-6.0
-48.0
-42.0
-11.0
16.0
53.0
95.0
22.0
11.0
-3.0
1.0
-44.0
-47.0
-79.0
-73.0
-67.0
-51.0
-93.0
-19.0
-31.0
5.0
-53.0
-28.0
20.0
30.0
-2.0
43.0
-4.0
-5.0
-33.0
-4.0
-33.0
-29.0
-33.0
18.0
-8.0
-1.0
8.0
73.0
70.0
50.0
11.0
37.0
67.0
13.0
60.0
1.0
36.0
-46.0
-66.0
-102.0
-108.0
-101.0
-12.0
0.0
48.0
-11.0
-21.0
-48.0
14.0
-21.0
1.0
51.0
62.0
35.0
27.0
-34.0
-17.0
-24.0
32.0
-48.0
18.0
-13.0
-11.0
-58.0
-32.0
-20.0
-43.0
-60.0
-41.0
-50.0
-69.0
-89.0
-134.0
-116.0
-55.0
-85.0
-28.0
-33.0
-77.0
-57.0
-76.0
-3.0
-22.0
1.0
13.0
34.0
-48.0
34.0
-12.0
-27.0
5.0
-40.0
-21.0
-38.0
-29.0
-46.0
-91.0
-60.0
-68.0
-25.0
-7.0
3.0
-48.0
-35.0
-35.0
-4.0
11.0
1.0
3.0
-24.0
-35.0
-27.0
-43.0
-56.0
-84.0
-71.0
26.0
4.0
-53.0
-44.0
-29.0
-14.0
-30.0
50.0
-34.0
-100.0
-72.0
-79.0
-64.0
-49.0
11.0
-70.0
-115.0
-105.0
-45.0
-92.0
-85.0
5.0
-21.0
5.0
16.0
11.0
-2.0
-38.0
-21.0
-100.0
-56.0
-37.0
-30.0
-99.0
-74.0
-56.0
-77.0
-92.0
-95.0
-36.0
-24.0
-29.0
20.0
-40.0
51.0
67.0
-7.0
10.0
48.0
-29.0
-58.0
-44.0
-163.0
-67.0
-81.0
-95.0
-58.0
-78.0
-15.0
-60.0
-50.0
-8.0
53.0
59.0
54.0
39.0
27.0
-6.0
-18.0
-31.0
5.0
-68.0
-48.0
-50.0
34.0
-58.0
-41.0
-54.0
-41.0
-70.0
-24.0
-23.0
20.0
-9.0
-37.0
-11.0
-32.0
-54.0
-88.0
-19.0
-54.0
24.0
-43.0
29.0
-8.0
-29.0
-17.0
4.0
52.0
-5.0
-19.0
12.0
-39.0
-19.0
-4.0
-23.0
50.0
52.0
17.0
-8.0
51.0
74.0
30.0
-1.0
-6.0
22.0
28.0
39.0
-7.0
12.0
-15.0
-22.0
33.0
29.0
30.0
36.0
17.0
74.0
58.0
51.0
38.0
80.0
100.0
93.0
73.0
66.0
45.0
25.0
-16.0
-23.0
5.0
29.0
-12.0
2.0
21.0
-19.0
-22.0
3.0
-48.0
-10.0
-1.0
2.0
31.0
48.0
33.0
35.0
58.0
25.0
81.0
70.0
108.0
39.0
49.0
12.0
18.0
52.0
52.0
51.0
62.0
75.0
115.0
60.0
28.0
18.0
42.0
62.0
22.0
34.0
17.0
36.0
28.0
108.0
143.0
117.0
111.0
130.0
100.0
129.0
74.0
186.0
147.0
173.0
196.0
240.0
223.0
234.0
213.0
290.0
235.0
266.0
292.0
393.0
381.0
368.0
356.0
347.0
438.0
347.0
352.0
282.0
378.0
244.0
281.0
315.0
295.0
306.0
313.0
331.0
295.0
352.0
316.0
305.0
367.0
338.0
329.0
296.0
345.0
320.0
293.0
296.0
298.0
304.0
339.0
284.0
291.0
299.0
208.0
232.0
192.0
246.0
233.0
275.0
325.0
326.0
305.0
319.0
291.0
266.0
239.0
288.0
283.0
309.0
330.0
297.0
321.0
250.0
219.0
197.0
251.0
312.0
294.0
248.0
257.0
243.0
301.0
269.0
243.0
215.0
257.0
279.0
287.0
213.0
289.0
270.0
187.0
189.0
194.0
83.0
136.0
144.0
125.0
93.0
73.0
88.0
23.0
71.0
117.0
64.0
6.0
30.0
34.0
2.0
-23.0
-137.0
-225.0
-242.0
-228.0
-235.0
-245.0
-261.0
-188.0
-163.0
-219.0
-197.0
-163.0
-183.0
-209.0
-207.0
-219.0
-250.0
-297.0
-282.0
-318.0
-320.0
-357.0
-208.0
-249.0
-159.0
-137.0
-174.0
-186.0
-178.0
-235.0
-267.0
-284.0
-333.0
-301.0
-295.0
-284.0
-289.0
-323.0
-294.0
-292.0
-319.0
-274.0
-252.0
-183.0
-185.0
-186.0
-90.0
-154.0
-136.0
-173.0
-182.0
-205.0
-280.0
-213.0
-222.0
-257.0
-225.0
-193.0
-178.0
-129.0
-190.0
-126.0
-176.0
-110.0
-107.0
-77.0
-122.0
-67.0
-65.0
-173.0
-83.0
-98.0
-78.0
-36.0
-137.0
-100.0
-97.0
-163.0
-120.0
-160.0
-111.0
-106.0
-66.0
-66.0
-50.0
-67.0
-5.0
-67.0
-97.0
-128.0
-64.0
-105.0
-87.0
-63.0
-51.0
-32.0
32.0
53.0
32.0
89.0
134.0
153.0
139.0
249.0
250.0
221.0
233.0
254.0
296.0
261.0
214.0
240.0
265.0
190.0
176.0
110.0
114.0
157.0
-27.0
-7.0
-58.0
-143.0
-65.0
-79.0
-142.0
-157.0
-124.0
-223.0
-124.0
-111.0
-155.0
-118.0
-153.0
-125.0
-145.0
-158.0
-86.0
-121.0
-159.0
-156.0
-248.0
-159.0
-214.0
-258.0
-190.0
-250.0
-211.0
-243.0
-229.0
-146.0
-98.0
-218.0
-127.0
-165.0
-197.0
-170.0
-165.0
-135.0
-78.0
-129.0
-210.0
-147.0
-211.0
-127.0
-100.0
-83.0
-76.0
-87.0
-71.0
-61.0
-129.0
-61.0
-106.0
-112.0
-140.0
-106.0
-73.0
-50.0
-6.0
16.0
37.0
34.0
29.0
33.0
60.0
83.0
25.0
78.0
93.0
133.0
140.0
78.0
157.0
246.0
197.0
337.0
253.0
291.0
274.0
312.0
271.0
225.0
280.0
239.0
245.0
214.0
181.0
271.0
196.0
266.0
247.0
221.0
247.0
138.0
147.0
179.0
162.0
98.0
106.0
106.0
-67.0
-16.0
-31.0
-26.0
-25.0
46.0
30.0
61.0
-56.0
-79.0
-54.0
-73.0
-74.0
-110.0
-124.0
-165.0
-186.0
-229.0
-223.0
-231.0
-170.0
-129.0
-121.0
-167.0
-143.0
-135.0
-138.0
-127.0
-201.0
-234.0
-206.0
-242.0
-213.0
-233.0
-239.0
-265.0
-192.0
-204.0
-207.0
-236.0
-264.0
-159.0
-186.0
-225.0
-212.0
-229.0
-206.0
-249.0
-195.0
-249.0
-219.0
-158.0
-237.0
-223.0
-221.0
-224.0
-180.0
-204.0
-210.0
-182.0
-187.0
-144.0
-208.0
-183.0
-161.0
-199.0
-178.0
-152.0
-152.0
-104.0
-162.0
-197.0
-215.0
-232.0
-280.0
-265.0
-239.0
-251.0
-256.0
-220.0
-224.0
-194.0
-209.0
-147.0
-209.0
-198.0
-190.0
-189.0
-165.0
-206.0
-175.0
-169.0
-162.0
-184.0
-176.0
-112.0
-155.0
-157.0
-64.0
-89.0
-59.0
-73.0
-150.0
-131.0
-162.0
-144.0
-156.0
-174.0
-169.0
-209.0
-108.0
-117.0
-131.0
-125.0
-109.0
-136.0
-167.0
-92.0
-146.0
-145.0
-96.0
-62.0
-117.0
-156.0
-142.0
-126.0
-205.0
-143.0
-108.0
-126.0
-105.0
-164.0
-172.0
-80.0
-145.0
-177.0
-86.0
-113.0
-132.0
-164.0
-119.0
-139.0
-130.0
-126.0
-50.0
-99.0
-80.0
-89.0
-65.0
-103.0
-85.0
-120.0
-75.0
-111.0
-100.0
-89.0
-154.0
-170.0
-175.0
-171.0
-156.0
-99.0
-68.0
-88.0
-55.0
-83.0
-96.0
-83.0
-98.0
-117.0
-133.0
-86.0
-92.0
-106.0
-43.0
-36.0
-45.0
-77.0
-87.0
-86.0
-84.0
-20.0
15.0
14.0
87.0
57.0
43.0
-34.0
-27.0
38.0
7.0
103.0
146.0
177.0
173.0
244.0
232.0
210.0
181.0
262.0
255.0
205.0
295.0
238.0
276.0
251.0
207.0
168.0
217.0
293.0
323.0
286.0
272.0
243.0
205.0
181.0
207.0
171.0
202.0
202.0
199.0
216.0
157.0
173.0
156.0
170.0
200.0
142.0
197.0
163.0
169.0
120.0
113.0
21.0
100.0
36.0
59.0
43.0
55.0
23.0
94.0
90.0
166.0
180.0
151.0
194.0
212.0
272.0
260.0
205.0
212.0
289.0
262.0
298.0
304.0
306.0
298.0
284.0
248.0
414.0
295.0
331.0
257.0
265.0
218.0
197.0
116.0
94.0
74.0
77.0
58.0
58.0
-69.0
-69.0
-79.0
-76.0
-71.0
-115.0
-165.0
-196.0
-207.0
-209.0
-267.0
-248.0
-254.0
-262.0
-262.0
-300.0
-307.0
-281.0
-244.0
-274.0
-252.0
-269.0
-238.0
-281.0
-296.0
-210.0
-263.0
-222.0
-263.0
-250.0
-199.0
-222.0
-244.0
-237.0
-179.0
-262.0
-216.0
-187.0
-204.0
-207.0
-221.0
-187.0
-240.0
-156.0
-159.0
-215.0
-156.0
-222.0
-182.0
-185.0
-159.0
-122.0
-155.0
-50.0
-98.0
-111.0
-98.0
-98.0
-117.0
-120.0
-175.0
-161.0
-78.0
-107.0
-102.0
-111.0
-113.0
-110.0
-115.0
-102.0
-87.0
-158.0
-51.0
-162.0
-80.0
-106.0
-97.0
-142.0
-140.0
-126.0
-126.0
-127.0
-26.0
-73.0
-129.0
-117.0
-157.0
-119.0
-178.0
-84.0
-147.0
-136.0
-101.0
-102.0
-122.0
-78.0
-65.0
-105.0
-69.0
-129.0
-113.0
-107.0
-121.0
-83.0
-82.0
-103.0
-92.0
-147.0
-66.0
-49.0
-55.0
-41.0
-87.0
-106.0
-72.0
-55.0
-144.0
7.0
-80.0
-42.0
-114.0
-89.0
-82.0
-130.0
-91.0
-120.0
-154.0
-78.0
-73.0
-171.0
-146.0
-190.0
-129.0
-108.0
-101.0
-89.0
-100.0
-81.0
-114.0
-137.0
-148.0
-81.0
-91.0
-68.0
-87.0
-121.0
-86.0
-115.0
-91.0
-173.0
-179.0
-165.0
-134.0
-163.0
-111.0
-109.0
-115.0
-106.0
-93.0
-117.0
-177.0
-125.0
-89.0
-97.0
-53.0
-119.0
-55.0
-66.0
-119.0
-180.0
-97.0
-77.0
-54.0
1.0
-2.0
-43.0
-87.0
-111.0
-61.0
-92.0
-125.0
-119.0
-131.0
-118.0
-34.0
-68.0
-27.0
30.0
-15.0
2.0
5.0
2.0
-73.0
-34.0
-14.0
-10.0
10.0
-45.0
-72.0
-108.0
-41.0
-21.0
-62.0
48.0
-14.0
-3.0
16.0
37.0
-94.0
-67.0
-21.0
-49.0
-25.0
-39.0
-36.0
-131.0
-98.0
-119.0
-45.0
12.0
-7.0
-41.0
65.0
39.0
16.0
22.0
37.0
26.0
61.0
86.0
54.0
49.0
-16.0
-16.0
13.0
-34.0
-23.0
-3.0
-35.0
-39.0
-25.0
37.0
37.0
112.0
100.0
87.0
32.0
-1.0
-13.0
-52.0
-36.0
-114.0
-21.0
-20.0
-50.0
-50.0
-41.0
50.0
37.0
37.0
79.0
66.0
74.0
120.0
137.0
169.0
251.0
241.0
312.0
316.0
335.0
276.0
300.0
300.0
358.0
419.0
444.0
447.0
393.0
412.0
383.0
445.0
390.0
473.0
467.0
413.0
380.0
325.0
319.0
270.0
175.0
192.0
135.0
175.0
124.0
62.0
111.0
99.0
129.0
69.0
114.0
158.0
103.0
81.0
-20.0
-31.0
-56.0
-100.0
-150.0
-237.0
-202.0
-196.0
-156.0
-148.0
-161.0
-154.0
-118.0
-82.0
-97.0
-52.0
-59.0
-94.0
-141.0
-271.0
-285.0
-315.0
-376.0
-365.0
-353.0
-345.0
-270.0
-274.0
-219.0
-209.0
-205.0
-144.0
-146.0
-148.0
-133.0
-167.0
-163.0
-177.0
-317.0
-298.0
-340.0
-386.0
-369.0
-341.0
-308.0
-303.0
-268.0
-243.0
-159.0
-124.0
-84.0
-60.0
-45.0
-43.0
-83.0
-150.0
-113.0
-184.0
-192.0
-169.0
-180.0
-156.0
-137.0
-156.0
-77.0
-116.0
-103.0
-154.0
-134.0
-90.0
-76.0
-111.0
-116.0
-154.0
-171.0
-167.0
-166.0
-102.0
-103.0
-139.0
-134.0
-107.0
-50.0
-52.0
-58.0
-2.0
23.0
37.0
87.0
74.0
130.0
82.0
157.0
187.0
176.0
277.0
263.0
253.0
227.0
271.0
210.0
224.0
216.0
234.0
261.0
242.0
214.0
173.0
136.0
180.0
238.0
219.0
262.0
231.0
245.0
242.0
199.0
252.0
228.0
200.0
154.0
167.0
159.0
180.0
181.0
162.0
177.0
174.0
162.0
175.0
136.0
165.0
162.0
142.0
163.0
120.0
109.0
191.0
218.0
204.0
231.0
252.0
242.0
293.0
277.0
297.0
216.0
154.0
181.0
246.0
204.0
140.0
142.0
185.0
174.0
170.0
192.0
203.0
124.0
99.0
24.0
-2.0
-25.0
-1.0
46.0
-29.0
-70.0
-84.0
-102.0
-75.0
-24.0
-43.0
-40.0
-14.0
-42.0
-38.0
-77.0
-105.0
-111.0
-136.0
-190.0
-202.0
-155.0
-174.0
-117.0
-94.0
-96.0
-86.0
-82.0
-133.0
-135.0
-140.0
-119.0
-222.0
-172.0
-240.0
-174.0
-129.0
-131.0
-128.0
-174.0
-84.0
-91.0
-99.0
-150.0
-120.0
-154.0
-181.0
-219.0
-286.0
-231.0
-294.0
-282.0
-295.0
-275.0
-289.0
-270.0
-317.0
-240.0
-244.0
-231.0
-256.0
-288.0
-195.0
-182.0
-195.0
-203.0
-189.0
-189.0
-228.0
-258.0
-216.0
-258.0
-211.0
-183.0
-183.0
-201.0
-99.0
-106.0
-136.0
-102.0
-109.0
-110.0
-76.0
-92.0
-101.0
-115.0
-147.0
-97.0
-124.0
-68.0
-45.0
-81.0
-70.0
-33.0
-36.0
-58.0
-125.0
8.0
-35.0
-33.0
-29.0
-54.0
61.0
90.0
141.0
132.0
140.0
124.0
92.0
135.0
135.0
71.0
108.0
142.0
213.0
192.0
238.0
200.0
267.0
222.0
259.0
286.0
208.0
127.0
223.0
218.0
173.0
202.0
159.0
149.0
100.0
110.0
81.0
82.0
81.0
122.0
156.0
127.0
135.0
113.0
119.0
162.0
93.0
137.0
132.0
88.0
88.0
71.0
112.0
144.0
174.0
169.0
233.0
222.0
261.0
284.0
256.0
281.0
263.0
272.0
269.0
212.0
242.0
211.0
145.0
191.0
167.0
211.0
134.0
112.0
106.0
18.0
3.0
14.0
26.0
-54.0
-69.0
-101.0
-39.0
-136.0
-138.0
-160.0
-173.0
-127.0
-120.0
-52.0
-76.0
-115.0
-91.0
-111.0
-103.0
-55.0
-124.0
-122.0
-172.0
-144.0
-218.0
-142.0
-131.0
-70.0
-64.0
-37.0
-127.0
-64.0
-87.0
-118.0
-167.0
-183.0
-122.0
-201.0
-164.0
-183.0
-119.0
-121.0
-118.0
-153.0
-128.0
-135.0
-195.0
-218.0
-251.0
-190.0
-337.0
-321.0
-349.0
-337.0
-385.0
-370.0
-356.0
-366.0
-326.0
-357.0
-290.0
-323.0
-216.0
-275.0
-246.0
-316.0
-234.0
-257.0
-306.0
-312.0
-291.0
-317.0
-272.0
-322.0
-217.0
-274.0
-258.0
-238.0
-224.0
-224.0
-218.0
-230.0
-291.0
-278.0
-270.0
-260.0
-155.0
-181.0
-164.0
-200.0
-147.0
-228.0
-130.0
-110.0
-154.0
-162.0
-152.0
-182.0
-150.0
-113.0
-105.0
-162.0
-125.0
-106.0
-92.0
-127.0
-136.0
-151.0
-178.0
-158.0
-152.0
-160.0
-130.0
-182.0
-65.0
-52.0
-113.0
-81.0
-48.0
-10.0
1.0
18.0
21.0
30.0
43.0
4.0
40.0
103.0
116.0
134.0
145.0
155.0
156.0
206.0
202.0
174.0
242.0
193.0
183.0
230.0
205.0
187.0
214.0
241.0
270.0
245.0
327.0
295.0
341.0
276.0
272.0
250.0
291.0
341.0
271.0
233.0
195.0
228.0
221.0
235.0
237.0
199.0
197.0
130.0
128.0
48.0
22.0
27.0
67.0
26.0
80.0
32.0
1.0
2.0
2.0
-70.0
-67.0
-155.0
-54.0
-91.0
-176.0
-122.0
-105.0
-109.0
-132.0
-139.0
-145.0
-151.0
-183.0
-133.0
-100.0
-154.0
-121.0
-166.0
-88.0
-205.0
-161.0
-147.0
-134.0
-187.0
-155.0
-160.0
-150.0
-158.0
-167.0
-106.0
-163.0
-177.0
-138.0
-124.0
-194.0
-214.0
-209.0
-207.0
-161.0
-177.0
-234.0
-176.0
-90.0
-81.0
-120.0
-155.0
-174.0
-172.0
-234.0
-206.0
-201.0
-263.0
-149.0
-188.0
-192.0
-180.0
-126.0
-107.0
-132.0
-139.0
-170.0
-208.0
-147.0
-118.0
-103.0
-130.0
-114.0
-95.0
-146.0
-165.0
-175.0
-150.0
-177.0
-182.0
-199.0
-152.0
-121.0
-90.0
-84.0
-14.0
-16.0
-61.0
-53.0
-72.0
-79.0
-40.0
32.0
102.0
126.0
142.0
175.0
105.0
241.0
209.0
247.0
242.0
249.0
177.0
221.0
258.0
290.0
311.0
369.0
319.0
313.0
300.0
285.0
221.0
197.0
213.0
205.0
116.0
55.0
88.0
101.0
69.0
95.0
37.0
-23.0
-11.0
-52.0
-34.0
-77.0
-89.0
-81.0
-93.0
-91.0
-108.0
-65.0
-88.0
-89.0
-76.0
-87.0
-99.0
-117.0
-91.0
-115.0
-127.0
-86.0
-129.0
-186.0
-142.0
-169.0
-92.0
-81.0
-71.0
-73.0
-31.0
-119.0
-107.0
-87.0
-50.0
-79.0
-98.0
-99.0
-101.0
-119.0
-119.0
-89.0
-86.0
-71.0
-74.0
-36.0
-56.0
-48.0
-60.0
-21.0
-101.0
-111.0
-44.0
-25.0
-15.0
-27.0
-70.0
-137.0
-43.0
-101.0
-25.0
-17.0
12.0
9.0
-22.0
-27.0
-46.0
-42.0
-55.0
-117.0
-67.0
-102.0
-39.0
-37.0
-34.0
-30.0
3.0
-109.0
-13.0
-15.0
-37.0
-29.0
12.0
-25.0
-16.0
-66.0
-96.0
-79.0
-63.0
36.0
-10.0
-17.0
-28.0
-36.0
-61.0
-48.0
-60.0
-59.0
-28.0
-21.0
-36.0
-60.0
30.0
-14.0
-3.0
-14.0
8.0
-5.0
-34.0
0.0
-43.0
23.0
20.0
19.0
53.0
51.0
-1.0
72.0
102.0
26.0
62.0
72.0
69.0
125.0
101.0
92.0
86.0
66.0
33.0
46.0
88.0
2.0
33.0
48.0
81.0
73.0
108.0
-5.0
80.0
78.0
100.0
51.0
100.0
74.0
20.0
25.0
52.0
21.0
24.0
33.0
-3.0
36.0
15.0
7.0
23.0
26.0
14.0
-26.0
-13.0
-13.0
-3.0
-13.0
-3.0
34.0
3.0
7.0
-26.0
-11.0
-10.0
26.0
13.0
-3.0
10.0
-41.0
3.0
43.0
-14.0
-14.0
-14.0
-46.0
-55.0
-51.0
-1.0
40.0
16.0
29.0
-23.0
12.0
5.0
42.0
17.0
20.0
-33.0
-26.0
8.0
-21.0
-3.0
-3.0
-22.0
11.0
29.0
49.0
18.0
45.0
-20.0
38.0
21.0
54.0
8.0
4.0
46.0
79.0
79.0
42.0
21.0
18.0
41.0
61.0
79.0
148.0
123.0
61.0
88.0
93.0
58.0
24.0
56.0
22.0
-10.0
-29.0
77.0
53.0
10.0
94.0
15.0
33.0
-17.0
-42.0
-3.0
-30.0
-2.0
61.0
78.0
44.0
47.0
9.0
-7.0
64.0
84.0
-9.0
2.0
13.0
11.0
47.0
7.0
-14.0
-11.0
16.0
49.0
35.0
49.0
-8.0
47.0
38.0
51.0
78.0
71.0
101.0
27.0
32.0
6.0
13.0
65.0
78.0
47.0
32.0
39.0
54.0
66.0
40.0
9.0
142.0
64.0
112.0
78.0
96.0
79.0
91.0
63.0
45.0
31.0
85.0
69.0
92.0
111.0
120.0
98.0
119.0
146.0
137.0
99.0
64.0
68.0
86.0
96.0
83.0
105.0
68.0
124.0
30.0
73.0
60.0
63.0
71.0
97.0
94.0
67.0
122.0
101.0
91.0
113.0
71.0
108.0
89.0
54.0
128.0
155.0
112.0
91.0
93.0
109.0
118.0
113.0
94.0
93.0
89.0
65.0
93.0
12.0
119.0
80.0
120.0
120.0
92.0
64.0
101.0
121.0
116.0
114.0
121.0
105.0
92.0
73.0
62.0
-22.0
68.0
35.0
24.0
39.0
27.0
-4.0
2.0
-39.0
-6.0
-6.0
37.0
43.0
37.0
61.0
30.0
52.0
61.0
-11.0
-24.0
-15.0
-29.0
68.0
34.0
2.0
60.0
55.0
57.0
110.0
43.0
6.0
23.0
101.0
52.0
46.0
45.0
93.0
98.0
146.0
62.0
7.0
86.0
75.0
72.0
95.0
95.0
81.0
92.0
73.0
63.0
66.0
35.0
96.0
85.0
110.0
86.0
72.0
35.0
25.0
23.0
17.0
103.0
124.0
78.0
76.0
53.0
47.0
1.0
73.0
54.0
46.0
78.0
48.0
14.0
27.0
66.0
59.0
50.0
-36.0
-17.0
26.0
27.0
-4.0
31.0
24.0
58.0
77.0
71.0
65.0
33.0
53.0
76.0
104.0
2.0
85.0
75.0
58.0
95.0
63.0
102.0
88.0
107.0
72.0
55.0
80.0
128.0
100.0
107.0
110.0
83.0
102.0
95.0
98.0
67.0
81.0
60.0
117.0
126.0
127.0
122.0
119.0
171.0
124.0
111.0
129.0
74.0
95.0
71.0
52.0
67.0
50.0
53.0
84.0
89.0
127.0
203.0
186.0
252.0
289.0
314.0
270.0
405.0
397.0
456.0
454.0
464.0
382.0
399.0
425.0
393.0
364.0
406.0
424.0
371.0
413.0
285.0
325.0
248.0
307.0
241.0
237.0
214.0
215.0
108.0
72.0
-5.0
12.0
59.0
36.0
57.0
81.0
35.0
-13.0
0.0
-24.0
12.0
5.0
33.0
-50.0
3.0
-86.0
-119.0
-115.0
-111.0
-93.0
-95.0
-61.0
-82.0
-78.0
-34.0
-34.0
-55.0
-20.0
-52.0
-86.0
25.0
-59.0
-52.0
-50.0
-53.0
-131.0
-115.0
-137.0
-94.0
-77.0
-194.0
-100.0
-120.0
-149.0
-90.0
-100.0
-81.0
-56.0
-97.0
-72.0
-147.0
-157.0
-154.0
-165.0
-181.0
-140.0
-126.0
-83.0
-105.0
-143.0
-164.0
-150.0
-125.0
-114.0
-77.0
-42.0
21.0
62.0
93.0
56.0
127.0
146.0
206.0
321.0
357.0
352.0
318.0
338.0
338.0
410.0
373.0
414.0
380.0
385.0
365.0
369.0
377.0
348.0
271.0
347.0
308.0
359.0
290.0
248.0
187.0
231.0
165.0
180.0
146.0
173.0
81.0
82.0
65.0
64.0
26.0
39.0
35.0
-24.0
24.0
-27.0
20.0
-8.0
59.0
36.0
25.0
-70.0
-74.0
-106.0
-118.0
-154.0
-181.0
-147.0
-96.0
-101.0
-153.0
-163.0
-170.0
-39.0
-97.0
-109.0
-175.0
-123.0
-158.0
-120.0
-219.0
-201.0
-184.0
-163.0
-183.0
-127.0
-210.0
-203.0
-237.0
-272.0
-257.0
-222.0
-236.0
-190.0
-227.0
-251.0
-229.0
-272.0
-211.0
-314.0
-289.0
-254.0
-150.0
-228.0
-142.0
-169.0
-186.0
-229.0
-222.0
-144.0
-166.0
-115.0
-174.0
-164.0
-189.0
-157.0
-157.0
-149.0
-213.0
-212.0
-114.0
-175.0
-147.0
-148.0
-103.0
-125.0
-107.0
-127.0
-138.0
-30.0
-100.0
-167.0
-204.0
-211.0
-232.0
-252.0
-211.0
-159.0
-135.0
-35.0
-35.0
-7.0
-101.0
-131.0
-132.0
-171.0
-150.0
-144.0
-89.0
-133.0
-119.0
-136.0
-109.0
-138.0
-182.0
-165.0
-250.0
-199.0
-96.0
-98.0
-49.0
-12.0
-7.0
41.0
49.0
-33.0
-52.0
-30.0
-120.0
-102.0
-79.0
-130.0
-102.0
-33.0
24.0
50.0
139.0
131.0
149.0
153.0
159.0
174.0
159.0
134.0
133.0
93.0
118.0
93.0
137.0
139.0
155.0
105.0
142.0
205.0
210.0
208.0
313.0
227.0
310.0
264.0
246.0
202.0
249.0
202.0
167.0
117.0
107.0
73.0
47.0
-22.0
60.0
56.0
46.0
13.0
33.0
-4.0
42.0
30.0
-31.0
8.0
-40.0
-87.0
-74.0
-89.0
-112.0
-116.0
-30.0
-150.0
-108.0
-71.0
-108.0
-101.0
-131.0
-86.0
-150.0
-160.0
-158.0
-144.0
-155.0
-150.0
-153.0
-192.0
-212.0
-176.0
-124.0
-196.0
-243.0
-181.0
-141.0
-186.0
-188.0
-245.0
-226.0
-242.0
-251.0
-236.0
-219.0
-234.0
-195.0
-238.0
-221.0
-231.0
-200.0
-143.0
-138.0
-96.0
-61.0
-131.0
-130.0
-174.0
-157.0
-190.0
-255.0
-252.0
-217.0
-239.0
-191.0
-147.0
-288.0
-228.0
-252.0
-209.0
-111.0
-173.0
-173.0
-167.0
-197.0
-253.0
-203.0
-235.0
-211.0
-225.0
-238.0
-229.0
-249.0
-224.0
-194.0
-234.0
-160.0
-139.0
-134.0
-81.0
-78.0
-101.0
-177.0
-168.0
-199.0
-196.0
-226.0
-212.0
-249.0
-216.0
-258.0
-226.0
-222.0
-232.0
-158.0
-147.0
-219.0
-244.0
-252.0
-240.0
-238.0
-230.0
-219.0
-270.0
-196.0
-144.0
-241.0
-228.0
-174.0
-108.0
-71.0
-109.0
-136.0
-126.0
-234.0
-157.0
-187.0
-115.0
-133.0
-74.0
-122.0
-143.0
-152.0
-146.0
-140.0
-93.0
-90.0
-135.0
-145.0
-139.0
-185.0
-130.0
-102.0
-83.0
-143.0
-114.0
-52.0
-116.0
-96.0
-127.0
-128.0
-87.0
-119.0
-115.0
-144.0
-109.0
-135.0
-128.0
-136.0
-93.0
-137.0
-111.0
-99.0
-117.0
-153.0
-116.0
-122.0
-158.0
-130.0
-109.0
-125.0
-94.0
-90.0
-118.0
-156.0
-48.0
23.0
-105.0
-77.0
-70.0
-104.0
-97.0
-129.0
-83.0
-107.0
-83.0
-98.0
-89.0
-86.0
-7.0
-60.0
-39.0
-32.0
-37.0
-20.0
-16.0
-39.0
-32.0
-97.0
-48.0
-58.0
-87.0
-74.0
-130.0
-171.0
-138.0
-141.0
-120.0
-153.0
-112.0
-78.0
-128.0
-59.0
-30.0
-46.0
-3.0
10.0
14.0
-21.0
-3.0
-42.0
-14.0
-18.0
-93.0
-114.0
-79.0
-40.0
16.0
20.0
-77.0
16.0
-51.0
-28.0
-14.0
-49.0
-39.0
18.0
-56.0
-71.0
-82.0
-48.0
-40.0
-26.0
-39.0
-87.0
-80.0
-60.0
-46.0
-49.0
-37.0
6.0
25.0
13.0
79.0
-20.0
-21.0
27.0
-34.0
-29.0
-63.0
-25.0
2.0
-33.0
19.0
2.0
-33.0
51.0
-31.0
41.0
73.0
-5.0
65.0
-9.0
-15.0
-37.0
-60.0
-75.0
-35.0
-51.0
-5.0
-37.0
-104.0
-76.0
-71.0
-108.0
-58.0
-37.0
5.0
-11.0
36.0
-10.0
3.0
28.0
9.0
-57.0
-112.0
-119.0
-34.0
-18.0
15.0
30.0
51.0
76.0
20.0
20.0
60.0
69.0
98.0
187.0
163.0
161.0
196.0
158.0
205.0
153.0
210.0
200.0
167.0
223.0
274.0
349.0
338.0
352.0
297.0
321.0
285.0
301.0
261.0
268.0
343.0
316.0
366.0
370.0
352.0
331.0
304.0
243.0
189.0
183.0
179.0
269.0
316.0
329.0
320.0
316.0
257.0
207.0
152.0
84.0
31.0
14.0
26.0
61.0
132.0
232.0
242.0
263.0
249.0
216.0
178.0
140.0
162.0
69.0
98.0
108.0
58.0
38.0
90.0
149.0
115.0
213.0
216.0
232.0
150.0
81.0
44.0
-31.0
-35.0
-73.0
-78.0
-27.0
2.0
22.0
32.0
8.0
-60.0
-87.0
-164.0
-117.0
-259.0
-218.0
-255.0
-127.0
-52.0
-17.0
-37.0
4.0
-16.0
-103.0
-161.0
-152.0
-203.0
-146.0
-150.0
-93.0
-56.0
-20.0
5.0
33.0
-32.0
40.0
94.0
101.0
173.0
105.0
92.0
67.0
29.0
21.0
2.0
20.0
71.0
36.0
88.0
86.0
83.0
180.0
231.0
227.0
271.0
173.0
232.0
143.0
134.0
129.0
86.0
81.0
111.0
70.0
113.0
138.0
189.0
203.0
232.0
273.0
335.0
319.0
298.0
265.0
216.0
173.0
90.0
145.0
73.0
70.0
98.0
100.0
94.0
99.0
97.0
155.0
250.0
202.0
248.0
237.0
222.0
168.0
116.0
58.0
23.0
32.0
29.0
51.0
47.0
26.0
93.0
90.0
135.0
150.0
129.0
119.0
173.0
184.0
254.0
199.0
167.0
101.0
77.0
-27.0
8.0
42.0
31.0
59.0
88.0
71.0
146.0
147.0
155.0
189.0
166.0
174.0
150.0
73.0
92.0
41.0
26.0
30.0
61.0
-15.0
-16.0
-6.0
-21.0
-33.0
16.0
8.0
34.0
83.0
63.0
95.0
125.0
83.0
65.0
126.0
102.0
92.0
89.0
73.0
79.0
103.0
134.0
78.0
90.0
52.0
41.0
49.0
77.0
101.0
105.0
107.0
59.0
81.0
49.0
25.0
-5.0
38.0
12.0
1.0
53.0
45.0
72.0
3.0
50.0
43.0
21.0
3.0
-44.0
-44.0
16.0
-29.0
6.0
11.0
-7.0
-7.0
-36.0
-20.0
19.0
-8.0
6.0
25.0
-45.0
-41.0
33.0
-45.0
-38.0
-55.0
-60.0
-114.0
-7.0
-26.0
41.0
13.0
-55.0
-13.0
-10.0
-57.0
-101.0
-102.0
-104.0
-67.0
-55.0
-60.0
5.0
26.0
-64.0
-19.0
-43.0
10.0
63.0
-17.0
51.0
-7.0
-6.0
-72.0
-86.0
-56.0
-44.0
-116.0
-58.0
-52.0
-91.0
-64.0
61.0
-18.0
64.0
56.0
76.0
106.0
89.0
115.0
35.0
48.0
47.0
3.0
-100.0
-114.0
-83.0
-50.0
2.0
51.0
99.0
153.0
100.0
41.0
34.0
-21.0
29.0
45.0
-2.0
22.0
-1.0
-88.0
-74.0
-81.0
-56.0
-57.0
-5.0
72.0
52.0
60.0
54.0
68.0
49.0
36.0
-18.0
27.0
72.0
-58.0
-117.0
-65.0
-40.0
-34.0
22.0
23.0
7.0
62.0
20.0
67.0
29.0
27.0
17.0
8.0
68.0
43.0
30.0
-22.0
-21.0
-54.0
-69.0
-7.0
1.0
-2.0
-4.0
-33.0
30.0
29.0
47.0
1.0
29.0
-30.0
-5.0
42.0
-37.0
-72.0
-98.0
-93.0
-44.0
-40.0
-17.0
-12.0
17.0
25.0
62.0
80.0
115.0
117.0
108.0
158.0
119.0
89.0
44.0
1.0
-55.0
-61.0
-26.0
-13.0
64.0
42.0
19.0
59.0
13.0
47.0
41.0
55.0
7.0
-47.0
38.0
-17.0
-15.0
-51.0
-15.0
-41.0
8.0
1.0
10.0
-62.0
18.0
25.0
-52.0
3.0
-72.0
-55.0
-48.0
-22.0
-19.0
18.0
-29.0
-34.0
-47.0
-65.0
-39.0
-30.0
-44.0
-25.0
-40.0
-1.0
-11.0
-78.0
-111.0
-13.0
-19.0
-30.0
-8.0
0.0
-31.0
-77.0
-8.0
-43.0
-29.0
-64.0
-87.0
-98.0
-114.0
-183.0
-168.0
-125.0
-98.0
-103.0
-101.0
-77.0
-160.0
-130.0
-139.0
-105.0
-102.0
-130.0
-163.0
-156.0
-227.0
-257.0
-243.0
-226.0
-266.0
-282.0
-271.0
-395.0
-350.0
-316.0
-345.0
-397.0
-344.0
-343.0
-390.0
-406.0
-440.0
-417.0
-506.0
-479.0
-406.0
-435.0
-432.0
-419.0
-403.0
-484.0
-448.0
-436.0
-402.0
-379.0
-371.0
-349.0
-324.0
-328.0
-325.0
-301.0
-289.0
-346.0
-402.0
-425.0
-441.0
-436.0
-353.0
-432.0
-353.0
-365.0
-287.0
-255.0
-294.0
-276.0
-291.0
-268.0
-236.0
-250.0
-306.0
-300.0
-266.0
-299.0
-335.0
-313.0
-302.0
-313.0
-305.0
-204.0
-216.0
-199.0
-149.0
-157.0
-139.0
-206.0
-190.0
-240.0
-176.0
-152.0
-176.0
-154.0
-211.0
-165.0
-201.0
-216.0
-211.0
-227.0
-191.0
-171.0
-163.0
-187.0
-232.0
-195.0
-234.0
-155.0
-163.0
-189.0
-148.0
-116.0
-140.0
-124.0
-114.0
-73.0
-84.0
-73.0
-118.0
-34.0
-60.0
-9.0
-152.0
-19.0
-93.0
-111.0
-102.0
-21.0
-31.0
1.0
-14.0
-41.0
-83.0
-145.0
-18.0
-5.0
12.0
-33.0
-1.0
-15.0
-50.0
14.0
-14.0
-43.0
-24.0
-63.0
10.0
-42.0
16.0
-16.0
7.0
-13.0
-15.0
-35.0
-22.0
-12.0
-72.0
-46.0
-26.0
-4.0
-53.0
-2.0
1.0
0.0
45.0
-39.0
-7.0
-100.0
-82.0
-7.0
1.0
-22.0
-27.0
-53.0
-11.0
-1.0
-51.0
-40.0
-52.0
-2.0
-1.0
-5.0
43.0
43.0
40.0
25.0
78.0
67.0
30.0
108.0
86.0
102.0
92.0
86.0
78.0
68.0
116.0
99.0
71.0
74.0
42.0
112.0
37.0
83.0
68.0
46.0
56.0
49.0
28.0
42.0
37.0
44.0
55.0
138.0
66.0
11.0
36.0
18.0
35.0
55.0
29.0
21.0
81.0
52.0
76.0
35.0
91.0
5.0
36.0
14.0
-17.0
8.0
3.0
54.0
-3.0
59.0
72.0
47.0
22.0
-4.0
-17.0
-11.0
-10.0
83.0
92.0
103.0
45.0
37.0
45.0
31.0
55.0
108.0
85.0
73.0
116.0
65.0
41.0
68.0
54.0
42.0
159.0
81.0
89.0
95.0
81.0
118.0
161.0
108.0
68.0
58.0
88.0
95.0
45.0
89.0
50.0
82.0
73.0
105.0
103.0
102.0
142.0
73.0
5.0
14.0
-7.0
36.0
22.0
59.0
63.0
101.0
7.0
26.0
28.0
70.0
72.0
78.0
84.0
85.0
96.0
106.0
82.0
86.0
108.0
98.0
178.0
173.0
208.0
180.0
180.0
225.0
280.0
344.0
457.0
468.0
549.0
486.0
466.0
413.0
432.0
348.0
388.0
359.0
439.0
361.0
406.0
401.0
325.0
370.0
257.0
254.0
269.0
249.0
244.0
207.0
182.0
162.0
88.0
80.0
5.0
2.0
19.0
1.0
-4.0
17.0
7.0
24.0
-36.0
33.0
-39.0
-90.0
-54.0
-69.0
-44.0
-61.0
-84.0
-91.0
-162.0
-147.0
-126.0
-135.0
-104.0
-62.0
3.0
-64.0
-99.0
-137.0
-60.0
-50.0
-81.0
-73.0
-108.0
-100.0
-135.0
-135.0
-126.0
-64.0
-49.0
-1.0
63.0
26.0
-14.0
-60.0
-80.0
-23.0
-118.0
-17.0
-56.0
-68.0
-39.0
-65.0
-33.0
-44.0
-175.0
-152.0
-106.0
-48.0
-46.0
-43.0
-37.0
-7.0
-71.0
-55.0
-59.0
-137.0
-56.0
-35.0
33.0
-24.0
3.0
8.0
-4.0
-36.0
-52.0
-8.0
50.0
-16.0
-46.0
-39.0
-45.0
-106.0
-135.0
-114.0
-41.0
26.0
63.0
18.0
23.0
0.0
6.0
-24.0
84.0
105.0
123.0
100.0
58.0
44.0
-22.0
-48.0
-10.0
-13.0
10.0
12.0
25.0
3.0
-11.0
-48.0
16.0
41.0
-13.0
-29.0
34.0
82.0
92.0
79.0
25.0
-7.0
-61.0
-67.0
-10.0
-62.0
-70.0
-61.0
-59.0
-93.0
-88.0
-120.0
-34.0
-50.0
45.0
30.0
5.0
33.0
-13.0
-20.0
9.0
-13.0
32.0
-29.0
19.0
40.0
21.0
7.0
17.0
-20.0
23.0
18.0
11.0
-19.0
-6.0
2.0
16.0
3.0
41.0
-43.0
-30.0
-37.0
-13.0
-16.0
-30.0
-22.0
-51.0
-61.0
-90.0
-81.0
-68.0
-9.0
-67.0
1.0
-2.0
39.0
80.0
4.0
13.0
-26.0
-64.0
-62.0
-84.0
-44.0
-15.0
31.0
-13.0
7.0
-41.0
-41.0
-56.0
-33.0
-50.0
20.0
-31.0
-39.0
21.0
-75.0
4.0
-8.0
-35.0
-20.0
-5.0
3.0
7.0
16.0
86.0
-4.0
3.0
41.0
45.0
70.0
93.0
24.0
46.0
55.0
33.0
92.0
71.0
45.0
58.0
56.0
84.0
30.0
7.0
27.0
34.0
64.0
80.0
51.0
127.0
100.0
71.0
64.0
-16.0
28.0
7.0
8.0
-32.0
11.0
45.0
87.0
104.0
115.0
115.0
110.0
127.0
140.0
183.0
150.0
130.0
158.0
198.0
212.0
286.0
348.0
420.0
381.0
424.0
384.0
462.0
483.0
471.0
483.0
502.0
458.0
375.0
319.0
373.0
289.0
221.0
278.0
260.0
241.0
363.0
306.0
274.0
184.0
231.0
169.0
240.0
178.0
188.0
115.0
60.0
10.0
-84.0
-37.0
-36.0
-39.0
-38.0
-99.0
-10.0
-53.0
-31.0
-10.0
-36.0
-46.0
-95.0
-107.0
-34.0
-76.0
-112.0
-122.0
-191.0
-187.0
-162.0
-164.0
-140.0
-124.0
-69.0
-71.0
-36.0
-50.0
-115.0
-102.0
-109.0
-18.0
5.0
43.0
60.0
42.0
-62.0
-69.0
-135.0
-134.0
-148.0
-131.0
-117.0
-130.0
-91.0
-113.0
-153.0
-109.0
-77.0
-14.0
-12.0
27.0
29.0
33.0
18.0
10.0
6.0
-11.0
-8.0
-92.0
-82.0
-106.0
-90.0
-100.0
-114.0
-91.0
-64.0
-114.0
-60.0
-133.0
-88.0
-99.0
-43.0
-7.0
-8.0
-53.0
-99.0
-69.0
-74.0
-119.0
-88.0
-73.0
-129.0
-84.0
-102.0
-35.0
-24.0
-18.0
84.0
33.0
-1.0
-20.0
-64.0
-105.0
-92.0
-89.0
-89.0
1.0
-73.0
-33.0
-108.0
-130.0
-120.0
-155.0
-42.0
-60.0
-11.0
-33.0
-79.0
-43.0
-153.0
-178.0
-187.0
-124.0
-119.0
-70.0
-82.0
-45.0
-109.0
-70.0
-130.0
-154.0
-119.0
-140.0
-134.0
-131.0
-103.0
-95.0
-45.0
-5.0
-13.0
21.0
-17.0
-36.0
-66.0
-95.0
-120.0
-136.0
-105.0
-80.0
8.0
69.0
88.0
73.0
92.0
80.0
60.0
32.0
-21.0
-25.0
-50.0
-56.0
-21.0
-58.0
12.0
-45.0
-47.0
-18.0
-32.0
33.0
116.0
79.0
79.0
-33.0
-25.0
0.0
-86.0
-77.0
-68.0
-96.0
-141.0
-45.0
-115.0
-34.0
5.0
22.0
63.0
62.0
9.0
26.0
-61.0
-39.0
-96.0
-87.0
-17.0
-10.0
18.0
-33.0
-35.0
-46.0
-115.0
-93.0
-68.0
-55.0
-32.0
23.0
69.0
75.0
36.0
-17.0
-31.0
-20.0
-59.0
-74.0
-16.0
-55.0
-7.0
11.0
-39.0
-8.0
-52.0
-42.0
-30.0
-29.0
16.0
43.0
16.0
50.0
-26.0
-49.0
-87.0
-101.0
-130.0
-116.0
-48.0
-37.0
-36.0
-22.0
-71.0
-21.0
-37.0
-56.0
-58.0
-46.0
-63.0
-59.0
-40.0
-58.0
-78.0
-64.0
-50.0
-41.0
-26.0
-7.0
-33.0
-53.0
-50.0
-134.0
-101.0
-105.0
-101.0
2.0
15.0
46.0
112.0
100.0
103.0
106.0
80.0
70.0
110.0
139.0
147.0
133.0
140.0
150.0
191.0
225.0
258.0
265.0
262.0
234.0
185.0
228.0
239.0
295.0
256.0
285.0
284.0
291.0
286.0
243.0
284.0
283.0
342.0
309.0
353.0
280.0
246.0
234.0
284.0
280.0
324.0
375.0
418.0
349.0
375.0
323.0
342.0
307.0
375.0
400.0
338.0
400.0
326.0
332.0
301.0
286.0
273.0
265.0
270.0
274.0
354.0
331.0
376.0
346.0
301.0
279.0
240.0
255.0
200.0
214.0
177.0
161.0
153.0
148.0
147.0
273.0
308.0
276.0
280.0
209.0
157.0
214.0
197.0
143.0
175.0
109.0
62.0
12.0
33.0
12.0
-10.0
-29.0
53.0
77.0
188.0
178.0
245.0
138.0
109.0
36.0
-71.0
-106.0
-171.0
-194.0
-157.0
-201.0
-131.0
-139.0
-42.0
-6.0
82.0
127.0
103.0
114.0
50.0
-17.0
-44.0
-104.0
-110.0
-144.0
-174.0
-158.0
-166.0
-158.0
-73.0
-23.0
-4.0
109.0
147.0
119.0
119.0
53.0
26.0
37.0
42.0
41.0
36.0
8.0
-28.0
-24.0
0.0
52.0
85.0
112.0
147.0
167.0
90.0
96.0
157.0
158.0
154.0
152.0
105.0
98.0
84.0
112.0
88.0
167.0
117.0
102.0
18.0
108.0
89.0
137.0
152.0
225.0
268.0
266.0
174.0
204.0
161.0
199.0
130.0
73.0
37.0
-2.0
-7.0
-15.0
-11.0
30.0
14.0
34.0
125.0
114.0
149.0
177.0
153.0
91.0
126.0
154.0
128.0
99.0
74.0
37.0
-29.0
31.0
74.0
43.0
89.0
87.0
66.0
80.0
74.0
48.0
-11.0
-8.0
-33.0
-8.0
-18.0
-64.0
-37.0
-53.0
-14.0
-15.0
38.0
38.0
64.0
135.0
118.0
137.0
71.0
26.0
20.0
5.0
-19.0
-15.0
-48.0
-3.0
-61.0
-50.0
-20.0
-24.0
10.0
-11.0
1.0
25.0
9.0
-34.0
-55.0
-81.0
-87.0
-93.0
-110.0
-124.0
-109.0
-64.0
4.0
-49.0
9.0
37.0
-16.0
39.0
30.0
-12.0
25.0
-27.0
-35.0
-47.0
-78.0
-63.0
-76.0
-91.0
-5.0
-6.0
-51.0
40.0
30.0
48.0
-39.0
-20.0
-46.0
-46.0
-77.0
-93.0
-110.0
-85.0
-115.0
-95.0
-108.0
-114.0
-64.0
-51.0
-60.0
-8.0
-33.0
-28.0
-62.0
-84.0
-142.0
-144.0
-95.0
-89.0
-99.0
-89.0
-51.0
-101.0
-96.0
-96.0
-73.0
-81.0
-33.0
-107.0
-76.0
-56.0
-72.0
-53.0
-53.0
-110.0
-96.0
-83.0
-25.0
-48.0
-71.0
-97.0
-65.0
-62.0
-72.0
-61.0
-32.0
-17.0
-60.0
-63.0
-55.0
-57.0
-25.0
-54.0
-82.0
-83.0
-72.0
-117.0
-98.0
-96.0
-125.0
-111.0
-76.0
-85.0
-108.0
-132.0
-114.0
-89.0
-152.0
-39.0
-50.0
-98.0
-115.0
-91.0
-51.0
-62.0
-63.0
-86.0
-128.0
-80.0
-79.0
-97.0
-86.0
-113.0
-77.0
-88.0
-119.0
-147.0
-163.0
-143.0
-82.0
-95.0
-57.0
-79.0
-41.0
-60.0
-101.0
-54.0
-90.0
-110.0
-63.0
-124.0
-128.0
-97.0
-98.0
-123.0
-135.0
-112.0
-101.0
-138.0
-78.0
-46.0
-81.0
-21.0
-69.0
-39.0
-91.0
-125.0
-91.0
-109.0
-111.0
-81.0
-48.0
-92.0
-124.0
-50.0
-51.0
-8.0
-55.0
-5.0
-36.0
17.0
-33.0
-103.0
-94.0
-67.0
-163.0
-89.0
-76.0
-73.0
-74.0
-69.0
-86.0
-29.0
17.0
-1.0
34.0
42.0
13.0
-67.0
-15.0
4.0
-60.0
-40.0
-6.0
14.0
-115.0
-89.0
-138.0
-69.0
-43.0
-49.0
12.0
6.0
-18.0
-23.0
-80.0
-93.0
-86.0
-132.0
-168.0
-183.0
-278.0
-251.0
-241.0
-293.0
-337.0
-294.0
-295.0
-346.0
-370.0
-354.0
-381.0
-429.0
-359.0
-390.0
-430.0
-383.0
-420.0
-453.0
-464.0
-446.0
-469.0
-358.0
-399.0
-422.0
-419.0
-441.0
-390.0
-477.0
-419.0
-422.0
-420.0
-419.0
-498.0
-473.0
-507.0
-425.0
-427.0
-376.0
-422.0
-390.0
-427.0
-358.0
-400.0
-370.0
-398.0
-393.0
-347.0
-373.0
-342.0
-315.0
-294.0
-255.0
-254.0
-263.0
-290.0
-265.0
-254.0
-239.0
-285.0
-207.0
-259.0
-293.0
-336.0
-382.0
-329.0
-318.0
-327.0
-326.0
-267.0
-350.0
-299.0
-310.0
-307.0
-286.0
-206.0
-206.0
-256.0
-193.0
-185.0
-266.0
-213.0
-209.0
-194.0
-206.0
-237.0
-259.0
-192.0
-260.0
-177.0
-167.0
-214.0
-151.0
-160.0
-160.0
-221.0
-176.0
-153.0
-124.0
-138.0
-114.0
-101.0
-108.0
-157.0
-97.0
-37.0
-95.0
-61.0
-25.0
-102.0
-61.0
-78.0
-71.0
-107.0
-101.0
-105.0
-56.0
-82.0
