4 0.565354
5 0.560296
7 0.573278
9 0.599896
11 0.629449
13 0.657058
16 0.692998
20 0.731842
23 0.752747
28 0.771779
33 0.779157
38 0.783260
45 0.787466
52 0.791144
60 0.794940
69 0.796742
79 0.796429
91 0.793800
104 0.788694
119 0.780739
135 0.770257
154 0.755602
174 0.738417
198 0.717041
223 0.695372
252 0.672451
285 0.650303
321 0.630652
362 0.612627
407 0.596876
457 0.583262
513 0.571348
575 0.560612
645 0.550564
723 0.541344
809 0.533846
905 0.529179
1011 0.528300
1130 0.530632
1261 0.535544
1407 0.542054
1570 0.547965
