-220.0
-105.0
-262.0
-261.0
-177.0
-242.0
-184.0
-178.0
-217.0
-172.0
-160.0
-235.0
-155.0
-235.0
-183.0
-154.0
-238.0
-153.0
-212.0
-177.0
-149.0
-166.0
-144.0
-143.0
-222.0
-120.0
-171.0
-122.0
-125.0
-215.0
-163.0
-101.0
-220.0
-191.0
-218.0
-200.0
-138.0
-260.0
-148.0
-147.0
-197.0
-101.0
-125.0
-140.0
-97.0
-215.0
-142.0
-111.0
-159.0
-65.0
-129.0
-164.0
-106.0
-215.0
-149.0
-147.0
-238.0
-111.0
-165.0
-167.0
-96.0
-168.0
-122.0
-146.0
-213.0
-117.0
-142.0
-179.0
-106.0
-198.0
-147.0
-108.0
-177.0
-100.0
-152.0
-153.0
-84.0
-250.0
-151.0
-213.0
-216.0
-162.0
-199.0
-219.0
-90.0
-153.0
-96.0
-74.0
-222.0
-106.0
-166.0
-169.0
-100.0
-193.0
-150.0
-93.0
-226.0
-76.0
-166.0
-148.0
-78.0
-200.0
-158.0
-154.0
-230.0
-112.0
-204.0
-206.0
-186.0
-254.0
-177.0
-213.0
-252.0
-144.0
-296.0
-286.0
-190.0
-289.0
-222.0
-171.0
-276.0
-195.0
-267.0
-274.0
-222.0
-293.0
-227.0
-252.0
-291.0
-194.0
-241.0
-258.0
-185.0
-288.0
-209.0
-202.0
-308.0
-190.0
-269.0
-288.0
-202.0
-221.0
-211.0
-208.0
-285.0
-168.0
-224.0
-181.0
-133.0
-212.0
-114.0
-128.0
-243.0
-148.0
-240.0
-230.0
-150.0
-256.0
-163.0
-179.0
-270.0
-177.0
-249.0
-268.0
-199.0
-225.0
-175.0
-186.0
-300.0
-214.0
-260.0
-309.0
-205.0
-288.0
-239.0
-195.0
-333.0
-211.0
-303.0
-306.0
-193.0
-304.0
-227.0
-234.0
-263.0
-197.0
-256.0
-251.0
-225.0
-285.0
-239.0
-213.0
-280.0
-196.0
-275.0
-261.0
-198.0
-287.0
-229.0
-189.0
-275.0
-193.0
-251.0
-285.0
-210.0
-302.0
-206.0
-194.0
-220.0
-200.0
-224.0
-205.0
-134.0
-240.0
-209.0
-143.0
-257.0
-190.0
-265.0
-220.0
-200.0
-265.0
-155.0
-115.0
-230.0
-153.0
-201.0
-184.0
-153.0
-235.0
-173.0
-175.0
-231.0
-156.0
-191.0
-199.0
-134.0
-232.0
-170.0
-152.0
-225.0
-124.0
-183.0
-191.0
-123.0
-253.0
-172.0
-176.0
-259.0
-153.0
-181.0
-175.0
-166.0
-154.0
-173.0
-172.0
-224.0
-161.0
-191.0
-203.0
-146.0
-232.0
-194.0
-215.0
-275.0
-212.0
-275.0
-273.0
-229.0
-324.0
-274.0
-297.0
-315.0
-218.0
-262.0
-246.0
-218.0
-283.0
-250.0
-211.0
-269.0
-200.0
-228.0
-290.0
-202.0
-307.0
-245.0
-246.0
-299.0
-176.0
-244.0
-258.0
-212.0
-297.0
-212.0
-218.0
-274.0
-173.0
-241.0
-247.0
-162.0
-252.0
-192.0
-206.0
-269.0
-141.0
-207.0
-229.0
-130.0
-201.0
-244.0
-237.0
-277.0
-238.0
-276.0
-309.0
-235.0
-275.0
-227.0
-228.0
-237.0
-193.0
-254.0
-286.0
-193.0
-285.0
-209.0
-165.0
-272.0
-165.0
-205.0
-190.0
-165.0
-238.0
-163.0
-137.0
-232.0
-133.0
-236.0
-200.0
-173.0
-189.0
-203.0
-201.0
-261.0
-221.0
-274.0
-299.0
-208.0
-321.0
-205.0
-230.0
-319.0
-216.0
-201.0
-237.0
-150.0
-289.0
-211.0
-251.0
-304.0
-208.0
-243.0
-234.0
-150.0
-260.0
-200.0
-171.0
-274.0
-182.0
-254.0
-223.0
-143.0
-246.0
-188.0
-193.0
-230.0
-146.0
-234.0
-222.0
-150.0
-266.0
-178.0
-174.0
-237.0
-125.0
-206.0
-260.0
-171.0
-220.0
-138.0
-173.0
-237.0
-157.0
-199.0
-191.0
-146.0
-265.0
-162.0
-184.0
-237.0
-186.0
-224.0
-228.0
-157.0
-228.0
-191.0
-196.0
-227.0
-158.0
-227.0
-199.0
-135.0
-173.0
-123.0
-87.0
-161.0
-111.0
-189.0
-193.0
-89.0
-209.0
-134.0
-108.0
-219.0
-117.0
-169.0
-134.0
-106.0
-191.0
-104.0
-102.0
-169.0
-61.0
-140.0
-177.0
-124.0
-210.0
-145.0
-126.0
-161.0
-73.0
-157.0
-183.0
-96.0
-184.0
-89.0
-102.0
-190.0
-91.0
-231.0
-197.0
-119.0
-218.0
-150.0
-115.0
-174.0
-101.0
-168.0
-179.0
-128.0
-212.0
-148.0
-153.0
-250.0
-154.0
-184.0
-190.0
-110.0
-196.0
-131.0
-170.0
-203.0
-146.0
-241.0
-218.0
-171.0
-268.0
-180.0
-212.0
-234.0
-136.0
-231.0
-225.0
-173.0
-191.0
-160.0
-177.0
-229.0
-152.0
-250.0
-244.0
-172.0
-199.0
-147.0
-149.0
-243.0
-129.0
-192.0
-175.0
-131.0
-234.0
-149.0
-150.0
-220.0
-151.0
-143.0
-216.0
-125.0
-225.0
-184.0
-122.0
-229.0
-134.0
-210.0
-210.0
-143.0
-254.0
-218.0
-233.0
-283.0
-234.0
-282.0
-241.0
-229.0
-341.0
-197.0
-250.0
-308.0
-250.0
-285.0
-308.0
-251.0
-353.0
-293.0
-317.0
-390.0
-282.0
-329.0
-301.0
-214.0
-298.0
-215.0
-221.0
-282.0
-178.0
-247.0
-241.0
-189.0
-299.0
-223.0
-235.0
-273.0
-143.0
-276.0
-211.0
-184.0
-248.0
-200.0
-207.0
-278.0
-187.0
-254.0
-243.0
-156.0
-214.0
-175.0
-178.0
-236.0
-147.0
-254.0
-229.0
-143.0
-253.0
-182.0
-210.0
-259.0
-195.0
-256.0
-242.0
-176.0
-303.0
-192.0
-218.0
-275.0
-187.0
-237.0
-259.0
-166.0
-209.0
-188.0
-167.0
-250.0
-142.0
-185.0
-208.0
-138.0
-246.0
-150.0
-150.0
-246.0
-142.0
-203.0
-191.0
-133.0
-220.0
-177.0
-159.0
-213.0
-135.0
-200.0
-200.0
-136.0
-243.0
-183.0
-225.0
-244.0
-125.0
-185.0
-208.0
-137.0
-148.0
-169.0
-174.0
-240.0
-146.0
-236.0
-238.0
-157.0
-212.0
-164.0
-171.0
-229.0
-178.0
-250.0
-248.0
-202.0
-272.0
-163.0
-203.0
-246.0
-173.0
-232.0
-243.0
-172.0
-233.0
-165.0
-189.0
-259.0
-172.0
-209.0
-216.0
-150.0
-242.0
-164.0
-175.0
-232.0
-176.0
-229.0
-206.0
-188.0
-214.0
-202.0
-235.0
-274.0
-168.0
-243.0
-175.0
-149.0
-233.0
-221.0
-205.0
-281.0
-199.0
-304.0
-288.0
-249.0
-316.0
-211.0
-239.0
-300.0
-235.0
-299.0
-286.0
-248.0
-327.0
-279.0
-256.0
-338.0
-243.0
-278.0
-235.0
-202.0
-259.0
-161.0
-217.0
-269.0
-209.0
-249.0
-252.0
-134.0
-223.0
-158.0
-154.0
-224.0
-127.0
-188.0
-216.0
-104.0
-192.0
-148.0
-172.0
-202.0
-152.0
-163.0
-191.0
-137.0
-235.0
-191.0
-220.0
-214.0
-150.0
-220.0
-201.0
-188.0
-229.0
-221.0
-223.0
-255.0
-190.0
-254.0
-251.0
-217.0
-262.0
-171.0
-241.0
-216.0
-173.0
-199.0
-181.0
-148.0
-230.0
-149.0
-168.0
-243.0
-150.0
-202.0
-182.0
-132.0
-218.0
-136.0
-152.0
-234.0
-152.0
-227.0
-195.0
-145.0
-225.0
-157.0
-152.0
-196.0
-161.0
-210.0
-231.0
-158.0
-234.0
-181.0
-195.0
-284.0
-106.0
-214.0
-186.0
-125.0
-214.0
-146.0
-143.0
-159.0
-138.0
-181.0
-176.0
-131.0
-233.0
-147.0
-180.0
-168.0
-132.0
-165.0
-232.0
-180.0
-245.0
-184.0
-162.0
-224.0
-141.0
-215.0
-208.0
-138.0
-257.0
-168.0
-158.0
-224.0
-133.0
-218.0
-163.0
-136.0
-220.0
-136.0
-163.0
-191.0
-130.0
-192.0
-133.0
-124.0
-228.0
-148.0
-165.0
-221.0
-127.0
-195.0
-176.0
-149.0
-200.0
-156.0
-163.0
-209.0
-122.0
-129.0
-148.0
-74.0
-118.0
-49.0
-56.0
-95.0
2.0
-108.0
-36.0
16.0
-125.0
-62.0
-69.0
-161.0
-98.0
-150.0
-140.0
-81.0
-160.0
-117.0
-124.0
-212.0
-128.0
-243.0
-242.0
-163.0
-274.0
-165.0
-182.0
-218.0
-134.0
-206.0
-193.0
-133.0
-244.0
-124.0
-169.0
-208.0
-144.0
-227.0
-231.0
-207.0
-281.0
-217.0
-196.0
-263.0
-126.0
-187.0
-194.0
-145.0
-248.0
-186.0
-213.0
-263.0
-161.0
-223.0
-216.0
-171.0
-246.0
-128.0
-206.0
-227.0
-192.0
-283.0
-245.0
-175.0
-237.0
-173.0
-192.0
-242.0
-128.0
-206.0
-188.0
-135.0
-231.0
-189.0
-194.0
-250.0
-131.0
-225.0
-172.0
-122.0
-197.0
-116.0
-162.0
-201.0
-138.0
-246.0
-143.0
-79.0
-224.0
-129.0
-145.0
-186.0
-123.0
-169.0
-203.0
-160.0
-288.0
-202.0
-133.0
-235.0
-149.0
-200.0
-192.0
-125.0
-201.0
-107.0
-104.0
-199.0
-96.0
-136.0
-147.0
-82.0
-186.0
-66.0
-89.0
-141.0
-84.0
-147.0
-152.0
-104.0
-177.0
-109.0
-140.0
-154.0
-70.0
-178.0
-146.0
-105.0
-174.0
-90.0
-150.0
-167.0
-72.0
-101.0
-106.0
-88.0
-150.0
-114.0
-177.0
-205.0
-79.0
-180.0
-158.0
-115.0
-187.0
-112.0
-101.0
-206.0
-90.0
-170.0
-174.0
-114.0
-192.0
-98.0
-125.0
-161.0
-107.0
-169.0
-163.0
-106.0
-199.0
-143.0
-132.0
-238.0
-106.0
-195.0
-224.0
-79.0
-206.0
-129.0
-145.0
-186.0
-144.0
-186.0
-136.0
-90.0
-219.0
-156.0
-190.0
-237.0
-129.0
-197.0
-163.0
-108.0
-238.0
-165.0
-208.0
-268.0
-171.0
-235.0
-180.0
-73.0
-177.0
-134.0
-159.0
-196.0
-89.0
-195.0
-180.0
-119.0
-253.0
-114.0
-130.0
-191.0
-81.0
-152.0
-130.0
-83.0
-187.0
-157.0
-125.0
-157.0
-119.0
-163.0
-142.0
-90.0
-193.0
-86.0
-126.0
-140.0
-51.0
-147.0
-147.0
-107.0
-178.0
-90.0
-122.0
-170.0
-98.0
-167.0
-135.0
-121.0
-210.0
-125.0
-200.0
-172.0
-114.0
-177.0
-169.0
-124.0
-215.0
-134.0
-188.0
-180.0
-86.0
-169.0
-173.0
-66.0
-263.0
-110.0
-135.0
-181.0
-74.0
-165.0
-91.0
-42.0
-102.0
-24.0
-72.0
-123.0
-56.0
-145.0
-147.0
-80.0
-164.0
-73.0
-56.0
-120.0
-18.0
-128.0
-110.0
-65.0
-210.0
-116.0
-130.0
-206.0
-99.0
-163.0
-124.0
-95.0
-154.0
-80.0
-50.0
-158.0
-54.0
-139.0
-76.0
-80.0
-154.0
-116.0
-145.0
-251.0
-117.0
-162.0
-120.0
-42.0
-143.0
-68.0
-98.0
-146.0
-109.0
-136.0
-123.0
-79.0
-134.0
-109.0
-115.0
-186.0
-71.0
-161.0
-161.0
-73.0
-175.0
-117.0
-125.0
-119.0
-111.0
-165.0
-99.0
-58.0
-134.0
-51.0
-127.0
-133.0
-103.0
-197.0
-174.0
-116.0
-209.0
-135.0
-116.0
-159.0
-69.0
-162.0
-199.0
-79.0
-179.0
-116.0
-136.0
-211.0
-118.0
-232.0
-158.0
-162.0
-228.0
-154.0
-80.0
-165.0
-117.0
-143.0
-181.0
-95.0
-178.0
-93.0
-90.0
-148.0
-92.0
-135.0
-122.0
-66.0
-169.0
-72.0
-94.0
-134.0
-26.0
-100.0
-123.0
-18.0
-108.0
-59.0
-79.0
-108.0
-7.0
-97.0
-101.0
-67.0
-129.0
-44.0
-69.0
-122.0
-43.0
-126.0
-117.0
-55.0
-149.0
-51.0
-103.0
-108.0
-47.0
-99.0
-81.0
-64.0
-134.0
-62.0
-81.0
-133.0
-54.0
-115.0
-64.0
-83.0
-115.0
-51.0
-87.0
-148.0
-74.0
-135.0
-82.0
-63.0
-105.0
-64.0
-86.0
-102.0
-39.0
-115.0
-100.0
-59.0
-150.0
-50.0
-97.0
-174.0
-30.0
-98.0
-117.0
-53.0
-111.0
-68.0
-79.0
-119.0
-84.0
-150.0
-127.0
-87.0
-119.0
-58.0
-120.0
-126.0
-78.0
-173.0
-160.0
-103.0
-177.0
-119.0
-154.0
-184.0
-68.0
-131.0
-118.0
-21.0
-113.0
-42.0
-81.0
-96.0
-3.0
-107.0
-52.0
-16.0
-105.0
-15.0
-31.0
-102.0
-6.0
-73.0
-43.0
-25.0
-64.0
13.0
52.0
-19.0
142.0
56.0
79.0
73.0
13.0
52.0
1.0
-75.0
55.0
-90.0
-77.0
4.0
-106.0
-22.0
-42.0
-50.0
-29.0
-139.0
-120.0
-64.0
-133.0
-58.0
-97.0
-118.0
-48.0
-125.0
-123.0
-81.0
-165.0
-80.0
-114.0
-133.0
-58.0
-146.0
-139.0
-130.0
-182.0
-138.0
-114.0
-167.0
-64.0
-150.0
-167.0
-83.0
-175.0
-96.0
-114.0
-150.0
-93.0
-146.0
-124.0
-62.0
-150.0
-84.0
-81.0
-144.0
-77.0
-154.0
-124.0
-88.0
-165.0
-80.0
-96.0
-138.0
-41.0
-156.0
-90.0
-76.0
-165.0
-64.0
-114.0
-184.0
-42.0
-100.0
-104.0
-56.0
-127.0
-42.0
-105.0
-118.0
-53.0
-114.0
-96.0
-14.0
-112.0
-36.0
-111.0
-212.0
-50.0
-204.0
-119.0
-103.0
-219.0
-98.0
-123.0
-137.0
-57.0
-146.0
-121.0
-63.0
-177.0
-112.0
-153.0
-212.0
-134.0
-101.0
-132.0
-65.0
-182.0
-83.0
-133.0
-182.0
-101.0
-151.0
-153.0
-60.0
-205.0
-131.0
-162.0
-215.0
-77.0
-182.0
-149.0
-124.0
-187.0
-145.0
-142.0
-166.0
-82.0
-135.0
-152.0
-77.0
-172.0
-111.0
-158.0
-150.0
-148.0
-193.0
-190.0
-102.0
-205.0
-125.0
-137.0
-213.0
-108.0
-176.0
-118.0
-102.0
-219.0
-111.0
-180.0
-213.0
-116.0
-176.0
-123.0
-106.0
-177.0
-77.0
-126.0
-155.0
-53.0
-155.0
-104.0
-104.0
-131.0
-78.0
-125.0
-162.0
-73.0
-176.0
-192.0
-96.0
-193.0
-93.0
-100.0
-157.0
-71.0
-138.0
-99.0
-72.0
-125.0
-64.0
-100.0
-102.0
-59.0
-68.0
-45.0
22.0
-53.0
60.0
-6.0
-18.0
38.0
3.0
-96.0
-35.0
-166.0
-83.0
-120.0
-98.0
-50.0
-159.0
-168.0
-131.0
-241.0
-159.0
-191.0
-203.0
-135.0
-207.0
-184.0
-190.0
-258.0
-142.0
-197.0
-208.0
-125.0
-200.0
-267.0
-183.0
-247.0
-159.0
-204.0
-242.0
-130.0
-206.0
-183.0
-125.0
-231.0
-160.0
-131.0
-245.0
-135.0
-208.0
-183.0
-135.0
-220.0
-100.0
-177.0
-237.0
-148.0
-241.0
-228.0
-185.0
-213.0
-155.0
-153.0
-231.0
-147.0
-208.0
-154.0
-147.0
-171.0
-147.0
-126.0
-204.0
-141.0
-211.0
-194.0
-131.0
-268.0
-127.0
-151.0
-190.0
-102.0
-181.0
-144.0
-129.0
-227.0
-101.0
-165.0
-247.0
-176.0
-278.0
-188.0
-192.0
-202.0
-146.0
-138.0
-201.0
-154.0
-212.0
-184.0
-128.0
-286.0
-173.0
-230.0
-271.0
-164.0
-222.0
-196.0
-135.0
-200.0
-186.0
-196.0
-248.0
-147.0
-287.0
-220.0
-221.0
-308.0
-212.0
-201.0
-227.0
-122.0
-236.0
-228.0
-190.0
-249.0
-195.0
-206.0
-233.0
-141.0
-229.0
-213.0
-194.0
-228.0
-124.0
-151.0
-188.0
-103.0
-195.0
-193.0
-138.0
-186.0
-137.0
-213.0
-181.0
-92.0
-202.0
-112.0
-69.0
-166.0
-73.0
-121.0
-143.0
-74.0
-191.0
-145.0
-79.0
-224.0
-96.0
-120.0
-152.0
-45.0
-204.0
-161.0
-153.0
-242.0
-187.0
-200.0
-250.0
-166.0
-235.0
-149.0
-100.0
-213.0
-121.0
-157.0
-228.0
-146.0
-253.0
-217.0
-189.0
-297.0
-189.0
-186.0
-204.0
-77.0
-236.0
-222.0
-167.0
-245.0
-185.0
-214.0
-210.0
-177.0
-241.0
-200.0
-162.0
-261.0
-175.0
-171.0
-162.0
-85.0
-191.0
-149.0
-186.0
-241.0
-171.0
-226.0
-245.0
-170.0
-257.0
-223.0
-160.0
-248.0
-147.0
-183.0
-176.0
-99.0
-234.0
-193.0
-177.0
-225.0
-149.0
-156.0
-221.0
-65.0
-157.0
-116.0
-94.0
-211.0
-172.0
-223.0
-247.0
-161.0
-242.0
-214.0
-227.0
-261.0
-155.0
-236.0
-211.0
-166.0
-170.0
-187.0
-132.0
-250.0
-163.0
-213.0
-229.0
-152.0
-257.0
-180.0
-148.0
-240.0
-155.0
-165.0
-262.0
-147.0
-238.0
-215.0
-202.0
-281.0
-235.0
-231.0
-271.0
-192.0
-212.0
-147.0
-154.0
-215.0
-163.0
-231.0
-258.0
-189.0
-270.0
-260.0
-203.0
-269.0
-204.0
-227.0
-235.0
-177.0
-254.0
-188.0
-142.0
-249.0
-216.0
-220.0
-334.0
-195.0
-246.0
-229.0
-195.0
-249.0
-165.0
-175.0
-218.0
-103.0
-276.0
-247.0
-223.0
-297.0
-245.0
-250.0
-295.0
-178.0
-265.0
-204.0
-196.0
-289.0
-200.0
-291.0
-327.0
-234.0
-316.0
-293.0
-234.0
-311.0
-196.0
-221.0
-286.0
-211.0
-285.0
-241.0
-213.0
-332.0
-207.0
-279.0
-324.0
-224.0
-317.0
-270.0
-231.0
-262.0
-183.0
-206.0
-288.0
-234.0
-320.0
-237.0
-234.0
-301.0
-182.0
-213.0
-270.0
-182.0
-278.0
-231.0
-225.0
-303.0
-216.0
-215.0
-286.0
-221.0
-275.0
-278.0
-224.0
-315.0
-246.0
-240.0
-264.0
-221.0
-252.0
-267.0
-238.0
-323.0
-254.0
-259.0
-252.0
-215.0
-266.0
-262.0
-165.0
-288.0
-222.0
-250.0
-270.0
-223.0
-246.0
-205.0
-159.0
-243.0
-161.0
-194.0
-244.0
-140.0
-260.0
-249.0
-258.0
-342.0
-271.0
-280.0
-318.0
-227.0
-257.0
-230.0
-140.0
-233.0
-148.0
-215.0
-241.0
-198.0
-259.0
-207.0
-222.0
-243.0
-147.0
-210.0
-261.0
-165.0
-216.0
-220.0
-196.0
-262.0
-174.0
-217.0
-261.0
-199.0
-260.0
-222.0
-175.0
-217.0
-167.0
-218.0
-204.0
-157.0
-274.0
-228.0
-258.0
-343.0
-234.0
-276.0
-298.0
-167.0
-287.0
-194.0
-161.0
-231.0
-167.0
-254.0
-300.0
-243.0
-336.0
-294.0
-293.0
-306.0
-187.0
-188.0
-268.0
-116.0
-172.0
-157.0
-207.0
-285.0
-243.0
-289.0
-336.0
-228.0
-322.0
-271.0
-239.0
-242.0
-209.0
-173.0
-214.0
-144.0
-251.0
-176.0
-220.0
-279.0
-159.0
-250.0
-278.0
-183.0
-298.0
-185.0
-182.0
-249.0
-138.0
-168.0
-223.0
-163.0
-247.0
-209.0
-258.0
-274.0
-147.0
-212.0
-219.0
-158.0
-227.0
-172.0
-170.0
-192.0
-153.0
-138.0
-172.0
-127.0
-242.0
-195.0
-205.0
-277.0
-151.0
-206.0
-217.0
-125.0
-164.0
-81.0
-112.0
-131.0
-71.0
-160.0
-185.0
-153.0
-271.0
-254.0
-233.0
-249.0
-147.0
-157.0
-143.0
-106.0
-111.0
-107.0
-198.0
-261.0
-228.0
-260.0
-319.0
-232.0
-352.0
-262.0
-250.0
-301.0
-241.0
-284.0
-303.0
-210.0
-287.0
-247.0
-163.0
-280.0
-175.0
-188.0
-273.0
-174.0
-246.0
-219.0
-225.0
-256.0
-196.0
-242.0
-269.0
-188.0
-259.0
-248.0
-254.0
-213.0
-153.0
-194.0
-238.0
-98.0
-231.0
-197.0
-169.0
-275.0
-230.0
-278.0
-262.0
-195.0
-291.0
-266.0
-235.0
-303.0
-210.0
-236.0
-285.0
-175.0
-294.0
-236.0
-218.0
-271.0
-224.0
-271.0
-296.0
-220.0
-300.0
-240.0
-218.0
-295.0
-207.0
-245.0
-282.0
-206.0
-243.0
-244.0
-193.0
-286.0
-213.0
-236.0
-250.0
-180.0
-275.0
-199.0
-168.0
-255.0
-202.0
-267.0
-261.0
-161.0
-272.0
-196.0
-175.0
-270.0
-162.0
-198.0
-260.0
-184.0
-267.0
-239.0
-221.0
-267.0
-187.0
-218.0
-234.0
-166.0
-257.0
-230.0
-214.0
-342.0
-220.0
-288.0
-299.0
-196.0
-281.0
-229.0
-212.0
-295.0
-166.0
-223.0
-300.0
-206.0
-293.0
-235.0
-214.0
-287.0
-183.0
-232.0
-266.0
-176.0
-277.0
-182.0
-200.0
-274.0
-204.0
-220.0
-265.0
-204.0
-282.0
-225.0
-186.0
-291.0
-166.0
-214.0
-198.0
-152.0
-249.0
-200.0
-237.0
-233.0
-230.0
-205.0
-252.0
-161.0
-260.0
-215.0
-211.0
-277.0
-171.0
-236.0
-238.0
-176.0
-237.0
-194.0
-197.0
-221.0
-158.0
-236.0
-256.0
-200.0
-272.0
-261.0
-223.0
-295.0
-195.0
-292.0
-275.0
-205.0
-275.0
-215.0
-168.0
-266.0
-200.0
-262.0
-310.0
-220.0
-254.0
-228.0
-190.0
-250.0
-203.0
-244.0
-263.0
-213.0
-301.0
-218.0
-234.0
-331.0
-170.0
-278.0
-256.0
-161.0
-258.0
-213.0
-190.0
-271.0
-174.0
-259.0
-279.0
-192.0
-275.0
-230.0
-218.0
-283.0
-181.0
-271.0
-299.0
-215.0
-304.0
-214.0
-229.0
-304.0
-238.0
-261.0
-243.0
-200.0
-251.0
-202.0
-235.0
-285.0
-216.0
-272.0
-258.0
-203.0
-335.0
-199.0
-202.0
-282.0
-180.0
-240.0
-252.0
-197.0
-282.0
-247.0
-220.0
-313.0
-199.0
-247.0
-286.0
-195.0
-314.0
-218.0
-206.0
-298.0
-194.0
-251.0
-265.0
-150.0
-244.0
-188.0
-211.0
-282.0
-137.0
-235.0
-233.0
-181.0
-181.0
-173.0
-114.0
-188.0
-139.0
-171.0
-162.0
-103.0
-153.0
-151.0
-152.0
-246.0
-145.0
-182.0
-193.0
-156.0
-268.0
-209.0
-171.0
-224.0
-157.0
-249.0
-222.0
-212.0
-228.0
-203.0
-167.0
-228.0
-128.0
-173.0
-222.0
-120.0
-232.0
-192.0
-211.0
-231.0
-159.0
-180.0
-165.0
-107.0
-236.0
-174.0
-127.0
-226.0
-49.0
-128.0
-139.0
-100.0
-158.0
-124.0
-87.0
-168.0
-49.0
-173.0
-182.0
-96.0
-195.0
-172.0
-153.0
-216.0
-107.0
-205.0
-184.0
-114.0
-214.0
-159.0
-139.0
-187.0
-150.0
-195.0
-207.0
-113.0
-180.0
-137.0
-153.0
-194.0
-107.0
-165.0
-175.0
-99.0
-149.0
-85.0
-80.0
-131.0
-8.0
-79.0
-89.0
-15.0
-142.0
-44.0
-85.0
-91.0
-26.0
-91.0
-64.0
17.0
-94.0
-46.0
-68.0
-116.0
-2.0
-71.0
-39.0
15.0
-56.0
6.0
13.0
-33.0
18.0
-40.0
-13.0
25.0
-10.0
32.0
16.0
-22.0
-1.0
-27.0
-82.0
-1.0
-80.0
-30.0
-40.0
-123.0
-14.0
-83.0
-88.0
-33.0
-100.0
-42.0
-67.0
-141.0
-68.0
-143.0
-111.0
-51.0
-147.0
-106.0
-100.0
-174.0
-61.0
-155.0
-115.0
-62.0
-165.0
-35.0
-14.0
-150.0
-85.0
-154.0
-147.0
-125.0
-171.0
-105.0
-92.0
-172.0
-28.0
-139.0
-154.0
-45.0
-177.0
-118.0
-107.0
-191.0
-92.0
-157.0
-161.0
-80.0
-186.0
-136.0
-129.0
-164.0
-78.0
-141.0
-181.0
-88.0
-222.0
-142.0
-125.0
-188.0
-96.0
-176.0
-115.0
-64.0
-104.0
-64.0
-87.0
-150.0
-50.0
-126.0
-120.0
-87.0
-193.0
-104.0
-79.0
-156.0
-146.0
-130.0
-185.0
-91.0
-143.0
-119.0
-100.0
-165.0
-44.0
-121.0
-120.0
-53.0
-135.0
-131.0
-95.0
-167.0
-63.0
-117.0
-134.0
-70.0
-175.0
-78.0
-96.0
-163.0
-74.0
-139.0
-117.0
-63.0
-122.0
-77.0
-82.0
-139.0
-47.0
-89.0
-106.0
-53.0
-196.0
-68.0
-91.0
-142.0
-4.0
-92.0
-93.0
-62.0
-139.0
-77.0
-101.0
-172.0
-87.0
-81.0
-136.0
-7.0
-117.0
-93.0
-47.0
-137.0
-59.0
-117.0
-103.0
-36.0
-129.0
-62.0
-96.0
-135.0
-45.0
-96.0
-90.0
-34.0
-138.0
-90.0
-93.0
-149.0
-45.0
-109.0
-91.0
11.0
-68.0
6.0
-55.0
-114.0
-62.0
-94.0
-89.0
-28.0
-108.0
-65.0
-85.0
-98.0
-4.0
-95.0
-82.0
-45.0
-193.0
-104.0
-130.0
-170.0
-89.0
-142.0
-108.0
-42.0
-123.0
-126.0
-93.0
-190.0
-83.0
-178.0
-150.0
-67.0
-159.0
-111.0
-124.0
-135.0
-44.0
-128.0
-134.0
-64.0
-158.0
-91.0
-89.0
-156.0
-44.0
-152.0
-122.0
-33.0
-116.0
-66.0
-50.0
-130.0
-6.0
-125.0
-82.0
-40.0
-101.0
-46.0
-46.0
-165.0
-34.0
-90.0
-126.0
-65.0
-161.0
-95.0
-59.0
-98.0
-51.0
-115.0
-136.0
-83.0
-176.0
-76.0
-119.0
-160.0
-65.0
-136.0
-138.0
-86.0
-154.0
-97.0
-96.0
-99.0
-27.0
-120.0
-90.0
0.0
-108.0
-39.0
-49.0
-120.0
18.0
-70.0
-72.0
-111.0
-114.0
-74.0
-39.0
-142.0
-12.0
-62.0
-78.0
19.0
-127.0
21.0
-36.0
-120.0
-30.0
-70.0
-44.0
7.0
-62.0
-8.0
-18.0
-132.0
-31.0
-93.0
-79.0
1.0
-143.0
-67.0
-79.0
-119.0
-48.0
-93.0
-74.0
-15.0
-83.0
-20.0
-34.0
-91.0
12.0
-72.0
-62.0
3.0
-110.0
-30.0
3.0
-49.0
20.0
-52.0
-65.0
25.0
-74.0
24.0
1.0
-54.0
33.0
-45.0
-35.0
37.0
-46.0
28.0
-8.0
-77.0
-4.0
-90.0
-63.0
-12.0
-67.0
5.0
53.0
-13.0
72.0
7.0
27.0
92.0
18.0
130.0
95.0
88.0
163.0
108.0
105.0
185.0
66.0
104.0
117.0
48.0
89.0
41.0
48.0
58.0
5.0
61.0
13.0
-59.0
46.0
-86.0
-12.0
-32.0
-89.0
-11.0
8.0
-90.0
8.0
-74.0
-78.0
-1.0
-99.0
-30.0
-49.0
-106.0
-44.0
-93.0
-95.0
-24.0
-84.0
-47.0
10.0
-118.0
-50.0
-134.0
-142.0
-26.0
-108.0
-38.0
12.0
-86.0
42.0
-48.0
-32.0
-24.0
-61.0
-7.0
-44.0
-118.0
-3.0
-87.0
-91.0
-83.0
-111.0
-42.0
-21.0
-103.0
-8.0
-135.0
-86.0
-51.0
-107.0
-37.0
-55.0
-122.0
-14.0
-118.0
-83.0
-51.0
-117.0
-53.0
-88.0
-158.0
-60.0
-96.0
-55.0
-6.0
-116.0
-35.0
-71.0
-130.0
16.0
-102.0
-63.0
-43.0
-79.0
-32.0
-19.0
-77.0
3.0
-56.0
-34.0
-15.0
-105.0
-54.0
-50.0
-115.0
-23.0
-61.0
-70.0
-30.0
-76.0
-26.0
-51.0
-139.0
-30.0
-109.0
-78.0
0.0
-120.0
-62.0
-54.0
-151.0
-56.0
-127.0
-116.0
-7.0
-149.0
-45.0
-20.0
-75.0
-20.0
-98.0
-63.0
-9.0
-98.0
-65.0
-60.0
-117.0
-46.0
-78.0
-68.0
5.0
-107.0
-23.0
-44.0
-126.0
-13.0
-103.0
-76.0
-12.0
-115.0
-55.0
-62.0
-108.0
-3.0
-73.0
-68.0
-33.0
-89.0
-27.0
-52.0
-48.0
22.0
-79.0
-51.0
10.0
-58.0
-34.0
-55.0
-116.0
-34.0
-101.0
-67.0
-48.0
-114.0
-88.0
-105.0
-191.0
-80.0
-130.0
-153.0
-106.0
-183.0
-87.0
-120.0
-143.0
-58.0
-118.0
-119.0
-71.0
-181.0
-93.0
-97.0
-146.0
-58.0
-126.0
-122.0
-104.0
-153.0
-88.0
-65.0
-111.0
-39.0
-124.0
-122.0
-119.0
-192.0
-100.0
-82.0
-133.0
-55.0
-187.0
-144.0
-65.0
-182.0
-143.0
-49.0
-125.0
-5.0
-97.0
-103.0
-30.0
-214.0
-58.0
-111.0
-160.0
-65.0
-185.0
-144.0
-61.0
-150.0
-51.0
-42.0
-125.0
-26.0
-131.0
-121.0
-86.0
-147.0
-72.0
-106.0
-140.0
-55.0
-116.0
-39.0
3.0
-25.0
-49.0
-54.0
-163.0
-46.0
-162.0
-156.0
-71.0
-153.0
-111.0
-11.0
-70.0
47.0
-112.0
-46.0
-14.0
-143.0
-91.0
-97.0
-169.0
-87.0
-157.0
-97.0
-46.0
-83.0
-8.0
28.0
-77.0
25.0
-115.0
-103.0
-58.0
-141.0
-67.0
-87.0
-109.0
-39.0
-48.0
-9.0
52.0
-14.0
35.0
21.0
-76.0
34.0
-110.0
-97.0
-37.0
-97.0
49.0
128.0
6.0
126.0
21.0
101.0
84.0
-17.0
59.0
27.0
-55.0
16.0
-61.0
-60.0
5.0
-44.0
25.0
-10.0
-48.0
15.0
-62.0
-36.0
13.0
-54.0
-45.0
-65.0
-133.0
-22.0
-78.0
-35.0
63.0
-84.0
-37.0
-85.0
-115.0
-62.0
-119.0
-124.0
-48.0
-156.0
-67.0
-32.0
-139.0
-13.0
-132.0
-78.0
-67.0
-138.0
40.0
-21.0
-52.0
-7.0
-77.0
-48.0
-24.0
-58.0
-20.0
40.0
-57.0
45.0
-48.0
-70.0
-12.0
-80.0
-33.0
-27.0
-92.0
-7.0
-102.0
-12.0
-20.0
-106.0
-6.0
-6.0
-59.0
14.0
-49.0
-53.0
39.0
-48.0
6.0
-3.0
-99.0
25.0
-90.0
-12.0
77.0
-74.0
1.0
-68.0
-95.0
5.0
-136.0
-122.0
-63.0
-151.0
-58.0
-63.0
-85.0
-15.0
-150.0
-78.0
-22.0
-123.0
-7.0
-17.0
-57.0
25.0
-50.0
-44.0
-14.0
-74.0
15.0
2.0
-36.0
-12.0
-109.0
-7.0
5.0
-55.0
21.0
-26.0
-77.0
31.0
-58.0
-26.0
21.0
-111.0
12.0
-51.0
-95.0
-42.0
-30.0
-67.0
-32.0
-87.0
13.0
-41.0
-87.0
21.0
-55.0
-39.0
10.0
-90.0
-11.0
-11.0
-79.0
8.0
-78.0
-58.0
-15.0
-81.0
-48.0
-75.0
-96.0
-6.0
-96.0
3.0
-54.0
-118.0
-12.0
-80.0
-99.0
-52.0
-114.0
-131.0
-76.0
-147.0
-83.0
-81.0
-117.0
-60.0
-172.0
-126.0
-66.0
-114.0
-60.0
-67.0
-103.0
-59.0
-88.0
-66.0
-56.0
-144.0
-55.0
-90.0
-149.0
-49.0
-105.0
-79.0
-29.0
-74.0
22.0
-40.0
-48.0
39.0
-58.0
-59.0
-16.0
-114.0
-16.0
-39.0
-67.0
42.0
-55.0
-15.0
23.0
-121.0
24.0
-35.0
-84.0
-24.0
-137.0
-71.0
-42.0
-61.0
10.0
-21.0
-72.0
13.0
-126.0
-80.0
-74.0
-134.0
-59.0
-71.0
-107.0
-7.0
-82.0
-25.0
-29.0
-89.0
-22.0
-45.0
-103.0
25.0
-80.0
-74.0
-82.0
-144.0
-64.0
-64.0
-144.0
23.0
-91.0
-51.0
-12.0
-79.0
-8.0
-46.0
-115.0
8.0
-86.0
-87.0
-72.0
-130.0
-70.0
-65.0
-97.0
-30.0
-99.0
-94.0
-97.0
-175.0
-92.0
-120.0
-98.0
-31.0
-75.0
-76.0
-26.0
-96.0
-48.0
-18.0
-89.0
-27.0
-88.0
-79.0
-53.0
-161.0
-63.0
-103.0
-150.0
-20.0
-100.0
-73.0
-76.0
-165.0
-29.0
-42.0
-80.0
18.0
-56.0
-30.0
25.0
-132.0
-53.0
-116.0
-160.0
-94.0
-157.0
-120.0
-77.0
-133.0
-18.0
-109.0
-159.0
-52.0
-136.0
-69.0
-32.0
-156.0
-43.0
-73.0
-71.0
-37.0
-83.0
-65.0
-33.0
-92.0
-18.0
-50.0
-83.0
24.0
-36.0
-22.0
25.0
-77.0
33.0
-27.0
-18.0
61.0
-47.0
-64.0
-3.0
-72.0
47.0
-39.0
-45.0
75.0
-16.0
19.0
51.0
-91.0
44.0
11.0
-14.0
67.0
-21.0
12.0
60.0
-18.0
11.0
-24.0
-76.0
37.0
-50.0
-51.0
27.0
-32.0
-23.0
-11.0
-117.0
-11.0
-116.0
-72.0
-23.0
-124.0
-8.0
-65.0
-36.0
22.0
-108.0
-73.0
-37.0
-134.0
10.0
-63.0
-84.0
9.0
-98.0
-17.0
-11.0
-94.0
-14.0
-73.0
-177.0
-58.0
-89.0
-79.0
-31.0
-133.0
-82.0
-99.0
-142.0
-49.0
-114.0
-127.0
-66.0
-167.0
-124.0
-101.0
-155.0
-81.0
-121.0
-108.0
-30.0
-156.0
-62.0
-99.0
-189.0
-106.0
-160.0
-152.0
-115.0
-177.0
-84.0
-76.0
-91.0
-11.0
-95.0
-39.0
-8.0
-61.0
4.0
-23.0
-93.0
-49.0
-99.0
-109.0
-84.0
-142.0
-52.0
-110.0
-146.0
-88.0
-119.0
-140.0
-81.0
-227.0
-144.0
-105.0
-195.0
-70.0
-144.0
-70.0
-104.0
-138.0
-139.0
-109.0
-143.0
-86.0
-147.0
-136.0
-119.0
-136.0
-60.0
-129.0
-176.0
-103.0
-181.0
-176.0
-119.0
-198.0
-108.0
-84.0
-119.0
-56.0
-131.0
-68.0
-46.0
-143.0
-33.0
-71.0
-61.0
17.0
-109.0
-54.0
-38.0
-77.0
0.0
-31.0
-103.0
-8.0
-105.0
-50.0
-8.0
-58.0
31.0
-19.0
-71.0
19.0
-124.0
-69.0
-57.0
-90.0
14.0
-58.0
-79.0
-3.0
-63.0
-31.0
-4.0
-102.0
2.0
-38.0
-77.0
-9.0
-93.0
-25.0
11.0
-100.0
-8.0
-8.0
-58.0
4.0
-99.0
-67.0
-51.0
-105.0
-13.0
-15.0
-67.0
-11.0
-60.0
-29.0
-14.0
-42.0
-18.0
-29.0
-89.0
35.0
-37.0
-1.0
26.0
-102.0
53.0
16.0
-17.0
39.0
-23.0
7.0
35.0
-44.0
60.0
24.0
-39.0
56.0
-14.0
21.0
75.0
-2.0
89.0
11.0
-13.0
101.0
23.0
46.0
79.0
-6.0
31.0
30.0
-12.0
86.0
-38.0
6.0
18.0
-34.0
39.0
6.0
-44.0
42.0
-15.0
-7.0
64.0
-35.0
76.0
40.0
-15.0
60.0
4.0
41.0
87.0
-42.0
122.0
4.0
-3.0
81.0
-22.0
-27.0
56.0
-63.0
48.0
-23.0
-56.0
33.0
-20.0
43.0
61.0
-42.0
40.0
-1.0
-34.0
26.0
-18.0
-14.0
15.0
-79.0
16.0
-49.0
-52.0
-3.0
-105.0
-41.0
-2.0
-78.0
8.0
16.0
-39.0
61.0
-40.0
3.0
88.0
-65.0
2.0
-33.0
-34.0
46.0
-107.0
-23.0
36.0
-62.0
26.0
-3.0
-22.0
55.0
-26.0
1.0
-11.0
-39.0
-18.0
-26.0
-46.0
35.0
-41.0
-27.0
24.0
-86.0
72.0
-48.0
-22.0
51.0
-34.0
-38.0
52.0
-52.0
43.0
20.0
-36.0
42.0
-72.0
56.0
32.0
-34.0
15.0
-13.0
-49.0
27.0
-33.0
42.0
83.0
-14.0
39.0
-20.0
16.0
76.0
-10.0
8.0
59.0
23.0
75.0
53.0
78.0
133.0
44.0
101.0
75.0
23.0
77.0
83.0
36.0
119.0
15.0
133.0
125.0
62.0
96.0
17.0
-3.0
83.0
-40.0
18.0
29.0
-35.0
54.0
1.0
-1.0
131.0
29.0
56.0
46.0
-27.0
65.0
39.0
-21.0
74.0
15.0
48.0
51.0
-34.0
64.0
-15.0
-31.0
77.0
-20.0
3.0
18.0
-37.0
54.0
7.0
-25.0
46.0
-24.0
28.0
54.0
-54.0
45.0
-5.0
-34.0
88.0
-43.0
17.0
39.0
-43.0
25.0
-24.0
-35.0
77.0
-63.0
-15.0
45.0
-65.0
165.0
1.0
-42.0
67.0
-49.0
21.0
13.0
-71.0
43.0
-17.0
-42.0
48.0
-11.0
25.0
54.0
-38.0
32.0
1.0
-9.0
14.0
-76.0
-16.0
39.0
-46.0
33.0
-3.0
-46.0
45.0
-70.0
-23.0
26.0
-63.0
-74.0
-76.0
-71.0
-5.0
-108.0
-29.0
-19.0
-79.0
-60.0
-59.0
-87.0
13.0
-36.0
-34.0
-54.0
-66.0
-23.0
-42.0
-92.0
-10.0
-95.0
-22.0
-19.0
-95.0
4.0
-54.0
-77.0
26.0
-83.0
-13.0
2.0
-105.0
12.0
-53.0
-92.0
-6.0
-89.0
-68.0
-54.0
-122.0
-23.0
-118.0
-71.0
26.0
-102.0
-54.0
4.0
-61.0
-4.0
-78.0
-72.0
14.0
-95.0
-59.0
-31.0
-119.0
12.0
-40.0
-43.0
45.0
-91.0
-20.0
-55.0
-112.0
27.0
-72.0
-115.0
-4.0
-110.0
-30.0
-26.0
-77.0
-33.0
-83.0
-92.0
-32.0
-134.0
-45.0
-53.0
-131.0
-47.0
-82.0
-96.0
-20.0
-103.0
-71.0
-42.0
-116.0
-18.0
-39.0
-75.0
-17.0
-65.0
7.0
-3.0
-67.0
6.0
-11.0
-33.0
-7.0
-25.0
-9.0
27.0
-88.0
-24.0
-58.0
-81.0
-2.0
-92.0
-30.0
-35.0
-131.0
-14.0
-72.0
-82.0
4.0
-92.0
-14.0
-6.0
-46.0
28.0
-24.0
-21.0
59.0
-54.0
-28.0
30.0
-90.0
14.0
-65.0
22.0
34.0
-63.0
61.0
-4.0
-62.0
2.0
-51.0
-12.0
43.0
-39.0
36.0
7.0
-84.0
26.0
-41.0
-102.0
-37.0
-110.0
3.0
27.0
-32.0
35.0
3.0
-13.0
62.0
-87.0
62.0
16.0
-37.0
68.0
0.0
4.0
63.0
-7.0
13.0
21.0
-59.0
50.0
-20.0
-34.0
2.0
-99.0
-25.0
-19.0
-72.0
17.0
-37.0
-52.0
7.0
-68.0
-43.0
-25.0
-81.0
-14.0
-37.0
-46.0
2.0
-77.0
51.0
23.0
-53.0
51.0
3.0
-29.0
47.0
-27.0
15.0
10.0
-58.0
46.0
-33.0
-43.0
18.0
-80.0
-3.0
14.0
-45.0
43.0
-2.0
-5.0
71.0
-50.0
43.0
39.0
13.0
86.0
43.0
62.0
171.0
92.0
129.0
116.0
77.0
147.0
92.0
35.0
120.0
33.0
50.0
36.0
-34.0
87.0
25.0
34.0
67.0
-37.0
4.0
-24.0
-110.0
-36.0
-131.0
-70.0
-6.0
-77.0
-17.0
-28.0
-81.0
42.0
-46.0
-78.0
2.0
-81.0
-69.0
-56.0
-114.0
29.0
-67.0
-32.0
30.0
-114.0
-44.0
-33.0
-118.0
6.0
-88.0
-93.0
-63.0
-120.0
-23.0
-16.0
-74.0
16.0
-50.0
-70.0
-31.0
-131.0
-57.0
-30.0
-140.0
-61.0
-119.0
-114.0
-65.0
-135.0
-97.0
-84.0
-115.0
-14.0
-58.0
-90.0
-40.0
-94.0
-47.0
-35.0
-105.0
-13.0
-70.0
-67.0
-17.0
-109.0
-20.0
-8.0
-113.0
-5.0
-127.0
-95.0
-54.0
-115.0
-85.0
-63.0
-149.0
-54.0
-120.0
-29.0
17.0
-108.0
-73.0
-120.0
-133.0
-81.0
-127.0
-105.0
-45.0
-156.0
-73.0
-99.0
-132.0
-58.0
-130.0
-95.0
-51.0
-194.0
-86.0
-47.0
-125.0
18.0
-75.0
-43.0
39.0
-43.0
-24.0
-42.0
-165.0
14.0
-82.0
-99.0
-49.0
-124.0
-77.0
-68.0
-141.0
-63.0
-180.0
-176.0
-129.0
-217.0
-117.0
-135.0
-191.0
-105.0
-134.0
-174.0
-139.0
-255.0
-148.0
-173.0
-199.0
-62.0
-134.0
-80.0
-92.0
-283.0
-183.0
-226.0
-252.0
-100.0
-110.0
-74.0
-14.0
-113.0
-64.0
-81.0
-121.0
-62.0
-132.0
-139.0
-46.0
-127.0
-33.0
-34.0
-84.0
-6.0
-90.0
-103.0
-19.0
-88.0
-105.0
-76.0
-234.0
-81.0
-166.0
-159.0
-19.0
-119.0
-27.0
-16.0
-109.0
-20.0
-152.0
-116.0
-95.0
-201.0
-123.0
-144.0
-130.0
-80.0
-100.0
-156.0
-53.0
-131.0
-116.0
-71.0
-151.0
-70.0
-114.0
-135.0
-70.0
-146.0
-155.0
-93.0
-152.0
-64.0
-90.0
-121.0
-39.0
-154.0
-52.0
-88.0
-191.0
-16.0
-70.0
-80.0
-29.0
-103.0
-65.0
-83.0
-118.0
-53.0
-163.0
-133.0
-83.0
-179.0
-77.0
-123.0
-173.0
-63.0
-125.0
-146.0
-70.0
-182.0
-102.0
-116.0
-184.0
-136.0
-169.0
-169.0
-116.0
-224.0
-140.0
-109.0
-100.0
-5.0
-67.0
-77.0
11.0
-119.0
-98.0
-125.0
-147.0
-115.0
-112.0
-100.0
-42.0
-158.0
-74.0
-40.0
-127.0
-26.0
-80.0
-122.0
-77.0
-162.0
-125.0
-89.0
-182.0
-116.0
-154.0
-145.0
-5.0
-130.0
-47.0
-72.0
-195.0
-112.0
-171.0
-196.0
-81.0
-168.0
-49.0
6.0
-70.0
-21.0
-79.0
-98.0
-33.0
-139.0
-51.0
-53.0
-127.0
-42.0
-102.0
-108.0
-68.0
-158.0
-83.0
-68.0
-115.0
-55.0
-115.0
-130.0
-63.0
-131.0
-109.0
-100.0
-143.0
-93.0
-112.0
-129.0
-63.0
-159.0
-71.0
-69.0
-100.0
-63.0
-106.0
-48.0
-31.0
-123.0
-63.0
-76.0
-151.0
-49.0
-119.0
-119.0
-51.0
-145.0
-80.0
-76.0
-138.0
-26.0
-102.0
-102.0
-88.0
-158.0
-64.0
-66.0
-146.0
-48.0
-109.0
-46.0
-34.0
-82.0
-25.0
-20.0
-78.0
-78.0
-133.0
-186.0
-56.0
-146.0
-61.0
-29.0
-83.0
19.0
3.0
-26.0
68.0
-74.0
10.0
-27.0
16.0
46.0
-75.0
-80.0
-75.0
-139.0
-59.0
-73.0
-108.0
7.0
-68.0
-56.0
-42.0
-137.0
-59.0
-96.0
-231.0
-97.0
-110.0
-90.0
-23.0
-71.0
-36.0
-46.0
-98.0
-4.0
-107.0
-78.0
-44.0
-138.0
-76.0
-67.0
-142.0
-24.0
-63.0
-92.0
17.0
-93.0
-8.0
-37.0
-82.0
-50.0
-132.0
-119.0
-85.0
-164.0
-71.0
-79.0
-133.0
-35.0
-116.0
-82.0
-64.0
-192.0
-50.0
-64.0
-138.0
-58.0
-134.0
-139.0
-95.0
-149.0
-81.0
-85.0
-112.0
-68.0
-42.0
-89.0
-22.0
-136.0
-35.0
-88.0
-116.0
-24.0
-131.0
-91.0
-44.0
-114.0
-35.0
-43.0
-41.0
30.0
-48.0
-21.0
-4.0
-87.0
-44.0
-117.0
-127.0
-21.0
-80.0
-44.0
58.0
-50.0
39.0
3.0
-81.0
23.0
-76.0
-110.0
39.0
-95.0
-41.0
-26.0
-69.0
19.0
-72.0
-51.0
10.0
-117.0
-48.0
-97.0
-168.0
-73.0
-130.0
-122.0
-12.0
-127.0
-28.0
-44.0
-100.0
13.0
-90.0
-102.0
-18.0
-168.0
-69.0
-42.0
-108.0
-26.0
-101.0
-101.0
-30.0
-82.0
42.0
10.0
-30.0
39.0
-13.0
-48.0
-1.0
-140.0
-79.0
-97.0
-118.0
-22.0
-34.0
14.0
86.0
37.0
22.0
15.0
-112.0
-32.0
-95.0
-102.0
-31.0
-103.0
-35.0
-67.0
-63.0
34.0
-62.0
-22.0
25.0
-59.0
8.0
-52.0
-89.0
-64.0
-156.0
-150.0
-72.0
-106.0
-9.0
-41.0
-90.0
20.0
-53.0
-32.0
10.0
-93.0
-14.0
-69.0
-115.0
-88.0
-136.0
-94.0
-75.0
-134.0
-34.0
20.0
-36.0
111.0
19.0
60.0
68.0
-59.0
0.0
-25.0
-72.0
-36.0
-94.0
-80.0
28.0
-14.0
112.0
141.0
88.0
180.0
82.0
23.0
49.0
-44.0
16.0
-13.0
-90.0
50.0
-54.0
-60.0
43.0
-45.0
48.0
33.0
-49.0
30.0
-78.0
-79.0
14.0
-51.0
4.0
-25.0
-99.0
31.0
-31.0
-24.0
113.0
-13.0
65.0
40.0
-43.0
12.0
-70.0
-42.0
12.0
-50.0
53.0
53.0
-17.0
129.0
76.0
-27.0
10.0
-87.0
-20.0
-77.0
-121.0
-32.0
-97.0
-71.0
-16.0
-93.0
-5.0
-27.0
-53.0
4.0
-59.0
-76.0
-18.0
-111.0
-6.0
-14.0
-34.0
15.0
-74.0
-67.0
-11.0
-106.0
-13.0
-31.0
-92.0
-7.0
-40.0
-59.0
-58.0
-87.0
-38.0
-58.0
-142.0
-24.0
-91.0
-70.0
-10.0
-102.0
-5.0
-106.0
-120.0
-49.0
-120.0
-51.0
-56.0
-76.0
-76.0
-69.0
-138.0
-57.0
-109.0
-86.0
-32.0
-161.0
-73.0
-67.0
-133.0
-38.0
-138.0
-109.0
-40.0
-127.0
-50.0
-56.0
-73.0
-15.0
-115.0
-55.0
-59.0
-156.0
-49.0
-86.0
-138.0
-23.0
-91.0
-92.0
23.0
-95.0
-28.0
-46.0
-98.0
-13.0
-135.0
-56.0
-68.0
-96.0
-66.0
-64.0
-91.0
-50.0
-90.0
-80.0
-56.0
-85.0
-36.0
-89.0
-127.0
-61.0
-95.0
-126.0
-73.0
-128.0
-70.0
-106.0
-150.0
-41.0
-135.0
-78.0
-23.0
-146.0
-60.0
-88.0
-116.0
3.0
-75.0
-44.0
21.0
-52.0
-17.0
-26.0
-120.0
15.0
-110.0
-66.0
-51.0
-156.0
-36.0
-76.0
-124.0
-14.0
-154.0
-109.0
-30.0
-142.0
1.0
-11.0
-105.0
-30.0
-95.0
-12.0
5.0
-103.0
-4.0
-42.0
-100.0
16.0
-57.0
-32.0
6.0
-72.0
7.0
-52.0
-53.0
39.0
-35.0
34.0
44.0
-56.0
-15.0
-36.0
-88.0
16.0
-79.0
-30.0
-13.0
-119.0
-43.0
-64.0
-134.0
-22.0
-107.0
-88.0
-34.0
-149.0
-96.0
-130.0
-108.0
-49.0
-99.0
-73.0
-36.0
-134.0
-31.0
-30.0
-84.0
-48.0
-83.0
-38.0
14.0
-67.0
8.0
-19.0
-77.0
8.0
-80.0
-7.0
32.0
-67.0
28.0
-24.0
-59.0
14.0
-63.0
-84.0
17.0
-125.0
-31.0
2.0
-51.0
22.0
-24.0
-10.0
39.0
-59.0
62.0
27.0
-9.0
97.0
24.0
56.0
60.0
8.0
65.0
34.0
13.0
78.0
-29.0
-15.0
50.0
-76.0
43.0
-21.0
-24.0
16.0
-22.0
12.0
46.0
-56.0
22.0
-28.0
-59.0
-7.0
-41.0
-3.0
61.0
-45.0
35.0
24.0
27.0
61.0
-40.0
-11.0
-8.0
-84.0
22.0
-13.0
-38.0
36.0
-67.0
9.0
99.0
-27.0
80.0
57.0
-1.0
69.0
-29.0
3.0
16.0
-76.0
-23.0
-13.0
-72.0
24.0
-59.0
-26.0
6.0
-59.0
22.0
-60.0
-101.0
-10.0
-90.0
-28.0
58.0
-45.0
41.0
1.0
-21.0
73.0
-13.0
-9.0
15.0
-80.0
8.0
-60.0
-56.0
-11.0
-41.0
1.0
18.0
-49.0
22.0
-40.0
-114.0
3.0
-125.0
-42.0
-37.0
-95.0
-36.0
-56.0
-67.0
39.0
-88.0
-22.0
-31.0
-39.0
-32.0
-18.0
-24.0
38.0
-63.0
37.0
12.0
-52.0
44.0
2.0
-21.0
76.0
-29.0
27.0
71.0
-25.0
20.0
-3.0
-25.0
53.0
-33.0
-10.0
62.0
10.0
71.0
43.0
5.0
103.0
-6.0
38.0
102.0
31.0
87.0
68.0
3.0
96.0
-14.0
87.0
100.0
15.0
92.0
42.0
34.0
89.0
32.0
37.0
73.0
6.0
141.0
131.0
71.0
111.0
49.0
95.0
93.0
36.0
105.0
69.0
56.0
106.0
16.0
65.0
120.0
27.0
142.0
68.0
49.0
101.0
64.0
84.0
130.0
48.0
105.0
93.0
35.0
102.0
48.0
87.0
108.0
-18.0
92.0
56.0
-13.0
61.0
3.0
30.0
46.0
-33.0
86.0
37.0
10.0
152.0
59.0
30.0
83.0
-8.0
32.0
6.0
-73.0
6.0
-66.0
15.0
100.0
7.0
103.0
93.0
58.0
121.0
-4.0
-2.0
6.0
-60.0
18.0
51.0
4.0
129.0
41.0
73.0
134.0
-4.0
31.0
15.0
-34.0
46.0
-46.0
15.0
32.0
-36.0
98.0
49.0
15.0
151.0
63.0
95.0
83.0
56.0
134.0
23.0
22.0
138.0
69.0
112.0
119.0
52.0
148.0
102.0
25.0
84.0
-33.0
18.0
63.0
-13.0
64.0
26.0
-16.0
78.0
4.0
34.0
41.0
-32.0
52.0
30.0
14.0
83.0
-17.0
33.0
53.0
-3.0
73.0
16.0
37.0
73.0
24.0
32.0
61.0
-35.0
15.0
27.0
17.0
88.0
4.0
20.0
45.0
-32.0
27.0
-44.0
-54.0
7.0
-57.0
-19.0
12.0
-116.0
16.0
29.0
-18.0
96.0
-43.0
-6.0
-10.0
-132.0
-16.0
-35.0
-58.0
50.0
-89.0
5.0
11.0
-146.0
-41.0
-35.0
-53.0
12.0
-72.0
-22.0
31.0
-79.0
4.0
-55.0
-100.0
9.0
-95.0
-37.0
-14.0
-101.0
-35.0
-96.0
-91.0
22.0
-90.0
-32.0
-65.0
-106.0
-1.0
-38.0
-106.0
-8.0
-116.0
-78.0
-15.0
-106.0
-10.0
-34.0
-49.0
-10.0
-95.0
-49.0
-16.0
-108.0
-18.0
-80.0
-126.0
-40.0
-138.0
-81.0
-88.0
-133.0
-11.0
-57.0
-84.0
-14.0
-121.0
-34.0
-30.0
-39.0
20.0
-69.0
-69.0
19.0
-110.0
-54.0
-19.0
-83.0
-8.0
-89.0
-45.0
-20.0
-84.0
-49.0
-35.0
-68.0
47.0
-34.0
-73.0
-26.0
-55.0
-34.0
8.0
-62.0
34.0
-52.0
-90.0
-20.0
-111.0
-39.0
22.0
-76.0
-14.0
-92.0
-133.0
-22.0
-107.0
-25.0
-10.0
-80.0
-7.0
-56.0
-79.0
13.0
-127.0
-41.0
-26.0
-142.0
-2.0
-48.0
-76.0
13.0
-83.0
-15.0
-23.0
-131.0
-39.0
-119.0
-116.0
-67.0
-186.0
-104.0
-25.0
-110.0
-16.0
-40.0
-99.0
-17.0
-140.0
-91.0
-114.0
-200.0
-19.0
-97.0
-110.0
-43.0
-108.0
-45.0
-33.0
-121.0
-40.0
-86.0
-114.0
-77.0
-146.0
-79.0
-40.0
-140.0
-46.0
-129.0
-135.0
-25.0
-130.0
-78.0
-63.0
-144.0
-89.0
-106.0
-61.0
0.0
-50.0
-6.0
23.0
-54.0
62.0
22.0
18.0
135.0
56.0
97.0
135.0
64.0
145.0
73.0
1.0
79.0
-44.0
16.0
73.0
-64.0
-2.0
-66.0
-87.0
21.0
-45.0
18.0
27.0
-59.0
23.0
6.0
-49.0
90.0
-59.0
-13.0
-21.0
-86.0
5.0
-35.0
-26.0
51.0
-40.0
52.0
40.0
-107.0
-5.0
-45.0
-51.0
10.0
-101.0
-12.0
-23.0
-64.0
36.0
-33.0
-68.0
-20.0
-77.0
-7.0
-15.0
-106.0
-17.0
-26.0
-40.0
36.0
-122.0
-72.0
-61.0
-92.0
-36.0
-90.0
-105.0
-69.0
-84.0
-21.0
-19.0
-109.0
-46.0
-96.0
-98.0
2.0
-107.0
-42.0
-85.0
-129.0
-18.0
-96.0
-119.0
-49.0
-108.0
-67.0
-16.0
-85.0
-8.0
-52.0
-55.0
-18.0
-122.0
-53.0
6.0
-77.0
42.0
-3.0
38.0
71.0
-26.0
22.0
-31.0
-108.0
34.0
-23.0
-46.0
-77.0
-28.0
-37.0
42.0
-70.0
72.0
12.0
18.0
94.0
-42.0
-1.0
12.0
-67.0
43.0
-25.0
-55.0
20.0
-124.0
-17.0
30.0
-82.0
-12.0
-53.0
-108.0
24.0
-63.0
6.0
-39.0
-113.0
-41.0
-29.0
-22.0
76.0
-1.0
62.0
59.0
-22.0
71.0
-3.0
-23.0
11.0
-22.0
-22.0
-33.0
-126.0
-71.0
-105.0
-109.0
6.0
-16.0
9.0
58.0
-48.0
39.0
-3.0
-105.0
-56.0
-208.0
-118.0
-74.0
-125.0
64.0
13.0
33.0
84.0
-43.0
29.0
21.0
-59.0
15.0
-74.0
-115.0
-50.0
-122.0
-15.0
17.0
-62.0
22.0
-7.0
-46.0
21.0
-112.0
-33.0
-36.0
-124.0
-43.0
-89.0
-95.0
46.0
-87.0
80.0
52.0
-15.0
128.0
22.0
-3.0
6.0
-133.0
-76.0
-53.0
-164.0
6.0
-11.0
-2.0
39.0
-22.0
12.0
34.0
-51.0
4.0
-73.0
-89.0
-11.0
-120.0
-22.0
-17.0
-12.0
72.0
-7.0
-32.0
28.0
-67.0
-72.0
-37.0
-142.0
-39.0
-86.0
-52.0
35.0
-84.0
11.0
47.0
-5.0
40.0
5.0
-35.0
37.0
-106.0
-57.0
-60.0
-54.0
-69.0
-68.0
-103.0
42.0
-60.0
-34.0
10.0
-65.0
-20.0
-124.0
-115.0
-23.0
-115.0
-33.0
-44.0
-72.0
28.0
-69.0
-53.0
-7.0
-83.0
3.0
-11.0
-89.0
-26.0
-31.0
-36.0
57.0
-55.0
-44.0
17.0
-65.0
45.0
-42.0
-40.0
38.0
-39.0
15.0
-29.0
-131.0
-52.0
-73.0
-61.0
14.0
-49.0
-7.0
32.0
-31.0
23.0
-25.0
-48.0
42.0
-52.0
-19.0
6.0
-60.0
-24.0
-93.0
-119.0
2.0
-74.0
6.0
-16.0
-71.0
-39.0
2.0
-16.0
36.0
-77.0
5.0
-1.0
-69.0
45.0
-17.0
-17.0
1.0
-81.0
-36.0
13.0
-39.0
20.0
19.0
-14.0
83.0
-23.0
33.0
81.0
-31.0
65.0
28.0
10.0
19.0
-64.0
16.0
24.0
-57.0
-5.0
-23.0
43.0
85.0
43.0
97.0
33.0
-29.0
33.0
-54.0
-21.0
80.0
-78.0
61.0
11.0
-58.0
33.0
3.0
-36.0
55.0
-6.0
43.0
41.0
-46.0
32.0
-67.0
-100.0
77.0
-73.0
-25.0
-23.0
-53.0
80.0
68.0
89.0
130.0
49.0
70.0
47.0
-84.0
27.0
-47.0
32.0
45.0
-31.0
55.0
92.0
45.0
135.0
64.0
77.0
112.0
-35.0
21.0
-17.0
-97.0
-18.0
-79.0
-79.0
26.0
24.0
96.0
150.0
32.0
157.0
38.0
24.0
5.0
-95.0
-22.0
-47.0
-54.0
67.0
35.0
70.0
147.0
95.0
163.0
159.0
82.0
196.0
99.0
74.0
98.0
-50.0
21.0
12.0
-12.0
67.0
20.0
25.0
130.0
0.0
59.0
26.0
-61.0
6.0
-87.0
-71.0
-7.0
-76.0
-21.0
-19.0
-41.0
62.0
15.0
58.0
69.0
-52.0
-27.0
-30.0
-139.0
-38.0
-67.0
-81.0
-9.0
-29.0
70.0
49.0
-31.0
54.0
-21.0
-19.0
14.0
-95.0
-10.0
-36.0
-92.0
22.0
-9.0
-24.0
77.0
27.0
74.0
125.0
29.0
71.0
-68.0
-68.0
-53.0
-74.0
-16.0
-18.0
-42.0
90.0
70.0
55.0
130.0
53.0
114.0
87.0
16.0
17.0
-86.0
-137.0
-39.0
-125.0
-11.0
-2.0
4.0
68.0
71.0
68.0
101.0
-1.0
31.0
-25.0
-118.0
-15.0
-103.0
-49.0
52.0
-17.0
88.0
76.0
81.0
127.0
38.0
-3.0
47.0
-71.0
-9.0
-74.0
-73.0
16.0
-7.0
18.0
158.0
101.0
183.0
126.0
34.0
108.0
-16.0
-77.0
-13.0
-137.0
-5.0
9.0
13.0
149.0
91.0
117.0
169.0
40.0
129.0
74.0
-19.0
62.0
-35.0
-5.0
4.0
-80.0
-41.0
43.0
26.0
125.0
98.0
39.0
166.0
26.0
39.0
-15.0
-126.0
8.0
-20.0
-10.0
77.0
-29.0
90.0
125.0
39.0
137.0
20.0
-14.0
44.0
-77.0
-16.0
-69.0
-142.0
12.0
-86.0
-15.0
82.0
-18.0
167.0
120.0
34.0
116.0
42.0
62.0
92.0
12.0
71.0
58.0
-21.0
58.0
33.0
20.0
167.0
47.0
152.0
125.0
37.0
105.0
21.0
14.0
100.0
-32.0
65.0
69.0
22.0
91.0
18.0
11.0
55.0
9.0
34.0
38.0
-30.0
73.0
6.0
15.0
111.0
27.0
93.0
167.0
62.0
65.0
11.0
11.0
91.0
-24.0
51.0
43.0
5.0
48.0
12.0
30.0
81.0
-51.0
-4.0
-9.0
-37.0
-1.0
-34.0
-15.0
40.0
-46.0
3.0
24.0
-14.0
61.0
-16.0
-12.0
61.0
-33.0
31.0
-2.0
-67.0
20.0
-32.0
-32.0
56.0
-18.0
59.0
68.0
-7.0
51.0
-4.0
48.0
100.0
11.0
86.0
118.0
63.0
156.0
46.0
63.0
157.0
26.0
67.0
62.0
-7.0
86.0
25.0
58.0
105.0
28.0
76.0
10.0
31.0
88.0
45.0
21.0
77.0
-6.0
55.0
72.0
-8.0
91.0
5.0
16.0
56.0
-42.0
1.0
-5.0
-16.0
67.0
45.0
23.0
119.0
7.0
59.0
46.0
-42.0
36.0
-32.0
-35.0
58.0
-27.0
18.0
-19.0
-42.0
64.0
-30.0
-16.0
33.0
-31.0
37.0
62.0
-56.0
96.0
3.0
-12.0
52.0
-7.0
-7.0
-41.0
-37.0
63.0
-10.0
18.0
36.0
-61.0
13.0
18.0
-33.0
58.0
12.0
50.0
62.0
-41.0
23.0
-16.0
-82.0
15.0
-77.0
-48.0
2.0
-65.0
5.0
-35.0
-70.0
-3.0
-66.0
-39.0
-8.0
-34.0
53.0
23.0
-41.0
88.0
-17.0
-33.0
74.0
-14.0
46.0
21.0
5.0
94.0
18.0
71.0
100.0
-14.0
72.0
29.0
13.0
107.0
25.0
63.0
74.0
19.0
55.0
55.0
8.0
50.0
-16.0
-30.0
115.0
-32.0
58.0
38.0
38.0
110.0
43.0
44.0
95.0
-26.0
83.0
65.0
5.0
65.0
78.0
40.0
102.0
-7.0
79.0
72.0
-21.0
93.0
-34.0
-16.0
7.0
-26.0
25.0
8.0
-15.0
56.0
32.0
77.0
144.0
41.0
118.0
106.0
50.0
150.0
101.0
157.0
176.0
93.0
208.0
155.0
98.0
176.0
79.0
70.0
96.0
29.0
93.0
71.0
50.0
119.0
49.0
53.0
97.0
-12.0
83.0
40.0
-8.0
69.0
-5.0
4.0
64.0
-46.0
35.0
48.0
19.0
63.0
39.0
37.0
120.0
16.0
98.0
88.0
54.0
128.0
96.0
107.0
209.0
117.0
169.0
150.0
30.0
147.0
83.0
95.0
142.0
22.0
114.0
82.0
32.0
100.0
21.0
31.0
56.0
-13.0
23.0
1.0
-11.0
31.0
3.0
11.0
54.0
-27.0
4.0
15.0
-32.0
27.0
-14.0
-50.0
16.0
-69.0
22.0
12.0
-93.0
46.0
-64.0
3.0
65.0
-30.0
-6.0
-21.0
-99.0
53.0
3.0
-32.0
-6.0
-82.0
-1.0
24.0
-73.0
49.0
10.0
11.0
61.0
-40.0
31.0
27.0
-59.0
71.0
-36.0
8.0
83.0
-32.0
45.0
7.0
-7.0
77.0
-5.0
14.0
44.0
-30.0
48.0
58.0
-12.0
58.0
8.0
29.0
49.0
-18.0
105.0
39.0
-27.0
32.0
-11.0
20.0
70.0
-64.0
43.0
28.0
-30.0
141.0
-17.0
-8.0
18.0
-11.0
44.0
-17.0
-56.0
34.0
-56.0
-26.0
22.0
-52.0
26.0
-16.0
-72.0
17.0
-46.0
-24.0
26.0
-71.0
50.0
11.0
-29.0
34.0
-16.0
-32.0
26.0
-73.0
11.0
7.0
-47.0
27.0
-17.0
-49.0
28.0
-96.0
33.0
-4.0
-58.0
-12.0
-72.0
-54.0
8.0
-78.0
-35.0
-38.0
-108.0
25.0
-72.0
-59.0
-22.0
-115.0
19.0
-46.0
-111.0
-33.0
-77.0
-82.0
-54.0
-147.0
-60.0
-64.0
-103.0
26.0
-73.0
-11.0
18.0
-54.0
30.0
26.0
4.0
82.0
62.0
67.0
153.0
35.0
194.0
99.0
26.0
141.0
33.0
55.0
86.0
-12.0
76.0
16.0
-14.0
59.0
-87.0
-71.0
2.0
-82.0
10.0
-22.0
-32.0
18.0
-55.0
-74.0
-23.0
-108.0
-35.0
-50.0
-121.0
-7.0
-117.0
-92.0
-56.0
-153.0
-72.0
-90.0
-132.0
-38.0
-70.0
-80.0
-45.0
-104.0
-78.0
-77.0
-158.0
-10.0
-99.0
-78.0
1.0
-24.0
29.0
40.0
-21.0
77.0
-6.0
11.0
47.0
-42.0
24.0
-30.0
-40.0
31.0
-39.0
-50.0
3.0
-127.0
-40.0
-93.0
-153.0
-50.0
-158.0
-104.0
-46.0
-152.0
-43.0
-71.0
-156.0
-12.0
-98.0
-122.0
-76.0
-179.0
-111.0
-134.0
-181.0
-22.0
-126.0
-58.0
-55.0
-156.0
-31.0
-96.0
-130.0
-73.0
-131.0
-105.0
-77.0
-145.0
-96.0
-72.0
-139.0
-15.0
-77.0
-81.0
-54.0
-122.0
-134.0
-109.0
-161.0
-50.0
-132.0
-114.0
-51.0
-130.0
-43.0
-50.0
-133.0
3.0
-121.0
-119.0
-77.0
-169.0
-117.0
-112.0
-149.0
-70.0
-115.0
-97.0
-96.0
-142.0
-70.0
-139.0
-146.0
-84.0
-158.0
-144.0
-86.0
-156.0
-69.0
-125.0
-110.0
-40.0
-106.0
-128.0
-71.0
-129.0
-103.0
-49.0
-135.0
-55.0
-134.0
-131.0
-63.0
-160.0
-87.0
-100.0
-141.0
-45.0
-103.0
-99.0
-22.0
-83.0
-10.0
-33.0
-92.0
-61.0
-115.0
-103.0
-43.0
-136.0
-30.0
-59.0
-67.0
18.0
-87.0
-89.0
-65.0
-96.0
-43.0
-92.0
-120.0
-74.0
-119.0
-144.0
-93.0
-144.0
-84.0
-102.0
-122.0
-62.0
-131.0
-133.0
-32.0
-157.0
-90.0
-80.0
-91.0
-32.0
-98.0
-71.0
-28.0
-58.0
-28.0
-26.0
-109.0
-22.0
-82.0
-77.0
-35.0
-105.0
-27.0
-20.0
-79.0
14.0
-65.0
-33.0
16.0
-100.0
9.0
-32.0
-56.0
-8.0
-95.0
-121.0
-23.0
-112.0
-13.0
23.0
-13.0
41.0
-42.0
24.0
-37.0
-123.0
-50.0
-46.0
-91.0
8.0
-81.0
-45.0
-40.0
-180.0
-21.0
-56.0
-99.0
28.0
-50.0
-70.0
-47.0
-108.0
-65.0
-74.0
-140.0
-39.0
-131.0
-67.0
-52.0
-96.0
-34.0
-50.0
-77.0
-5.0
-70.0
-29.0
24.0
-108.0
-1.0
-88.0
-118.0
-10.0
-101.0
-97.0
-20.0
-52.0
-5.0
8.0
-29.0
59.0
14.0
-14.0
133.0
30.0
116.0
62.0
27.0
83.0
-47.0
-1.0
54.0
-78.0
68.0
-18.0
-84.0
-10.0
-55.0
-77.0
-14.0
-128.0
-62.0
-91.0
-105.0
29.0
-75.0
-27.0
-12.0
-63.0
-2.0
-55.0
-154.0
-69.0
-186.0
-86.0
-67.0
-154.0
-96.0
-90.0
-107.0
-15.0
-64.0
-78.0
-81.0
-172.0
-119.0
-115.0
-140.0
-122.0
-154.0
-155.0
-79.0
-147.0
-79.0
-95.0
-121.0
-52.0
-131.0
-122.0
-24.0
-129.0
-62.0
-50.0
-108.0
-46.0
-106.0
-102.0
-20.0
-100.0
-10.0
-45.0
-93.0
-3.0
-113.0
-99.0
16.0
-128.0
-31.0
-78.0
-78.0
-5.0
-61.0
-22.0
1.0
-78.0
-4.0
-54.0
-59.0
16.0
-42.0
13.0
15.0
-86.0
-7.0
-68.0
-56.0
16.0
-61.0
-29.0
-27.0
-98.0
-56.0
-64.0
-114.0
-33.0
-73.0
-100.0
-89.0
-162.0
-68.0
-112.0
-126.0
-42.0
-157.0
-125.0
-84.0
-196.0
-72.0
-88.0
-131.0
-28.0
-123.0
-63.0
-26.0
-119.0
-43.0
-64.0
-136.0
-85.0
-160.0
-143.0
-65.0
-157.0
-103.0
-76.0
-160.0
-23.0
-137.0
-107.0
-7.0
-93.0
-2.0
-61.0
-77.0
-16.0
-147.0
-114.0
-36.0
-156.0
-36.0
-53.0
-196.0
-38.0
-157.0
-69.0
-56.0
-83.0
-10.0
-73.0
-105.0
-61.0
-84.0
-80.0
-39.0
-124.0
-73.0
-83.0
-163.0
-43.0
-77.0
-76.0
-31.0
-127.0
-33.0
-89.0
-119.0
-20.0
-88.0
-58.0
-18.0
-91.0
-42.0
-70.0
-102.0
-5.0
-100.0
-75.0
-45.0
-171.0
-76.0
-116.0
-157.0
-45.0
-179.0
-155.0
-101.0
-203.0
-84.0
-111.0
-132.0
-89.0
-74.0
-94.0
-56.0
-147.0
-68.0
-143.0
-158.0
-101.0
-169.0
-114.0
-56.0
-162.0
-46.0
-128.0
-100.0
-36.0
-133.0
-81.0
-62.0
-178.0
-63.0
-87.0
-111.0
-37.0
-124.0
-71.0
-16.0
-147.0
4.0
-105.0
-94.0
-69.0
-88.0
-62.0
-34.0
-64.0
-19.0
-59.0
-115.0
1.0
-77.0
-34.0
-36.0
-139.0
-51.0
-50.0
-139.0
-27.0
-67.0
-50.0
-24.0
-112.0
-66.0
-69.0
-127.0
-5.0
-81.0
-69.0
-12.0
-81.0
-48.0
-79.0
-139.0
-61.0
-104.0
-91.0
-41.0
-126.0
-56.0
-114.0
-150.0
-34.0
-139.0
-99.0
-59.0
-125.0
-19.0
-46.0
-118.0
-20.0
-97.0
-77.0
-40.0
-113.0
1.0
-46.0
-60.0
-11.0
-135.0
-123.0
-115.0
-161.0
-89.0
-100.0
-137.0
-44.0
-86.0
-79.0
-5.0
-84.0
-20.0
-53.0
-62.0
-14.0
-99.0
-30.0
-85.0
-124.0
-29.0
-27.0
-88.0
18.0
-114.0
-134.0
-71.0
-155.0
-82.0
-91.0
-104.0
-1.0
-99.0
-45.0
4.0
-135.0
-60.0
-72.0
-100.0
-2.0
-107.0
-97.0
-81.0
-87.0
-40.0
-30.0
-107.0
-30.0
-89.0
-65.0
-60.0
-146.0
-20.0
-54.0
-93.0
43.0
-56.0
1.0
79.0
16.0
134.0
92.0
68.0
108.0
37.0
96.0
96.0
-48.0
64.0
18.0
-37.0
86.0
12.0
24.0
81.0
-24.0
83.0
31.0
13.0
-3.0
-86.0
-61.0
-33.0
-82.0
-52.0
0.0
-50.0
57.0
-25.0
14.0
44.0
-59.0
-6.0
-64.0
-125.0
-53.0
-118.0
-33.0
8.0
-42.0
24.0
-14.0
-10.0
-5.0
-63.0
-44.0
-7.0
-120.0
-3.0
-54.0
-115.0
-10.0
-72.0
-34.0
3.0
-89.0
25.0
-39.0
-111.0
-33.0
-97.0
-38.0
1.0
-106.0
-30.0
-36.0
-36.0
60.0
-29.0
21.0
51.0
-69.0
-7.0
-52.0
-132.0
-14.0
-76.0
-30.0
9.0
-68.0
1.0
-5.0
-65.0
64.0
-26.0
31.0
61.0
-3.0
100.0
72.0
19.0
124.0
1.0
29.0
74.0
-25.0
96.0
35.0
-24.0
83.0
12.0
38.0
67.0
5.0
81.0
39.0
18.0
72.0
4.0
42.0
65.0
-14.0
87.0
68.0
10.0
99.0
23.0
89.0
93.0
-24.0
-2.0
-16.0
-12.0
95.0
49.0
92.0
147.0
-10.0
112.0
94.0
73.0
141.0
38.0
64.0
83.0
-25.0
87.0
46.0
-8.0
63.0
-12.0
88.0
110.0
26.0
129.0
27.0
-6.0
38.0
-45.0
7.0
40.0
-29.0
13.0
-18.0
-60.0
16.0
-55.0
-56.0
-12.0
-84.0
14.0
-13.0
-37.0
46.0
-17.0
11.0
44.0
-65.0
87.0
1.0
-25.0
34.0
-37.0
9.0
37.0
-79.0
-29.0
-17.0
-16.0
67.0
-4.0
-33.0
-11.0
-116.0
-41.0
-46.0
-109.0
10.0
-72.0
-4.0
37.0
-84.0
-28.0
-60.0
-83.0
13.0
-90.0
-61.0
-14.0
-152.0
-44.0
-26.0
-55.0
37.0
-61.0
-15.0
-2.0
-68.0
-29.0
-32.0
-94.0
-18.0
-64.0
-46.0
5.0
-122.0
-35.0
-35.0
-51.0
1.0
-27.0
20.0
-2.0
-93.0
25.0
-42.0
-107.0
-28.0
-78.0
-54.0
17.0
-85.0
18.0
19.0
10.0
62.0
-23.0
-42.0
33.0
-65.0
23.0
-5.0
-37.0
43.0
-37.0
-15.0
36.0
-53.0
59.0
-17.0
-9.0
71.0
-37.0
-52.0
31.0
-44.0
59.0
30.0
31.0
109.0
23.0
53.0
56.0
-11.0
61.0
31.0
-17.0
93.0
13.0
82.0
114.0
-30.0
86.0
54.0
-43.0
102.0
-15.0
-15.0
27.0
-52.0
45.0
31.0
-37.0
81.0
-36.0
75.0
53.0
-8.0
32.0
14.0
-31.0
94.0
-4.0
29.0
-15.0
3.0
63.0
17.0
-31.0
60.0
-22.0
18.0
51.0
-42.0
46.0
26.0
-25.0
59.0
-16.0
41.0
64.0
-12.0
73.0
35.0
-40.0
62.0
-22.0
-10.0
61.0
-35.0
62.0
23.0
25.0
109.0
-43.0
10.0
-15.0
-75.0
56.0
42.0
-26.0
42.0
2.0
19.0
83.0
-11.0
64.0
33.0
-27.0
93.0
-10.0
50.0
140.0
61.0
131.0
45.0
57.0
153.0
-2.0
90.0
110.0
52.0
168.0
147.0
142.0
186.0
62.0
75.0
92.0
-38.0
33.0
42.0
15.0
83.0
60.0
68.0
94.0
32.0
63.0
18.0
-19.0
39.0
-6.0
54.0
50.0
28.0
114.0
84.0
74.0
127.0
59.0
65.0
49.0
-10.0
21.0
-84.0
-5.0
61.0
4.0
43.0
80.0
9.0
100.0
45.0
-18.0
74.0
-16.0
15.0
63.0
-40.0
54.0
24.0
-13.0
106.0
22.0
46.0
77.0
-18.0
48.0
11.0
-14.0
43.0
-58.0
60.0
78.0
6.0
50.0
20.0
1.0
42.0
-6.0
56.0
40.0
-75.0
7.0
2.0
-35.0
24.0
-46.0
-40.0
17.0
-79.0
32.0
9.0
-20.0
47.0
1.0
36.0
46.0
-10.0
29.0
-8.0
6.0
96.0
13.0
68.0
102.0
12.0
86.0
13.0
-21.0
119.0
-3.0
22.0
112.0
7.0
54.0
27.0
34.0
68.0
-26.0
46.0
109.0
7.0
70.0
51.0
-7.0
136.0
52.0
110.0
114.0
24.0
123.0
65.0
15.0
93.0
-3.0
93.0
56.0
29.0
111.0
29.0
60.0
158.0
60.0
88.0
85.0
-13.0
75.0
1.0
31.0
80.0
5.0
49.0
69.0
37.0
92.0
26.0
-20.0
91.0
4.0
84.0
99.0
0.0
108.0
10.0
-4.0
70.0
-1.0
12.0
34.0
-15.0
80.0
43.0
46.0
119.0
64.0
73.0
97.0
-25.0
56.0
55.0
10.0
107.0
-4.0
51.0
68.0
-14.0
6.0
60.0
22.0
76.0
-42.0
-8.0
8.0
-72.0
31.0
10.0
-6.0
122.0
24.0
98.0
133.0
28.0
145.0
119.0
112.0
238.0
113.0
156.0
138.0
105.0
119.0
118.0
92.0
183.0
121.0
134.0
190.0
124.0
201.0
124.0
97.0
107.0
72.0
32.0
55.0
-5.0
20.0
113.0
40.0
125.0
32.0
102.0
100.0
29.0
102.0
44.0
-54.0
96.0
-44.0
-26.0
44.0
-15.0
86.0
56.0
14.0
127.0
41.0
87.0
55.0
-2.0
29.0
4.0
-11.0
65.0
-26.0
22.0
91.0
-36.0
82.0
48.0
39.0
85.0
0.0
43.0
56.0
-11.0
104.0
72.0
53.0
95.0
-1.0
86.0
47.0
-25.0
107.0
20.0
39.0
134.0
60.0
71.0
85.0
-18.0
172.0
53.0
23.0
79.0
-17.0
53.0
65.0
-16.0
93.0
22.0
-15.0
61.0
-40.0
-15.0
23.0
-73.0
72.0
14.0
-5.0
29.0
-56.0
-7.0
18.0
-56.0
51.0
15.0
-1.0
90.0
14.0
32.0
21.0
-52.0
64.0
-36.0
-67.0
-14.0
-65.0
-2.0
62.0
-10.0
113.0
31.0
36.0
79.0
-15.0
41.0
60.0
-44.0
35.0
5.0
-11.0
116.0
52.0
83.0
94.0
29.0
90.0
55.0
-5.0
115.0
-1.0
37.0
58.0
-55.0
67.0
-33.0
-28.0
73.0
-13.0
61.0
72.0
-16.0
104.0
53.0
-26.0
91.0
-22.0
80.0
96.0
0.0
40.0
5.0
2.0
60.0
-3.0
2.0
88.0
-1.0
73.0
-9.0
16.0
79.0
-12.0
34.0
30.0
-25.0
31.0
3.0
-17.0
105.0
25.0
54.0
32.0
26.0
112.0
68.0
16.0
78.0
31.0
3.0
65.0
-13.0
57.0
10.0
4.0
60.0
-51.0
48.0
42.0
-45.0
65.0
8.0
-12.0
107.0
16.0
39.0
57.0
-49.0
68.0
64.0
16.0
51.0
-18.0
-4.0
23.0
-26.0
58.0
20.0
-13.0
61.0
-15.0
71.0
65.0
-3.0
101.0
20.0
-13.0
57.0
-19.0
5.0
0.0
-36.0
62.0
-9.0
15.0
67.0
-33.0
14.0
18.0
-24.0
51.0
-10.0
-31.0
27.0
-26.0
-27.0
25.0
-46.0
32.0
-24.0
-16.0
35.0
-119.0
27.0
-3.0
-71.0
4.0
-14.0
2.0
51.0
-13.0
48.0
46.0
-33.0
84.0
30.0
-24.0
85.0
-27.0
59.0
71.0
22.0
108.0
70.0
34.0
113.0
12.0
49.0
50.0
-20.0
100.0
28.0
11.0
92.0
17.0
33.0
27.0
-33.0
48.0
-4.0
9.0
79.0
21.0
68.0
38.0
-53.0
20.0
14.0
-82.0
-11.0
-78.0
-3.0
27.0
-40.0
63.0
52.0
-12.0
80.0
-22.0
-17.0
-14.0
-119.0
17.0
-26.0
-53.0
63.0
-45.0
25.0
49.0
-39.0
74.0
-39.0
3.0
65.0
-32.0
-13.0
41.0
-23.0
37.0
33.0
-44.0
59.0
-37.0
34.0
63.0
-50.0
79.0
27.0
-7.0
83.0
-4.0
51.0
110.0
36.0
116.0
34.0
-8.0
33.0
12.0
20.0
23.0
-24.0
36.0
8.0
-14.0
55.0
-37.0
2.0
22.0
-62.0
99.0
12.0
20.0
58.0
-2.0
18.0
16.0
-48.0
48.0
-96.0
-50.0
32.0
-33.0
-19.0
-14.0
-103.0
-14.0
-50.0
-91.0
-13.0
-61.0
-18.0
-5.0
-74.0
-14.0
-33.0
-80.0
24.0
-56.0
-62.0
-22.0
-87.0
-20.0
-54.0
-87.0
-1.0
-77.0
-19.0
1.0
-58.0
62.0
-23.0
-21.0
95.0
4.0
60.0
62.0
0.0
112.0
4.0
58.0
78.0
-21.0
33.0
42.0
-71.0
38.0
-21.0
-13.0
100.0
-43.0
-16.0
40.0
-51.0
-5.0
-44.0
-32.0
18.0
-81.0
-8.0
-16.0
-96.0
-70.0
-141.0
-72.0
-36.0
-110.0
-91.0
-77.0
-123.0
-44.0
-102.0
-117.0
-33.0
-114.0
-46.0
-37.0
-146.0
-51.0
-128.0
-123.0
-50.0
-189.0
-111.0
-112.0
-159.0
-41.0
-91.0
-88.0
-42.0
-112.0
-64.0
-24.0
-133.0
-3.0
-108.0
-107.0
-2.0
-32.0
-1.0
14.0
-43.0
49.0
-5.0
-77.0
12.0
-108.0
-39.0
0.0
-86.0
-10.0
-84.0
-117.0
-37.0
-127.0
-87.0
-78.0
-157.0
-58.0
-111.0
-104.0
-71.0
-192.0
-87.0
-104.0
-165.0
-81.0
-130.0
-140.0
-70.0
-178.0
-127.0
-25.0
-185.0
-20.0
-95.0
-115.0
-33.0
-82.0
-54.0
-24.0
-140.0
-27.0
-116.0
-191.0
-12.0
-129.0
-97.0
-26.0
-98.0
0.0
-44.0
-51.0
-12.0
-80.0
-29.0
-32.0
-91.0
-23.0
-63.0
-41.0
20.0
-114.0
-27.0
-8.0
-63.0
11.0
-58.0
-94.0
34.0
-86.0
-52.0
-20.0
-91.0
45.0
-29.0
-42.0
63.0
-58.0
-57.0
-4.0
-120.0
0.0
-72.0
-81.0
6.0
-66.0
-32.0
-41.0
-102.0
1.0
-21.0
-96.0
-76.0
-110.0
-59.0
-42.0
-136.0
2.0
-81.0
-106.0
-7.0
-102.0
-45.0
-29.0
-111.0
-35.0
-78.0
-78.0
-36.0
-135.0
-72.0
-27.0
-109.0
-36.0
-75.0
-63.0
-32.0
-95.0
-45.0
-48.0
-126.0
-43.0
-46.0
-98.0
12.0
-78.0
-23.0
-40.0
-99.0
-36.0
-105.0
-60.0
-63.0
-146.0
-45.0
8.0
-35.0
-11.0
-14.0
-63.0
-7.0
-121.0
-14.0
-5.0
-78.0
60.0
-42.0
-16.0
22.0
-44.0
46.0
-44.0
-76.0
-8.0
-72.0
-60.0
-63.0
-46.0
-34.0
-18.0
-65.0
-31.0
-49.0
-30.0
-5.0
-83.0
-38.0
-12.0
-80.0
15.0
-25.0
-33.0
17.0
-106.0
29.0
17.0
-80.0
3.0
-76.0
-73.0
-35.0
-89.0
-39.0
-27.0
-65.0
32.0
-13.0
-49.0
30.0
-70.0
-43.0
-7.0
-64.0
33.0
3.0
17.0
127.0
76.0
160.0
140.0
45.0
111.0
39.0
29.0
88.0
11.0
68.0
74.0
-25.0
73.0
-5.0
-40.0
26.0
-89.0
-41.0
-29.0
-124.0
1.0
-10.0
-41.0
-5.0
-78.0
-74.0
-33.0
-92.0
-16.0
-116.0
-93.0
7.0
-108.0
-44.0
-15.0
-96.0
-36.0
-111.0
-120.0
-59.0
-133.0
-63.0
-40.0
-61.0
62.0
-17.0
-40.0
25.0
-65.0
-37.0
-2.0
-129.0
34.0
-20.0
-42.0
98.0
-31.0
53.0
5.0
-64.0
13.0
-76.0
-30.0
54.0
-9.0
44.0
50.0
-65.0
17.0
-8.0
1.0
41.0
-53.0
42.0
46.0
-54.0
83.0
30.0
-6.0
123.0
23.0
80.0
72.0
-8.0
67.0
12.0
-2.0
94.0
8.0
72.0
98.0
37.0
75.0
18.0
-23.0
65.0
-29.0
0.0
-5.0
-50.0
60.0
43.0
29.0
50.0
-11.0
49.0
65.0
-4.0
61.0
33.0
-4.0
53.0
-46.0
16.0
15.0
-33.0
90.0
4.0
-4.0
80.0
-37.0
35.0
39.0
2.0
98.0
63.0
50.0
99.0
23.0
36.0
90.0
8.0
96.0
24.0
23.0
73.0
-49.0
79.0
95.0
13.0
148.0
48.0
36.0
73.0
10.0
46.0
15.0
-52.0
88.0
-23.0
3.0
77.0
28.0
96.0
86.0
59.0
95.0
74.0
37.0
81.0
-61.0
6.0
29.0
38.0
92.0
67.0
50.0
111.0
21.0
106.0
91.0
-26.0
68.0
-16.0
50.0
112.0
35.0
71.0
61.0
42.0
91.0
58.0
37.0
61.0
-63.0
73.0
36.0
-12.0
119.0
93.0
104.0
101.0
61.0
128.0
59.0
-4.0
64.0
-2.0
5.0
19.0
4.0
68.0
49.0
25.0
116.0
71.0
52.0
102.0
-17.0
43.0
43.0
-18.0
62.0
7.0
86.0
128.0
-6.0
81.0
32.0
8.0
99.0
15.0
29.0
74.0
-26.0
24.0
49.0
-7.0
122.0
70.0
46.0
112.0
71.0
116.0
142.0
48.0
111.0
51.0
3.0
71.0
54.0
138.0
112.0
28.0
101.0
91.0
112.0
115.0
30.0
27.0
47.0
-14.0
118.0
73.0
100.0
110.0
-21.0
68.0
79.0
-1.0
12.0
71.0
-13.0
67.0
-25.0
64.0
77.0
10.0
114.0
86.0
5.0
79.0
-40.0
42.0
46.0
-34.0
67.0
8.0
40.0
107.0
-8.0
88.0
63.0
-12.0
105.0
29.0
18.0
83.0
-35.0
126.0
70.0
6.0
89.0
55.0
18.0
175.0
97.0
122.0
190.0
109.0
184.0
152.0
153.0
185.0
86.0
142.0
130.0
72.0
153.0
156.0
83.0
227.0
71.0
142.0
145.0
41.0
96.0
18.0
46.0
102.0
41.0
46.0
48.0
1.0
84.0
77.0
48.0
157.0
93.0
124.0
82.0
-34.0
70.0
-57.0
-10.0
38.0
-14.0
6.0
55.0
-55.0
-34.0
-31.0
-37.0
43.0
-50.0
47.0
31.0
-19.0
27.0
-16.0
-71.0
-86.0
-65.0
20.0
-13.0
-45.0
-7.0
-54.0
-35.0
7.0
-96.0
7.0
51.0
-74.0
15.0
-70.0
-84.0
-30.0
-111.0
-49.0
-20.0
-98.0
-71.0
-73.0
-84.0
-52.0
-121.0
-12.0
-69.0
-136.0
-27.0
-60.0
-39.0
33.0
-74.0
-31.0
-3.0
-49.0
42.0
-11.0
-31.0
21.0
-45.0
6.0
31.0
-56.0
-6.0
-59.0
-79.0
6.0
-91.0
-39.0
-79.0
-86.0
-42.0
-22.0
-64.0
9.0
-56.0
9.0
-10.0
-63.0
-22.0
-111.0
-87.0
-28.0
-89.0
-8.0
-8.0
-12.0
56.0
3.0
-30.0
13.0
-53.0
-23.0
-24.0
-85.0
-33.0
-52.0
-79.0
-20.0
-47.0
41.0
44.0
-22.0
16.0
-7.0
-3.0
42.0
-110.0
-40.0
-20.0
-70.0
36.0
-5.0
-3.0
12.0
-35.0
15.0
5.0
-70.0
6.0
-67.0
-58.0
-39.0
-93.0
-16.0
-30.0
-78.0
-7.0
-30.0
-37.0
34.0
-56.0
17.0
49.0
-6.0
75.0
-31.0
35.0
47.0
-4.0
40.0
37.0
-39.0
51.0
-64.0
-52.0
4.0
-51.0
6.0
-8.0
-69.0
22.0
-65.0
-71.0
79.0
-101.0
-1.0
-35.0
-111.0
-14.0
-107.0
-93.0
6.0
-108.0
-27.0
-22.0
-134.0
14.0
-66.0
-33.0
29.0
-115.0
-64.0
-42.0
-105.0
-22.0
-66.0
-62.0
-26.0
-112.0
-29.0
-66.0
-112.0
-4.0
-70.0
-63.0
16.0
-85.0
-24.0
-29.0
-111.0
36.0
-52.0
-75.0
-8.0
-91.0
-41.0
-16.0
-51.0
49.0
-40.0
-48.0
19.0
-68.0
15.0
-42.0
-80.0
-1.0
26.0
-14.0
63.0
-35.0
60.0
31.0
-37.0
20.0
-42.0
-15.0
57.0
-48.0
14.0
21.0
-44.0
59.0
-52.0
-32.0
22.0
-50.0
10.0
12.0
-71.0
43.0
-5.0
9.0
83.0
-59.0
22.0
46.0
-64.0
14.0
-32.0
-29.0
79.0
-34.0
11.0
-6.0
-56.0
22.0
-41.0
-63.0
18.0
-99.0
-15.0
-10.0
-45.0
33.0
-55.0
2.0
51.0
-46.0
-11.0
12.0
-78.0
-3.0
-69.0
-42.0
-4.0
-98.0
-7.0
-42.0
-81.0
-8.0
-74.0
-44.0
34.0
-54.0
-23.0
-11.0
-51.0
65.0
-35.0
3.0
25.0
-77.0
-5.0
-8.0
-58.0
51.0
-17.0
-3.0
76.0
-16.0
33.0
61.0
-1.0
41.0
-31.0
10.0
36.0
2.0
43.0
10.0
-24.0
78.0
-1.0
-11.0
70.0
-72.0
15.0
49.0
-80.0
59.0
-53.0
-20.0
37.0
-69.0
21.0
-8.0
-33.0
17.0
-82.0
22.0
53.0
-22.0
46.0
31.0
-26.0
58.0
9.0
0.0
52.0
-58.0
24.0
29.0
-47.0
44.0
-4.0
-4.0
43.0
-51.0
51.0
20.0
-22.0
64.0
-49.0
-10.0
-20.0
-35.0
27.0
28.0
-45.0
51.0
-9.0
-22.0
88.0
-43.0
31.0
12.0
-37.0
46.0
4.0
32.0
93.0
-11.0
22.0
67.0
8.0
36.0
11.0
-27.0
24.0
-76.0
39.0
23.0
-64.0
46.0
-25.0
-11.0
83.0
-43.0
5.0
21.0
-40.0
-1.0
-55.0
-36.0
18.0
-61.0
48.0
41.0
-72.0
18.0
-40.0
7.0
58.0
-47.0
95.0
78.0
6.0
129.0
31.0
43.0
96.0
8.0
89.0
48.0
-8.0
42.0
43.0
-22.0
44.0
-20.0
-25.0
42.0
-18.0
25.0
-55.0
-6.0
72.0
-16.0
4.0
42.0
-26.0
21.0
-32.0
12.0
30.0
-34.0
38.0
12.0
-58.0
32.0
-47.0
-55.0
32.0
-20.0
15.0
-12.0
-53.0
25.0
-29.0
-15.0
9.0
-67.0
-14.0
-39.0
-86.0
69.0
-44.0
-30.0
18.0
-82.0
14.0
-32.0
-84.0
-27.0
-26.0
-25.0
37.0
-132.0
6.0
-11.0
-58.0
25.0
-4.0
-39.0
-13.0
-109.0
1.0
2.0
-54.0
39.0
-77.0
-33.0
-17.0
-81.0
-29.0
-19.0
-109.0
19.0
-106.0
-75.0
17.0
-68.0
-8.0
-20.0
-83.0
5.0
-41.0
-37.0
11.0
-71.0
-22.0
-17.0
-79.0
16.0
-12.0
-59.0
14.0
-118.0
-17.0
-44.0
-73.0
50.0
-29.0
-70.0
29.0
-109.0
-34.0
-5.0
-76.0
-4.0
-37.0
41.0
53.0
-30.0
-8.0
-1.0
-49.0
17.0
-19.0
-44.0
37.0
-61.0
-5.0
-21.0
-78.0
-6.0
-61.0
-39.0
25.0
-100.0
7.0
8.0
-16.0
91.0
47.0
24.0
190.0
44.0
124.0
132.0
48.0
127.0
73.0
98.0
143.0
65.0
135.0
93.0
48.0
170.0
52.0
87.0
128.0
-25.0
18.0
-1.0
-67.0
53.0
24.0
8.0
86.0
-53.0
53.0
29.0
-31.0
52.0
-114.0
-10.0
6.0
-48.0
13.0
-53.0
-95.0
-7.0
-78.0
-65.0
-9.0
-110.0
13.0
-68.0
-133.0
-45.0
-97.0
-89.0
-6.0
-90.0
-6.0
-18.0
-86.0
-7.0
-91.0
-76.0
-51.0
-98.0
-11.0
-60.0
-108.0
-19.0
-88.0
-60.0
-3.0
-128.0
-44.0
-5.0
-110.0
25.0
-83.0
-77.0
-63.0
-118.0
-55.0
-99.0
-107.0
-17.0
-87.0
-95.0
-55.0
-153.0
-75.0
-110.0
-116.0
-30.0
-141.0
-108.0
-63.0
-131.0
-42.0
-85.0
-134.0
-31.0
-112.0
-96.0
-29.0
-96.0
-63.0
-53.0
-138.0
-41.0
-88.0
-84.0
-4.0
-117.0
-54.0
-85.0
-165.0
-76.0
-133.0
-100.0
-41.0
-103.0
-55.0
15.0
-83.0
5.0
-96.0
-53.0
-34.0
-101.0
-34.0
-50.0
-128.0
10.0
-44.0
-55.0
3.0
-83.0
-30.0
-29.0
-142.0
-3.0
-87.0
-89.0
-4.0
-110.0
-31.0
14.0
-39.0
16.0
-53.0
-46.0
49.0
-52.0
33.0
-8.0
-35.0
23.0
-41.0
-18.0
-7.0
-68.0
-7.0
-12.0
-70.0
-11.0
-121.0
-98.0
-23.0
-99.0
-10.0
-68.0
-73.0
35.0
-53.0
-20.0
11.0
-93.0
-42.0
-84.0
-122.0
11.0
-93.0
-80.0
46.0
-65.0
37.0
57.0
-51.0
41.0
-13.0
7.0
-4.0
-62.0
-41.0
-79.0
-93.0
-13.0
-96.0
-67.0
31.0
-69.0
29.0
-21.0
-121.0
-32.0
-129.0
-109.0
-58.0
-155.0
-95.0
-76.0
-147.0
-86.0
-81.0
-96.0
-68.0
-133.0
-57.0
-90.0
-173.0
-43.0
-136.0
-137.0
-72.0
-161.0
-90.0
-92.0
-108.0
-16.0
-74.0
-65.0
-42.0
-180.0
-74.0
-86.0
-128.0
-16.0
-50.0
-3.0
-2.0
-73.0
-19.0
38.0
-40.0
45.0
-12.0
-21.0
39.0
-62.0
22.0
-17.0
-10.0
6.0
-36.0
-38.0
11.0
-21.0
5.0
-39.0
-66.0
-17.0
-90.0
-74.0
-45.0
-98.0
-31.0
-62.0
-104.0
-22.0
-95.0
-88.0
10.0
-121.0
-53.0
-10.0
-145.0
-3.0
-109.0
-54.0
-46.0
-113.0
-76.0
-34.0
-63.0
-15.0
-65.0
-101.0
-45.0
-88.0
-59.0
-38.0
-75.0
-36.0
-80.0
-66.0
-26.0
-131.0
-25.0
-33.0
-79.0
3.0
-39.0
-49.0
5.0
-97.0
-22.0
-30.0
-90.0
21.0
-55.0
-53.0
17.0
-74.0
25.0
30.0
-74.0
65.0
-51.0
1.0
23.0
-92.0
30.0
-45.0
-98.0
14.0
-83.0
-78.0
-26.0
-78.0
29.0
-17.0
-52.0
11.0
-83.0
-11.0
24.0
-68.0
21.0
5.0
-11.0
43.0
-5.0
-48.0
10.0
-79.0
-10.0
-26.0
-110.0
20.0
-65.0
-75.0
59.0
-39.0
27.0
4.0
-11.0
6.0
-68.0
-8.0
23.0
-54.0
18.0
-62.0
-67.0
-1.0
1.0
-18.0
38.0
-40.0
40.0
-12.0
-48.0
40.0
-35.0
6.0
85.0
-30.0
62.0
-6.0
5.0
34.0
-14.0
-39.0
60.0
-61.0
35.0
10.0
-33.0
77.0
12.0
68.0
81.0
12.0
60.0
-5.0
-81.0
15.0
-36.0
17.0
121.0
27.0
92.0
83.0
4.0
51.0
16.0
21.0
41.0
-92.0
26.0
20.0
-53.0
40.0
-1.0
37.0
78.0
13.0
69.0
74.0
40.0
96.0
-18.0
26.0
55.0
-53.0
22.0
29.0
-20.0
132.0
24.0
-5.0
35.0
-57.0
10.0
28.0
-10.0
69.0
13.0
3.0
30.0
-76.0
2.0
-7.0
-53.0
47.0
23.0
22.0
106.0
-13.0
57.0
41.0
29.0
125.0
121.0
93.0
163.0
65.0
87.0
77.0
61.0
79.0
34.0
-1.0
24.0
-79.0
3.0
-44.0
46.0
77.0
2.0
11.0
37.0
-73.0
31.0
-15.0
-17.0
60.0
13.0
-9.0
44.0
-32.0
18.0
31.0
-67.0
24.0
-116.0
-74.0
-14.0
-119.0
10.0
-53.0
-67.0
39.0
-73.0
-74.0
19.0
-59.0
39.0
-6.0
-70.0
62.0
15.0
1.0
82.0
-39.0
78.0
78.0
7.0
89.0
3.0
-26.0
21.0
-65.0
36.0
21.0
-5.0
65.0
3.0
87.0
90.0
43.0
62.0
29.0
-61.0
67.0
3.0
5.0
48.0
-29.0
16.0
72.0
5.0
106.0
-3.0
17.0
72.0
-50.0
33.0
45.0
63.0
133.0
81.0
80.0
103.0
21.0
79.0
87.0
2.0
144.0
39.0
83.0
158.0
95.0
142.0
125.0
73.0
221.0
51.0
110.0
136.0
7.0
62.0
53.0
-5.0
100.0
3.0
33.0
71.0
-26.0
34.0
-11.0
-42.0
33.0
19.0
22.0
46.0
-1.0
31.0
16.0
-50.0
-82.0
-95.0
-105.0
-26.0
-115.0
-10.0
-16.0
-89.0
15.0
-73.0
11.0
35.0
-24.0
-25.0
24.0
-59.0
26.0
-102.0
-87.0
-71.0
-146.0
13.0
-15.0
-12.0
73.0
-88.0
-56.0
-63.0
-165.0
-61.0
-118.0
-154.0
-5.0
-14.0
21.0
96.0
27.0
98.0
30.0
-25.0
56.0
-17.0
-95.0
-10.0
-49.0
61.0
61.0
52.0
114.0
40.0
28.0
60.0
-25.0
70.0
63.0
-20.0
70.0
-2.0
41.0
91.0
-6.0
74.0
17.0
-33.0
62.0
-31.0
-24.0
36.0
-17.0
50.0
-38.0
-71.0
36.0
-13.0
37.0
93.0
-16.0
20.0
26.0
-1.0
12.0
-42.0
-27.0
82.0
-53.0
99.0
45.0
15.0
53.0
-29.0
13.0
81.0
-32.0
70.0
42.0
-22.0
31.0
17.0
42.0
88.0
-29.0
76.0
-13.0
14.0
43.0
15.0
33.0
113.0
11.0
33.0
62.0
-10.0
54.0
28.0
50.0
106.0
9.0
86.0
73.0
15.0
87.0
32.0
45.0
69.0
-59.0
70.0
72.0
-5.0
49.0
2.0
-21.0
105.0
-111.0
8.0
24.0
-46.0
32.0
-43.0
-35.0
10.0
-48.0
33.0
54.0
12.0
56.0
-23.0
4.0
24.0
-48.0
17.0
36.0
-12.0
99.0
-26.0
13.0
54.0
-34.0
27.0
3.0
-6.0
48.0
-17.0
-27.0
69.0
-48.0
14.0
-7.0
-102.0
26.0
-14.0
33.0
115.0
-12.0
73.0
24.0
-24.0
32.0
-76.0
-88.0
-17.0
-46.0
-1.0
26.0
-18.0
48.0
-6.0
-51.0
22.0
-114.0
-12.0
-36.0
-14.0
51.0
-11.0
33.0
96.0
-12.0
89.0
63.0
20.0
107.0
-4.0
22.0
69.0
-3.0
52.0
58.0
-7.0
114.0
40.0
55.0
68.0
-68.0
4.0
10.0
-10.0
100.0
18.0
11.0
53.0
-23.0
31.0
5.0
-36.0
77.0
-13.0
-16.0
45.0
-67.0
20.0
-11.0
-33.0
39.0
-22.0
8.0
38.0
-29.0
87.0
48.0
-6.0
117.0
-23.0
36.0
84.0
-25.0
50.0
34.0
-9.0
98.0
62.0
77.0
176.0
78.0
152.0
98.0
51.0
120.0
52.0
13.0
56.0
-8.0
72.0
60.0
37.0
143.0
10.0
43.0
55.0
26.0
60.0
24.0
-11.0
27.0
-23.0
-55.0
-1.0
-77.0
2.0
-17.0
-53.0
70.0
11.0
51.0
106.0
-34.0
55.0
-3.0
-73.0
13.0
-69.0
-42.0
-1.0
-80.0
7.0
27.0
-27.0
64.0
-11.0
-28.0
34.0
-101.0
16.0
36.0
-50.0
97.0
24.0
3.0
15.0
-73.0
-17.0
-57.0
-51.0
-10.0
-45.0
-45.0
22.0
-15.0
44.0
-6.0
-51.0
43.0
-37.0
-34.0
-3.0
-119.0
-62.0
-42.0
-78.0
33.0
-53.0
-32.0
11.0
-48.0
24.0
-41.0
-31.0
1.0
-82.0
-64.0
1.0
-86.0
22.0
-30.0
-50.0
35.0
-34.0
4.0
48.0
-50.0
7.0
-32.0
-99.0
7.0
-51.0
-26.0
52.0
-42.0
34.0
36.0
4.0
52.0
-25.0
-23.0
-16.0
-65.0
15.0
5.0
-26.0
41.0
-61.0
-20.0
14.0
-71.0
35.0
-29.0
-27.0
59.0
-19.0
-41.0
60.0
-45.0
51.0
8.0
-51.0
-2.0
-34.0
-58.0
-26.0
-36.0
16.0
27.0
-35.0
62.0
-27.0
28.0
117.0
-10.0
52.0
41.0
-24.0
68.0
-32.0
41.0
37.0
-5.0
11.0
94.0
6.0
97.0
5.0
15.0
41.0
-51.0
14.0
-22.0
-32.0
58.0
-22.0
-16.0
31.0
-65.0
30.0
-32.0
-47.0
32.0
-13.0
-8.0
51.0
-50.0
128.0
80.0
39.0
119.0
14.0
65.0
142.0
53.0
126.0
103.0
124.0
220.0
121.0
125.0
129.0
8.0
85.0
48.0
34.0
93.0
21.0
44.0
74.0
-17.0
36.0
8.0
-74.0
60.0
-86.0
-2.0
8.0
-91.0
43.0
5.0
-59.0
56.0
-49.0
-8.0
57.0
-36.0
39.0
11.0
-70.0
52.0
-42.0
26.0
90.0
-30.0
8.0
-13.0
-31.0
52.0
-8.0
-16.0
42.0
-54.0
54.0
26.0
-13.0
93.0
50.0
17.0
24.0
-57.0
57.0
55.0
-23.0
58.0
-6.0
-1.0
36.0
-76.0
23.0
-32.0
-60.0
25.0
-87.0
-60.0
7.0
-89.0
26.0
-22.0
-45.0
37.0
-92.0
-77.0
22.0
-78.0
21.0
-25.0
-72.0
-5.0
-100.0
-62.0
-13.0
-116.0
-13.0
-58.0
-103.0
-1.0
-99.0
-40.0
-18.0
-96.0
-58.0
-99.0
-134.0
-42.0
-99.0
-103.0
-19.0
-174.0
-82.0
-84.0
-106.0
-48.0
-115.0
-71.0
-83.0
-134.0
-48.0
-97.0
-134.0
-40.0
-156.0
-89.0
-47.0
-130.0
-31.0
-43.0
-85.0
14.0
-45.0
-42.0
-35.0
-80.0
-79.0
-98.0
-92.0
-15.0
-98.0
-25.0
53.0
-26.0
7.0
-15.0
-7.0
48.0
-50.0
-59.0
-18.0
-74.0
69.0
21.0
-1.0
64.0
8.0
13.0
50.0
-80.0
8.0
-19.0
-70.0
3.0
-42.0
-16.0
41.0
-31.0
15.0
16.0
-52.0
31.0
-15.0
3.0
51.0
-15.0
29.0
-56.0
-71.0
27.0
-61.0
4.0
5.0
-88.0
-10.0
-56.0
-73.0
14.0
-97.0
-66.0
-30.0
-117.0
-17.0
-61.0
-134.0
-31.0
-65.0
-57.0
-11.0
-150.0
-25.0
-60.0
-84.0
20.0
-102.0
-67.0
-16.0
-90.0
-2.0
-55.0
-64.0
24.0
-70.0
9.0
40.0
-43.0
-2.0
6.0
-56.0
15.0
-35.0
87.0
77.0
-7.0
56.0
58.0
17.0
89.0
29.0
71.0
112.0
23.0
81.0
46.0
-10.0
99.0
22.0
46.0
100.0
-5.0
37.0
47.0
35.0
81.0
22.0
17.0
73.0
-18.0
63.0
108.0
-2.0
93.0
24.0
-3.0
30.0
-41.0
34.0
16.0
-37.0
5.0
-44.0
17.0
35.0
-25.0
62.0
14.0
-61.0
46.0
-74.0
-18.0
22.0
-60.0
-3.0
16.0
-23.0
30.0
-54.0
1.0
70.0
-39.0
60.0
42.0
6.0
100.0
-15.0
53.0
73.0
3.0
125.0
71.0
42.0
153.0
45.0
96.0
120.0
58.0
106.0
77.0
48.0
90.0
21.0
16.0
72.0
-22.0
5.0
61.0
-15.0
92.0
1.0
-35.0
53.0
-49.0
26.0
-24.0
-84.0
2.0
-84.0
-41.0
40.0
-42.0
-1.0
24.0
-52.0
16.0
-37.0
-51.0
2.0
-79.0
-43.0
-107.0
-57.0
12.0
-89.0
-29.0
-10.0
-81.0
6.0
-23.0
-36.0
34.0
-69.0
-69.0
-5.0
-149.0
-24.0
-43.0
-64.0
36.0
-37.0
-40.0
53.0
-92.0
45.0
12.0
-95.0
24.0
-70.0
-44.0
-30.0
-49.0
46.0
18.0
-17.0
32.0
-42.0
-46.0
32.0
-133.0
-7.0
-80.0
-62.0
-22.0
-37.0
-11.0
29.0
-69.0
28.0
-4.0
-68.0
20.0
-99.0
-45.0
-56.0
-85.0
3.0
7.0
-45.0
32.0
-26.0
-31.0
26.0
-45.0
72.0
22.0
-23.0
29.0
10.0
-30.0
46.0
-24.0
65.0
39.0
5.0
77.0
10.0
29.0
82.0
-22.0
99.0
14.0
-37.0
86.0
80.0
29.0
107.0
-5.0
98.0
46.0
-11.0
83.0
21.0
37.0
84.0
-26.0
46.0
41.0
39.0
102.0
-3.0
34.0
87.0
-22.0
34.0
46.0
-8.0
110.0
32.0
73.0
120.0
-19.0
107.0
16.0
4.0
45.0
-33.0
39.0
51.0
-16.0
72.0
68.0
13.0
110.0
-11.0
51.0
50.0
-16.0
56.0
6.0
-12.0
34.0
0.0
30.0
81.0
-10.0
60.0
55.0
-14.0
45.0
-77.0
-40.0
48.0
-77.0
5.0
43.0
-30.0
29.0
-5.0
-18.0
32.0
-52.0
72.0
11.0
-1.0
87.0
-22.0
86.0
51.0
-14.0
38.0
26.0
14.0
86.0
36.0
36.0
80.0
-11.0
54.0
36.0
-36.0
82.0
-8.0
62.0
62.0
-34.0
53.0
14.0
-59.0
-2.0
-95.0
-61.0
-9.0
-109.0
-69.0
-44.0
-148.0
-24.0
-122.0
-11.0
52.0
-53.0
-24.0
-62.0
-126.0
-60.0
-148.0
-135.0
-66.0
-117.0
-52.0
-70.0
-125.0
-17.0
-99.0
-84.0
-27.0
-99.0
2.0
-46.0
-86.0
40.0
-89.0
22.0
60.0
-74.0
56.0
68.0
18.0
119.0
66.0
81.0
103.0
-27.0
77.0
-3.0
-22.0
63.0
0.0
-16.0
44.0
-82.0
12.0
13.0
-54.0
-3.0
-68.0
-53.0
25.0
-87.0
8.0
-44.0
-129.0
18.0
-98.0
-89.0
-23.0
-80.0
-49.0
-53.0
-97.0
-5.0
-73.0
-54.0
16.0
-128.0
-29.0
-50.0
-69.0
37.0
-59.0
-11.0
97.0
-16.0
113.0
33.0
13.0
72.0
-12.0
45.0
56.0
-53.0
41.0
11.0
-16.0
46.0
-3.0
-2.0
24.0
-33.0
-2.0
-56.0
-103.0
-16.0
-110.0
-122.0
-15.0
-162.0
-36.0
-108.0
-129.0
13.0
-120.0
-118.0
-39.0
-140.0
-15.0
-52.0
-113.0
-49.0
-105.0
-99.0
-93.0
-159.0
-91.0
-46.0
-121.0
-43.0
-75.0
-74.0
-67.0
-109.0
-51.0
-41.0
-76.0
16.0
-58.0
-16.0
4.0
-80.0
8.0
-21.0
-62.0
-5.0
-89.0
-62.0
23.0
-81.0
-25.0
-22.0
-50.0
9.0
-13.0
-13.0
7.0
-71.0
-20.0
-24.0
-26.0
33.0
-43.0
-46.0
15.0
-57.0
-13.0
-14.0
-73.0
10.0
-65.0
-45.0
41.0
-44.0
-2.0
-79.0
-98.0
-39.0
-74.0
-66.0
55.0
-40.0
81.0
63.0
24.0
106.0
87.0
88.0
141.0
55.0
105.0
81.0
50.0
133.0
63.0
45.0
84.0
-23.0
44.0
29.0
-63.0
12.0
-108.0
-93.0
-7.0
-60.0
-11.0
-21.0
-61.0
-23.0
-83.0
5.0
16.0
-78.0
-41.0
-50.0
-103.0
12.0
-104.0
-29.0
-14.0
-48.0
-16.0
-29.0
-108.0
-24.0
-156.0
-99.0
-58.0
-130.0
-27.0
-49.0
-50.0
-31.0
-59.0
-59.0
-7.0
-93.0
-16.0
-60.0
-29.0
21.0
-33.0
-31.0
11.0
-95.0
-15.0
-52.0
-37.0
10.0
-80.0
-36.0
1.0
-42.0
16.0
-2.0
-64.0
-16.0
-77.0
-88.0
-29.0
-116.0
-21.0
-44.0
-73.0
-22.0
-88.0
-89.0
-54.0
-88.0
1.0
-76.0
-95.0
-62.0
-107.0
-125.0
-58.0
-90.0
-68.0
-63.0
-98.0
6.0
-65.0
-65.0
44.0
-59.0
34.0
-15.0
-53.0
40.0
-66.0
-52.0
-22.0
-115.0
-27.0
-50.0
-71.0
-29.0
-75.0
-68.0
-27.0
-105.0
-32.0
-59.0
-116.0
29.0
-61.0
-21.0
-10.0
-92.0
-19.0
-22.0
-97.0
15.0
-73.0
-74.0
-29.0
-124.0
-63.0
-24.0
-58.0
31.0
-45.0
-84.0
-62.0
-134.0
-78.0
-101.0
-133.0
-68.0
-145.0
-123.0
-74.0
-155.0
-114.0
-115.0
-116.0
-21.0
-135.0
-76.0
-2.0
-174.0
-84.0
-97.0
-166.0
-38.0
-152.0
-133.0
-52.0
-103.0
-31.0
8.0
-86.0
-25.0
-106.0
-92.0
-30.0
-126.0
-60.0
-22.0
-121.0
-5.0
-59.0
-73.0
-6.0
-121.0
-21.0
-75.0
-111.0
6.0
-98.0
-83.0
-14.0
-119.0
-17.0
-31.0
-56.0
39.0
-16.0
-13.0
48.0
-62.0
2.0
-53.0
-93.0
-4.0
-71.0
-17.0
-10.0
-41.0
-1.0
-26.0
-69.0
15.0
-117.0
-76.0
-35.0
-128.0
-35.0
-36.0
-71.0
14.0
-61.0
-90.0
56.0
-98.0
-30.0
-41.0
-80.0
-12.0
-67.0
-3.0
15.0
15.0
42.0
6.0
-80.0
13.0
-119.0
-77.0
-60.0
-124.0
-40.0
-70.0
-121.0
21.0
-54.0
-42.0
11.0
-87.0
-42.0
-101.0
-118.0
-42.0
-116.0
-58.0
-36.0
-68.0
-20.0
-45.0
-59.0
18.0
-86.0
-19.0
-13.0
-89.0
-5.0
-52.0
-98.0
-2.0
-103.0
1.0
11.0
-54.0
-5.0
-46.0
-89.0
-17.0
-84.0
-88.0
-46.0
-99.0
-21.0
-71.0
-63.0
35.0
-50.0
-81.0
-61.0
-128.0
-19.0
-60.0
-74.0
15.0
-64.0
-38.0
15.0
-90.0
-27.0
6.0
-63.0
29.0
-57.0
1.0
4.0
-80.0
29.0
15.0
-37.0
39.0
-38.0
-30.0
-7.0
-76.0
-46.0
-62.0
-67.0
41.0
-54.0
-64.0
15.0
-89.0
-6.0
-26.0
-106.0
43.0
-85.0
-84.0
4.0
-120.0
-24.0
-42.0
-77.0
-18.0
-78.0
-39.0
44.0
-72.0
4.0
-13.0
-87.0
-19.0
-87.0
-78.0
42.0
-45.0
27.0
1.0
-26.0
25.0
-31.0
-7.0
61.0
-64.0
2.0
-48.0
-99.0
27.0
-37.0
-33.0
53.0
-56.0
18.0
-6.0
-93.0
-32.0
-89.0
-57.0
31.0
-49.0
28.0
-23.0
-79.0
6.0
-87.0
-34.0
-9.0
-120.0
26.0
-35.0
-93.0
40.0
-18.0
-28.0
35.0
-23.0
4.0
4.0
-96.0
-34.0
-88.0
-41.0
58.0
-71.0
40.0
5.0
-8.0
34.0
-24.0
18.0
43.0
-97.0
24.0
27.0
-57.0
1.0
-80.0
-91.0
-16.0
-132.0
-102.0
-89.0
-145.0
-21.0
-68.0
-32.0
58.0
-32.0
48.0
31.0
-49.0
30.0
-32.0
-14.0
92.0
-9.0
16.0
50.0
-21.0
152.0
45.0
118.0
151.0
51.0
75.0
59.0
8.0
114.0
21.0
46.0
85.0
16.0
83.0
79.0
31.0
98.0
5.0
15.0
24.0
-23.0
19.0
53.0
-15.0
76.0
4.0
14.0
72.0
-9.0
36.0
56.0
1.0
79.0
23.0
54.0
121.0
53.0
92.0
69.0
-35.0
98.0
-14.0
18.0
37.0
-37.0
68.0
53.0
7.0
50.0
7.0
15.0
101.0
22.0
82.0
99.0
19.0
112.0
24.0
39.0
106.0
8.0
101.0
103.0
21.0
121.0
10.0
66.0
73.0
27.0
52.0
58.0
15.0
113.0
-4.0
-6.0
44.0
-83.0
-7.0
-9.0
-73.0
45.0
-42.0
0.0
17.0
-43.0
18.0
-47.0
-108.0
-9.0
-107.0
-70.0
-26.0
-77.0
-73.0
-59.0
-93.0
-2.0
-58.0
-54.0
-1.0
-51.0
-31.0
-34.0
-73.0
11.0
-64.0
-48.0
-10.0
-67.0
20.0
6.0
-76.0
42.0
-27.0
-1.0
89.0
-35.0
67.0
125.0
81.0
167.0
135.0
143.0
206.0
145.0
169.0
100.0
48.0
153.0
34.0
47.0
104.0
11.0
124.0
54.0
101.0
119.0
83.0
83.0
136.0
68.0
94.0
125.0
53.0
127.0
73.0
22.0
160.0
48.0
110.0
80.0
34.0
102.0
4.0
60.0
111.0
30.0
166.0
121.0
89.0
126.0
30.0
36.0
68.0
-56.0
17.0
-8.0
-33.0
41.0
-37.0
43.0
64.0
-53.0
8.0
-25.0
-50.0
17.0
-56.0
-59.0
36.0
-62.0
30.0
-6.0
-65.0
-2.0
-18.0
-25.0
22.0
-30.0
17.0
26.0
-67.0
49.0
-92.0
6.0
-1.0
-45.0
21.0
-1.0
-64.0
65.0
-25.0
-15.0
-24.0
-57.0
22.0
20.0
-56.0
33.0
-60.0
2.0
48.0
-54.0
32.0
3.0
-40.0
57.0
-15.0
-5.0
39.0
-54.0
25.0
11.0
-52.0
40.0
-75.0
-30.0
-1.0
-85.0
10.0
14.0
-35.0
40.0
-33.0
-36.0
44.0
-88.0
28.0
3.0
-8.0
83.0
29.0
-2.0
62.0
-59.0
14.0
-15.0
-26.0
59.0
-70.0
-30.0
-22.0
-80.0
11.0
-24.0
-99.0
0.0
-92.0
-63.0
23.0
-89.0
2.0
5.0
-43.0
67.0
8.0
20.0
60.0
-35.0
54.0
24.0
-25.0
42.0
3.0
44.0
94.0
2.0
61.0
44.0
-23.0
78.0
-25.0
25.0
68.0
-25.0
50.0
39.0
0.0
117.0
67.0
96.0
140.0
35.0
76.0
31.0
-26.0
72.0
3.0
-11.0
56.0
-15.0
21.0
-3.0
-62.0
39.0
-18.0
-31.0
-4.0
-98.0
52.0
23.0
-30.0
70.0
-6.0
-21.0
67.0
-44.0
45.0
4.0
-62.0
-23.0
-62.0
-55.0
15.0
-33.0
14.0
24.0
-58.0
34.0
-51.0
-34.0
12.0
-55.0
-25.0
-1.0
-40.0
54.0
-35.0
-23.0
4.0
-51.0
29.0
17.0
-8.0
29.0
4.0
-8.0
70.0
-25.0
34.0
67.0
-12.0
72.0
2.0
27.0
85.0
-10.0
94.0
53.0
-5.0
116.0
-24.0
14.0
41.0
-6.0
21.0
34.0
-46.0
8.0
-10.0
-24.0
5.0
-34.0
6.0
41.0
-17.0
86.0
-3.0
71.0
69.0
-37.0
59.0
61.0
-6.0
68.0
-9.0
21.0
55.0
-23.0
44.0
69.0
1.0
97.0
31.0
45.0
76.0
20.0
83.0
80.0
34.0
111.0
50.0
52.0
104.0
17.0
138.0
113.0
60.0
112.0
88.0
103.0
132.0
16.0
92.0
110.0
62.0
105.0
97.0
62.0
102.0
83.0
172.0
178.0
97.0
130.0
37.0
48.0
101.0
0.0
78.0
54.0
-6.0
117.0
52.0
12.0
89.0
32.0
57.0
36.0
-23.0
49.0
-22.0
-36.0
43.0
-46.0
29.0
24.0
-24.0
69.0
19.0
18.0
68.0
-22.0
59.0
53.0
2.0
69.0
-22.0
15.0
91.0
27.0
108.0
89.0
-8.0
103.0
36.0
13.0
80.0
-38.0
58.0
66.0
-15.0
62.0
35.0
31.0
115.0
18.0
84.0
71.0
5.0
100.0
-24.0
12.0
111.0
5.0
61.0
53.0
-4.0
99.0
29.0
14.0
67.0
-30.0
60.0
50.0
-3.0
97.0
16.0
30.0
130.0
27.0
96.0
26.0
-4.0
51.0
-11.0
3.0
106.0
-25.0
-7.0
37.0
-59.0
62.0
-40.0
-3.0
27.0
-73.0
-7.0
22.0
-45.0
74.0
-23.0
-2.0
64.0
-20.0
72.0
21.0
-37.0
62.0
8.0
19.0
101.0
7.0
71.0
30.0
5.0
87.0
-8.0
39.0
61.0
-21.0
71.0
52.0
-10.0
98.0
20.0
40.0
83.0
-24.0
38.0
48.0
-14.0
86.0
-16.0
9.0
61.0
-27.0
67.0
61.0
8.0
69.0
24.0
-24.0
74.0
-43.0
24.0
45.0
-14.0
85.0
15.0
6.0
87.0
-49.0
61.0
6.0
-8.0
34.0
5.0
4.0
69.0
-51.0
29.0
-3.0
-38.0
3.0
-27.0
-66.0
35.0
-81.0
3.0
1.0
-27.0
66.0
-11.0
32.0
58.0
-53.0
-3.0
24.0
-16.0
90.0
7.0
20.0
82.0
-26.0
124.0
77.0
-21.0
101.0
38.0
1.0
69.0
-5.0
40.0
45.0
18.0
96.0
54.0
71.0
83.0
39.0
87.0
76.0
-12.0
78.0
-39.0
26.0
97.0
13.0
100.0
62.0
4.0
82.0
56.0
41.0
99.0
54.0
56.0
64.0
-23.0
60.0
49.0
32.0
79.0
-48.0
6.0
-35.0
1.0
62.0
26.0
34.0
100.0
24.0
113.0
113.0
91.0
166.0
112.0
95.0
122.0
93.0
140.0
146.0
81.0
169.0
109.0
142.0
201.0
27.0
118.0
156.0
48.0
118.0
97.0
94.0
137.0
55.0
142.0
87.0
44.0
106.0
24.0
8.0
45.0
-40.0
13.0
34.0
-5.0
96.0
14.0
-22.0
61.0
-38.0
-16.0
-59.0
-70.0
21.0
-35.0
4.0
58.0
-67.0
24.0
34.0
-44.0
53.0
-73.0
-79.0
25.0
-71.0
-2.0
49.0
-79.0
27.0
-47.0
-56.0
-36.0
-86.0
24.0
-13.0
-54.0
67.0
11.0
11.0
49.0
-22.0
31.0
4.0
-63.0
38.0
-21.0
10.0
83.0
4.0
76.0
25.0
-2.0
74.0
25.0
-14.0
30.0
-34.0
20.0
35.0
-8.0
50.0
-18.0
-16.0
62.0
-59.0
4.0
-62.0
-59.0
-6.0
-92.0
-42.0
-2.0
-139.0
-33.0
-56.0
-59.0
31.0
-61.0
-31.0
-17.0
-53.0
1.0
6.0
-82.0
14.0
-1.0
-36.0
49.0
-29.0
-23.0
11.0
-44.0
30.0
-58.0
-38.0
45.0
-54.0
30.0
57.0
-50.0
121.0
-8.0
58.0
71.0
-28.0
72.0
38.0
-34.0
96.0
-2.0
-23.0
20.0
-12.0
33.0
41.0
-6.0
92.0
20.0
59.0
107.0
11.0
41.0
62.0
-16.0
83.0
2.0
13.0
92.0
-10.0
83.0
33.0
32.0
38.0
13.0
-4.0
34.0
-68.0
17.0
-18.0
-5.0
80.0
27.0
43.0
106.0
11.0
111.0
96.0
18.0
112.0
84.0
53.0
152.0
67.0
123.0
163.0
84.0
181.0
105.0
99.0
172.0
78.0
147.0
101.0
55.0
113.0
40.0
79.0
87.0
-16.0
115.0
75.0
-3.0
135.0
22.0
34.0
64.0
-6.0
87.0
43.0
51.0
127.0
65.0
81.0
144.0
18.0
48.0
67.0
16.0
123.0
52.0
106.0
197.0
54.0
126.0
145.0
30.0
144.0
43.0
69.0
92.0
53.0
129.0
102.0
16.0
157.0
43.0
61.0
99.0
71.0
106.0
104.0
52.0
111.0
61.0
53.0
101.0
6.0
77.0
51.0
-9.0
100.0
4.0
21.0
49.0
-27.0
36.0
-2.0
-46.0
48.0
10.0
-8.0
57.0
-15.0
30.0
-14.0
-65.0
43.0
-26.0
-10.0
62.0
-42.0
48.0
29.0
-15.0
71.0
70.0
54.0
103.0
-13.0
51.0
69.0
3.0
92.0
16.0
27.0
78.0
4.0
73.0
91.0
14.0
88.0
31.0
40.0
81.0
29.0
67.0
74.0
-1.0
113.0
45.0
90.0
140.0
71.0
149.0
128.0
57.0
121.0
88.0
77.0
133.0
39.0
112.0
116.0
54.0
134.0
34.0
29.0
90.0
0.0
55.0
84.0
26.0
133.0
32.0
48.0
99.0
43.0
102.0
74.0
42.0
137.0
77.0
100.0
130.0
42.0
143.0
151.0
101.0
184.0
121.0
143.0
172.0
103.0
169.0
130.0
41.0
184.0
46.0
92.0
152.0
46.0
85.0
73.0
31.0
69.0
69.0
80.0
120.0
40.0
93.0
89.0
29.0
99.0
37.0
15.0
79.0
-7.0
84.0
80.0
20.0
109.0
7.0
21.0
74.0
8.0
48.0
103.0
46.0
116.0
53.0
64.0
118.0
47.0
128.0
82.0
35.0
138.0
45.0
23.0
110.0
-13.0
24.0
98.0
20.0
143.0
79.0
91.0
92.0
-2.0
43.0
4.0
-25.0
71.0
15.0
39.0
130.0
21.0
95.0
105.0
-14.0
77.0
13.0
4.0
72.0
-8.0
18.0
64.0
6.0
128.0
46.0
49.0
50.0
-5.0
71.0
72.0
3.0
127.0
46.0
40.0
72.0
50.0
95.0
121.0
65.0
146.0
64.0
84.0
108.0
9.0
92.0
90.0
40.0
170.0
151.0
39.0
133.0
16.0
90.0
62.0
13.0
114.0
66.0
39.0
104.0
-7.0
48.0
34.0
-24.0
71.0
41.0
58.0
106.0
-1.0
103.0
123.0
36.0
118.0
59.0
22.0
78.0
16.0
41.0
46.0
-20.0
101.0
55.0
75.0
138.0
48.0
97.0
25.0
-30.0
9.0
-62.0
-84.0
32.0
-73.0
18.0
-20.0
-43.0
33.0
-63.0
-92.0
30.0
-73.0
-26.0
-30.0
-70.0
-23.0
-34.0
1.0
41.0
-45.0
13.0
-10.0
-85.0
6.0
-92.0
-115.0
-88.0
-190.0
-67.0
-36.0
-94.0
29.0
-18.0
-23.0
55.0
-65.0
32.0
-22.0
-83.0
-50.0
-118.0
-130.0
-88.0
-141.0
-83.0
-59.0
-89.0
26.0
-44.0
-46.0
1.0
-39.0
-58.0
-31.0
-111.0
-29.0
-92.0
-87.0
-13.0
-12.0
49.0
30.0
-7.0
75.0
14.0
5.0
72.0
-46.0
23.0
25.0
-78.0
14.0
-20.0
-15.0
45.0
-17.0
46.0
46.0
-24.0
81.0
-15.0
-6.0
68.0
-60.0
6.0
-4.0
-26.0
82.0
11.0
41.0
69.0
-20.0
46.0
6.0
-13.0
106.0
27.0
20.0
97.0
-39.0
9.0
-22.0
-56.0
60.0
6.0
-3.0
31.0
-77.0
-20.0
-44.0
-87.0
12.0
-51.0
-33.0
88.0
-80.0
62.0
37.0
-27.0
90.0
-42.0
-27.0
6.0
-75.0
-40.0
-22.0
-52.0
32.0
-40.0
-37.0
-8.0
-68.0
-27.0
-14.0
-84.0
-4.0
-41.0
-44.0
1.0
-65.0
-36.0
23.0
-50.0
24.0
-73.0
-70.0
-7.0
-108.0
-44.0
-42.0
-112.0
-18.0
-25.0
-39.0
24.0
-81.0
-40.0
-22.0
-101.0
-7.0
-65.0
-51.0
12.0
-92.0
30.0
24.0
-90.0
-13.0
-52.0
-43.0
10.0
-102.0
-49.0
-88.0
-118.0
-34.0
-110.0
-92.0
-41.0
-90.0
-60.0
-127.0
-13.0
12.0
-11.0
2.0
56.0
-31.0
48.0
26.0
-18.0
49.0
-11.0
-2.0
24.0
-67.0
-8.0
3.0
-68.0
4.0
1.0
-8.0
61.0
-45.0
42.0
-7.0
-55.0
49.0
-46.0
-38.0
19.0
-117.0
-22.0
28.0
-90.0
-3.0
-59.0
-44.0
5.0
-102.0
-10.0
-3.0
-67.0
-6.0
-67.0
-56.0
4.0
-65.0
-39.0
-14.0
-97.0
-4.0
-64.0
-127.0
-28.0
-120.0
-29.0
-72.0
-146.0
-24.0
-145.0
-128.0
-58.0
-126.0
-70.0
-46.0
-122.0
-14.0
-191.0
-172.0
-65.0
-112.0
-35.0
-72.0
-122.0
-62.0
-88.0
-79.0
-86.0
-151.0
-62.0
-31.0
-117.0
-10.0
-117.0
-41.0
-39.0
-112.0
-30.0
-12.0
-82.0
14.0
-8.0
20.0
84.0
10.0
51.0
33.0
-45.0
4.0
-49.0
-51.0
43.0
-60.0
30.0
30.0
-40.0
85.0
-62.0
-15.0
69.0
-47.0
-18.0
-10.0
-43.0
52.0
-76.0
-33.0
48.0
-31.0
-16.0
-5.0
-53.0
22.0
29.0
8.0
85.0
-71.0
24.0
28.0
-36.0
1.0
8.0
-23.0
101.0
27.0
70.0
61.0
5.0
122.0
29.0
30.0
147.0
-48.0
78.0
27.0
-61.0
70.0
89.0
37.0
43.0
23.0
124.0
111.0
-115.0
107.0
62.0
23.0
214.0
-22.0
110.0
100.0
46.0
78.0
7.0
62.0
112.0
-43.0
219.0
51.0
-67.0
7.0
293.0
-3.0
133.0
47.0
148.0
43.0
-18.0
156.0
-146.0
68.0
204.0
-76.0
-25.0
115.0
303.0
68.0
87.0
-82.0
-32.0
143.0
26.0
-195.0
-25.0
70.0
-33.0
97.0
204.0
102.0
-52.0
127.0
-116.0
198.0
-137.0
-248.0
-19.0
63.0
20.0
-128.0
-33.0
16.0
9.0
107.0
-53.0
-115.0
27.0
256.0
-41.0
26.0
89.0
-72.0
-76.0
26.0
-215.0
-101.0
-115.0
-26.0
-154.0
-80.0
-45.0
-97.0
-120.0
7.0
-225.0
-89.0
-198.0
-143.0
-99.0
-235.0
-131.0
-80.0
-284.0
-139.0
-267.0
-228.0
-141.0
-211.0
-241.0
-154.0
-247.0
-190.0
-237.0
-157.0
-275.0
-205.0
-183.0
-12.0
-302.0
-182.0
-169.0
-142.0
-93.0
-177.0
-5.0
-104.0
-223.0
-91.0
-121.0
-154.0
-128.0
-121.0
-80.0
-91.0
-125.0
-56.0
-237.0
-115.0
-96.0
-140.0
-156.0
-58.0
-76.0
-20.0
-125.0
-71.0
-60.0
-86.0
-73.0
-25.0
-146.0
-14.0
-49.0
-87.0
56.0
-54.0
-8.0
-49.0
-53.0
-60.0
-24.0
-73.0
-31.0
-68.0
1.0
24.0
-65.0
39.0
-70.0
-78.0
22.0
-93.0
-5.0
-37.0
-99.0
-71.0
-21.0
-89.0
-10.0
-90.0
1.0
-27.0
-75.0
-13.0
-55.0
-79.0
3.0
-86.0
8.0
-20.0
-87.0
-11.0
-65.0
-58.0
-5.0
-78.0
-40.0
23.0
-82.0
62.0
-30.0
-35.0
3.0
-81.0
-35.0
-8.0
-73.0
5.0
-31.0
-31.0
52.0
-47.0
17.0
34.0
-56.0
26.0
-76.0
-64.0
40.0
-44.0
8.0
23.0
-76.0
-18.0
-67.0
-52.0
29.0
-62.0
-37.0
-21.0
-97.0
-1.0
-46.0
-93.0
-3.0
-146.0
-69.0
-79.0
-174.0
-50.0
-159.0
-97.0
-46.0
-140.0
-68.0
-115.0
-199.0
-71.0
-148.0
-111.0
-48.0
-133.0
-73.0
-93.0
-150.0
-74.0
-126.0
-103.0
-63.0
-113.0
-48.0
-54.0
-112.0
19.0
-22.0
-17.0
10.0
-84.0
53.0
18.0
-41.0
38.0
-5.0
-18.0
26.0
-56.0
-14.0
8.0
-51.0
63.0
-4.0
-31.0
18.0
-69.0
-18.0
18.0
-60.0
47.0
10.0
-44.0
-15.0
-93.0
22.0
10.0
-73.0
54.0
-46.0
-78.0
-47.0
-141.0
-32.0
-50.0
-59.0
-50.0
-121.0
-134.0
-49.0
-102.0
-83.0
-51.0
-107.0
5.0
-92.0
-95.0
-24.0
-137.0
-85.0
-45.0
-83.0
9.0
-71.0
-54.0
-8.0
-84.0
-26.0
4.0
-124.0
-30.0
-42.0
-35.0
30.0
-71.0
-46.0
-38.0
-110.0
-13.0
-86.0
-133.0
-50.0
-110.0
-69.0
-25.0
-75.0
14.0
-32.0
-49.0
9.0
-61.0
14.0
46.0
-22.0
32.0
-6.0
-44.0
9.0
-103.0
-44.0
-80.0
-119.0
-33.0
-84.0
-65.0
14.0
-92.0
37.0
38.0
-25.0
41.0
-82.0
-107.0
-52.0
-129.0
-31.0
-43.0
-104.0
-41.0
-119.0
-117.0
-4.0
-67.0
-21.0
-36.0
-94.0
-51.0
-122.0
-139.0
-27.0
-137.0
-49.0
-58.0
-110.0
-58.0
-105.0
-112.0
-31.0
-159.0
-63.0
-89.0
-148.0
-41.0
-70.0
-78.0
31.0
-111.0
-88.0
-53.0
-87.0
-6.0
-69.0
-27.0
10.0
-91.0
-39.0
-7.0
-53.0
30.0
-34.0
-79.0
5.0
-121.0
-55.0
-25.0
-113.0
23.0
-76.0
-55.0
42.0
-51.0
18.0
47.0
4.0
-24.0
-108.0
-66.0
-32.0
-124.0
-40.0
-63.0
-72.0
32.0
-16.0
-12.0
31.0
-79.0
13.0
-24.0
-114.0
22.0
-48.0
-48.0
49.0
-72.0
-27.0
3.0
-49.0
31.0
23.0
20.0
77.0
-31.0
10.0
52.0
-12.0
86.0
54.0
88.0
111.0
65.0
61.0
92.0
10.0
54.0
-4.0
31.0
-7.0
-78.0
10.0
10.0
-28.0
61.0
23.0
-25.0
93.0
-47.0
26.0
3.0
-79.0
96.0
-3.0
-20.0
56.0
-35.0
8.0
3.0
-84.0
17.0
-45.0
-57.0
33.0
-107.0
-43.0
-64.0
-131.0
-5.0
-72.0
-92.0
-10.0
-130.0
-82.0
-23.0
-84.0
-12.0
-43.0
-88.0
-6.0
-90.0
-51.0
-46.0
-80.0
38.0
-12.0
-77.0
-3.0
-81.0
16.0
6.0
-50.0
-1.0
-72.0
-1.0
42.0
-95.0
2.0
-17.0
-84.0
0.0
-74.0
-100.0
19.0
-100.0
-37.0
-22.0
-118.0
25.0
-56.0
-37.0
33.0
-69.0
27.0
-24.0
-7.0
48.0
-12.0
-16.0
54.0
-22.0
44.0
26.0
-33.0
44.0
16.0
-24.0
60.0
-48.0
28.0
25.0
-36.0
61.0
-26.0
29.0
63.0
5.0
124.0
46.0
-33.0
93.0
20.0
12.0
84.0
4.0
13.0
45.0
-24.0
45.0
22.0
35.0
55.0
-17.0
69.0
63.0
-13.0
106.0
58.0
36.0
109.0
33.0
94.0
92.0
52.0
131.0
52.0
122.0
212.0
147.0
216.0
215.0
126.0
268.0
183.0
152.0
244.0
143.0
194.0
188.0
149.0
159.0
146.0
68.0
131.0
83.0
169.0
126.0
66.0
117.0
49.0
52.0
126.0
22.0
88.0
81.0
-18.0
142.0
58.0
81.0
144.0
55.0
77.0
73.0
41.0
74.0
48.0
31.0
118.0
56.0
103.0
125.0
90.0
104.0
110.0
79.0
96.0
24.0
109.0
117.0
37.0
121.0
77.0
105.0
191.0
77.0
138.0
117.0
70.0
171.0
64.0
116.0
145.0
64.0
150.0
133.0
58.0
127.0
85.0
81.0
148.0
45.0
101.0
97.0
-6.0
96.0
65.0
89.0
127.0
43.0
76.0
118.0
111.0
157.0
119.0
122.0
178.0
100.0
154.0
133.0
62.0
129.0
52.0
61.0
130.0
64.0
150.0
145.0
117.0
173.0
103.0
34.0
70.0
15.0
58.0
87.0
36.0
155.0
84.0
116.0
89.0
19.0
83.0
43.0
-20.0
67.0
17.0
33.0
102.0
9.0
84.0
127.0
14.0
78.0
84.0
38.0
170.0
-4.0
65.0
45.0
-14.0
108.0
54.0
12.0
148.0
63.0
92.0
141.0
55.0
186.0
138.0
143.0
221.0
101.0
117.0
135.0
60.0
200.0
165.0
203.0
276.0
185.0
248.0
255.0
130.0
220.0
171.0
86.0
196.0
39.0
117.0
72.0
34.0
106.0
44.0
56.0
145.0
79.0
126.0
160.0
7.0
172.0
21.0
-15.0
97.0
4.0
83.0
157.0
79.0
168.0
89.0
107.0
116.0
65.0
134.0
56.0
15.0
36.0
-4.0
-2.0
79.0
16.0
105.0
123.0
-1.0
167.0
94.0
61.0
162.0
40.0
75.0
71.0
14.0
86.0
26.0
-11.0
37.0
7.0
66.0
115.0
78.0
184.0
79.0
135.0
101.0
-15.0
67.0
88.0
-14.0
77.0
48.0
8.0
110.0
25.0
129.0
143.0
27.0
155.0
68.0
23.0
114.0
-13.0
67.0
87.0
12.0
139.0
129.0
112.0
188.0
58.0
119.0
117.0
35.0
103.0
91.0
48.0
133.0
32.0
52.0
70.0
-15.0
81.0
98.0
71.0
142.0
18.0
69.0
42.0
-25.0
58.0
-10.0
-8.0
98.0
3.0
63.0
127.0
119.0
216.0
159.0
138.0
204.0
100.0
164.0
157.0
156.0
169.0
154.0
137.0
251.0
164.0
216.0
260.0
120.0
215.0
114.0
76.0
147.0
94.0
75.0
-12.0
-65.0
70.0
24.0
54.0
200.0
96.0
126.0
92.0
-23.0
59.0
-8.0
-28.0
17.0
-19.0
43.0
22.0
-1.0
117.0
137.0
135.0
185.0
83.0
106.0
68.0
-10.0
14.0
-61.0
-73.0
-44.0
-42.0
-39.0
107.0
34.0
173.0
110.0
111.0
182.0
65.0
82.0
55.0
-38.0
29.0
-77.0
-45.0
55.0
-37.0
124.0
172.0
73.0
177.0
106.0
88.0
102.0
-17.0
21.0
39.0
-63.0
-23.0
-49.0
-17.0
51.0
73.0
127.0
197.0
105.0
165.0
82.0
61.0
130.0
17.0
29.0
59.0
-17.0
51.0
57.0
52.0
182.0
74.0
98.0
128.0
12.0
115.0
43.0
-11.0
20.0
-22.0
75.0
35.0
-24.0
74.0
32.0
61.0
104.0
78.0
139.0
86.0
88.0
110.0
63.0
30.0
95.0
74.0
122.0
143.0
50.0
142.0
65.0
36.0
120.0
36.0
105.0
104.0
6.0
74.0
-15.0
0.0
49.0
-15.0
98.0
103.0
50.0
184.0
102.0
95.0
83.0
-23.0
-42.0
6.0
6.0
85.0
76.0
62.0
211.0
73.0
116.0
97.0
33.0
99.0
54.0
-15.0
83.0
1.0
49.0
48.0
-33.0
45.0
-23.0
5.0
59.0
-14.0
55.0
81.0
3.0
88.0
56.0
56.0
106.0
49.0
120.0
128.0
77.0
122.0
71.0
30.0
120.0
26.0
72.0
50.0
-15.0
52.0
-24.0
1.0
50.0
-1.0
48.0
106.0
64.0
144.0
46.0
5.0
113.0
-4.0
53.0
36.0
-7.0
93.0
55.0
58.0
173.0
85.0
153.0
173.0
84.0
140.0
75.0
17.0
91.0
10.0
69.0
69.0
31.0
122.0
90.0
78.0
164.0
71.0
104.0
100.0
15.0
67.0
90.0
38.0
102.0
-3.0
9.0
69.0
48.0
191.0
144.0
103.0
113.0
16.0
41.0
77.0
-53.0
24.0
-40.0
-3.0
106.0
74.0
131.0
155.0
53.0
114.0
3.0
2.0
86.0
1.0
51.0
52.0
-33.0
45.0
50.0
30.0
171.0
71.0
88.0
104.0
46.0
93.0
-25.0
-13.0
20.0
-67.0
21.0
45.0
-4.0
136.0
70.0
103.0
107.0
-55.0
-12.0
-11.0
-126.0
-15.0
-72.0
-67.0
7.0
-30.0
-5.0
36.0
-37.0
63.0
21.0
-21.0
62.0
-33.0
-49.0
-14.0
-102.0
-27.0
-42.0
-67.0
13.0
-78.0
-53.0
8.0
-78.0
12.0
-77.0
-126.0
25.0
-136.0
-62.0
-108.0
-145.0
-22.0
-41.0
-62.0
14.0
-5.0
-22.0
64.0
-33.0
23.0
-67.0
-81.0
-5.0
-124.0
-63.0
-54.0
-88.0
-1.0
-28.0
-31.0
-25.0
-54.0
-36.0
-10.0
-116.0
-61.0
-78.0
-88.0
-46.0
-128.0
-77.0
-64.0
-105.0
-36.0
-83.0
-111.0
-61.0
-147.0
-98.0
-84.0
-97.0
-37.0
-84.0
-116.0
-62.0
-146.0
-124.0
-63.0
-146.0
-37.0
-101.0
-100.0
-11.0
-146.0
-136.0
-71.0
-161.0
-5.0
-76.0
-107.0
-3.0
-105.0
-60.0
1.0
-106.0
-35.0
-69.0
-53.0
2.0
-67.0
-47.0
-8.0
-52.0
16.0
-26.0
-29.0
0.0
-69.0
-62.0
-21.0
-104.0
1.0
-46.0
-157.0
-129.0
-197.0
-153.0
-95.0
-181.0
-92.0
-159.0
-191.0
-27.0
-165.0
-53.0
-1.0
-103.0
-19.0
-80.0
-164.0
-63.0
-147.0
-102.0
-45.0
-166.0
-100.0
-48.0
-89.0
-5.0
-39.0
-1.0
78.0
15.0
133.0
78.0
107.0
209.0
85.0
162.0
135.0
38.0
100.0
24.0
-48.0
44.0
-95.0
-7.0
-11.0
-21.0
42.0
41.0
51.0
82.0
-51.0
-20.0
-50.0
-136.0
-15.0
-72.0
-70.0
-8.0
-127.0
-64.0
-82.0
-177.0
-107.0
-162.0
-163.0
-81.0
-197.0
-138.0
-107.0
-179.0
-76.0
-64.0
-146.0
-75.0
-178.0
-108.0
-118.0
-171.0
-93.0
-133.0
-124.0
-46.0
-137.0
-86.0
-58.0
-139.0
-2.0
-37.0
-54.0
-9.0
-39.0
-5.0
6.0
-68.0
-7.0
-78.0
-107.0
-56.0
-114.0
-77.0
-77.0
-175.0
-87.0
-62.0
-162.0
-91.0
-178.0
-163.0
-174.0
-251.0
-169.0
-180.0
-214.0
-95.0
-208.0
-136.0
-64.0
-215.0
-122.0
-165.0
-203.0
-106.0
-197.0
-136.0
-97.0
-225.0
-102.0
-129.0
-170.0
-70.0
-157.0
-93.0
-68.0
-178.0
-63.0
-191.0
-147.0
-58.0
-152.0
-95.0
-83.0
-139.0
-60.0
-139.0
-136.0
-55.0
-153.0
-98.0
-3.0
-137.0
-2.0
-54.0
-36.0
41.0
-52.0
-9.0
44.0
-6.0
80.0
20.0
-23.0
25.0
-58.0
-63.0
-51.0
-144.0
-74.0
-101.0
-62.0
-2.0
-111.0
-4.0
-32.0
-159.0
-118.0
-149.0
-202.0
-157.0
-199.0
-127.0
-78.0
-134.0
-58.0
-142.0
-191.0
-43.0
-190.0
-177.0
-136.0
-234.0
-164.0
-222.0
-210.0
-119.0
-245.0
-194.0
-170.0
-275.0
-162.0
-242.0
-256.0
-222.0
-237.0
-272.0
-173.0
-281.0
-180.0
-180.0
-256.0
-174.0
-257.0
-256.0
-211.0
-271.0
-222.0
-231.0
-293.0
-206.0
-277.0
-226.0
-221.0
-325.0
-239.0
-270.0
-270.0
-212.0
-287.0
-229.0
-231.0
-295.0
-183.0
-234.0
-250.0
-191.0
-263.0
-225.0
-194.0
-269.0
-205.0
-212.0
-216.0
-131.0
-182.0
-125.0
-107.0
-200.0
-51.0
-139.0
-168.0
-77.0
-195.0
-160.0
-157.0
-181.0
-137.0
-156.0
-196.0
-142.0
-216.0
-178.0
-200.0
-267.0
-238.0
-254.0
-251.0
-177.0
-269.0
-249.0
-203.0
-284.0
-228.0
-242.0
-265.0
-156.0
-304.0
-250.0
-244.0
-338.0
-257.0
-273.0
-280.0
-165.0
-261.0
-193.0
-175.0
-235.0
-145.0
-201.0
-234.0
-187.0
-252.0
-212.0
-152.0
-210.0
-125.0
-149.0
-158.0
-48.0
-144.0
-125.0
-82.0
-118.0
0.0
-35.0
-27.0
80.0
19.0
60.0
121.0
61.0
161.0
141.0
146.0
245.0
162.0
242.0
285.0
200.0
249.0
256.0
249.0
331.0
280.0
317.0
357.0
249.0
392.0
342.0
281.0
375.0
244.0
315.0
365.0
261.0
387.0
356.0
385.0
450.0
320.0
409.0
361.0
323.0
382.0
398.0
364.0
452.0
404.0
380.0
437.0
306.0
430.0
369.0
312.0
416.0
331.0
410.0
415.0
369.0
468.0
417.0
377.0
429.0
288.0
352.0
350.0
278.0
390.0
374.0
340.0
460.0
452.0
516.0
546.0
406.0
485.0
362.0
271.0
340.0
265.0
262.0
359.0
293.0
381.0
435.0
372.0
450.0
305.0
315.0
300.0
209.0
277.0
215.0
196.0
170.0
79.0
116.0
162.0
111.0
202.0
133.0
7.0
103.0
-12.0
17.0
27.0
-110.0
5.0
-74.0
-88.0
-18.0
-102.0
-87.0
-50.0
-149.0
-79.0
-112.0
-144.0
-12.0
-91.0
-44.0
3.0
-84.0
-37.0
-63.0
-120.0
-90.0
-188.0
-119.0
-84.0
-133.0
-20.0
-27.0
-61.0
-3.0
-111.0
-79.0
-96.0
-135.0
-99.0
-133.0
-147.0
-27.0
-109.0
-77.0
-52.0
-136.0
-64.0
-98.0
-97.0
-45.0
-176.0
-76.0
-91.0
-120.0
-46.0
-88.0
-129.0
-23.0
-127.0
-74.0
-42.0
-106.0
-31.0
-65.0
-55.0
9.0
-70.0
-11.0
26.0
-73.0
-15.0
23.0
-75.0
-31.0
-76.0
-43.0
34.0
-54.0
-1.0
-7.0
-60.0
20.0
-101.0
-23.0
12.0
-63.0
6.0
-46.0
-97.0
-18.0
-97.0
-54.0
-5.0
-91.0
-8.0
-46.0
-55.0
52.0
-32.0
-2.0
64.0
-6.0
110.0
79.0
63.0
114.0
32.0
79.0
59.0
-4.0
12.0
23.0
-62.0
-20.0
-109.0
-137.0
-127.0
-199.0
-125.0
-164.0
-168.0
-130.0
-238.0
-227.0
-186.0
-226.0
-169.0
-232.0
-266.0
-133.0
-243.0
-242.0
-227.0
-326.0
-186.0
-249.0
-275.0
-149.0
-246.0
-146.0
-155.0
-282.0
-197.0
-282.0
-257.0
-200.0
-258.0
-180.0
-188.0
-260.0
-203.0
-221.0
-237.0
-158.0
-244.0
-209.0
-157.0
-251.0
-152.0
-254.0
-192.0
-122.0
-186.0
-205.0
-122.0
-208.0
-105.0
-171.0
-182.0
-141.0
-191.0
-144.0
-110.0
-223.0
-126.0
-133.0
-172.0
-83.0
-143.0
-123.0
-108.0
-184.0
-100.0
-132.0
-212.0
-79.0
-174.0
-152.0
-128.0
-190.0
-85.0
-70.0
-158.0
-41.0
-77.0
-54.0
-23.0
-73.0
33.0
2.0
-56.0
33.0
-36.0
-28.0
18.0
-26.0
52.0
-32.0
-76.0
56.0
-78.0
-39.0
-40.0
-114.0
-109.0
-95.0
-170.0
-96.0
-155.0
-126.0
-36.0
-101.0
-13.0
-60.0
-62.0
1.0
-133.0
-96.0
-64.0
-168.0
-89.0
-104.0
-148.0
-49.0
-140.0
-76.0
-51.0
-97.0
-31.0
-91.0
-163.0
-55.0
-161.0
-105.0
-125.0
-136.0
-76.0
-126.0
-127.0
-52.0
-98.0
-115.0
-63.0
-203.0
-111.0
-121.0
-133.0
-41.0
-149.0
-127.0
-96.0
-130.0
-64.0
-86.0
-114.0
-54.0
-137.0
-78.0
-24.0
-114.0
-61.0
-68.0
-107.0
-5.0
-117.0
-103.0
-66.0
-151.0
-50.0
-91.0
-147.0
-79.0
-110.0
-72.0
-53.0
-138.0
-105.0
-131.0
-103.0
-73.0
-107.0
-129.0
-55.0
-127.0
-91.0
-94.0
-113.0
-61.0
-167.0
-22.0
-120.0
-158.0
-96.0
-133.0
-194.0
-80.0
-167.0
-122.0
-77.0
-131.0
-49.0
-98.0
-126.0
-60.0
-167.0
-108.0
-84.0
-109.0
-85.0
-90.0
-101.0
-14.0
-99.0
-85.0
-32.0
-83.0
-34.0
-44.0
-100.0
8.0
-34.0
-84.0
-6.0
-69.0
-15.0
-12.0
-113.0
-15.0
-110.0
-81.0
-7.0
-145.0
-55.0
-22.0
-42.0
33.0
-48.0
-24.0
11.0
-75.0
11.0
-13.0
-97.0
-22.0
-58.0
-80.0
40.0
-111.0
-56.0
-45.0
-96.0
-13.0
-104.0
-53.0
8.0
-68.0
-1.0
-38.0
-80.0
-2.0
-74.0
-105.0
-3.0
-42.0
45.0
6.0
3.0
100.0
25.0
24.0
96.0
-32.0
65.0
24.0
7.0
130.0
12.0
24.0
101.0
-3.0
70.0
79.0
23.0
179.0
111.0
146.0
176.0
59.0
162.0
224.0
153.0
214.0
114.0
150.0
212.0
95.0
185.0
168.0
97.0
213.0
101.0
69.0
68.0
-4.0
103.0
55.0
40.0
144.0
61.0
52.0
147.0
37.0
117.0
84.0
49.0
99.0
8.0
-10.0
89.0
4.0
120.0
96.0
45.0
117.0
101.0
92.0
89.0
10.0
28.0
29.0
-29.0
99.0
4.0
10.0
150.0
8.0
94.0
58.0
23.0
72.0
25.0
90.0
124.0
44.0
131.0
47.0
35.0
130.0
71.0
95.0
109.0
29.0
71.0
67.0
15.0
106.0
-28.0
61.0
81.0
-4.0
98.0
72.0
16.0
133.0
18.0
62.0
64.0
-25.0
82.0
56.0
33.0
104.0
52.0
55.0
69.0
-25.0
50.0
-18.0
-62.0
73.0
-15.0
-5.0
106.0
-36.0
74.0
31.0
1.0
52.0
-43.0
-21.0
28.0
-40.0
57.0
-49.0
-51.0
32.0
17.0
28.0
50.0
10.0
-6.0
28.0
-46.0
43.0
-20.0
-34.0
50.0
-62.0
-4.0
-4.0
-82.0
24.0
-60.0
-24.0
40.0
-24.0
34.0
35.0
-34.0
45.0
-19.0
8.0
50.0
-12.0
59.0
6.0
-39.0
29.0
-10.0
11.0
77.0
-35.0
21.0
-4.0
43.0
99.0
39.0
28.0
59.0
-10.0
88.0
-3.0
34.0
65.0
3.0
17.0
80.0
5.0
105.0
93.0
30.0
129.0
37.0
14.0
89.0
-13.0
60.0
34.0
14.0
82.0
-6.0
53.0
56.0
-4.0
56.0
25.0
-8.0
51.0
20.0
35.0
87.0
5.0
62.0
70.0
-17.0
96.0
61.0
44.0
68.0
47.0
78.0
8.0
-18.0
42.0
-1.0
74.0
140.0
17.0
166.0
152.0
92.0
133.0
47.0
22.0
61.0
-90.0
29.0
-23.0
-20.0
72.0
-6.0
35.0
92.0
3.0
58.0
21.0
-33.0
36.0
-78.0
-56.0
10.0
-25.0
78.0
51.0
11.0
116.0
61.0
28.0
90.0
-60.0
1.0
-45.0
-102.0
74.0
-23.0
54.0
92.0
-8.0
102.0
65.0
48.0
98.0
-12.0
12.0
50.0
-41.0
2.0
4.0
-2.0
73.0
-5.0
36.0
64.0
65.0
33.0
32.0
-22.0
16.0
-44.0
-66.0
15.0
-124.0
17.0
-2.0
22.0
98.0
35.0
2.0
40.0
-39.0
1.0
-25.0
-116.0
-24.0
-62.0
-36.0
53.0
-37.0
58.0
94.0
48.0
97.0
1.0
54.0
31.0
-95.0
8.0
-16.0
-29.0
40.0
-15.0
34.0
59.0
16.0
80.0
75.0
-16.0
74.0
-3.0
-22.0
65.0
-42.0
-5.0
-21.0
-43.0
26.0
-42.0
-26.0
37.0
-45.0
-18.0
-27.0
-67.0
2.0
-14.0
-31.0
108.0
-39.0
95.0
8.0
16.0
61.0
-3.0
-21.0
8.0
-82.0
-6.0
-48.0
-99.0
18.0
-51.0
-33.0
52.0
-15.0
71.0
17.0
-36.0
54.0
-27.0
-35.0
19.0
-33.0
14.0
6.0
-84.0
5.0
-29.0
-39.0
27.0
-12.0
-6.0
34.0
-34.0
13.0
-7.0
4.0
59.0
-3.0
86.0
44.0
-29.0
91.0
28.0
32.0
105.0
0.0
83.0
145.0
75.0
226.0
84.0
136.0
172.0
121.0
166.0
135.0
102.0
155.0
56.0
59.0
64.0
8.0
41.0
96.0
-4.0
73.0
11.0
31.0
107.0
10.0
6.0
-48.0
-9.0
28.0
-40.0
23.0
61.0
-60.0
3.0
-17.0
-91.0
34.0
-61.0
-30.0
64.0
-51.0
59.0
14.0
-13.0
32.0
-8.0
-22.0
18.0
-77.0
22.0
-22.0
-68.0
6.0
-3.0
-8.0
42.0
-77.0
54.0
-10.0
-69.0
32.0
-39.0
-72.0
25.0
-84.0
10.0
-8.0
-75.0
11.0
-77.0
-81.0
26.0
-128.0
-48.0
-43.0
-117.0
7.0
-87.0
-70.0
4.0
-97.0
-46.0
-41.0
-146.0
-41.0
-97.0
-88.0
-67.0
-138.0
-64.0
-60.0
-84.0
-18.0
-33.0
-55.0
21.0
-93.0
-24.0
-60.0
-106.0
-27.0
-67.0
-77.0
3.0
-97.0
-17.0
-6.0
-121.0
54.0
-44.0
-4.0
-5.0
-109.0
33.0
-20.0
-28.0
0.0
-32.0
-55.0
24.0
-63.0
-32.0
-3.0
-88.0
-8.0
-69.0
-87.0
-54.0
-118.0
-54.0
-61.0
-118.0
12.0
-85.0
-37.0
5.0
-83.0
-25.0
-65.0
-115.0
-36.0
-99.0
-88.0
19.0
-90.0
-26.0
-16.0
-45.0
-8.0
-118.0
-64.0
-44.0
-136.0
-64.0
-89.0
-142.0
-33.0
-112.0
-35.0
8.0
-77.0
-11.0
-39.0
-83.0
-20.0
-118.0
-110.0
-18.0
-91.0
-35.0
20.0
-47.0
13.0
-45.0
-32.0
59.0
-69.0
14.0
1.0
-54.0
23.0
-70.0
-29.0
21.0
-123.0
-7.0
3.0
-73.0
-20.0
-39.0
-64.0
41.0
-96.0
9.0
-64.0
-114.0
-32.0
-87.0
-83.0
-7.0
-94.0
-14.0
-15.0
-64.0
6.0
-68.0
-109.0
3.0
-83.0
-39.0
-36.0
-93.0
-30.0
-69.0
-95.0
-8.0
-103.0
-63.0
-16.0
-87.0
11.0
-92.0
-92.0
10.0
-65.0
-38.0
21.0
-119.0
26.0
-62.0
-91.0
20.0
-91.0
-16.0
5.0
-95.0
-22.0
-104.0
-95.0
-48.0
-55.0
-11.0
-36.0
-69.0
-11.0
-64.0
-82.0
-12.0
-124.0
-50.0
-22.0
-77.0
26.0
-49.0
-54.0
19.0
-65.0
37.0
-12.0
-42.0
22.0
-10.0
-69.0
3.0
-128.0
-33.0
-23.0
-50.0
23.0
-27.0
-70.0
11.0
-32.0
-21.0
-15.0
-72.0
18.0
-50.0
-56.0
62.0
-99.0
21.0
-22.0
-67.0
33.0
-52.0
-39.0
-2.0
-65.0
-26.0
-47.0
-116.0
-13.0
-73.0
-44.0
5.0
-74.0
-12.0
-42.0
-58.0
7.0
-76.0
-51.0
-4.0
-88.0
11.0
-14.0
-57.0
23.0
-62.0
-27.0
53.0
-83.0
-8.0
-9.0
-99.0
14.0
-97.0
-105.0
-35.0
-174.0
-11.0
-12.0
-75.0
42.0
-34.0
-95.0
17.0
-145.0
-41.0
-60.0
-189.0
-36.0
-123.0
-107.0
-31.0
-97.0
-28.0
-2.0
-35.0
38.0
1.0
-48.0
-10.0
-82.0
-59.0
-78.0
-107.0
-42.0
-91.0
-33.0
12.0
-50.0
8.0
21.0
-43.0
65.0
-6.0
-28.0
63.0
-40.0
-10.0
26.0
-95.0
9.0
-102.0
-111.0
-21.0
-105.0
-21.0
-6.0
-95.0
-20.0
-82.0
-98.0
-24.0
-84.0
-45.0
-12.0
-64.0
44.0
-21.0
-35.0
48.0
-44.0
-1.0
-2.0
-115.0
-47.0
-115.0
-89.0
-37.0
-92.0
-45.0
-47.0
-89.0
-36.0
-78.0
-93.0
15.0
-82.0
-41.0
-4.0
-97.0
2.0
-43.0
-54.0
35.0
-78.0
-26.0
1.0
-63.0
-11.0
-76.0
-113.0
-15.0
-103.0
-76.0
-44.0
-100.0
-8.0
-83.0
-78.0
15.0
-49.0
-17.0
4.0
-86.0
-34.0
-82.0
-37.0
34.0
-57.0
-5.0
-24.0
-71.0
6.0
-33.0
-50.0
27.0
-49.0
5.0
-48.0
-76.0
-14.0
-11.0
-19.0
30.0
-53.0
22.0
-1.0
-24.0
46.0
-12.0
15.0
55.0
-54.0
-26.0
-4.0
-56.0
-7.0
-52.0
-115.0
8.0
-91.0
-60.0
-32.0
-103.0
-43.0
-95.0
-111.0
7.0
-90.0
-14.0
-40.0
-108.0
50.0
-37.0
-26.0
23.0
-81.0
10.0
15.0
-40.0
42.0
-53.0
-42.0
25.0
-96.0
29.0
18.0
-29.0
53.0
-44.0
6.0
18.0
-51.0
-44.0
-34.0
-84.0
-1.0
-56.0
-63.0
-40.0
-117.0
-53.0
-26.0
-67.0
-9.0
-73.0
-83.0
-6.0
-112.0
-98.0
-44.0
-124.0
-34.0
-85.0
-92.0
-9.0
-33.0
48.0
77.0
-10.0
100.0
40.0
43.0
61.0
-8.0
63.0
131.0
9.0
119.0
101.0
137.0
187.0
82.0
159.0
88.0
-48.0
-2.0
-74.0
-55.0
8.0
-41.0
-1.0
17.0
-29.0
93.0
11.0
-15.0
-20.0
-114.0
-90.0
-55.0
-151.0
-18.0
-33.0
-29.0
-7.0
-42.0
-17.0
17.0
-69.0
25.0
-77.0
-65.0
-13.0
-114.0
-57.0
-63.0
-130.0
-16.0
-43.0
-56.0
24.0
-50.0
-15.0
-39.0
-115.0
-42.0
-63.0
-80.0
-27.0
-96.0
-12.0
12.0
-79.0
-15.0
-86.0
-80.0
-13.0
-89.0
-41.0
-44.0
-163.0
-11.0
-63.0
-86.0
-4.0
-98.0
-53.0
-29.0
-99.0
-6.0
-27.0
-46.0
35.0
-113.0
-3.0
21.0
-48.0
35.0
-11.0
-39.0
19.0
-69.0
-18.0
-27.0
-106.0
-56.0
-56.0
-84.0
-32.0
-109.0
-54.0
-47.0
-134.0
-31.0
-129.0
-68.0
-54.0
-96.0
-26.0
-22.0
-131.0
-20.0
-50.0
-67.0
1.0
-63.0
-42.0
-31.0
-100.0
-48.0
-78.0
-97.0
-31.0
-121.0
-52.0
