4 0.837583
5 0.855179
7 0.886137
9 0.908454
11 0.923909
13 0.934953
16 0.946397
20 0.955855
23 0.960248
28 0.964577
33 0.966676
38 0.967386
45 0.966893
52 0.965490
60 0.963681
69 0.961927
79 0.959876
91 0.956503
104 0.952179
119 0.947411
135 0.943443
154 0.940721
174 0.939133
198 0.937877
223 0.936862
252 0.935687
285 0.934036
321 0.931860
362 0.928610
407 0.923926
457 0.917136
513 0.907487
575 0.894664
645 0.878821
723 0.862118
809 0.847426
905 0.836779
1011 0.830718
1130 0.828327
1261 0.828199
1407 0.829924
1570 0.832786
