4 0.779217
5 0.822127
7 0.875167
9 0.904320
11 0.921194
13 0.931726
16 0.941447
20 0.948812
23 0.952098
28 0.955018
33 0.955722
38 0.954852
45 0.951860
52 0.947905
60 0.943455
69 0.938954
79 0.933782
91 0.926564
104 0.917902
119 0.907621
135 0.897283
154 0.886703
174 0.876937
198 0.866190
223 0.856014
252 0.845361
285 0.834195
321 0.822807
362 0.809929
407 0.794654
457 0.775330
513 0.751170
575 0.722018
645 0.689801
723 0.660148
809 0.637863
905 0.625326
1011 0.619650
1130 0.617613
1261 0.618836
1407 0.623362
1570 0.629971
