-219.0
-211.0
-162.0
-170.0
-215.0
-234.0
-188.0
-183.0
-185.0
-153.0
-164.0
-211.0
-213.0
-235.0
-176.0
-185.0
-157.0
-184.0
-197.0
-176.0
-159.0
-167.0
-193.0
-178.0
-158.0
-173.0
-156.0
-182.0
-169.0
-218.0
-201.0
-206.0
-212.0
-234.0
-195.0
-180.0
-253.0
-205.0
-231.0
-197.0
-206.0
-182.0
-168.0
-216.0
-197.0
-189.0
-175.0
-166.0
-161.0
-175.0
-157.0
-193.0
-166.0
-154.0
-118.0
-194.0
-181.0
-159.0
-166.0
-166.0
-203.0
-164.0
-220.0
-180.0
-159.0
-176.0
-152.0
-125.0
-155.0
-165.0
-138.0
-154.0
-168.0
-139.0
-137.0
-107.0
-140.0
-144.0
-148.0
-180.0
-154.0
-157.0
-135.0
-98.0
-167.0
-115.0
-125.0
-149.0
-188.0
-156.0
-166.0
-182.0
-148.0
-148.0
-125.0
-172.0
-180.0
-162.0
-128.0
-124.0
-180.0
-157.0
-139.0
-132.0
-95.0
-121.0
-87.0
-108.0
-124.0
-120.0
-93.0
-102.0
-110.0
-162.0
-100.0
-143.0
-158.0
-129.0
-105.0
-153.0
-148.0
-149.0
-158.0
-152.0
-168.0
-132.0
-113.0
-157.0
-151.0
-115.0
-187.0
-161.0
-139.0
-142.0
-138.0
-135.0
-116.0
-121.0
-134.0
-132.0
-144.0
-156.0
-183.0
-153.0
-192.0
-170.0
-153.0
-196.0
-147.0
-148.0
-143.0
-158.0
-146.0
-124.0
-124.0
-171.0
-146.0
-128.0
-104.0
-124.0
-130.0
-179.0
-159.0
-162.0
-185.0
-163.0
-170.0
-132.0
-122.0
-136.0
-122.0
-154.0
-132.0
-106.0
-107.0
-122.0
-110.0
-92.0
-58.0
-83.0
-84.0
-101.0
-96.0
-108.0
-118.0
-95.0
-112.0
-105.0
-114.0
-112.0
-76.0
-129.0
-133.0
-86.0
-90.0
-103.0
-129.0
-96.0
-100.0
-96.0
-144.0
-175.0
-137.0
-160.0
-97.0
-78.0
-70.0
-75.0
-30.0
-54.0
-87.0
-101.0
-66.0
-72.0
-77.0
-61.0
-80.0
-65.0
-41.0
-77.0
-52.0
-40.0
-53.0
-76.0
-72.0
-52.0
-56.0
-84.0
-57.0
-27.0
-45.0
-36.0
-53.0
-48.0
-65.0
-102.0
-58.0
-70.0
-69.0
-43.0
-39.0
-66.0
-67.0
-62.0
-86.0
-66.0
-93.0
-102.0
-64.0
-63.0
-54.0
-62.0
-87.0
-76.0
-8.0
-63.0
-78.0
-60.0
-83.0
-89.0
-69.0
-51.0
-35.0
-25.0
-46.0
-81.0
-76.0
-51.0
-15.0
-60.0
-92.0
-67.0
-60.0
-42.0
-37.0
-96.0
-97.0
-81.0
-88.0
-72.0
-91.0
-77.0
-32.0
-74.0
-76.0
-98.0
-91.0
-95.0
-107.0
-81.0
-91.0
-78.0
-111.0
-119.0
-91.0
-90.0
-34.0
-57.0
-101.0
-54.0
-126.0
-116.0
-88.0
-101.0
-73.0
-90.0
-93.0
-90.0
-105.0
-97.0
-78.0
-108.0
-93.0
-91.0
-98.0
-126.0
-95.0
-134.0
-139.0
-103.0
-124.0
-115.0
-155.0
-107.0
-140.0
-130.0
-137.0
-116.0
-130.0
-137.0
-129.0
-113.0
-136.0
-116.0
-145.0
-124.0
-96.0
-139.0
-122.0
-122.0
-128.0
-93.0
-102.0
-140.0
-125.0
-154.0
-103.0
-113.0
-106.0
-113.0
-119.0
-152.0
-136.0
-116.0
-111.0
-98.0
-125.0
-124.0
-94.0
-131.0
-131.0
-111.0
-108.0
-100.0
-117.0
-88.0
-122.0
-72.0
-95.0
-116.0
-92.0
-82.0
-84.0
-92.0
-128.0
-141.0
-156.0
-125.0
-128.0
-128.0
-118.0
-86.0
-54.0
-56.0
-16.0
-50.0
-70.0
-60.0
-109.0
-109.0
-59.0
-44.0
-49.0
-26.0
-33.0
-32.0
-58.0
-81.0
-43.0
-27.0
14.0
-24.0
-76.0
-56.0
-50.0
-72.0
-59.0
-30.0
-45.0
-46.0
1.0
-8.0
-21.0
-20.0
-54.0
-80.0
-70.0
-64.0
-126.0
-75.0
-37.0
-56.0
-76.0
-56.0
-68.0
-68.0
-60.0
-77.0
-70.0
-29.0
-78.0
-69.0
-32.0
-54.0
-47.0
-74.0
-64.0
-70.0
-36.0
-56.0
-86.0
-89.0
-46.0
-77.0
-67.0
-101.0
-57.0
-82.0
-106.0
-67.0
-48.0
-72.0
-97.0
-92.0
-117.0
-82.0
-98.0
-82.0
-71.0
-78.0
-56.0
-45.0
-78.0
-70.0
-45.0
-81.0
-62.0
-46.0
-86.0
-87.0
-77.0
-79.0
-88.0
-92.0
-110.0
-74.0
-98.0
-91.0
-74.0
-69.0
-70.0
-61.0
-54.0
-95.0
-114.0
-62.0
-67.0
-43.0
-46.0
-73.0
-87.0
-84.0
-65.0
-62.0
-28.0
-48.0
-76.0
-48.0
-37.0
-31.0
-59.0
-55.0
-46.0
-55.0
-36.0
-5.0
-26.0
-10.0
-31.0
-77.0
-86.0
-92.0
-86.0
-70.0
-73.0
-137.0
-94.0
-80.0
-93.0
-73.0
-57.0
-52.0
-25.0
-71.0
-34.0
-29.0
-56.0
-48.0
-26.0
-21.0
-18.0
-18.0
3.0
-26.0
-8.0
-27.0
-15.0
-8.0
-38.0
-18.0
-3.0
-18.0
21.0
4.0
8.0
11.0
4.0
17.0
30.0
-21.0
-14.0
44.0
23.0
12.0
5.0
38.0
19.0
11.0
39.0
34.0
37.0
27.0
8.0
18.0
0.0
-6.0
34.0
49.0
13.0
39.0
14.0
-31.0
-51.0
-32.0
14.0
-4.0
26.0
49.0
26.0
52.0
78.0
14.0
27.0
32.0
16.0
6.0
22.0
27.0
-27.0
-2.0
-5.0
-7.0
-14.0
8.0
37.0
73.0
4.0
37.0
30.0
13.0
6.0
15.0
-26.0
-8.0
-24.0
-65.0
-6.0
-49.0
-22.0
-18.0
-39.0
-23.0
-32.0
0.0
-29.0
-50.0
-7.0
-31.0
-11.0
29.0
-52.0
-71.0
0.0
3.0
-11.0
36.0
31.0
18.0
15.0
-20.0
-15.0
-9.0
-6.0
-3.0
-14.0
-10.0
5.0
-13.0
-23.0
13.0
21.0
0.0
-7.0
32.0
11.0
-17.0
33.0
17.0
38.0
16.0
20.0
3.0
-53.0
-60.0
-71.0
-64.0
-49.0
-78.0
-53.0
-49.0
-79.0
-21.0
-81.0
-91.0
-67.0
-103.0
-48.0
-76.0
-81.0
-106.0
-88.0
-43.0
-96.0
-104.0
-100.0
-46.0
-97.0
-65.0
-103.0
-123.0
-92.0
-80.0
-64.0
-85.0
-88.0
-72.0
-56.0
-31.0
-80.0
-54.0
-46.0
-97.0
-86.0
-77.0
-69.0
-63.0
-53.0
-72.0
-51.0
-50.0
-44.0
-37.0
-50.0
-37.0
-27.0
32.0
-39.0
-20.0
-83.0
-52.0
-16.0
-69.0
-53.0
-38.0
-101.0
-74.0
-44.0
-29.0
-46.0
-57.0
-53.0
9.0
-20.0
5.0
-26.0
44.0
16.0
10.0
-2.0
10.0
-1.0
22.0
-7.0
-13.0
14.0
22.0
24.0
-12.0
-4.0
-18.0
-24.0
71.0
-20.0
50.0
154.0
174.0
173.0
189.0
227.0
240.0
217.0
147.0
158.0
132.0
76.0
109.0
29.0
-4.0
-1.0
10.0
26.0
7.0
-40.0
-8.0
-74.0
-109.0
-127.0
-112.0
-89.0
-117.0
-69.0
-71.0
-71.0
-67.0
-61.0
-61.0
-105.0
-105.0
-98.0
-109.0
-93.0
-100.0
-122.0
-85.0
-119.0
-146.0
-94.0
-73.0
-102.0
-70.0
-61.0
-154.0
-165.0
-152.0
-117.0
-104.0
-89.0
-90.0
-83.0
-99.0
-95.0
-119.0
-107.0
-92.0
-120.0
-108.0
-93.0
-88.0
-50.0
44.0
88.0
115.0
110.0
131.0
88.0
16.0
-1.0
29.0
33.0
34.0
50.0
29.0
4.0
-29.0
-42.0
-37.0
-95.0
-68.0
-108.0
-117.0
-97.0
-118.0
-110.0
-111.0
-121.0
-200.0
-174.0
-121.0
-127.0
-109.0
-83.0
-59.0
-72.0
-76.0
-91.0
-66.0
-31.0
-93.0
-68.0
-47.0
-64.0
-16.0
-68.0
-117.0
-56.0
-74.0
-117.0
-93.0
-118.0
-144.0
-172.0
-150.0
-156.0
-128.0
-163.0
-175.0
-127.0
-106.0
-96.0
-56.0
-17.0
-81.0
-76.0
-7.0
-7.0
48.0
68.0
102.0
143.0
149.0
151.0
130.0
93.0
58.0
93.0
-2.0
-1.0
-16.0
-43.0
-43.0
-79.0
-73.0
-46.0
-129.0
-117.0
-134.0
-146.0
-148.0
-160.0
-156.0
-147.0
-194.0
-196.0
-205.0
-195.0
-183.0
-172.0
-164.0
-87.0
-55.0
-77.0
-46.0
-33.0
-28.0
-3.0
16.0
3.0
62.0
133.0
105.0
81.0
100.0
84.0
116.0
55.0
30.0
35.0
-3.0
-4.0
-4.0
-23.0
-45.0
-70.0
-59.0
-107.0
-81.0
-50.0
-33.0
-48.0
-24.0
36.0
46.0
57.0
83.0
155.0
202.0
167.0
177.0
223.0
195.0
290.0
263.0
290.0
315.0
291.0
272.0
273.0
194.0
181.0
98.0
96.0
84.0
37.0
30.0
8.0
17.0
-23.0
-8.0
3.0
-51.0
-76.0
-60.0
-79.0
-125.0
-140.0
-135.0
-165.0
-152.0
-145.0
-134.0
-135.0
-110.0
-93.0
-110.0
-86.0
-7.0
6.0
40.0
84.0
79.0
71.0
35.0
89.0
57.0
54.0
49.0
8.0
-22.0
-6.0
-21.0
15.0
-29.0
-54.0
-34.0
-21.0
-34.0
-20.0
-10.0
59.0
42.0
87.0
132.0
152.0
207.0
254.0
308.0
320.0
389.0
390.0
413.0
399.0
443.0
465.0
407.0
394.0
352.0
353.0
369.0
327.0
315.0
295.0
208.0
185.0
151.0
76.0
55.0
58.0
40.0
48.0
-23.0
-15.0
-43.0
-84.0
-82.0
-99.0
-120.0
-154.0
-147.0
-169.0
-162.0
-188.0
-210.0
-184.0
-157.0
-240.0
-183.0
-199.0
-167.0
-188.0
-184.0
-178.0
-139.0
-115.0
-63.0
-93.0
-110.0
-52.0
-87.0
-125.0
-81.0
-70.0
-115.0
-111.0
-101.0
-127.0
-131.0
-118.0
-93.0
-130.0
-136.0
-90.0
-125.0
-131.0
-133.0
-122.0
-137.0
-144.0
-87.0
-109.0
-88.0
-75.0
-138.0
-73.0
-48.0
-50.0
-81.0
-56.0
-11.0
-33.0
11.0
-3.0
10.0
25.0
8.0
59.0
79.0
56.0
78.0
67.0
64.0
37.0
29.0
50.0
24.0
-50.0
-45.0
-62.0
-84.0
-84.0
-93.0
-92.0
-105.0
-76.0
-64.0
-68.0
-11.0
-77.0
-89.0
-91.0
-108.0
-116.0
-131.0
-149.0
-146.0
-175.0
-150.0
-204.0
-205.0
-190.0
-222.0
-211.0
-191.0
-152.0
-160.0
-131.0
-103.0
-83.0
-107.0
-108.0
-67.0
-52.0
-45.0
-50.0
-92.0
-62.0
-52.0
-93.0
-142.0
-106.0
-102.0
-150.0
-125.0
-86.0
-71.0
-67.0
-110.0
-76.0
-82.0
-81.0
-70.0
-109.0
-54.0
-32.0
-64.0
-97.0
-69.0
-41.0
-37.0
-25.0
1.0
52.0
-19.0
13.0
23.0
2.0
22.0
7.0
11.0
54.0
39.0
46.0
39.0
71.0
96.0
30.0
56.0
55.0
11.0
8.0
25.0
25.0
34.0
18.0
5.0
-23.0
-13.0
-34.0
-68.0
-75.0
-88.0
-128.0
-120.0
-176.0
-205.0
-219.0
-221.0
-200.0
-232.0
-237.0
-188.0
-257.0
-238.0
-180.0
-192.0
-203.0
-164.0
-114.0
-128.0
-134.0
-121.0
-99.0
-95.0
-76.0
-78.0
-81.0
-55.0
-15.0
-67.0
-33.0
-55.0
-51.0
-17.0
-18.0
25.0
-56.0
-73.0
-40.0
-49.0
-59.0
-63.0
-106.0
-121.0
-140.0
-149.0
-159.0
-181.0
-144.0
-153.0
-79.0
-115.0
-165.0
-144.0
-118.0
-96.0
-92.0
-59.0
-46.0
7.0
-2.0
-35.0
3.0
19.0
51.0
46.0
81.0
75.0
43.0
56.0
64.0
59.0
95.0
106.0
149.0
175.0
166.0
164.0
184.0
164.0
140.0
146.0
86.0
34.0
-32.0
-55.0
-77.0
-115.0
-61.0
-12.0
43.0
40.0
-35.0
-16.0
3.0
-11.0
-1.0
10.0
-33.0
-36.0
-63.0
-75.0
-67.0
-141.0
-124.0
-109.0
-101.0
-72.0
-106.0
-115.0
-55.0
-53.0
-21.0
-18.0
18.0
8.0
10.0
67.0
117.0
85.0
52.0
39.0
63.0
59.0
85.0
33.0
22.0
50.0
23.0
4.0
-11.0
-36.0
-58.0
-40.0
-72.0
-69.0
-63.0
-36.0
-21.0
10.0
-3.0
-22.0
52.0
76.0
14.0
93.0
61.0
80.0
76.0
35.0
28.0
63.0
43.0
24.0
7.0
57.0
14.0
53.0
67.0
67.0
17.0
45.0
45.0
79.0
99.0
93.0
110.0
48.0
26.0
69.0
72.0
94.0
68.0
131.0
147.0
162.0
116.0
156.0
77.0
102.0
83.0
13.0
90.0
88.0
109.0
114.0
73.0
124.0
177.0
218.0
311.0
347.0
401.0
420.0
359.0
373.0
373.0
352.0
348.0
347.0
325.0
234.0
231.0
234.0
129.0
121.0
117.0
68.0
15.0
-12.0
-38.0
-25.0
-86.0
-92.0
-62.0
-95.0
-99.0
-80.0
-95.0
-104.0
-91.0
-118.0
-54.0
-77.0
-65.0
-76.0
-95.0
-90.0
-107.0
-116.0
-118.0
-107.0
-91.0
-96.0
-93.0
-60.0
-54.0
-34.0
-41.0
-55.0
-49.0
-46.0
-48.0
-73.0
-98.0
-94.0
-105.0
-133.0
-112.0
-130.0
-163.0
-144.0
-131.0
-107.0
-98.0
-126.0
-118.0
-146.0
-148.0
-126.0
-129.0
-139.0
-88.0
-105.0
-58.0
-55.0
-107.0
-82.0
-56.0
-23.0
-30.0
-24.0
22.0
18.0
-6.0
-32.0
-6.0
-16.0
-32.0
-55.0
-5.0
-48.0
-61.0
-51.0
-44.0
-74.0
-74.0
-35.0
-41.0
-60.0
-53.0
-54.0
-68.0
-72.0
-31.0
-68.0
-51.0
-27.0
-29.0
-31.0
-32.0
-26.0
-5.0
-5.0
-49.0
-68.0
-65.0
-91.0
-90.0
-77.0
-122.0
-129.0
-110.0
-136.0
-149.0
-175.0
-183.0
-185.0
-187.0
-175.0
-173.0
-167.0
-216.0
-194.0
-144.0
-157.0
-205.0
-200.0
-200.0
-166.0
-164.0
-167.0
-129.0
-178.0
-201.0
-156.0
-92.0
-190.0
-171.0
-114.0
-186.0
-173.0
-172.0
-183.0
-143.0
-147.0
-135.0
-164.0
-155.0
-111.0
-55.0
-68.0
-114.0
-79.0
-70.0
-81.0
-29.0
-58.0
-48.0
-46.0
-60.0
-5.0
-14.0
-23.0
8.0
-2.0
5.0
23.0
3.0
2.0
34.0
69.0
69.0
88.0
116.0
177.0
145.0
181.0
170.0
221.0
275.0
244.0
240.0
276.0
270.0
256.0
205.0
165.0
146.0
110.0
115.0
65.0
79.0
90.0
120.0
85.0
67.0
54.0
37.0
38.0
1.0
-5.0
1.0
-16.0
-39.0
-18.0
-28.0
-77.0
-77.0
-34.0
-30.0
-36.0
-66.0
-65.0
-100.0
-84.0
-71.0
-58.0
-44.0
-46.0
-31.0
-58.0
-71.0
-60.0
-34.0
-44.0
-46.0
-75.0
-60.0
-56.0
-75.0
-86.0
-101.0
-77.0
-88.0
-76.0
-55.0
-113.0
-116.0
-148.0
-128.0
-101.0
-121.0
-84.0
-125.0
-116.0
-112.0
-122.0
-79.0
-65.0
-93.0
-86.0
-70.0
-127.0
-69.0
-68.0
-131.0
-86.0
-96.0
-81.0
-90.0
-120.0
-96.0
-152.0
-134.0
-145.0
-110.0
-112.0
-61.0
-82.0
-62.0
-55.0
-83.0
-31.0
-58.0
-33.0
-28.0
-34.0
-33.0
-46.0
-27.0
-60.0
-55.0
-42.0
-19.0
-53.0
-42.0
-47.0
-58.0
-20.0
-23.0
-42.0
-40.0
-32.0
-25.0
-40.0
-29.0
-65.0
-34.0
-25.0
-75.0
-59.0
-17.0
-15.0
-30.0
-23.0
-32.0
-14.0
-21.0
21.0
-8.0
28.0
-35.0
-30.0
-42.0
-33.0
-45.0
-67.0
-103.0
-96.0
-81.0
-89.0
-72.0
-25.0
-64.0
-17.0
1.0
23.0
-1.0
-7.0
72.0
81.0
83.0
157.0
178.0
197.0
230.0
237.0
248.0
278.0
285.0
247.0
233.0
255.0
200.0
175.0
141.0
104.0
83.0
71.0
51.0
59.0
33.0
24.0
21.0
-10.0
-23.0
10.0
44.0
18.0
27.0
62.0
35.0
46.0
60.0
37.0
11.0
-13.0
-20.0
-24.0
-24.0
-2.0
-58.0
-42.0
3.0
-18.0
-11.0
-3.0
-36.0
-24.0
-39.0
-12.0
25.0
-28.0
-62.0
-27.0
-11.0
7.0
20.0
13.0
-1.0
31.0
-15.0
-40.0
-18.0
-83.0
-59.0
-21.0
22.0
-9.0
-36.0
-34.0
-10.0
15.0
-11.0
8.0
-17.0
-49.0
-48.0
-11.0
20.0
-34.0
12.0
11.0
19.0
-4.0
-10.0
27.0
47.0
29.0
66.0
41.0
47.0
55.0
52.0
79.0
26.0
36.0
70.0
77.0
48.0
54.0
43.0
54.0
47.0
54.0
45.0
22.0
79.0
41.0
29.0
54.0
57.0
23.0
-6.0
26.0
17.0
24.0
9.0
-6.0
1.0
40.0
21.0
11.0
24.0
14.0
9.0
-2.0
14.0
13.0
41.0
38.0
-11.0
-5.0
-8.0
-5.0
-33.0
-64.0
14.0
10.0
-11.0
-12.0
-17.0
-8.0
9.0
27.0
36.0
51.0
44.0
43.0
46.0
52.0
17.0
34.0
36.0
29.0
41.0
18.0
-8.0
-33.0
7.0
48.0
-18.0
3.0
29.0
22.0
-18.0
-62.0
-12.0
5.0
24.0
3.0
20.0
8.0
-11.0
4.0
-32.0
-17.0
35.0
8.0
-2.0
-13.0
-13.0
-20.0
-15.0
-8.0
-35.0
-10.0
-15.0
-34.0
-10.0
-18.0
-28.0
11.0
7.0
-69.0
-25.0
-31.0
-13.0
-49.0
-42.0
-25.0
-22.0
-2.0
-30.0
-31.0
-26.0
-51.0
-60.0
-34.0
-34.0
-21.0
-18.0
-9.0
-32.0
-25.0
-20.0
-58.0
-58.0
-50.0
-61.0
-64.0
-111.0
-72.0
-116.0
-78.0
-65.0
-81.0
-65.0
-52.0
-57.0
-14.0
-35.0
-13.0
-60.0
-23.0
-34.0
-29.0
-13.0
-46.0
-35.0
30.0
-29.0
-23.0
10.0
16.0
15.0
-2.0
-1.0
0.0
39.0
-15.0
-19.0
-49.0
-27.0
-7.0
-22.0
-47.0
-43.0
-4.0
-9.0
-40.0
-54.0
-11.0
-25.0
-15.0
-9.0
-31.0
-20.0
-1.0
-26.0
-47.0
22.0
16.0
4.0
-18.0
-1.0
15.0
-24.0
-6.0
-2.0
-19.0
-65.0
-53.0
0.0
-34.0
-9.0
-10.0
-55.0
-36.0
-41.0
-12.0
-16.0
-35.0
-2.0
1.0
-62.0
-17.0
5.0
-22.0
-34.0
18.0
-2.0
-1.0
-9.0
23.0
9.0
6.0
22.0
14.0
20.0
0.0
5.0
-6.0
-23.0
-3.0
10.0
-56.0
-34.0
10.0
-23.0
-1.0
36.0
41.0
45.0
33.0
-17.0
5.0
1.0
-9.0
86.0
89.0
93.0
132.0
233.0
251.0
306.0
353.0
330.0
391.0
412.0
408.0
336.0
308.0
297.0
297.0
251.0
282.0
288.0
236.0
228.0
230.0
126.0
126.0
111.0
89.0
61.0
42.0
47.0
33.0
-11.0
-45.0
-35.0
-55.0
-36.0
-39.0
-20.0
-52.0
-82.0
-72.0
-91.0
-127.0
-106.0
-113.0
-133.0
-122.0
-116.0
-137.0
-163.0
-134.0
-182.0
-194.0
-193.0
-235.0
-238.0
-185.0
-196.0
-203.0
-187.0
-173.0
-193.0
-155.0
-161.0
-159.0
-164.0
-152.0
-126.0
-110.0
-87.0
-50.0
-89.0
-99.0
-110.0
-144.0
-103.0
-144.0
-112.0
-49.0
-87.0
-117.0
-98.0
-95.0
-101.0
-129.0
-105.0
-123.0
-129.0
-127.0
-116.0
-131.0
-103.0
-119.0
-110.0
-110.0
-148.0
-135.0
-79.0
-117.0
-92.0
-63.0
-53.0
-41.0
-65.0
-72.0
-66.0
-138.0
-123.0
-157.0
-151.0
-112.0
-158.0
-168.0
-150.0
-138.0
-158.0
-105.0
-121.0
-129.0
-108.0
-161.0
-132.0
-139.0
-120.0
-67.0
-51.0
-47.0
18.0
27.0
37.0
33.0
52.0
52.0
41.0
37.0
43.0
88.0
81.0
70.0
108.0
114.0
74.0
77.0
57.0
56.0
56.0
49.0
42.0
21.0
8.0
18.0
3.0
-17.0
0.0
9.0
1.0
-34.0
-8.0
3.0
49.0
27.0
31.0
28.0
31.0
74.0
70.0
45.0
52.0
63.0
8.0
11.0
1.0
2.0
54.0
47.0
37.0
6.0
35.0
36.0
-8.0
14.0
56.0
41.0
7.0
3.0
-16.0
-43.0
-48.0
-31.0
44.0
-9.0
-30.0
-9.0
-24.0
-5.0
21.0
-10.0
-23.0
-23.0
-10.0
-22.0
-29.0
-26.0
24.0
50.0
63.0
110.0
70.0
89.0
100.0
98.0
60.0
67.0
33.0
43.0
57.0
58.0
42.0
38.0
63.0
68.0
59.0
59.0
92.0
71.0
60.0
39.0
43.0
64.0
72.0
27.0
51.0
63.0
80.0
36.0
35.0
70.0
97.0
81.0
52.0
68.0
72.0
52.0
56.0
106.0
107.0
74.0
105.0
93.0
43.0
89.0
92.0
68.0
91.0
83.0
49.0
46.0
56.0
68.0
71.0
48.0
74.0
96.0
4.0
19.0
8.0
12.0
23.0
10.0
-4.0
-29.0
-2.0
3.0
-26.0
-51.0
13.0
-15.0
-29.0
45.0
14.0
32.0
28.0
29.0
11.0
24.0
6.0
5.0
-6.0
-4.0
-7.0
-15.0
-6.0
-1.0
8.0
43.0
51.0
51.0
35.0
69.0
70.0
37.0
29.0
20.0
4.0
36.0
11.0
39.0
-7.0
-25.0
5.0
4.0
-10.0
4.0
77.0
26.0
43.0
3.0
-12.0
6.0
-48.0
-33.0
10.0
-1.0
-56.0
-12.0
-14.0
-33.0
-20.0
11.0
28.0
-11.0
1.0
8.0
-2.0
12.0
-8.0
-29.0
-67.0
-32.0
-18.0
2.0
-21.0
-39.0
-5.0
-33.0
-22.0
-30.0
-13.0
-8.0
1.0
24.0
5.0
-16.0
-20.0
-15.0
1.0
-30.0
-17.0
-34.0
-24.0
-25.0
-26.0
-14.0
-25.0
-41.0
24.0
-20.0
-19.0
-6.0
13.0
11.0
-26.0
-31.0
-44.0
-74.0
-82.0
-50.0
-42.0
-72.0
-40.0
-22.0
-65.0
-63.0
-44.0
-25.0
-56.0
-69.0
-8.0
-33.0
-63.0
-15.0
-72.0
-49.0
10.0
-38.0
-29.0
-26.0
-36.0
-22.0
-66.0
-68.0
-63.0
-87.0
-136.0
-148.0
-118.0
-69.0
-112.0
-54.0
-60.0
-122.0
-84.0
-84.0
-69.0
-32.0
-40.0
-53.0
-89.0
-62.0
-51.0
-130.0
-143.0
-59.0
-86.0
-94.0
-76.0
-91.0
-102.0
-89.0
-70.0
-73.0
-70.0
-103.0
-114.0
-101.0
-91.0
-78.0
-36.0
-34.0
-43.0
-51.0
-89.0
-59.0
-78.0
-41.0
-39.0
-52.0
-21.0
-27.0
-36.0
-54.0
-51.0
-49.0
-42.0
-21.0
-15.0
-18.0
-42.0
-50.0
-34.0
-29.0
-1.0
13.0
-23.0
1.0
10.0
12.0
20.0
4.0
-1.0
47.0
-24.0
-13.0
11.0
-76.0
-58.0
-60.0
-53.0
-25.0
-30.0
-51.0
-36.0
-26.0
-38.0
-20.0
-5.0
-3.0
15.0
37.0
18.0
-18.0
-10.0
-17.0
-31.0
-36.0
-64.0
-33.0
-37.0
-62.0
-71.0
-21.0
-14.0
-12.0
-45.0
-39.0
-7.0
-33.0
-56.0
-32.0
-57.0
-41.0
-30.0
-50.0
-42.0
-51.0
-28.0
-34.0
-5.0
-23.0
-36.0
12.0
21.0
25.0
30.0
-64.0
-58.0
-22.0
-23.0
-11.0
46.0
-51.0
-74.0
-20.0
-41.0
-2.0
-30.0
-26.0
-6.0
-7.0
13.0
25.0
2.0
-21.0
-7.0
0.0
36.0
12.0
3.0
42.0
25.0
34.0
50.0
65.0
38.0
34.0
70.0
88.0
34.0
48.0
37.0
33.0
43.0
58.0
86.0
62.0
50.0
62.0
126.0
125.0
109.0
91.0
114.0
84.0
58.0
68.0
64.0
50.0
19.0
-2.0
41.0
-12.0
-5.0
-6.0
26.0
15.0
5.0
4.0
53.0
24.0
55.0
50.0
10.0
48.0
88.0
57.0
27.0
58.0
16.0
23.0
5.0
43.0
72.0
32.0
72.0
63.0
85.0
30.0
46.0
60.0
90.0
30.0
-20.0
17.0
-11.0
32.0
-5.0
-35.0
7.0
-12.0
-22.0
-31.0
1.0
8.0
16.0
39.0
60.0
49.0
34.0
21.0
-5.0
-4.0
31.0
-15.0
-29.0
-4.0
-36.0
-33.0
-20.0
-21.0
-36.0
-90.0
-25.0
-65.0
-68.0
-60.0
-55.0
-2.0
-15.0
-45.0
10.0
30.0
8.0
90.0
145.0
194.0
246.0
261.0
296.0
307.0
291.0
331.0
287.0
268.0
219.0
230.0
228.0
180.0
169.0
148.0
130.0
109.0
93.0
52.0
46.0
42.0
77.0
53.0
23.0
37.0
71.0
11.0
-20.0
-7.0
-29.0
-35.0
-43.0
-73.0
-78.0
-72.0
-84.0
-64.0
-97.0
-119.0
-124.0
-133.0
-129.0
-111.0
-164.0
-174.0
-145.0
-112.0
-111.0
-131.0
-119.0
-87.0
-103.0
-95.0
-80.0
-87.0
-117.0
-171.0
-158.0
-147.0
-159.0
-186.0
-133.0
-126.0
-168.0
-156.0
-158.0
-146.0
-149.0
-161.0
-144.0
-138.0
-162.0
-142.0
-135.0
-145.0
-154.0
-158.0
-165.0
-156.0
-163.0
-155.0
-121.0
-165.0
-148.0
-98.0
-163.0
-150.0
-126.0
-107.0
-107.0
-109.0
-96.0
-125.0
-127.0
-128.0
-134.0
-95.0
-129.0
-164.0
-134.0
-98.0
-111.0
-76.0
-135.0
-121.0
-116.0
-119.0
-60.0
-79.0
-82.0
-44.0
-48.0
-48.0
-90.0
-63.0
-72.0
-113.0
-86.0
-85.0
-102.0
-89.0
-79.0
-112.0
-85.0
-87.0
-85.0
-87.0
-88.0
-97.0
-94.0
-63.0
-54.0
-57.0
-65.0
-74.0
-66.0
-61.0
-80.0
-106.0
-94.0
-68.0
-61.0
-85.0
-95.0
-89.0
-68.0
-101.0
-107.0
-61.0
-73.0
-71.0
-80.0
-71.0
-62.0
-70.0
-63.0
-95.0
-50.0
-24.0
-44.0
-41.0
-38.0
-55.0
-75.0
-78.0
-93.0
-76.0
-42.0
-43.0
-16.0
35.0
53.0
139.0
186.0
247.0
318.0
354.0
366.0
287.0
283.0
297.0
253.0
227.0
196.0
146.0
110.0
58.0
51.0
43.0
66.0
-12.0
-45.0
-18.0
-83.0
-76.0
-52.0
-88.0
-103.0
-94.0
-78.0
-60.0
-98.0
-103.0
-102.0
-123.0
-65.0
-79.0
-68.0
-33.0
-41.0
-67.0
-77.0
-125.0
-168.0
-139.0
-140.0
-123.0
-157.0
-138.0
-115.0
-120.0
-117.0
-96.0
-77.0
-51.0
-82.0
-88.0
-95.0
-105.0
-81.0
-59.0
-63.0
-72.0
-114.0
-98.0
-52.0
-72.0
-83.0
-65.0
-92.0
-63.0
-59.0
-58.0
-33.0
-23.0
-20.0
-56.0
-20.0
6.0
11.0
1.0
20.0
37.0
44.0
35.0
72.0
62.0
71.0
77.0
72.0
90.0
99.0
62.0
80.0
101.0
87.0
102.0
112.0
105.0
113.0
124.0
116.0
101.0
72.0
27.0
1.0
-3.0
43.0
32.0
36.0
77.0
46.0
35.0
0.0
-33.0
-42.0
-1.0
-17.0
-18.0
33.0
32.0
13.0
41.0
48.0
13.0
25.0
13.0
-23.0
5.0
32.0
85.0
124.0
162.0
180.0
219.0
218.0
237.0
258.0
232.0
228.0
199.0
233.0
244.0
254.0
256.0
237.0
239.0
240.0
250.0
244.0
223.0
239.0
203.0
208.0
223.0
234.0
214.0
213.0
229.0
225.0
220.0
252.0
238.0
215.0
162.0
155.0
121.0
102.0
122.0
129.0
144.0
162.0
164.0
172.0
226.0
203.0
166.0
168.0
157.0
177.0
193.0
182.0
157.0
94.0
77.0
62.0
58.0
64.0
81.0
46.0
55.0
41.0
40.0
78.0
44.0
48.0
44.0
55.0
43.0
19.0
22.0
31.0
12.0
-8.0
-13.0
-17.0
2.0
-3.0
-19.0
3.0
17.0
21.0
16.0
26.0
-5.0
1.0
20.0
12.0
18.0
-26.0
-63.0
-45.0
-60.0
-20.0
-6.0
-33.0
-49.0
-53.0
-46.0
-61.0
-81.0
-98.0
-67.0
-24.0
-57.0
-61.0
-26.0
-6.0
-40.0
-7.0
-26.0
-60.0
-76.0
-60.0
-93.0
-50.0
-57.0
-29.0
-78.0
-51.0
-34.0
-32.0
-47.0
-27.0
-12.0
-47.0
-31.0
-59.0
-83.0
-43.0
-32.0
-74.0
-67.0
-37.0
-54.0
-59.0
-47.0
-56.0
-63.0
-59.0
-33.0
-63.0
-44.0
-23.0
-15.0
-10.0
-14.0
-27.0
-34.0
-51.0
-33.0
-30.0
-54.0
-60.0
-26.0
1.0
-17.0
-21.0
-23.0
4.0
-28.0
-33.0
-10.0
-23.0
-44.0
-14.0
-21.0
0.0
2.0
-6.0
12.0
-11.0
-12.0
-8.0
-64.0
-34.0
-10.0
-45.0
-45.0
-37.0
-60.0
-55.0
-56.0
-43.0
-95.0
-70.0
-25.0
-32.0
-23.0
-9.0
30.0
17.0
22.0
56.0
-6.0
-49.0
-4.0
-19.0
-16.0
23.0
-42.0
-55.0
-67.0
-23.0
-33.0
-63.0
-59.0
-48.0
-49.0
-39.0
-48.0
-61.0
-65.0
-45.0
-56.0
-82.0
-33.0
6.0
-53.0
-22.0
-10.0
-9.0
-20.0
-27.0
-20.0
22.0
-18.0
-27.0
-6.0
-36.0
-15.0
-14.0
-33.0
-7.0
-40.0
-32.0
-22.0
-12.0
-16.0
-52.0
-59.0
-37.0
-39.0
-40.0
-41.0
-29.0
-29.0
-62.0
-33.0
6.0
-2.0
-57.0
-21.0
-30.0
-43.0
-25.0
-49.0
-40.0
-5.0
-60.0
-27.0
-43.0
-85.0
-66.0
-52.0
-65.0
-41.0
-36.0
-23.0
-84.0
-83.0
-30.0
-46.0
-81.0
-65.0
-69.0
-31.0
-70.0
-71.0
-62.0
-14.0
-25.0
-21.0
-51.0
-33.0
23.0
25.0
22.0
-30.0
-29.0
12.0
-10.0
-12.0
1.0
23.0
-17.0
0.0
56.0
36.0
8.0
21.0
1.0
-29.0
-40.0
-37.0
-10.0
-17.0
-19.0
-35.0
-8.0
-22.0
-6.0
-3.0
-46.0
-33.0
-18.0
-40.0
-60.0
-48.0
-64.0
-56.0
-43.0
-58.0
-46.0
-45.0
-45.0
-44.0
-38.0
-27.0
-12.0
7.0
-8.0
4.0
4.0
3.0
-4.0
-9.0
-18.0
-4.0
-5.0
29.0
45.0
-32.0
-43.0
16.0
-6.0
-26.0
-45.0
-43.0
-17.0
-11.0
-38.0
-43.0
-7.0
-25.0
14.0
53.0
35.0
76.0
44.0
42.0
20.0
35.0
52.0
61.0
44.0
65.0
48.0
86.0
107.0
147.0
180.0
177.0
172.0
218.0
280.0
257.0
266.0
264.0
242.0
243.0
198.0
184.0
169.0
96.0
125.0
106.0
119.0
119.0
81.0
38.0
56.0
30.0
12.0
-23.0
-12.0
5.0
2.0
10.0
-40.0
-83.0
-63.0
-70.0
-104.0
-88.0
-94.0
-114.0
-79.0
-30.0
-44.0
-83.0
-122.0
-145.0
-133.0
-111.0
-61.0
-104.0
-125.0
-116.0
-104.0
-103.0
-107.0
-110.0
-117.0
-113.0
-130.0
-107.0
-113.0
-116.0
-122.0
-102.0
-130.0
-99.0
-124.0
-123.0
-104.0
-60.0
-87.0
-48.0
-20.0
-27.0
-11.0
-44.0
-52.0
3.0
-11.0
-58.0
-58.0
-77.0
-49.0
-40.0
-64.0
-70.0
-118.0
-98.0
-40.0
-6.0
-4.0
-36.0
-51.0
-30.0
-31.0
-27.0
-27.0
-43.0
-17.0
-7.0
-115.0
-90.0
-68.0
-68.0
-43.0
-8.0
-18.0
-11.0
-42.0
-23.0
-4.0
-25.0
-52.0
-40.0
-28.0
-64.0
-70.0
-55.0
-18.0
-42.0
-30.0
-82.0
-45.0
-21.0
-60.0
-39.0
-39.0
-53.0
-26.0
-22.0
-15.0
-60.0
-48.0
-54.0
-58.0
-27.0
-23.0
-18.0
-27.0
22.0
-11.0
-7.0
-34.0
-25.0
-11.0
4.0
-23.0
-23.0
-39.0
-33.0
-10.0
-41.0
-100.0
-88.0
-62.0
-54.0
-60.0
-17.0
-69.0
-30.0
-24.0
-43.0
-27.0
-59.0
-61.0
-32.0
-28.0
-18.0
-27.0
-45.0
-41.0
-37.0
-54.0
-63.0
-73.0
-82.0
-66.0
-101.0
-46.0
-22.0
-26.0
-47.0
-37.0
-33.0
-17.0
-12.0
10.0
33.0
31.0
8.0
13.0
7.0
11.0
-32.0
-37.0
35.0
-5.0
-18.0
-33.0
-30.0
-12.0
-29.0
-14.0
-14.0
-7.0
-21.0
-5.0
-13.0
-23.0
-56.0
-26.0
-16.0
-14.0
-2.0
-14.0
-26.0
-41.0
-56.0
11.0
-26.0
-45.0
-29.0
-34.0
-21.0
-4.0
-15.0
-27.0
17.0
1.0
-40.0
-31.0
-69.0
-53.0
-56.0
-45.0
-31.0
-41.0
-63.0
-36.0
-85.0
-96.0
-88.0
-87.0
-111.0
-105.0
-103.0
-92.0
-92.0
-60.0
-64.0
-60.0
-64.0
-70.0
-24.0
-29.0
-56.0
-31.0
-83.0
-69.0
-60.0
-51.0
-28.0
-36.0
-51.0
-35.0
-57.0
-70.0
-55.0
-35.0
-57.0
-90.0
-83.0
-75.0
-61.0
-69.0
-75.0
-44.0
-69.0
-53.0
-45.0
-40.0
-48.0
-51.0
-41.0
-52.0
-44.0
-28.0
-72.0
-52.0
-52.0
-48.0
-4.0
-14.0
-26.0
-24.0
-46.0
-58.0
-70.0
-58.0
-18.0
-8.0
-48.0
-70.0
-23.0
-92.0
-82.0
-56.0
-1.0
-33.0
-13.0
-43.0
-5.0
-41.0
-78.0
-44.0
-31.0
-42.0
-42.0
-25.0
-87.0
-40.0
-7.0
-43.0
-61.0
-61.0
-63.0
-52.0
-59.0
-56.0
-67.0
-88.0
-72.0
-61.0
-118.0
-115.0
-77.0
-42.0
-59.0
-71.0
-50.0
-58.0
-78.0
-70.0
-72.0
-64.0
-39.0
-60.0
-84.0
-71.0
-39.0
-27.0
-62.0
-47.0
-43.0
-24.0
4.0
31.0
-6.0
-3.0
-12.0
-45.0
-43.0
-10.0
-35.0
-38.0
-8.0
5.0
-1.0
-18.0
2.0
-15.0
-7.0
-40.0
-34.0
-22.0
3.0
-9.0
-8.0
-14.0
-7.0
-10.0
-17.0
12.0
2.0
-44.0
-14.0
-25.0
-18.0
-22.0
21.0
37.0
-24.0
-19.0
-8.0
43.0
31.0
4.0
-15.0
-20.0
15.0
-17.0
-50.0
-36.0
-3.0
-19.0
19.0
-7.0
-61.0
-14.0
-43.0
-44.0
-48.0
-50.0
-57.0
-54.0
-23.0
-20.0
-39.0
-67.0
-32.0
-22.0
-51.0
-24.0
-20.0
-17.0
-14.0
27.0
-36.0
-38.0
-3.0
-11.0
4.0
48.0
-3.0
4.0
16.0
15.0
16.0
0.0
24.0
19.0
-1.0
46.0
51.0
36.0
28.0
14.0
-5.0
31.0
22.0
17.0
46.0
38.0
69.0
15.0
6.0
41.0
58.0
66.0
79.0
70.0
76.0
96.0
34.0
33.0
51.0
28.0
53.0
60.0
52.0
37.0
33.0
32.0
8.0
10.0
48.0
59.0
64.0
68.0
67.0
63.0
69.0
63.0
79.0
93.0
117.0
152.0
126.0
115.0
119.0
122.0
100.0
119.0
131.0
122.0
145.0
115.0
149.0
162.0
199.0
213.0
209.0
197.0
153.0
146.0
136.0
135.0
81.0
90.0
106.0
88.0
82.0
49.0
49.0
69.0
73.0
91.0
70.0
82.0
106.0
98.0
77.0
72.0
82.0
51.0
72.0
64.0
66.0
60.0
31.0
85.0
72.0
51.0
83.0
100.0
87.0
112.0
74.0
126.0
93.0
59.0
124.0
133.0
107.0
99.0
139.0
111.0
77.0
85.0
92.0
71.0
67.0
100.0
143.0
112.0
53.0
55.0
46.0
30.0
22.0
17.0
62.0
53.0
58.0
45.0
32.0
30.0
60.0
56.0
5.0
45.0
52.0
34.0
3.0
14.0
44.0
57.0
42.0
80.0
34.0
30.0
48.0
27.0
28.0
36.0
63.0
46.0
48.0
44.0
37.0
-35.0
-26.0
-2.0
-4.0
19.0
10.0
11.0
35.0
53.0
-1.0
-2.0
13.0
13.0
0.0
26.0
-7.0
-23.0
-27.0
-18.0
2.0
32.0
21.0
-8.0
10.0
-7.0
-5.0
-11.0
-25.0
-18.0
-1.0
-10.0
11.0
-14.0
-19.0
-15.0
-33.0
-24.0
-11.0
-21.0
-17.0
-4.0
-14.0
15.0
-4.0
21.0
39.0
20.0
40.0
30.0
14.0
16.0
-1.0
-2.0
53.0
117.0
165.0
161.0
245.0
263.0
267.0
275.0
294.0
267.0
278.0
286.0
281.0
263.0
230.0
187.0
168.0
186.0
175.0
175.0
125.0
139.0
102.0
73.0
60.0
31.0
1.0
10.0
52.0
42.0
16.0
-25.0
-45.0
-74.0
-93.0
-77.0
-76.0
-80.0
-92.0
-84.0
-88.0
-98.0
-91.0
-119.0
-125.0
-82.0
-117.0
-112.0
-115.0
-108.0
-134.0
-127.0
-145.0
-126.0
-117.0
-121.0
-103.0
-118.0
-88.0
-90.0
-96.0
-108.0
-96.0
-91.0
-131.0
-110.0
-108.0
-139.0
-110.0
-69.0
-116.0
-82.0
-79.0
-115.0
-133.0
-82.0
-95.0
-119.0
-139.0
-136.0
-142.0
-145.0
-141.0
-136.0
-121.0
-83.0
-68.0
-41.0
-73.0
-96.0
-76.0
-80.0
-105.0
-104.0
-100.0
-99.0
-103.0
-99.0
-84.0
-66.0
-80.0
-70.0
-58.0
-48.0
-79.0
-61.0
-70.0
-100.0
-72.0
-49.0
-74.0
-62.0
-79.0
-65.0
-45.0
-84.0
-65.0
-75.0
-98.0
-74.0
-52.0
-46.0
-56.0
-50.0
-80.0
-105.0
-96.0
-60.0
-66.0
-60.0
-24.0
-31.0
-25.0
-33.0
4.0
-32.0
-35.0
10.0
-15.0
-92.0
-69.0
-56.0
-70.0
-74.0
-74.0
-80.0
-67.0
-42.0
-36.0
-46.0
-43.0
-53.0
-43.0
-52.0
-50.0
-51.0
-27.0
-2.0
-33.0
-58.0
-33.0
-58.0
-7.0
-41.0
-46.0
-34.0
-48.0
-72.0
-64.0
-52.0
-63.0
-63.0
-37.0
-36.0
-76.0
-33.0
-15.0
-16.0
-32.0
-31.0
-30.0
-39.0
-43.0
-44.0
-37.0
-39.0
-47.0
-29.0
-84.0
-80.0
-65.0
-50.0
-50.0
-20.0
-27.0
-36.0
-34.0
-29.0
-1.0
22.0
31.0
93.0
129.0
167.0
230.0
244.0
204.0
199.0
231.0
216.0
172.0
158.0
136.0
105.0
99.0
95.0
99.0
74.0
42.0
2.0
-24.0
-51.0
-83.0
-45.0
-66.0
-106.0
-163.0
-187.0
-146.0
-147.0
-167.0
-150.0
-213.0
-228.0
-213.0
-210.0
-256.0
-288.0
-243.0
-244.0
-271.0
-259.0
-251.0
-247.0
-238.0
-226.0
-238.0
-208.0
-204.0
-238.0
-249.0
-210.0
-214.0
-186.0
-153.0
-169.0
-189.0
-163.0
-142.0
-162.0
-130.0
-125.0
-152.0
-106.0
-143.0
-161.0
-133.0
-120.0
-126.0
-127.0
-120.0
-98.0
-139.0
-155.0
-148.0
-150.0
-126.0
-102.0
-144.0
-127.0
-116.0
-185.0
-156.0
-149.0
-116.0
-114.0
-158.0
-140.0
-112.0
-98.0
-140.0
-137.0
-120.0
-116.0
-147.0
-140.0
-148.0
-183.0
-177.0
-147.0
-163.0
-148.0
-147.0
-178.0
-165.0
-142.0
-90.0
-103.0
-141.0
-98.0
-101.0
-105.0
-107.0
-93.0
-109.0
-89.0
-112.0
-126.0
-136.0
-85.0
-142.0
-131.0
-93.0
-68.0
-33.0
-44.0
-74.0
-55.0
-70.0
-59.0
-61.0
-50.0
-78.0
-64.0
-79.0
-82.0
-84.0
-64.0
-41.0
-60.0
-97.0
-82.0
-42.0
-67.0
-55.0
-84.0
-83.0
-67.0
-42.0
-58.0
-89.0
-66.0
-57.0
-22.0
-37.0
-86.0
-71.0
-30.0
-31.0
-12.0
2.0
13.0
-10.0
-13.0
7.0
14.0
-40.0
-21.0
-25.0
-44.0
-42.0
-28.0
-37.0
-48.0
-3.0
-67.0
-87.0
-51.0
-61.0
-70.0
-69.0
-110.0
-82.0
-53.0
-59.0
-107.0
-99.0
-71.0
-63.0
-53.0
-73.0
-43.0
-72.0
-90.0
-45.0
-60.0
-72.0
-62.0
-70.0
-98.0
-55.0
-76.0
-72.0
-59.0
-48.0
-65.0
-68.0
-54.0
-26.0
-60.0
-61.0
-39.0
-15.0
-21.0
-24.0
9.0
3.0
-29.0
-18.0
19.0
23.0
14.0
14.0
5.0
30.0
18.0
29.0
-5.0
8.0
3.0
16.0
11.0
1.0
7.0
-32.0
-5.0
-6.0
-37.0
-18.0
-18.0
16.0
25.0
23.0
29.0
17.0
14.0
17.0
1.0
-11.0
10.0
-7.0
-16.0
-4.0
-33.0
-20.0
-43.0
-26.0
5.0
25.0
22.0
13.0
43.0
23.0
17.0
40.0
8.0
17.0
6.0
21.0
-8.0
-65.0
-12.0
9.0
-26.0
6.0
-11.0
13.0
23.0
7.0
13.0
18.0
-30.0
-43.0
-30.0
-25.0
-21.0
-34.0
-4.0
6.0
21.0
49.0
1.0
60.0
63.0
31.0
22.0
9.0
38.0
32.0
12.0
11.0
11.0
22.0
20.0
40.0
25.0
2.0
26.0
40.0
52.0
48.0
58.0
31.0
44.0
70.0
87.0
44.0
33.0
41.0
37.0
32.0
35.0
42.0
44.0
21.0
47.0
82.0
31.0
57.0
67.0
77.0
61.0
-7.0
30.0
21.0
51.0
48.0
23.0
53.0
35.0
79.0
62.0
35.0
53.0
65.0
41.0
46.0
39.0
28.0
37.0
23.0
45.0
37.0
43.0
58.0
92.0
82.0
69.0
56.0
62.0
89.0
98.0
44.0
52.0
42.0
55.0
74.0
58.0
70.0
35.0
59.0
63.0
60.0
104.0
48.0
64.0
67.0
91.0
98.0
80.0
72.0
92.0
88.0
94.0
87.0
98.0
106.0
91.0
118.0
94.0
86.0
112.0
87.0
48.0
62.0
39.0
53.0
73.0
75.0
77.0
97.0
84.0
76.0
78.0
94.0
117.0
119.0
88.0
115.0
95.0
81.0
108.0
73.0
79.0
87.0
67.0
73.0
43.0
44.0
52.0
71.0
105.0
90.0
63.0
91.0
104.0
106.0
68.0
80.0
86.0
48.0
65.0
100.0
80.0
87.0
122.0
81.0
81.0
80.0
81.0
103.0
56.0
66.0
68.0
83.0
32.0
22.0
87.0
21.0
32.0
68.0
55.0
108.0
121.0
107.0
111.0
109.0
129.0
124.0
127.0
115.0
91.0
78.0
84.0
61.0
67.0
61.0
103.0
129.0
124.0
130.0
138.0
112.0
120.0
135.0
142.0
139.0
134.0
153.0
140.0
135.0
114.0
147.0
160.0
169.0
177.0
151.0
158.0
202.0
194.0
217.0
257.0
288.0
324.0
329.0
333.0
331.0
321.0
338.0
314.0
305.0
321.0
267.0
283.0
247.0
213.0
217.0
249.0
225.0
212.0
208.0
192.0
136.0
102.0
83.0
118.0
87.0
32.0
23.0
-7.0
5.0
-3.0
-10.0
-42.0
-59.0
-26.0
-46.0
-60.0
-4.0
43.0
48.0
-5.0
-3.0
26.0
-13.0
-59.0
-51.0
-50.0
3.0
18.0
-17.0
-20.0
-17.0
-24.0
-21.0
-44.0
-59.0
-47.0
-81.0
-134.0
-175.0
-178.0
-197.0
-257.0
-313.0
-348.0
-413.0
-409.0
-412.0
-465.0
-411.0
-371.0
-333.0
-312.0
-277.0
-228.0
-255.0
-230.0
-203.0
-199.0
-170.0
-153.0
-110.0
-85.0
-58.0
-62.0
-49.0
-44.0
-73.0
-93.0
-70.0
-86.0
-76.0
-99.0
-107.0
-88.0
-135.0
-131.0
-144.0
-127.0
-134.0
-180.0
-158.0
-154.0
-144.0
-146.0
-146.0
-117.0
-107.0
-103.0
-58.0
-10.0
37.0
74.0
93.0
143.0
166.0
178.0
184.0
207.0
193.0
204.0
184.0
209.0
155.0
97.0
159.0
115.0
83.0
72.0
45.0
26.0
6.0
-22.0
-19.0
-49.0
-39.0
-87.0
-76.0
-45.0
-63.0
-73.0
-44.0
-58.0
-52.0
0.0
-19.0
-31.0
0.0
20.0
35.0
57.0
86.0
74.0
84.0
74.0
107.0
115.0
107.0
57.0
99.0
68.0
19.0
-3.0
-25.0
-17.0
-25.0
-12.0
-1.0
-37.0
-69.0
-55.0
-36.0
-24.0
-46.0
-59.0
-12.0
27.0
65.0
92.0
155.0
230.0
253.0
251.0
251.0
249.0
200.0
222.0
192.0
125.0
124.0
156.0
184.0
150.0
112.0
96.0
67.0
48.0
69.0
40.0
38.0
-7.0
-35.0
-45.0
-24.0
-11.0
-1.0
-1.0
25.0
33.0
65.0
75.0
53.0
67.0
80.0
121.0
167.0
227.0
274.0
300.0
308.0
327.0
348.0
341.0
334.0
309.0
236.0
283.0
216.0
184.0
181.0
133.0
139.0
133.0
155.0
101.0
45.0
43.0
61.0
53.0
37.0
35.0
23.0
34.0
80.0
62.0
74.0
141.0
195.0
213.0
219.0
217.0
209.0
189.0
158.0
131.0
131.0
96.0
102.0
101.0
89.0
56.0
88.0
88.0
85.0
83.0
82.0
24.0
6.0
2.0
0.0
6.0
-23.0
-8.0
-11.0
-38.0
-22.0
18.0
15.0
11.0
19.0
47.0
76.0
60.0
95.0
101.0
108.0
134.0
140.0
163.0
155.0
154.0
174.0
178.0
157.0
144.0
121.0
141.0
146.0
137.0
115.0
114.0
93.0
99.0
50.0
17.0
40.0
53.0
112.0
63.0
55.0
88.0
112.0
144.0
147.0
211.0
228.0
233.0
294.0
299.0
293.0
323.0
386.0
396.0
365.0
316.0
301.0
263.0
249.0
201.0
172.0
128.0
183.0
220.0
213.0
177.0
184.0
196.0
143.0
101.0
95.0
71.0
79.0
45.0
70.0
11.0
-38.0
-4.0
24.0
13.0
38.0
42.0
49.0
83.0
40.0
18.0
19.0
43.0
45.0
61.0
96.0
91.0
108.0
150.0
147.0
149.0
111.0
101.0
80.0
37.0
37.0
38.0
2.0
-52.0
-27.0
-88.0
-73.0
-36.0
-49.0
-67.0
-47.0
-74.0
-36.0
-88.0
-77.0
-39.0
-24.0
-43.0
-61.0
-41.0
-15.0
-18.0
7.0
33.0
23.0
24.0
-17.0
-4.0
20.0
37.0
84.0
97.0
162.0
206.0
197.0
194.0
175.0
178.0
160.0
140.0
117.0
114.0
99.0
63.0
13.0
-13.0
-56.0
-78.0
-109.0
-94.0
-158.0
-199.0
-198.0
-234.0
-220.0
-243.0
-239.0
-232.0
-228.0
-201.0
-167.0
-169.0
-143.0
-122.0
-98.0
-56.0
-58.0
-24.0
41.0
39.0
46.0
48.0
29.0
44.0
43.0
56.0
50.0
3.0
11.0
-17.0
-72.0
-88.0
-80.0
-124.0
-143.0
-189.0
-207.0
-231.0
-204.0
-209.0
-238.0
-223.0
-171.0
-169.0
-146.0
-143.0
-115.0
-112.0
-129.0
-94.0
-133.0
-153.0
-111.0
-96.0
-54.0
-74.0
-120.0
-118.0
-88.0
-106.0
-58.0
-12.0
-3.0
97.0
101.0
155.0
140.0
153.0
135.0
117.0
88.0
62.0
65.0
18.0
-43.0
-7.0
-32.0
-103.0
-133.0
-168.0
-190.0
-220.0
-234.0
-247.0
-244.0
-284.0
-234.0
-259.0
-277.0
-246.0
-238.0
-241.0
-227.0
-197.0
-198.0
-151.0
-148.0
-124.0
-100.0
-67.0
-66.0
-60.0
-49.0
-63.0
-39.0
-40.0
-60.0
-71.0
-99.0
-120.0
-119.0
-86.0
-118.0
-181.0
-143.0
-133.0
-181.0
-119.0
-155.0
-164.0
-140.0
-144.0
-150.0
-166.0
-110.0
-118.0
-122.0
-113.0
-123.0
-137.0
-137.0
-109.0
-108.0
-103.0
-92.0
-18.0
-25.0
17.0
173.0
166.0
204.0
245.0
195.0
198.0
161.0
103.0
114.0
57.0
49.0
46.0
17.0
-28.0
-68.0
-58.0
-99.0
-110.0
-82.0
-114.0
-122.0
-156.0
-174.0
-161.0
-152.0
-153.0
-180.0
-201.0
-188.0
-148.0
-154.0
-145.0
-149.0
-144.0
-104.0
-130.0
-135.0
-87.0
-116.0
-125.0
-81.0
-42.0
-62.0
-34.0
-27.0
-20.0
-22.0
-43.0
-36.0
-78.0
-108.0
-81.0
-80.0
-91.0
-82.0
-112.0
-110.0
-93.0
-125.0
-151.0
-91.0
-146.0
-171.0
-153.0
-153.0
-134.0
-113.0
-86.0
-80.0
-71.0
-85.0
-119.0
-114.0
-100.0
-87.0
-53.0
-72.0
-64.0
-71.0
-46.0
-27.0
-32.0
-17.0
22.0
-4.0
34.0
5.0
-20.0
-6.0
-17.0
-26.0
-14.0
-24.0
20.0
28.0
73.0
99.0
102.0
159.0
173.0
220.0
299.0
269.0
198.0
264.0
269.0
233.0
246.0
231.0
192.0
200.0
170.0
161.0
150.0
92.0
118.0
102.0
53.0
44.0
20.0
13.0
1.0
-49.0
-24.0
-46.0
-54.0
-65.0
-95.0
-102.0
-77.0
-93.0
-59.0
-82.0
-56.0
-68.0
-64.0
-93.0
-91.0
-93.0
-90.0
-87.0
-88.0
-103.0
-79.0
-63.0
-98.0
-68.0
-64.0
-59.0
-52.0
-56.0
-44.0
-41.0
-58.0
-35.0
-53.0
-65.0
-33.0
-24.0
-47.0
-45.0
-52.0
-59.0
-65.0
-67.0
-75.0
-87.0
-89.0
-103.0
-90.0
-84.0
-76.0
-128.0
-84.0
-78.0
-107.0
-55.0
-68.0
-112.0
-91.0
-61.0
-70.0
-53.0
-58.0
-65.0
-80.0
-83.0
-62.0
-86.0
-102.0
-86.0
-58.0
-86.0
-82.0
-62.0
-70.0
-105.0
-93.0
-102.0
-86.0
-103.0
-116.0
-93.0
-92.0
-79.0
-88.0
-95.0
-68.0
-76.0
-64.0
-52.0
-69.0
-35.0
-72.0
-81.0
-59.0
-40.0
-64.0
-54.0
-42.0
-34.0
-80.0
-72.0
-60.0
-43.0
-63.0
-53.0
-37.0
-56.0
-68.0
-84.0
-73.0
-38.0
-73.0
-65.0
-80.0
-63.0
-68.0
-42.0
-34.0
-15.0
-26.0
-26.0
6.0
-2.0
16.0
40.0
-4.0
-1.0
32.0
23.0
-1.0
-16.0
-16.0
-10.0
-36.0
2.0
11.0
-17.0
16.0
-26.0
-14.0
11.0
11.0
24.0
33.0
51.0
21.0
12.0
13.0
-8.0
-6.0
-10.0
-26.0
-26.0
-50.0
-77.0
-73.0
-49.0
-67.0
-69.0
-47.0
-67.0
-27.0
-34.0
-72.0
-73.0
-45.0
-36.0
-24.0
-25.0
-45.0
-47.0
-35.0
-38.0
-26.0
-32.0
-45.0
-11.0
-39.0
-27.0
-27.0
-45.0
-37.0
-23.0
-7.0
-16.0
-38.0
-18.0
-36.0
-13.0
34.0
-15.0
-13.0
12.0
-16.0
-5.0
-5.0
-8.0
-21.0
-23.0
-33.0
-19.0
-38.0
-68.0
-12.0
-29.0
-5.0
27.0
2.0
-20.0
-5.0
-31.0
-45.0
-43.0
-62.0
-49.0
-63.0
-46.0
-25.0
-28.0
-5.0
-18.0
-52.0
-27.0
-47.0
-32.0
-31.0
-34.0
-23.0
-40.0
-51.0
-50.0
-44.0
-67.0
-58.0
-71.0
-34.0
-3.0
14.0
-47.0
-69.0
-25.0
-47.0
-24.0
-25.0
-32.0
-15.0
-2.0
-6.0
1.0
15.0
18.0
-11.0
6.0
26.0
-2.0
12.0
10.0
19.0
24.0
-6.0
21.0
31.0
21.0
14.0
38.0
31.0
31.0
53.0
27.0
40.0
76.0
52.0
60.0
58.0
51.0
31.0
7.0
48.0
28.0
11.0
31.0
24.0
16.0
5.0
8.0
10.0
23.0
39.0
12.0
22.0
-17.0
-16.0
3.0
-6.0
26.0
10.0
-12.0
8.0
2.0
5.0
-41.0
-2.0
19.0
15.0
61.0
67.0
43.0
53.0
44.0
32.0
39.0
60.0
42.0
37.0
32.0
38.0
26.0
26.0
49.0
23.0
12.0
10.0
-3.0
26.0
15.0
-5.0
-7.0
-4.0
3.0
7.0
-12.0
32.0
26.0
56.0
89.0
116.0
156.0
159.0
168.0
233.0
236.0
195.0
191.0
191.0
193.0
171.0
180.0
185.0
126.0
140.0
127.0
79.0
79.0
68.0
14.0
39.0
35.0
9.0
6.0
-26.0
-46.0
-8.0
-65.0
-68.0
-71.0
-53.0
-35.0
-41.0
-32.0
-37.0
-66.0
-82.0
-69.0
-58.0
-41.0
-77.0
-92.0
-84.0
-52.0
-71.0
-76.0
-76.0
-53.0
-58.0
-53.0
-48.0
-44.0
-36.0
-14.0
-32.0
-3.0
-2.0
14.0
4.0
25.0
28.0
26.0
12.0
-31.0
-12.0
7.0
-7.0
11.0
-5.0
-6.0
3.0
-6.0
9.0
32.0
24.0
-29.0
-27.0
7.0
13.0
-9.0
-30.0
-2.0
-20.0
-6.0
11.0
26.0
4.0
29.0
11.0
30.0
28.0
-8.0
3.0
-29.0
-40.0
-8.0
9.0
-4.0
-11.0
-1.0
19.0
40.0
-18.0
-30.0
-15.0
-5.0
-1.0
-7.0
18.0
-3.0
-24.0
-41.0
-29.0
-40.0
-11.0
-4.0
24.0
18.0
6.0
27.0
50.0
35.0
15.0
16.0
34.0
30.0
18.0
25.0
33.0
31.0
39.0
36.0
24.0
65.0
20.0
17.0
33.0
3.0
-3.0
1.0
3.0
2.0
13.0
27.0
8.0
10.0
-3.0
-6.0
-4.0
-18.0
-4.0
20.0
1.0
11.0
8.0
-4.0
-10.0
10.0
-16.0
-5.0
22.0
27.0
-15.0
-23.0
26.0
-21.0
-6.0
32.0
-14.0
16.0
44.0
45.0
53.0
45.0
43.0
29.0
37.0
52.0
33.0
18.0
9.0
8.0
14.0
19.0
6.0
36.0
15.0
24.0
18.0
-2.0
-2.0
19.0
30.0
-10.0
-8.0
34.0
46.0
29.0
24.0
-20.0
1.0
40.0
-1.0
27.0
36.0
52.0
70.0
43.0
44.0
14.0
4.0
7.0
26.0
37.0
10.0
-10.0
-13.0
45.0
31.0
20.0
-5.0
6.0
7.0
18.0
4.0
-26.0
-28.0
-25.0
-10.0
-14.0
29.0
-1.0
-21.0
-17.0
-21.0
-7.0
-5.0
14.0
-13.0
-6.0
17.0
19.0
13.0
-10.0
10.0
11.0
1.0
1.0
2.0
-18.0
-27.0
-31.0
7.0
-26.0
-32.0
-14.0
-25.0
-29.0
-53.0
-35.0
-14.0
-17.0
-39.0
27.0
-27.0
-57.0
-29.0
-24.0
-32.0
-29.0
-7.0
4.0
-23.0
-14.0
1.0
-22.0
7.0
3.0
-9.0
14.0
17.0
21.0
55.0
-7.0
12.0
50.0
17.0
-14.0
-17.0
-19.0
4.0
22.0
21.0
11.0
-6.0
28.0
43.0
1.0
55.0
71.0
103.0
126.0
215.0
262.0
247.0
264.0
285.0
294.0
279.0
248.0
255.0
218.0
203.0
234.0
205.0
203.0
219.0
173.0
127.0
128.0
68.0
81.0
54.0
59.0
45.0
17.0
1.0
-15.0
-20.0
-11.0
-42.0
-78.0
-70.0
-74.0
-61.0
-64.0
-80.0
-93.0
-98.0
-53.0
-41.0
-70.0
-85.0
-93.0
-95.0
-97.0
-64.0
-72.0
-83.0
-55.0
-62.0
-67.0
-89.0
-71.0
-70.0
-97.0
-108.0
-116.0
-114.0
-91.0
-99.0
-87.0
-59.0
-74.0
-39.0
-14.0
-40.0
-60.0
-80.0
-63.0
-65.0
-61.0
-43.0
-48.0
-90.0
-68.0
-54.0
-61.0
-31.0
-77.0
-56.0
-43.0
-59.0
-42.0
-69.0
-72.0
-65.0
-90.0
-71.0
-41.0
-45.0
-38.0
-58.0
-45.0
-42.0
-30.0
-49.0
-60.0
-59.0
-59.0
-100.0
-124.0
-103.0
-123.0
-135.0
-98.0
-103.0
-99.0
-73.0
-70.0
-135.0
-124.0
-100.0
-115.0
-108.0
-117.0
-114.0
-117.0
-106.0
-86.0
-78.0
-92.0
-83.0
-67.0
-84.0
-90.0
-81.0
-77.0
-58.0
-51.0
-89.0
-111.0
-102.0
-94.0
-81.0
-96.0
-85.0
-81.0
-69.0
-59.0
-66.0
-49.0
-29.0
-19.0
-34.0
-1.0
23.0
24.0
30.0
4.0
2.0
-14.0
-54.0
-56.0
-54.0
-42.0
-45.0
-70.0
-50.0
-58.0
-61.0
-6.0
5.0
-14.0
-15.0
-30.0
4.0
-23.0
-5.0
-2.0
-20.0
-28.0
-38.0
-49.0
-19.0
-37.0
-47.0
-34.0
-43.0
-55.0
-53.0
-23.0
-28.0
-47.0
-65.0
-37.0
-20.0
-35.0
-56.0
-29.0
-22.0
-20.0
2.0
10.0
-29.0
-17.0
-34.0
-50.0
-28.0
-33.0
-25.0
-27.0
-50.0
-44.0
-41.0
-22.0
-6.0
-15.0
-44.0
-17.0
-5.0
6.0
-24.0
18.0
55.0
16.0
1.0
-27.0
-31.0
-16.0
-3.0
15.0
46.0
38.0
46.0
14.0
-20.0
-24.0
10.0
21.0
-2.0
-5.0
14.0
25.0
29.0
-50.0
-10.0
30.0
5.0
-2.0
21.0
37.0
37.0
43.0
2.0
37.0
40.0
19.0
58.0
39.0
48.0
4.0
-8.0
16.0
40.0
38.0
24.0
37.0
24.0
25.0
13.0
1.0
-5.0
-6.0
-44.0
-34.0
-14.0
12.0
19.0
-7.0
-6.0
0.0
15.0
-3.0
17.0
3.0
-11.0
0.0
-44.0
-44.0
-49.0
-68.0
-48.0
-18.0
-25.0
-8.0
32.0
26.0
59.0
35.0
24.0
37.0
23.0
10.0
26.0
79.0
88.0
29.0
27.0
49.0
9.0
13.0
-10.0
-2.0
6.0
-13.0
-15.0
-1.0
-14.0
17.0
18.0
26.0
32.0
18.0
27.0
35.0
56.0
89.0
14.0
-33.0
-48.0
-42.0
-35.0
-8.0
-7.0
8.0
33.0
-3.0
-27.0
-3.0
-29.0
-16.0
-12.0
13.0
-15.0
-7.0
-13.0
-13.0
17.0
-2.0
11.0
22.0
24.0
-4.0
-4.0
-29.0
-48.0
-47.0
-92.0
-79.0
-37.0
-35.0
-15.0
-7.0
14.0
43.0
-6.0
17.0
14.0
19.0
55.0
40.0
52.0
97.0
24.0
56.0
45.0
46.0
60.0
60.0
56.0
81.0
90.0
104.0
61.0
51.0
33.0
53.0
15.0
21.0
11.0
1.0
30.0
-10.0
32.0
13.0
-13.0
7.0
-14.0
2.0
-20.0
-15.0
-12.0
-25.0
-64.0
-50.0
-26.0
-49.0
-11.0
-41.0
-22.0
-3.0
-10.0
-10.0
-16.0
28.0
-7.0
-1.0
14.0
-7.0
5.0
-29.0
2.0
-10.0
-13.0
-1.0
22.0
15.0
-6.0
7.0
1.0
-53.0
-38.0
-6.0
5.0
-13.0
7.0
27.0
24.0
10.0
-6.0
-20.0
-41.0
-39.0
-33.0
-20.0
-50.0
-58.0
-25.0
-16.0
-1.0
22.0
0.0
-49.0
-40.0
-7.0
-11.0
-45.0
-52.0
-34.0
-24.0
-30.0
-71.0
-43.0
-44.0
-10.0
-24.0
-14.0
7.0
15.0
4.0
-40.0
-32.0
-35.0
-45.0
-18.0
-49.0
-49.0
-41.0
-16.0
15.0
-48.0
-60.0
-31.0
-51.0
-36.0
-35.0
-30.0
-42.0
-49.0
-41.0
-51.0
-43.0
-41.0
-39.0
-43.0
-16.0
-22.0
-15.0
-1.0
-11.0
10.0
-32.0
-42.0
7.0
-7.0
3.0
15.0
-4.0
-10.0
-25.0
5.0
-2.0
-33.0
-25.0
-26.0
-21.0
-8.0
-6.0
6.0
2.0
-7.0
-15.0
-21.0
-23.0
-13.0
-8.0
1.0
19.0
8.0
44.0
55.0
21.0
-29.0
-28.0
-46.0
-38.0
-22.0
-24.0
-27.0
-30.0
-28.0
7.0
-31.0
-23.0
-29.0
-42.0
-13.0
-12.0
7.0
18.0
-6.0
10.0
14.0
5.0
16.0
-10.0
6.0
3.0
13.0
34.0
21.0
-7.0
-26.0
-24.0
22.0
-7.0
24.0
19.0
7.0
21.0
15.0
12.0
35.0
16.0
-5.0
-8.0
-10.0
3.0
-36.0
-17.0
13.0
5.0
3.0
21.0
1.0
30.0
51.0
6.0
-5.0
10.0
-6.0
2.0
14.0
5.0
14.0
1.0
-1.0
-10.0
3.0
13.0
-2.0
8.0
-4.0
8.0
-2.0
-10.0
-3.0
17.0
24.0
42.0
38.0
32.0
49.0
16.0
15.0
13.0
6.0
31.0
23.0
2.0
4.0
-7.0
-24.0
2.0
16.0
-5.0
20.0
40.0
6.0
20.0
67.0
77.0
82.0
84.0
70.0
62.0
52.0
61.0
53.0
78.0
74.0
66.0
71.0
62.0
76.0
46.0
30.0
48.0
20.0
15.0
26.0
24.0
12.0
32.0
71.0
74.0
71.0
108.0
119.0
126.0
200.0
303.0
300.0
331.0
361.0
367.0
360.0
337.0
345.0
332.0
298.0
299.0
316.0
225.0
209.0
203.0
184.0
166.0
171.0
173.0
157.0
118.0
98.0
85.0
101.0
76.0
23.0
34.0
57.0
32.0
35.0
37.0
40.0
30.0
41.0
-8.0
-12.0
-24.0
-39.0
-53.0
-65.0
-53.0
-40.0
-32.0
-17.0
-25.0
-59.0
-72.0
-59.0
-35.0
-56.0
-40.0
-52.0
-63.0
-132.0
-166.0
-78.0
-135.0
-145.0
-122.0
-133.0
-134.0
-97.0
-125.0
-110.0
-117.0
-122.0
-98.0
-145.0
-150.0
-97.0
-92.0
-59.0
-25.0
-56.0
-110.0
-131.0
-134.0
-99.0
-103.0
-106.0
-103.0
-104.0
-65.0
-77.0
-98.0
-108.0
-106.0
-88.0
-73.0
-83.0
-61.0
-59.0
-81.0
-67.0
-102.0
-65.0
-84.0
-110.0
-106.0
-84.0
-48.0
-48.0
-82.0
-93.0
-115.0
-119.0
-113.0
-98.0
-106.0
-121.0
-95.0
-48.0
-34.0
-64.0
-62.0
-61.0
-90.0
-67.0
-79.0
-110.0
-126.0
-130.0
-116.0
-118.0
-105.0
-112.0
-129.0
-105.0
-111.0
-103.0
-87.0
-133.0
-126.0
-90.0
-88.0
-59.0
-79.0
-49.0
-77.0
-108.0
-98.0
-105.0
-83.0
-108.0
-95.0
-81.0
-124.0
-140.0
-118.0
-113.0
-111.0
-81.0
-79.0
-95.0
-71.0
-42.0
-100.0
-55.0
-55.0
-78.0
-49.0
-51.0
-31.0
-46.0
-68.0
-48.0
-50.0
-75.0
-29.0
-15.0
-40.0
-12.0
39.0
-8.0
-20.0
-24.0
-54.0
-37.0
-13.0
-12.0
-6.0
-32.0
-33.0
-45.0
-58.0
-27.0
-48.0
-60.0
-47.0
-40.0
-29.0
-34.0
-51.0
-40.0
-58.0
-49.0
-34.0
-18.0
-18.0
-44.0
-37.0
-78.0
-7.0
-19.0
-3.0
-23.0
-21.0
-55.0
-79.0
-54.0
-49.0
-34.0
-6.0
-1.0
-59.0
-44.0
-28.0
-20.0
-23.0
4.0
-5.0
-16.0
-35.0
17.0
0.0
11.0
13.0
11.0
7.0
-10.0
-17.0
-15.0
-8.0
1.0
12.0
-3.0
1.0
-2.0
-32.0
-16.0
-7.0
-17.0
11.0
13.0
6.0
1.0
12.0
-8.0
-2.0
22.0
29.0
25.0
30.0
31.0
47.0
45.0
71.0
51.0
18.0
13.0
50.0
24.0
-4.0
23.0
23.0
-25.0
-33.0
-18.0
-49.0
-14.0
3.0
12.0
54.0
15.0
20.0
42.0
56.0
58.0
43.0
75.0
9.0
18.0
63.0
41.0
38.0
16.0
24.0
34.0
16.0
8.0
-26.0
-39.0
-42.0
-19.0
-1.0
13.0
15.0
-18.0
-8.0
4.0
-3.0
-6.0
31.0
16.0
35.0
41.0
51.0
56.0
62.0
89.0
98.0
95.0
105.0
70.0
46.0
35.0
38.0
22.0
27.0
33.0
25.0
-8.0
-25.0
-15.0
0.0
2.0
16.0
7.0
3.0
-1.0
-17.0
1.0
19.0
32.0
37.0
43.0
59.0
27.0
41.0
51.0
20.0
41.0
54.0
101.0
90.0
74.0
59.0
31.0
41.0
32.0
22.0
21.0
42.0
61.0
56.0
83.0
101.0
124.0
113.0
127.0
145.0
115.0
120.0
98.0
103.0
118.0
80.0
82.0
90.0
70.0
75.0
63.0
45.0
83.0
81.0
79.0
82.0
81.0
134.0
96.0
120.0
120.0
69.0
71.0
33.0
47.0
79.0
74.0
92.0
104.0
57.0
111.0
149.0
176.0
222.0
248.0
272.0
277.0
320.0
306.0
312.0
284.0
283.0
265.0
216.0
205.0
177.0
196.0
181.0
131.0
124.0
134.0
111.0
92.0
43.0
54.0
61.0
30.0
34.0
40.0
-9.0
-5.0
-34.0
-22.0
-25.0
-14.0
-46.0
-73.0
-35.0
-12.0
-39.0
-38.0
-8.0
-18.0
-28.0
-29.0
-17.0
-27.0
-56.0
-50.0
-43.0
-37.0
-27.0
-56.0
-29.0
-16.0
-23.0
-14.0
11.0
26.0
-45.0
-54.0
-13.0
-35.0
4.0
-21.0
-32.0
13.0
24.0
-36.0
-29.0
-48.0
-70.0
-46.0
-38.0
-64.0
-45.0
-43.0
-32.0
-74.0
-65.0
-17.0
-23.0
-36.0
-41.0
-32.0
-34.0
-32.0
-29.0
-23.0
-45.0
-33.0
-33.0
-1.0
24.0
51.0
-24.0
-2.0
-33.0
-42.0
-17.0
-30.0
-45.0
-38.0
-31.0
-26.0
-46.0
-50.0
-33.0
-19.0
0.0
-11.0
-4.0
-2.0
-23.0
-15.0
21.0
-16.0
-18.0
-21.0
-39.0
-22.0
-53.0
-49.0
-33.0
-60.0
-43.0
-37.0
-27.0
23.0
-2.0
-21.0
-22.0
-45.0
-33.0
-15.0
1.0
-13.0
5.0
-5.0
11.0
-3.0
8.0
-23.0
-17.0
11.0
8.0
-6.0
-6.0
-14.0
-25.0
-33.0
-28.0
-15.0
-30.0
-86.0
-65.0
-72.0
-38.0
-6.0
-23.0
-11.0
17.0
7.0
-11.0
8.0
-17.0
-41.0
-41.0
-18.0
-15.0
-50.0
-29.0
-27.0
-38.0
-12.0
-13.0
-30.0
-52.0
-45.0
-11.0
-15.0
-13.0
-4.0
24.0
12.0
-22.0
-25.0
-14.0
-5.0
-16.0
-17.0
-34.0
-15.0
-37.0
-63.0
-72.0
-50.0
-35.0
-28.0
-49.0
-52.0
-44.0
-69.0
-66.0
-91.0
-88.0
-68.0
-63.0
-69.0
-58.0
-50.0
-74.0
-76.0
-55.0
-67.0
-68.0
-41.0
-72.0
-78.0
-35.0
-37.0
-38.0
-34.0
-39.0
-35.0
-24.0
-15.0
-22.0
-20.0
-14.0
-41.0
-21.0
35.0
-20.0
11.0
17.0
-2.0
-8.0
5.0
-24.0
-23.0
-37.0
-46.0
-46.0
-57.0
-46.0
-52.0
-72.0
-89.0
-51.0
-75.0
-81.0
-46.0
-39.0
-39.0
-31.0
-34.0
-23.0
-39.0
-34.0
-47.0
-52.0
-32.0
-35.0
-26.0
-82.0
-60.0
-53.0
-55.0
-45.0
-62.0
-44.0
-51.0
-43.0
-44.0
-40.0
-32.0
-17.0
-13.0
-37.0
-17.0
-35.0
-25.0
-5.0
-7.0
0.0
-32.0
-15.0
-12.0
-32.0
-15.0
46.0
39.0
27.0
61.0
87.0
120.0
189.0
204.0
282.0
277.0
309.0
346.0
346.0
320.0
260.0
255.0
212.0
234.0
196.0
155.0
165.0
147.0
104.0
110.0
116.0
112.0
86.0
48.0
53.0
32.0
5.0
36.0
-14.0
-3.0
-19.0
-27.0
1.0
-21.0
7.0
2.0
-37.0
-6.0
7.0
0.0
-2.0
12.0
-10.0
-33.0
-12.0
3.0
21.0
-27.0
-68.0
-68.0
-48.0
-100.0
-125.0
-146.0
-121.0
-139.0
-141.0
-149.0
-173.0
-205.0
-256.0
-271.0
-225.0
-202.0
-204.0
-204.0
-195.0
-202.0
-196.0
-174.0
-148.0
-152.0
-155.0
-102.0
-86.0
-36.0
-22.0
-1.0
10.0
16.0
-6.0
-13.0
-44.0
-58.0
-71.0
-117.0
-120.0
-98.0
-150.0
-215.0
-205.0
-214.0
-220.0
-244.0
-211.0
-201.0
-181.0
-206.0
-168.0
-118.0
-93.0
-97.0
-86.0
-91.0
-121.0
-108.0
-65.0
-92.0
-80.0
-3.0
59.0
122.0
174.0
237.0
270.0
310.0
291.0
266.0
212.0
153.0
98.0
94.0
83.0
24.0
-40.0
-49.0
-69.0
-79.0
-72.0
-92.0
-140.0
-114.0
-108.0
-127.0
-143.0
-171.0
-174.0
-145.0
-143.0
-210.0
-168.0
-151.0
-161.0
-138.0
-108.0
-98.0
-72.0
-23.0
25.0
22.0
21.0
17.0
45.0
82.0
38.0
41.0
48.0
37.0
3.0
-13.0
-12.0
-49.0
-63.0
-57.0
-57.0
-116.0
-118.0
-118.0
-121.0
-85.0
-108.0
-126.0
-90.0
-121.0
-126.0
-99.0
-80.0
-12.0
67.0
100.0
125.0
168.0
195.0
208.0
173.0
155.0
195.0
166.0
127.0
66.0
49.0
40.0
40.0
33.0
-2.0
-14.0
-30.0
-53.0
-45.0
-85.0
-108.0
-121.0
-145.0
-183.0
-193.0
-187.0
-200.0
-202.0
-199.0
-183.0
-146.0
-150.0
-138.0
-105.0
-59.0
-12.0
30.0
71.0
118.0
105.0
106.0
67.0
67.0
42.0
0.0
-76.0
-81.0
-150.0
-162.0
-168.0
-168.0
-198.0
-219.0
-165.0
-145.0
-147.0
-127.0
-98.0
-162.0
-125.0
-133.0
-125.0
-122.0
-128.0
-95.0
-72.0
2.0
78.0
100.0
106.0
163.0
164.0
159.0
158.0
163.0
142.0
128.0
164.0
112.0
87.0
74.0
52.0
37.0
18.0
-10.0
-51.0
-64.0
-83.0
-105.0
-104.0
-123.0
-126.0
-130.0
-149.0
-172.0
-153.0
-140.0
-124.0
-112.0
-107.0
-108.0
-87.0
-65.0
-50.0
-51.0
-81.0
-59.0
-22.0
30.0
68.0
59.0
74.0
51.0
-9.0
-36.0
-64.0
-108.0
-74.0
-139.0
-156.0
-178.0
-185.0
-205.0
-177.0
-188.0
-203.0
-192.0
-173.0
-174.0
-254.0
-228.0
-218.0
-220.0
-181.0
-205.0
-185.0
-94.0
-39.0
3.0
36.0
56.0
49.0
46.0
48.0
28.0
50.0
70.0
32.0
47.0
2.0
12.0
-4.0
-46.0
-60.0
-59.0
-92.0
-95.0
-138.0
-148.0
-131.0
-148.0
-185.0
-184.0
-182.0
-183.0
-187.0
-222.0
-183.0
-99.0
-77.0
-55.0
-59.0
-5.0
-36.0
-21.0
0.0
13.0
8.0
-14.0
2.0
-66.0
-56.0
-52.0
-69.0
-92.0
-74.0
-56.0
-65.0
-78.0
-46.0
-69.0
-79.0
-123.0
-92.0
-73.0
-78.0
-98.0
-112.0
-116.0
-109.0
-102.0
-130.0
-106.0
-78.0
-67.0
-72.0
-55.0
-18.0
6.0
-40.0
-44.0
-58.0
-63.0
-44.0
-22.0
16.0
61.0
61.0
86.0
126.0
117.0
148.0
146.0
136.0
89.0
63.0
53.0
61.0
58.0
67.0
70.0
74.0
71.0
31.0
33.0
27.0
-13.0
-37.0
-30.0
-36.0
-32.0
-75.0
-92.0
-68.0
-82.0
-58.0
-64.0
-58.0
-72.0
-74.0
-53.0
-71.0
-49.0
-23.0
-35.0
-27.0
15.0
25.0
61.0
-4.0
1.0
16.0
-3.0
-9.0
-21.0
-16.0
-27.0
-62.0
-52.0
-21.0
-9.0
-71.0
-69.0
-43.0
-54.0
-25.0
-44.0
-40.0
-56.0
-64.0
-54.0
-56.0
-31.0
2.0
27.0
8.0
-32.0
0.0
6.0
-18.0
12.0
16.0
2.0
24.0
-26.0
-23.0
26.0
32.0
53.0
103.0
124.0
108.0
71.0
58.0
49.0
79.0
41.0
47.0
64.0
55.0
25.0
13.0
23.0
-25.0
-49.0
-38.0
-49.0
-65.0
-45.0
-68.0
-27.0
6.0
28.0
24.0
-6.0
13.0
23.0
22.0
8.0
-13.0
-9.0
5.0
6.0
17.0
-12.0
0.0
13.0
1.0
18.0
16.0
21.0
51.0
26.0
12.0
18.0
-1.0
22.0
51.0
45.0
26.0
22.0
5.0
8.0
20.0
33.0
42.0
19.0
18.0
36.0
54.0
-8.0
-2.0
20.0
-1.0
-29.0
-52.0
-40.0
-43.0
-42.0
-41.0
-52.0
-2.0
40.0
-39.0
-4.0
22.0
21.0
36.0
20.0
-24.0
-25.0
-32.0
-25.0
31.0
65.0
97.0
160.0
225.0
263.0
240.0
260.0
188.0
111.0
114.0
86.0
69.0
60.0
99.0
97.0
129.0
117.0
121.0
157.0
171.0
115.0
158.0
142.0
131.0
135.0
98.0
64.0
16.0
20.0
24.0
20.0
46.0
35.0
24.0
30.0
48.0
64.0
87.0
65.0
36.0
68.0
66.0
70.0
120.0
109.0
141.0
134.0
127.0
111.0
106.0
73.0
43.0
27.0
25.0
7.0
66.0
40.0
10.0
26.0
21.0
15.0
10.0
-12.0
-21.0
0.0
17.0
17.0
-6.0
-8.0
-13.0
-3.0
-11.0
-10.0
3.0
17.0
51.0
12.0
18.0
32.0
50.0
44.0
26.0
41.0
33.0
16.0
40.0
12.0
9.0
32.0
15.0
-5.0
-33.0
-27.0
-6.0
-31.0
-18.0
-35.0
-15.0
-11.0
-23.0
-14.0
4.0
49.0
108.0
110.0
166.0
179.0
198.0
213.0
219.0
214.0
201.0
181.0
168.0
146.0
123.0
98.0
48.0
59.0
43.0
67.0
52.0
8.0
-6.0
-26.0
-10.0
-12.0
-33.0
-34.0
-66.0
-97.0
-95.0
-116.0
-115.0
-120.0
-117.0
-95.0
-98.0
-81.0
-84.0
-56.0
-63.0
-62.0
-74.0
-69.0
-111.0
-135.0
-136.0
-137.0
-116.0
-106.0
-97.0
-105.0
-143.0
-112.0
-95.0
-78.0
-66.0
-93.0
-126.0
-131.0
-117.0
-129.0
-138.0
-131.0
-115.0
-117.0
-112.0
-74.0
-79.0
-86.0
-91.0
-126.0
-90.0
-89.0
-114.0
-126.0
-145.0
-112.0
-92.0
-122.0
-98.0
-109.0
-111.0
-92.0
-78.0
-43.0
-51.0
-76.0
-46.0
-39.0
-51.0
-24.0
-34.0
-29.0
-64.0
-102.0
-90.0
-116.0
-128.0
-102.0
-106.0
-123.0
-99.0
-100.0
-77.0
-78.0
-90.0
-72.0
-80.0
-46.0
-78.0
-52.0
-17.0
-6.0
-14.0
-22.0
-22.0
-62.0
-76.0
-72.0
-46.0
-49.0
-51.0
-29.0
-30.0
-48.0
-21.0
-21.0
-58.0
-39.0
-16.0
-35.0
-23.0
4.0
11.0
10.0
-16.0
-29.0
-16.0
-21.0
-25.0
-21.0
-24.0
-35.0
4.0
4.0
-11.0
-21.0
-31.0
-38.0
-37.0
-18.0
-16.0
-17.0
-28.0
-36.0
-18.0
13.0
41.0
16.0
-11.0
-10.0
-5.0
-14.0
13.0
21.0
2.0
-29.0
-25.0
-31.0
-22.0
-36.0
-44.0
-43.0
-23.0
6.0
-7.0
-8.0
-18.0
-27.0
-21.0
-31.0
9.0
11.0
-24.0
-39.0
-57.0
-35.0
-25.0
-32.0
-15.0
-41.0
-83.0
-49.0
-66.0
-59.0
-68.0
-60.0
-64.0
-71.0
-55.0
-35.0
-41.0
-6.0
-21.0
-15.0
-14.0
-21.0
-9.0
-24.0
-27.0
-20.0
-20.0
-42.0
-42.0
-60.0
-52.0
-42.0
-37.0
-86.0
-81.0
-42.0
-52.0
-18.0
-34.0
-32.0
-15.0
-30.0
-41.0
-22.0
-6.0
-47.0
-35.0
-25.0
5.0
-32.0
-43.0
-49.0
-26.0
-37.0
10.0
-31.0
-55.0
-28.0
-18.0
-18.0
-34.0
-45.0
-24.0
-34.0
-35.0
-40.0
-43.0
-27.0
-40.0
-54.0
-53.0
-39.0
-20.0
-20.0
32.0
13.0
13.0
30.0
77.0
146.0
218.0
261.0
277.0
289.0
282.0
272.0
291.0
289.0
250.0
279.0
296.0
233.0
232.0
208.0
174.0
168.0
138.0
142.0
135.0
109.0
96.0
62.0
47.0
51.0
35.0
34.0
10.0
0.0
-32.0
-30.0
1.0
-3.0
-31.0
-17.0
-35.0
-15.0
-7.0
-11.0
-6.0
-13.0
-40.0
-55.0
-31.0
-29.0
-42.0
-52.0
-29.0
-50.0
-34.0
-59.0
-67.0
-50.0
-56.0
-68.0
-48.0
-62.0
-87.0
-97.0
-91.0
-76.0
-68.0
-73.0
-56.0
-71.0
-63.0
-81.0
-80.0
-85.0
-88.0
-56.0
-97.0
-96.0
-68.0
-85.0
-120.0
-116.0
-112.0
-93.0
-73.0
-58.0
-55.0
-94.0
-99.0
-90.0
-107.0
-118.0
-107.0
-100.0
-71.0
-79.0
-58.0
-42.0
-50.0
-65.0
-49.0
-41.0
-52.0
-49.0
-24.0
-2.0
-22.0
-33.0
-32.0
-35.0
-14.0
-71.0
-84.0
-82.0
-73.0
-64.0
-69.0
-59.0
-80.0
-89.0
-76.0
-64.0
-59.0
-81.0
-69.0
-68.0
-52.0
-62.0
-42.0
-46.0
-55.0
-68.0
-82.0
-50.0
-76.0
-59.0
-39.0
-34.0
-70.0
-113.0
-82.0
-46.0
-52.0
-41.0
11.0
-4.0
7.0
1.0
-24.0
-42.0
-68.0
-75.0
-52.0
-52.0
-42.0
-37.0
-4.0
-45.0
-55.0
-30.0
-29.0
-40.0
-23.0
-48.0
-59.0
-73.0
-61.0
-69.0
-60.0
-42.0
-50.0
-91.0
-80.0
-60.0
-71.0
-52.0
-43.0
-48.0
-61.0
-46.0
-28.0
-40.0
-49.0
-48.0
-62.0
-58.0
-42.0
-35.0
-13.0
-18.0
-42.0
-55.0
-61.0
-33.0
-53.0
-55.0
-24.0
-10.0
-8.0
8.0
-12.0
-18.0
-35.0
-52.0
-37.0
-17.0
-14.0
-31.0
-18.0
-45.0
-59.0
-62.0
-48.0
-46.0
-71.0
-95.0
-115.0
-93.0
-57.0
-85.0
-96.0
-59.0
-58.0
-49.0
-64.0
-33.0
-37.0
-54.0
-42.0
-49.0
-63.0
-25.0
-41.0
-59.0
-72.0
-74.0
-73.0
-63.0
-31.0
-46.0
-41.0
-5.0
-21.0
-35.0
-2.0
1.0
5.0
4.0
2.0
35.0
15.0
-2.0
-4.0
-10.0
-34.0
-28.0
-24.0
-38.0
-41.0
-32.0
-2.0
-16.0
-34.0
-39.0
-21.0
21.0
-10.0
-12.0
-4.0
-31.0
-33.0
-13.0
-34.0
-25.0
-28.0
-54.0
-25.0
-17.0
-14.0
13.0
-18.0
-7.0
-2.0
-34.0
-37.0
-24.0
-29.0
-25.0
-27.0
-33.0
-49.0
-56.0
-21.0
-21.0
-20.0
-42.0
-44.0
-37.0
-36.0
-39.0
-56.0
-47.0
-26.0
-28.0
-23.0
-9.0
-45.0
-22.0
-9.0
-8.0
-1.0
25.0
-2.0
22.0
26.0
-30.0
-18.0
-20.0
-45.0
3.0
-21.0
-18.0
13.0
-6.0
-40.0
-36.0
-23.0
-13.0
-21.0
1.0
-17.0
-21.0
-15.0
-27.0
-18.0
-2.0
-13.0
-5.0
-17.0
-20.0
15.0
12.0
14.0
46.0
39.0
27.0
36.0
16.0
6.0
13.0
4.0
-17.0
-13.0
7.0
5.0
-3.0
21.0
26.0
20.0
24.0
14.0
48.0
53.0
51.0
60.0
45.0
34.0
64.0
37.0
8.0
16.0
25.0
-7.0
-5.0
25.0
8.0
-15.0
6.0
-12.0
-5.0
21.0
16.0
8.0
50.0
1.0
37.0
46.0
32.0
31.0
58.0
66.0
71.0
47.0
47.0
50.0
43.0
56.0
48.0
27.0
50.0
11.0
7.0
22.0
3.0
21.0
52.0
21.0
74.0
148.0
192.0
223.0
241.0
280.0
293.0
310.0
332.0
281.0
280.0
269.0
248.0
261.0
269.0
262.0
263.0
135.0
80.0
102.0
136.0
92.0
122.0
131.0
110.0
139.0
165.0
187.0
219.0
206.0
229.0
238.0
199.0
183.0
126.0
90.0
69.0
66.0
17.0
-37.0
-32.0
-71.0
-121.0
-143.0
-167.0
-221.0
-222.0
-243.0
-220.0
-200.0
-190.0
-158.0
-122.0
-114.0
-97.0
-120.0
-95.0
-65.0
-34.0
13.0
8.0
9.0
79.0
96.0
78.0
77.0
73.0
112.0
103.0
57.0
58.0
31.0
-24.0
-43.0
-46.0
-95.0
-105.0
-76.0
-112.0
-119.0
-107.0
-112.0
-124.0
-122.0
-116.0
-158.0
-158.0
-138.0
-150.0
-169.0
-142.0
-150.0
-107.0
-82.0
-28.0
55.0
114.0
176.0
231.0
267.0
251.0
229.0
199.0
197.0
159.0
124.0
121.0
147.0
100.0
79.0
33.0
6.0
-4.0
-63.0
-73.0
-71.0
-97.0
-110.0
-74.0
-77.0
-97.0
-114.0
-111.0
-97.0
-72.0
-121.0
-109.0
-75.0
-60.0
-41.0
-43.0
-5.0
-12.0
-11.0
39.0
63.0
87.0
70.0
88.0
110.0
65.0
23.0
29.0
11.0
-1.0
-44.0
-63.0
-43.0
-101.0
-79.0
-71.0
-90.0
-106.0
-100.0
-74.0
-84.0
-72.0
-95.0
-100.0
-61.0
-13.0
-14.0
-12.0
-49.0
-74.0
-58.0
-46.0
-33.0
1.0
21.0
73.0
119.0
154.0
191.0
250.0
190.0
198.0
213.0
169.0
178.0
145.0
84.0
91.0
62.0
24.0
27.0
2.0
-30.0
-50.0
-64.0
-111.0
-142.0
-147.0
-199.0
-217.0
-208.0
-225.0
-192.0
-188.0
-188.0
-163.0
-145.0
-144.0
-133.0
-89.0
-52.0
-29.0
-27.0
0.0
3.0
22.0
30.0
0.0
-37.0
-35.0
-62.0
-45.0
-23.0
-42.0
-51.0
-67.0
-81.0
-104.0
-134.0
-123.0
-113.0
-126.0
-152.0
-157.0
-131.0
-120.0
-108.0
-110.0
-129.0
-80.0
-108.0
-80.0
-50.0
-67.0
-76.0
-96.0
-111.0
-119.0
-100.0
-72.0
-8.0
38.0
35.0
76.0
120.0
144.0
156.0
139.0
135.0
114.0
112.0
123.0
60.0
62.0
48.0
5.0
-25.0
-39.0
-70.0
-109.0
-127.0
-166.0
-158.0
-130.0
-154.0
-177.0
-210.0
-204.0
-178.0
-170.0
-183.0
-159.0
-146.0
-136.0
-105.0
-74.0
-67.0
-42.0
-15.0
22.0
-24.0
-9.0
12.0
8.0
-6.0
20.0
-5.0
-35.0
-53.0
-96.0
-116.0
-125.0
-134.0
-129.0
-152.0
-150.0
-180.0
-160.0
-146.0
-109.0
-99.0
-83.0
-61.0
-79.0
-72.0
-49.0
-69.0
-80.0
-83.0
-94.0
-78.0
-50.0
-41.0
-18.0
-9.0
-24.0
-85.0
-38.0
-2.0
-33.0
-5.0
31.0
60.0
95.0
128.0
152.0
156.0
175.0
127.0
142.0
142.0
103.0
76.0
40.0
21.0
17.0
-11.0
-41.0
-41.0
-30.0
-32.0
-36.0
-30.0
-29.0
-56.0
-72.0
-65.0
-67.0
-76.0
-76.0
-58.0
-64.0
-75.0
-70.0
-43.0
-17.0
-17.0
-8.0
21.0
26.0
25.0
39.0
52.0
102.0
100.0
72.0
98.0
70.0
53.0
52.0
31.0
-6.0
-21.0
-16.0
-45.0
-79.0
-62.0
-49.0
-89.0
-110.0
-109.0
-116.0
-83.0
-80.0
-57.0
-32.0
-21.0
-6.0
24.0
-6.0
-5.0
-4.0
-21.0
4.0
-6.0
-8.0
-23.0
-7.0
36.0
109.0
135.0
172.0
206.0
214.0
220.0
210.0
220.0
172.0
174.0
120.0
96.0
90.0
58.0
46.0
40.0
11.0
-17.0
-45.0
-6.0
-14.0
-54.0
-42.0
-27.0
-32.0
-31.0
-23.0
-42.0
-55.0
-80.0
-62.0
-50.0
-56.0
-11.0
11.0
3.0
14.0
21.0
37.0
56.0
46.0
60.0
73.0
48.0
65.0
59.0
38.0
47.0
32.0
31.0
14.0
3.0
-3.0
-15.0
-15.0
-29.0
-37.0
-36.0
-37.0
-40.0
-49.0
-50.0
-16.0
-27.0
-50.0
-30.0
8.0
-15.0
-25.0
-2.0
33.0
46.0
63.0
78.0
62.0
56.0
77.0
58.0
64.0
76.0
49.0
59.0
80.0
90.0
133.0
119.0
126.0
125.0
120.0
138.0
157.0
153.0
176.0
177.0
144.0
141.0
135.0
117.0
103.0
79.0
58.0
46.0
27.0
15.0
-18.0
-13.0
1.0
-22.0
14.0
-5.0
-18.0
-7.0
-17.0
15.0
-17.0
-53.0
-51.0
-61.0
-45.0
-37.0
-23.0
-34.0
-37.0
8.0
1.0
3.0
18.0
9.0
29.0
55.0
68.0
43.0
57.0
79.0
76.0
83.0
41.0
30.0
13.0
9.0
29.0
-16.0
-16.0
13.0
-19.0
-22.0
-26.0
-42.0
-42.0
-16.0
-18.0
-7.0
14.0
-16.0
-28.0
-14.0
-23.0
-43.0
-18.0
-27.0
-45.0
-63.0
-40.0
-10.0
-2.0
-2.0
33.0
64.0
99.0
134.0
119.0
90.0
112.0
114.0
129.0
138.0
120.0
130.0
114.0
118.0
99.0
72.0
79.0
51.0
17.0
1.0
-37.0
-71.0
-73.0
-86.0
-99.0
-116.0
-142.0
-184.0
-141.0
-142.0
-155.0
-144.0
-111.0
-102.0
-79.0
-54.0
-5.0
26.0
17.0
15.0
18.0
10.0
-50.0
-65.0
-64.0
-73.0
-83.0
-97.0
-95.0
-110.0
-129.0
-93.0
-42.0
-70.0
-69.0
-52.0
-36.0
-43.0
-21.0
-33.0
-14.0
7.0
26.0
28.0
-13.0
-17.0
-33.0
-40.0
-12.0
21.0
-30.0
-42.0
31.0
42.0
94.0
153.0
142.0
164.0
189.0
204.0
221.0
234.0
239.0
227.0
219.0
200.0
174.0
167.0
128.0
108.0
104.0
84.0
54.0
34.0
-14.0
-10.0
-10.0
-55.0
-63.0
-48.0
-56.0
-42.0
-41.0
-56.0
-43.0
-52.0
-78.0
-77.0
-127.0
-119.0
-97.0
-95.0
-137.0
-125.0
-148.0
-142.0
-131.0
-163.0
-178.0
-156.0
-162.0
-161.0
-151.0
-155.0
-195.0
-200.0
-183.0
-172.0
-125.0
-138.0
-121.0
-95.0
-106.0
-109.0
-78.0
-89.0
-119.0
-107.0
-118.0
-115.0
-78.0
-90.0
-119.0
-103.0
-87.0
-98.0
-121.0
-129.0
-120.0
-109.0
-84.0
-61.0
-69.0
-21.0
-36.0
-33.0
-33.0
-25.0
23.0
22.0
11.0
25.0
13.0
21.0
52.0
23.0
4.0
-49.0
-43.0
-34.0
-36.0
-25.0
-10.0
-18.0
-25.0
0.0
5.0
11.0
-5.0
2.0
3.0
-10.0
0.0
11.0
-21.0
1.0
7.0
-5.0
-5.0
-24.0
-19.0
14.0
12.0
8.0
-4.0
19.0
20.0
20.0
24.0
36.0
81.0
124.0
135.0
215.0
254.0
251.0
281.0
277.0
291.0
305.0
279.0
258.0
306.0
229.0
211.0
204.0
157.0
132.0
116.0
115.0
104.0
90.0
61.0
60.0
45.0
58.0
34.0
27.0
21.0
31.0
30.0
24.0
-5.0
-20.0
23.0
23.0
-3.0
-46.0
-30.0
-65.0
-70.0
-36.0
-63.0
-59.0
-69.0
-76.0
-74.0
-102.0
-88.0
-78.0
-133.0
-107.0
-101.0
-124.0
-99.0
-115.0
-94.0
-87.0
-75.0
-88.0
-97.0
-97.0
-87.0
-92.0
-72.0
-54.0
-83.0
-98.0
-82.0
-101.0
-99.0
-117.0
-115.0
-98.0
-107.0
-108.0
-100.0
-91.0
-61.0
-81.0
-72.0
-69.0
-50.0
-69.0
-41.0
-33.0
-32.0
-36.0
-16.0
-60.0
-84.0
-77.0
-78.0
-93.0
-55.0
-50.0
-74.0
-35.0
-71.0
-68.0
-43.0
-30.0
-36.0
-18.0
1.0
-2.0
-17.0
-24.0
-9.0
11.0
16.0
-1.0
-9.0
13.0
2.0
-2.0
-3.0
-25.0
-24.0
-20.0
-30.0
-25.0
-49.0
-32.0
-19.0
-30.0
2.0
-36.0
-30.0
0.0
10.0
-16.0
-14.0
-1.0
8.0
-13.0
-12.0
-2.0
-21.0
-18.0
-27.0
-25.0
-39.0
-54.0
-46.0
-31.0
-28.0
-52.0
-50.0
-46.0
-37.0
-26.0
-35.0
-13.0
-19.0
-10.0
-43.0
-36.0
-37.0
-34.0
-32.0
-31.0
-56.0
-47.0
-33.0
-42.0
-52.0
-29.0
-14.0
2.0
14.0
-8.0
-39.0
-62.0
-54.0
-30.0
-45.0
-48.0
-70.0
-57.0
-41.0
-54.0
-24.0
-3.0
-19.0
-11.0
-13.0
-8.0
-15.0
-26.0
-12.0
-20.0
-1.0
15.0
-4.0
-18.0
-33.0
-48.0
-42.0
-28.0
-39.0
-16.0
-6.0
0.0
-1.0
8.0
32.0
-4.0
21.0
4.0
8.0
31.0
-7.0
-16.0
-7.0
-26.0
13.0
53.0
21.0
-8.0
-17.0
-43.0
-42.0
12.0
15.0
9.0
15.0
24.0
0.0
-8.0
0.0
-21.0
-17.0
13.0
14.0
-1.0
17.0
34.0
-7.0
29.0
32.0
30.0
22.0
17.0
6.0
23.0
-13.0
-17.0
-15.0
7.0
21.0
17.0
-8.0
9.0
-20.0
1.0
13.0
-6.0
-8.0
-4.0
-5.0
-29.0
-12.0
3.0
-11.0
6.0
-5.0
-8.0
9.0
2.0
20.0
21.0
36.0
40.0
3.0
-25.0
7.0
-8.0
-19.0
-10.0
-3.0
-12.0
-16.0
31.0
16.0
3.0
-34.0
-17.0
14.0
21.0
17.0
21.0
16.0
4.0
36.0
49.0
14.0
32.0
22.0
-10.0
6.0
-17.0
-16.0
-18.0
-24.0
-25.0
-32.0
-36.0
-36.0
-12.0
-1.0
-11.0
3.0
36.0
23.0
6.0
11.0
-11.0
-12.0
23.0
7.0
10.0
4.0
3.0
-1.0
-1.0
3.0
11.0
3.0
4.0
-17.0
-22.0
2.0
3.0
-8.0
-8.0
-25.0
-24.0
-15.0
-12.0
-3.0
-20.0
-27.0
-1.0
-7.0
5.0
-21.0
-42.0
-47.0
-23.0
-35.0
-45.0
-25.0
-32.0
-33.0
-48.0
-43.0
-29.0
-38.0
-15.0
-7.0
41.0
-14.0
-31.0
-7.0
-12.0
-3.0
5.0
-16.0
-24.0
-39.0
-30.0
-37.0
-39.0
-31.0
-7.0
-24.0
-10.0
7.0
0.0
-13.0
-4.0
-28.0
-21.0
-26.0
-36.0
-35.0
-39.0
-35.0
12.0
-12.0
-30.0
11.0
-5.0
-7.0
-1.0
11.0
-7.0
-29.0
-25.0
2.0
3.0
-7.0
-6.0
-10.0
-36.0
-43.0
-19.0
-23.0
-18.0
-13.0
-8.0
22.0
26.0
19.0
25.0
6.0
13.0
25.0
32.0
19.0
8.0
18.0
26.0
22.0
26.0
25.0
14.0
-3.0
-5.0
13.0
31.0
10.0
2.0
10.0
-36.0
-24.0
-20.0
-22.0
-4.0
-1.0
4.0
-3.0
5.0
34.0
13.0
25.0
58.0
51.0
39.0
43.0
40.0
21.0
23.0
27.0
36.0
31.0
42.0
62.0
64.0
83.0
40.0
26.0
52.0
59.0
69.0
70.0
82.0
105.0
60.0
59.0
39.0
18.0
37.0
48.0
60.0
32.0
39.0
33.0
32.0
46.0
45.0
46.0
63.0
59.0
66.0
84.0
40.0
9.0
10.0
-5.0
10.0
37.0
49.0
13.0
24.0
35.0
45.0
70.0
39.0
13.0
17.0
10.0
14.0
0.0
-1.0
-1.0
3.0
-15.0
-40.0
-33.0
-33.0
-15.0
-20.0
-17.0
-19.0
12.0
-7.0
13.0
29.0
-2.0
29.0
34.0
32.0
54.0
30.0
33.0
48.0
64.0
54.0
53.0
57.0
32.0
30.0
48.0
23.0
32.0
43.0
42.0
48.0
63.0
61.0
50.0
62.0
74.0
97.0
129.0
178.0
221.0
251.0
296.0
284.0
279.0
301.0
267.0
252.0
266.0
260.0
248.0
205.0
168.0
180.0
148.0
144.0
148.0
112.0
117.0
102.0
79.0
37.0
40.0
36.0
20.0
26.0
35.0
16.0
7.0
2.0
9.0
-21.0
-51.0
-57.0
-49.0
-79.0
-73.0
-44.0
-58.0
-77.0
-70.0
-71.0
-62.0
-93.0
-70.0
-54.0
-68.0
-45.0
-53.0
-79.0
-83.0
-71.0
-65.0
-66.0
-55.0
-42.0
-13.0
-1.0
6.0
-20.0
-5.0
1.0
-2.0
-5.0
-38.0
-39.0
-8.0
-34.0
-67.0
-52.0
-53.0
-20.0
-1.0
-25.0
-21.0
-23.0
-58.0
-69.0
-68.0
-25.0
-6.0
-18.0
-39.0
-50.0
-57.0
-61.0
-77.0
-70.0
-38.0
-67.0
-44.0
-49.0
-73.0
-70.0
-73.0
-30.0
-58.0
-64.0
-70.0
-99.0
-101.0
-111.0
-100.0
-109.0
-72.0
-97.0
-91.0
-108.0
-110.0
-125.0
-113.0
-69.0
-69.0
-93.0
-103.0
-92.0
-73.0
-43.0
-60.0
-71.0
-65.0
-50.0
-28.0
-41.0
-39.0
-30.0
-40.0
-13.0
-25.0
-50.0
-38.0
-49.0
-49.0
-31.0
-24.0
-53.0
-60.0
-52.0
-41.0
-43.0
-71.0
-74.0
-92.0
-90.0
-118.0
-113.0
-119.0
-114.0
-62.0
-29.0
-65.0
-53.0
-49.0
-89.0
-99.0
-91.0
-69.0
-76.0
-105.0
-60.0
-74.0
-81.0
-93.0
-105.0
-86.0
-48.0
-65.0
-109.0
-101.0
-92.0
-125.0
-115.0
-121.0
-111.0
-102.0
-87.0
-81.0
-121.0
-133.0
-121.0
-131.0
-115.0
-82.0
-80.0
-46.0
-97.0
-93.0
-85.0
-63.0
-50.0
-50.0
-88.0
-103.0
-56.0
-45.0
-22.0
-41.0
-38.0
-58.0
-47.0
-43.0
-47.0
-39.0
-54.0
-44.0
-73.0
-69.0
-60.0
-61.0
-79.0
-92.0
-67.0
-72.0
-62.0
-53.0
-45.0
-49.0
-56.0
-59.0
-68.0
-18.0
-8.0
-25.0
-3.0
-29.0
-43.0
3.0
27.0
20.0
14.0
3.0
21.0
42.0
22.0
47.0
44.0
73.0
136.0
180.0
223.0
245.0
273.0
296.0
322.0
306.0
306.0
282.0
274.0
248.0
213.0
191.0
187.0
148.0
176.0
143.0
134.0
142.0
86.0
99.0
71.0
63.0
73.0
46.0
19.0
-13.0
-11.0
2.0
7.0
-31.0
-51.0
-65.0
-48.0
-55.0
-59.0
-35.0
-45.0
-60.0
-67.0
-63.0
-81.0
-81.0
-74.0
-88.0
-100.0
-93.0
-95.0
-139.0
-152.0
-137.0
-146.0
-112.0
-90.0
-105.0
-92.0
-72.0
-88.0
-100.0
-80.0
-61.0
-51.0
-106.0
-99.0
-64.0
-83.0
-72.0
-56.0
-55.0
-81.0
-98.0
-78.0
-88.0
-81.0
-69.0
-75.0
-92.0
-95.0
-72.0
-86.0
-115.0
-100.0
-113.0
-126.0
-89.0
-59.0
-61.0
-70.0
-84.0
-85.0
-60.0
-60.0
-80.0
-65.0
-59.0
-34.0
-21.0
-13.0
-9.0
-24.0
-34.0
-50.0
-54.0
-42.0
-21.0
-31.0
-59.0
-50.0
-49.0
-29.0
-14.0
-2.0
-3.0
-13.0
2.0
1.0
-10.0
1.0
45.0
20.0
19.0
35.0
24.0
7.0
21.0
42.0
25.0
39.0
36.0
19.0
12.0
6.0
25.0
23.0
19.0
21.0
30.0
-4.0
-1.0
-8.0
-21.0
-4.0
13.0
36.0
40.0
58.0
88.0
64.0
53.0
90.0
128.0
172.0
204.0
195.0
210.0
224.0
266.0
283.0
265.0
286.0
314.0
308.0
298.0
259.0
243.0
205.0
201.0
175.0
102.0
126.0
129.0
91.0
80.0
100.0
42.0
37.0
27.0
-5.0
3.0
-1.0
-32.0
2.0
-39.0
-30.0
-60.0
-69.0
-77.0
-107.0
-106.0
-116.0
-146.0
-101.0
-127.0
-99.0
-81.0
-77.0
-77.0
-76.0
-44.0
-76.0
-97.0
-58.0
-43.0
-61.0
-32.0
-27.0
-39.0
3.0
-45.0
-64.0
-49.0
-39.0
-53.0
-59.0
-54.0
-36.0
-14.0
-15.0
-16.0
-14.0
-11.0
-18.0
-25.0
-37.0
-67.0
-81.0
-73.0
-80.0
-88.0
-62.0
-79.0
-78.0
-63.0
-62.0
-54.0
-46.0
-84.0
-95.0
-83.0
-73.0
-111.0
-105.0
-77.0
-76.0
-79.0
-60.0
-87.0
-102.0
-94.0
-108.0
-91.0
-76.0
-65.0
-60.0
-82.0
-46.0
-61.0
-56.0
-83.0
-80.0
-69.0
-50.0
-44.0
-66.0
-70.0
-39.0
-46.0
-53.0
-53.0
-71.0
-62.0
-84.0
-90.0
-88.0
-80.0
-80.0
-70.0
-60.0
-35.0
-85.0
-100.0
-80.0
-51.0
-61.0
-65.0
-70.0
-80.0
-69.0
-67.0
-50.0
-33.0
-46.0
-26.0
-27.0
-23.0
-13.0
-12.0
-29.0
-18.0
-26.0
-34.0
-28.0
-34.0
-11.0
-17.0
-13.0
-35.0
-32.0
-22.0
3.0
1.0
3.0
-29.0
-46.0
-39.0
-68.0
-63.0
-67.0
-43.0
-41.0
-74.0
-67.0
-11.0
-5.0
-27.0
-58.0
-83.0
-72.0
-59.0
-80.0
-47.0
-52.0
-51.0
-49.0
-96.0
-77.0
-66.0
-71.0
-51.0
-32.0
-45.0
-59.0
-52.0
-51.0
-53.0
-58.0
-39.0
-27.0
-42.0
-46.0
-32.0
-42.0
-42.0
-71.0
-41.0
-5.0
-18.0
-29.0
-25.0
-5.0
13.0
-12.0
12.0
14.0
20.0
-9.0
-18.0
-15.0
-7.0
-13.0
-3.0
-4.0
-25.0
-40.0
-36.0
-10.0
-13.0
13.0
-25.0
-31.0
-8.0
-16.0
-9.0
-20.0
-43.0
-17.0
-5.0
-5.0
-6.0
-6.0
-27.0
-20.0
-21.0
-18.0
-20.0
-44.0
-20.0
0.0
2.0
-6.0
0.0
-6.0
-15.0
-23.0
2.0
21.0
-7.0
-1.0
-2.0
-20.0
-1.0
25.0
-5.0
-39.0
-10.0
-15.0
-21.0
-3.0
8.0
39.0
69.0
73.0
78.0
121.0
114.0
79.0
84.0
69.0
55.0
97.0
38.0
33.0
54.0
56.0
48.0
40.0
30.0
22.0
8.0
-3.0
12.0
18.0
14.0
25.0
26.0
35.0
92.0
97.0
112.0
153.0
206.0
266.0
300.0
273.0
281.0
298.0
269.0
245.0
242.0
242.0
239.0
218.0
192.0
187.0
183.0
152.0
152.0
136.0
130.0
132.0
91.0
72.0
54.0
59.0
50.0
23.0
22.0
4.0
-17.0
-22.0
-34.0
-20.0
-11.0
-16.0
-27.0
-20.0
-16.0
-34.0
-57.0
-61.0
-56.0
-55.0
-61.0
-35.0
-34.0
-23.0
-50.0
-29.0
-18.0
-11.0
-5.0
-8.0
-33.0
-43.0
-33.0
-41.0
-19.0
-51.0
-18.0
-21.0
-32.0
-28.0
-50.0
-39.0
-13.0
-20.0
-27.0
-28.0
-10.0
-9.0
-14.0
-24.0
-13.0
-18.0
-36.0
-18.0
-2.0
-12.0
-21.0
-55.0
-40.0
-25.0
-17.0
-20.0
-18.0
-38.0
-56.0
-32.0
-34.0
-40.0
-45.0
-21.0
-17.0
-43.0
-37.0
-14.0
1.0
-10.0
-13.0
-36.0
4.0
33.0
-8.0
7.0
24.0
-7.0
-18.0
-23.0
-42.0
-59.0
-49.0
-41.0
-50.0
-58.0
-63.0
-44.0
-32.0
-16.0
-15.0
-25.0
-15.0
-11.0
7.0
11.0
2.0
5.0
-23.0
-7.0
-12.0
-40.0
-45.0
-51.0
-67.0
-55.0
-36.0
-41.0
-40.0
-46.0
-32.0
-51.0
-35.0
12.0
-15.0
-29.0
-38.0
-42.0
-36.0
-10.0
-15.0
-11.0
-25.0
-41.0
-39.0
-23.0
-36.0
-43.0
-44.0
-28.0
-15.0
16.0
-8.0
2.0
-3.0
-15.0
-11.0
10.0
-6.0
-14.0
-20.0
-22.0
-30.0
-42.0
-38.0
-17.0
-44.0
-52.0
-29.0
-9.0
-11.0
-41.0
-58.0
-43.0
-18.0
-24.0
-52.0
-39.0
-6.0
-16.0
-12.0
-6.0
-17.0
-13.0
-25.0
-13.0
12.0
27.0
32.0
2.0
15.0
23.0
-3.0
-23.0
-36.0
-14.0
-22.0
-21.0
8.0
0.0
-6.0
-3.0
-38.0
-41.0
-27.0
-10.0
-26.0
-6.0
3.0
-8.0
-31.0
-6.0
23.0
30.0
2.0
3.0
1.0
-5.0
7.0
12.0
2.0
7.0
-1.0
-4.0
1.0
11.0
-3.0
-3.0
-25.0
0.0
-7.0
1.0
13.0
-10.0
2.0
14.0
-6.0
-14.0
-7.0
7.0
25.0
-3.0
-23.0
-27.0
-47.0
-50.0
-36.0
-31.0
-39.0
-40.0
-1.0
5.0
14.0
32.0
-2.0
-17.0
11.0
6.0
-7.0
-20.0
-57.0
-57.0
-44.0
-39.0
-35.0
-48.0
-65.0
-45.0
-30.0
-4.0
-8.0
5.0
29.0
25.0
7.0
-5.0
-1.0
29.0
7.0
11.0
11.0
-7.0
3.0
7.0
-14.0
10.0
25.0
27.0
10.0
20.0
29.0
14.0
10.0
-14.0
-16.0
12.0
18.0
17.0
12.0
-2.0
4.0
40.0
27.0
-10.0
6.0
-17.0
-2.0
-10.0
-2.0
12.0
13.0
20.0
18.0
3.0
19.0
-7.0
-44.0
-3.0
-19.0
-19.0
23.0
14.0
8.0
23.0
35.0
8.0
8.0
7.0
18.0
16.0
22.0
42.0
18.0
1.0
-2.0
2.0
-21.0
-35.0
-20.0
-25.0
-22.0
-28.0
-53.0
-36.0
-21.0
-1.0
-21.0
-41.0
-23.0
2.0
10.0
21.0
24.0
1.0
20.0
27.0
26.0
36.0
17.0
20.0
27.0
-23.0
-22.0
-29.0
-40.0
-7.0
-35.0
-49.0
-39.0
-55.0
-36.0
-43.0
-35.0
-14.0
-30.0
-29.0
-15.0
-10.0
1.0
-8.0
-54.0
-33.0
-36.0
-34.0
-13.0
-2.0
5.0
14.0
-22.0
-2.0
7.0
8.0
7.0
-8.0
-21.0
-12.0
9.0
5.0
-18.0
-11.0
-4.0
-12.0
10.0
-27.0
-26.0
-5.0
1.0
0.0
-3.0
1.0
26.0
18.0
20.0
9.0
8.0
36.0
20.0
-7.0
11.0
23.0
11.0
-1.0
-8.0
3.0
-25.0
-12.0
-6.0
-24.0
-31.0
-12.0
10.0
14.0
-3.0
23.0
34.0
38.0
18.0
25.0
30.0
37.0
22.0
20.0
-1.0
15.0
12.0
9.0
-7.0
-40.0
-41.0
-36.0
-24.0
-33.0
-27.0
-17.0
-11.0
11.0
9.0
2.0
-10.0
0.0
5.0
-8.0
-6.0
6.0
16.0
15.0
23.0
-12.0
-5.0
13.0
-18.0
-7.0
-28.0
-36.0
-10.0
13.0
3.0
6.0
-5.0
4.0
48.0
43.0
50.0
56.0
71.0
80.0
58.0
50.0
24.0
23.0
14.0
20.0
5.0
12.0
23.0
4.0
-2.0
-17.0
-6.0
3.0
2.0
45.0
23.0
-1.0
32.0
34.0
41.0
60.0
44.0
41.0
36.0
35.0
12.0
6.0
17.0
29.0
21.0
-13.0
1.0
15.0
17.0
-17.0
11.0
14.0
31.0
29.0
-5.0
5.0
20.0
-5.0
20.0
22.0
-9.0
-2.0
5.0
21.0
22.0
-3.0
14.0
9.0
10.0
22.0
11.0
21.0
35.0
44.0
22.0
29.0
15.0
19.0
24.0
30.0
34.0
32.0
12.0
13.0
8.0
0.0
6.0
5.0
17.0
19.0
26.0
45.0
14.0
19.0
33.0
16.0
8.0
24.0
33.0
36.0
47.0
21.0
-1.0
27.0
21.0
23.0
42.0
26.0
30.0
33.0
34.0
49.0
42.0
24.0
2.0
3.0
5.0
46.0
33.0
37.0
53.0
56.0
18.0
-16.0
6.0
-25.0
-6.0
7.0
16.0
41.0
45.0
7.0
-10.0
7.0
-11.0
-6.0
-1.0
-18.0
-23.0
-14.0
-13.0
-7.0
-10.0
1.0
16.0
-3.0
7.0
-32.0
-58.0
-45.0
-33.0
-42.0
-39.0
-16.0
-17.0
7.0
7.0
6.0
17.0
0.0
-10.0
-10.0
-21.0
-44.0
-33.0
-14.0
-20.0
-27.0
-30.0
-55.0
-40.0
-26.0
-50.0
-59.0
-62.0
-39.0
-50.0
-60.0
-56.0
-4.0
-6.0
20.0
29.0
74.0
73.0
90.0
102.0
113.0
122.0
158.0
126.0
90.0
97.0
76.0
81.0
45.0
11.0
23.0
7.0
-28.0
-34.0
-56.0
-74.0
-71.0
-82.0
-114.0
-130.0
-117.0
-102.0
-132.0
-113.0
-110.0
-130.0
-142.0
-144.0
-131.0
-121.0
-122.0
-136.0
-106.0
-138.0
-102.0
-89.0
-121.0
-112.0
-111.0
-113.0
-118.0
-108.0
-109.0
-133.0
-152.0
-127.0
-140.0
-136.0
-114.0
-104.0
-99.0
-118.0
-103.0
-95.0
-110.0
-99.0
-96.0
-94.0
-113.0
-121.0
-148.0
-142.0
-174.0
-150.0
-148.0
-181.0
-172.0
-175.0
-120.0
-83.0
-79.0
-78.0
-88.0
-93.0
-103.0
-92.0
-72.0
-109.0
-103.0
-91.0
-77.0
-62.0
-51.0
-54.0
-21.0
41.0
86.0
134.0
138.0
157.0
182.0
181.0
194.0
193.0
220.0
201.0
156.0
145.0
182.0
139.0
107.0
87.0
51.0
36.0
22.0
1.0
-7.0
0.0
-37.0
-38.0
-61.0
-52.0
-54.0
-61.0
-55.0
-80.0
-60.0
-55.0
-76.0
-73.0
-79.0
-116.0
-105.0
-93.0
-92.0
-73.0
-94.0
-74.0
-71.0
-92.0
-71.0
-88.0
-89.0
-74.0
-91.0
-97.0
-81.0
-70.0
-81.0
-104.0
-122.0
-98.0
-98.0
-82.0
-55.0
-88.0
-98.0
-100.0
-109.0
-120.0
-98.0
-92.0
-103.0
-80.0
-78.0
-89.0
-90.0
-83.0
-100.0
-93.0
-68.0
-78.0
-53.0
-74.0
-71.0
-78.0
-99.0
-103.0
-76.0
-81.0
-81.0
-88.0
-65.0
-38.0
-62.0
-68.0
-55.0
-60.0
-44.0
-62.0
-75.0
-76.0
-82.0
-70.0
-100.0
-71.0
-56.0
-61.0
-82.0
-110.0
-109.0
-102.0
-103.0
-91.0
-73.0
-58.0
-63.0
-58.0
-73.0
-64.0
-65.0
-72.0
-49.0
-61.0
-84.0
-77.0
-78.0
-72.0
-34.0
-30.0
-28.0
-41.0
-51.0
-44.0
-42.0
-29.0
-27.0
-15.0
-24.0
-22.0
-26.0
-14.0
-21.0
-18.0
-33.0
-53.0
-67.0
-40.0
-27.0
-36.0
-35.0
-34.0
-31.0
-25.0
-40.0
-31.0
-33.0
-7.0
1.0
-34.0
-8.0
3.0
-36.0
-46.0
-36.0
-17.0
10.0
41.0
32.0
24.0
-13.0
-10.0
6.0
41.0
33.0
29.0
76.0
83.0
92.0
86.0
117.0
176.0
187.0
225.0
232.0
239.0
271.0
259.0
272.0
255.0
234.0
257.0
258.0
271.0
301.0
229.0
220.0
240.0
227.0
205.0
214.0
202.0
172.0
169.0
148.0
139.0
140.0
89.0
87.0
61.0
43.0
23.0
-6.0
-1.0
-26.0
-29.0
-17.0
-43.0
-44.0
-84.0
-91.0
-84.0
-84.0
-21.0
-65.0
-58.0
-33.0
-17.0
-47.0
-48.0
-44.0
-42.0
-52.0
-58.0
-33.0
-70.0
-59.0
-56.0
-40.0
-30.0
-21.0
-64.0
-52.0
-48.0
-37.0
-55.0
-48.0
-12.0
-33.0
-50.0
-55.0
-84.0
-103.0
-88.0
-65.0
-59.0
-74.0
-84.0
-50.0
-66.0
-82.0
-68.0
-55.0
-49.0
-41.0
-46.0
-57.0
-70.0
-32.0
-6.0
-24.0
-62.0
-68.0
-62.0
-67.0
-33.0
-41.0
-53.0
-31.0
-2.0
15.0
-31.0
-20.0
-31.0
-33.0
-23.0
-17.0
-18.0
-31.0
-30.0
-8.0
-20.0
-26.0
-18.0
-7.0
-22.0
-28.0
1.0
-2.0
-12.0
-41.0
-17.0
-26.0
-51.0
-35.0
-29.0
-28.0
-95.0
-83.0
-82.0
-115.0
-77.0
-49.0
-55.0
-57.0
-74.0
-61.0
-32.0
-9.0
-49.0
-15.0
-22.0
-25.0
-32.0
-32.0
-53.0
-56.0
-35.0
-70.0
-60.0
-40.0
-72.0
-89.0
-60.0
-69.0
-128.0
-122.0
-85.0
-65.0
-91.0
-72.0
-64.0
-86.0
-69.0
-49.0
-37.0
-5.0
-24.0
-1.0
26.0
20.0
13.0
27.0
-2.0
-34.0
-38.0
-41.0
-40.0
-32.0
-33.0
-50.0
-45.0
-46.0
-29.0
-31.0
-8.0
-13.0
-6.0
32.0
95.0
167.0
184.0
206.0
257.0
244.0
261.0
286.0
288.0
288.0
284.0
267.0
252.0
219.0
185.0
166.0
139.0
142.0
138.0
106.0
114.0
112.0
62.0
65.0
46.0
34.0
8.0
-15.0
14.0
21.0
4.0
-45.0
-41.0
-44.0
-79.0
-73.0
-58.0
-22.0
-53.0
-29.0
-42.0
-52.0
-58.0
-67.0
-64.0
-65.0
-37.0
-30.0
-43.0
-53.0
-81.0
-66.0
-69.0
-49.0
-47.0
-76.0
-93.0
-80.0
-80.0
-77.0
-62.0
-82.0
-49.0
-53.0
-58.0
-55.0
-88.0
-80.0
-39.0
-31.0
-29.0
-23.0
-10.0
-6.0
-36.0
-32.0
-30.0
-27.0
-53.0
-40.0
-12.0
-16.0
-26.0
-26.0
13.0
21.0
17.0
-8.0
-34.0
-25.0
-18.0
-7.0
1.0
-18.0
-21.0
-34.0
-29.0
-29.0
-41.0
-39.0
-17.0
-12.0
14.0
39.0
42.0
12.0
-11.0
8.0
43.0
59.0
13.0
10.0
21.0
21.0
-1.0
-9.0
-13.0
-21.0
-2.0
-56.0
-61.0
-42.0
-33.0
-44.0
-31.0
-21.0
-41.0
-32.0
-13.0
-3.0
2.0
-35.0
-20.0
-11.0
-10.0
-10.0
-7.0
4.0
2.0
3.0
-8.0
-7.0
-26.0
-17.0
-11.0
5.0
-11.0
-12.0
-11.0
-30.0
-10.0
-8.0
-4.0
20.0
17.0
17.0
-1.0
-2.0
12.0
-22.0
-11.0
23.0
5.0
11.0
8.0
13.0
5.0
4.0
-7.0
18.0
30.0
18.0
31.0
15.0
15.0
27.0
8.0
13.0
16.0
-6.0
-7.0
-3.0
14.0
17.0
16.0
52.0
35.0
33.0
55.0
43.0
48.0
74.0
117.0
168.0
202.0
231.0
268.0
324.0
339.0
329.0
364.0
357.0
355.0
341.0
333.0
302.0
238.0
213.0
183.0
191.0
167.0
148.0
149.0
137.0
90.0
79.0
73.0
69.0
55.0
64.0
46.0
22.0
26.0
27.0
-1.0
-3.0
-4.0
-5.0
-29.0
-41.0
-69.0
-84.0
-87.0
-82.0
-82.0
-75.0
-64.0
-86.0
-100.0
-76.0
-62.0
-42.0
-64.0
-55.0
-61.0
-91.0
-89.0
-76.0
-77.0
-71.0
-68.0
-66.0
-53.0
-72.0
-69.0
-48.0
-81.0
-73.0
-41.0
-34.0
-61.0
-76.0
-74.0
-70.0
-68.0
-68.0
-114.0
-111.0
-90.0
-87.0
-72.0
-57.0
-52.0
-68.0
-73.0
-77.0
-75.0
-88.0
-114.0
-129.0
-118.0
-99.0
-104.0
-109.0
-102.0
-87.0
-112.0
-115.0
-93.0
-79.0
-91.0
-74.0
-43.0
-67.0
-71.0
-33.0
-53.0
-46.0
-7.0
-62.0
-47.0
-41.0
-11.0
-6.0
3.0
-37.0
-59.0
-68.0
-55.0
-36.0
-43.0
-50.0
-63.0
-58.0
-70.0
-43.0
-55.0
-48.0
-45.0
-25.0
-1.0
15.0
15.0
-17.0
-13.0
-1.0
14.0
7.0
-1.0
-23.0
-54.0
-34.0
-39.0
-43.0
-31.0
-32.0
-39.0
-37.0
-27.0
-18.0
1.0
-8.0
-25.0
-5.0
-30.0
-23.0
-7.0
-7.0
-11.0
-11.0
-2.0
12.0
-1.0
-35.0
-25.0
-21.0
-24.0
-10.0
-31.0
-37.0
-43.0
-42.0
-36.0
-29.0
-12.0
-24.0
-37.0
-33.0
-66.0
-56.0
-46.0
-44.0
-30.0
-30.0
-39.0
-31.0
-49.0
-45.0
-14.0
-23.0
-15.0
-5.0
10.0
11.0
3.0
4.0
16.0
25.0
26.0
16.0
-29.0
-36.0
-4.0
-7.0
-7.0
-28.0
-32.0
-27.0
-29.0
-13.0
-24.0
-8.0
5.0
32.0
57.0
77.0
54.0
17.0
2.0
1.0
11.0
18.0
-8.0
-29.0
-24.0
-9.0
-8.0
-24.0
-30.0
-31.0
-10.0
-5.0
22.0
35.0
15.0
18.0
30.0
18.0
11.0
-4.0
1.0
-9.0
-16.0
-9.0
-22.0
-32.0
-25.0
-29.0
-11.0
-8.0
-2.0
1.0
-9.0
1.0
5.0
-22.0
-17.0
-3.0
-4.0
0.0
16.0
23.0
8.0
-10.0
-11.0
-1.0
1.0
19.0
22.0
8.0
-3.0
-3.0
-23.0
-22.0
-24.0
-6.0
-7.0
18.0
12.0
3.0
8.0
38.0
48.0
40.0
50.0
22.0
5.0
-4.0
14.0
22.0
14.0
21.0
56.0
36.0
40.0
54.0
40.0
36.0
33.0
36.0
39.0
41.0
51.0
36.0
39.0
64.0
70.0
68.0
48.0
61.0
59.0
55.0
61.0
63.0
30.0
43.0
73.0
74.0
56.0
27.0
15.0
19.0
21.0
32.0
15.0
13.0
41.0
61.0
60.0
55.0
66.0
93.0
98.0
87.0
77.0
77.0
107.0
113.0
101.0
108.0
76.0
62.0
56.0
51.0
46.0
59.0
46.0
49.0
60.0
50.0
72.0
88.0
83.0
76.0
72.0
86.0
88.0
90.0
50.0
60.0
74.0
79.0
78.0
88.0
75.0
98.0
153.0
204.0
231.0
256.0
282.0
306.0
299.0
267.0
280.0
259.0
253.0
240.0
213.0
194.0
170.0
151.0
149.0
127.0
88.0
84.0
72.0
66.0
73.0
35.0
51.0
40.0
27.0
26.0
-7.0
12.0
-2.0
-22.0
-15.0
-1.0
10.0
10.0
-22.0
-11.0
-25.0
-53.0
-45.0
-76.0
-91.0
-64.0
-89.0
-97.0
-92.0
-106.0
-107.0
-101.0
-68.0
-56.0
-87.0
-71.0
-62.0
-100.0
-90.0
-92.0
-90.0
-67.0
-66.0
-55.0
-41.0
-55.0
-56.0
-45.0
-54.0
-68.0
-77.0
-52.0
-57.0
-67.0
-77.0
-91.0
-56.0
-42.0
-51.0
-54.0
-51.0
-45.0
-63.0
-69.0
-71.0
-73.0
-84.0
-77.0
-63.0
-69.0
-92.0
-59.0
-60.0
-51.0
-28.0
-43.0
-55.0
-68.0
-78.0
-84.0
-60.0
-58.0
-75.0
-82.0
-76.0
-59.0
-34.0
-61.0
-57.0
-63.0
-54.0
-37.0
-27.0
-40.0
-47.0
-48.0
-60.0
-78.0
-84.0
-103.0
-122.0
-97.0
-97.0
-87.0
-61.0
-67.0
-46.0
-36.0
-44.0
-61.0
-58.0
-57.0
-70.0
-60.0
-66.0
-49.0
-32.0
-65.0
-60.0
-32.0
-40.0
-30.0
-26.0
-31.0
-16.0
-23.0
-44.0
-47.0
-46.0
-56.0
-25.0
-47.0
-60.0
-49.0
-52.0
-30.0
-13.0
-33.0
-95.0
-73.0
-65.0
-76.0
-71.0
-78.0
-79.0
-43.0
-33.0
-20.0
-33.0
-36.0
-31.0
-49.0
-65.0
-66.0
-62.0
-55.0
-39.0
-63.0
-64.0
-57.0
-59.0
-57.0
-65.0
-76.0
-61.0
-47.0
-69.0
-57.0
-39.0
-32.0
-24.0
-27.0
-30.0
-45.0
-18.0
-10.0
-18.0
5.0
-15.0
-25.0
-20.0
-7.0
-4.0
-2.0
-14.0
-18.0
-25.0
-23.0
-29.0
-43.0
-54.0
-64.0
-63.0
-42.0
-59.0
-96.0
-86.0
-70.0
-71.0
-49.0
-9.0
-25.0
-60.0
-43.0
-41.0
-44.0
-44.0
-69.0
-96.0
-84.0
-84.0
-65.0
-67.0
-62.0
-41.0
-54.0
-53.0
-44.0
-56.0
-66.0
-68.0
-72.0
-59.0
-55.0
-68.0
-75.0
-64.0
-65.0
-46.0
-67.0
-71.0
-84.0
-103.0
-86.0
-69.0
-58.0
-84.0
-89.0
-42.0
-35.0
-59.0
-98.0
-93.0
-76.0
-56.0
-48.0
-23.0
-33.0
-16.0
-9.0
1.0
-15.0
-27.0
-20.0
-35.0
-39.0
-20.0
-28.0
-43.0
-32.0
-8.0
-13.0
-25.0
-33.0
-12.0
-22.0
-29.0
-22.0
-15.0
10.0
9.0
16.0
18.0
77.0
116.0
167.0
220.0
288.0
343.0
320.0
334.0
352.0
312.0
304.0
276.0
238.0
217.0
178.0
159.0
137.0
123.0
116.0
82.0
80.0
81.0
47.0
38.0
19.0
13.0
-7.0
-20.0
-35.0
-8.0
3.0
10.0
-49.0
-69.0
-51.0
-58.0
-67.0
-88.0
-111.0
-108.0
-103.0
-95.0
-54.0
-43.0
-81.0
-40.0
1.0
22.0
59.0
106.0
154.0
172.0
138.0
102.0
77.0
74.0
66.0
43.0
31.0
23.0
-1.0
-35.0
-63.0
-97.0
-101.0
-152.0
-199.0
-215.0
-239.0
-224.0
-200.0
-196.0
-197.0
-191.0
-174.0
-172.0
-174.0
-156.0
-157.0
-152.0
-117.0
-85.0
-62.0
-29.0
-21.0
1.0
22.0
25.0
38.0
30.0
-3.0
-11.0
-3.0
-11.0
-58.0
-67.0
-73.0
-83.0
-109.0
-124.0
-115.0
-89.0
-107.0
-107.0
-63.0
-95.0
-90.0
-96.0
-81.0
-51.0
-6.0
-49.0
-64.0
-46.0
-49.0
-63.0
-50.0
-26.0
13.0
60.0
128.0
185.0
202.0
200.0
218.0
196.0
157.0
113.0
87.0
73.0
37.0
24.0
-3.0
-45.0
-84.0
-107.0
-143.0
-155.0
-197.0
-233.0
-238.0
-204.0
-182.0
-182.0
-163.0
-166.0
-132.0
-107.0
-100.0
-93.0
-98.0
-87.0
-59.0
-57.0
-35.0
-37.0
-15.0
27.0
40.0
61.0
62.0
60.0
78.0
105.0
122.0
121.0
162.0
228.0
261.0
279.0
304.0
315.0
293.0
297.0
202.0
201.0
181.0
136.0
125.0
80.0
68.0
66.0
60.0
45.0
23.0
10.0
32.0
27.0
35.0
58.0
41.0
31.0
31.0
25.0
6.0
21.0
20.0
37.0
-3.0
-29.0
-10.0
-65.0
-77.0
-72.0
-37.0
-32.0
-30.0
8.0
-4.0
-16.0
-37.0
-47.0
-52.0
-67.0
-89.0
-117.0
-110.0
-108.0
-121.0
-143.0
-164.0
-197.0
-209.0
-183.0
-195.0
-200.0
-199.0
-211.0
-229.0
-238.0
-249.0
-246.0
-217.0
-196.0
-170.0
-140.0
-114.0
-92.0
-107.0
-101.0
-91.0
-83.0
-69.0
-55.0
-30.0
-2.0
-4.0
-31.0
-53.0
-53.0
-69.0
-65.0
-72.0
-78.0
-108.0
-149.0
-135.0
-136.0
-163.0
-174.0
-174.0
-185.0
-186.0
-184.0
-182.0
-145.0
-171.0
-162.0
-143.0
-129.0
-123.0
-92.0
-73.0
-67.0
-78.0
-76.0
-81.0
-99.0
-92.0
-73.0
-76.0
-110.0
-115.0
-137.0
-167.0
-144.0
-117.0
-97.0
-105.0
-98.0
-48.0
-4.0
24.0
25.0
37.0
42.0
48.0
37.0
20.0
28.0
-1.0
-36.0
-43.0
-66.0
-81.0
-118.0
-143.0
-134.0
-149.0
-175.0
-178.0
-174.0
-156.0
-154.0
-134.0
-137.0
-136.0
-96.0
-91.0
-83.0
-61.0
-31.0
-20.0
-33.0
-43.0
-26.0
-22.0
-16.0
-4.0
-41.0
-56.0
-53.0
-63.0
-59.0
-79.0
-108.0
-115.0
-114.0
-127.0
-119.0
-107.0
-103.0
-107.0
-103.0
-74.0
-67.0
-65.0
-53.0
-49.0
-37.0
-26.0
-36.0
-33.0
-29.0
-43.0
-82.0
-80.0
-50.0
-42.0
-56.0
-75.0
-63.0
-36.0
-24.0
-30.0
-50.0
-77.0
-65.0
-77.0
-95.0
-72.0
-71.0
-57.0
-46.0
-59.0
-74.0
-70.0
-34.0
-14.0
11.0
34.0
92.0
98.0
86.0
97.0
87.0
29.0
53.0
53.0
60.0
54.0
41.0
55.0
22.0
8.0
13.0
12.0
3.0
-1.0
-9.0
-9.0
-27.0
-40.0
-40.0
-54.0
-46.0
-69.0
-78.0
-59.0
-60.0
-39.0
-53.0
-52.0
-30.0
-37.0
-41.0
-14.0
4.0
29.0
27.0
38.0
41.0
26.0
24.0
28.0
41.0
59.0
40.0
57.0
68.0
52.0
34.0
20.0
14.0
11.0
-19.0
-32.0
-15.0
-12.0
-39.0
-52.0
-45.0
-40.0
-31.0
-40.0
-39.0
-13.0
-26.0
-14.0
3.0
15.0
18.0
21.0
14.0
25.0
60.0
20.0
2.0
36.0
43.0
17.0
-5.0
-4.0
9.0
13.0
-8.0
-6.0
7.0
29.0
39.0
68.0
113.0
160.0
194.0
204.0
170.0
106.0
91.0
82.0
58.0
68.0
64.0
37.0
32.0
39.0
32.0
1.0
-1.0
-10.0
-22.0
-24.0
-39.0
-35.0
-73.0
-86.0
-87.0
-111.0
-108.0
-136.0
-104.0
-91.0
-76.0
-52.0
-33.0
-13.0
-17.0
-19.0
-27.0
-15.0
7.0
7.0
10.0
37.0
41.0
15.0
-23.0
-16.0
-34.0
-46.0
-50.0
-80.0
-99.0
-85.0
-88.0
-92.0
-88.0
-94.0
-81.0
-98.0
-111.0
-137.0
-122.0
-100.0
-76.0
-46.0
-52.0
-76.0
-37.0
-2.0
-41.0
-49.0
-29.0
-14.0
-8.0
-2.0
-3.0
-13.0
-32.0
-30.0
-15.0
-5.0
12.0
63.0
83.0
155.0
193.0
198.0
183.0
152.0
126.0
107.0
112.0
89.0
53.0
53.0
25.0
-4.0
-31.0
-44.0
-52.0
-52.0
-56.0
-36.0
-23.0
-59.0
-77.0
-83.0
-92.0
-91.0
-101.0
-102.0
-122.0
-110.0
-112.0
-106.0
-86.0
-78.0
-88.0
-54.0
-23.0
-26.0
-55.0
-46.0
-28.0
-27.0
-24.0
-29.0
-33.0
-29.0
-74.0
-87.0
-79.0
-67.0
-82.0
-93.0
-89.0
-111.0
-116.0
-79.0
-81.0
-77.0
-76.0
-59.0
-72.0
-63.0
-44.0
-61.0
-97.0
-67.0
-28.0
-22.0
-18.0
-19.0
-1.0
30.0
3.0
2.0
-7.0
-16.0
-17.0
-23.0
-24.0
-11.0
4.0
-2.0
33.0
5.0
-3.0
13.0
-26.0
-59.0
-59.0
-70.0
-62.0
-33.0
-6.0
4.0
10.0
51.0
71.0
96.0
135.0
149.0
148.0
150.0
129.0
102.0
82.0
68.0
69.0
44.0
37.0
26.0
-12.0
-11.0
-34.0
-39.0
-56.0
-60.0
-69.0
-54.0
-39.0
-27.0
4.0
-5.0
-17.0
12.0
16.0
25.0
41.0
55.0
65.0
80.0
83.0
71.0
73.0
71.0
39.0
36.0
27.0
29.0
41.0
0.0
13.0
41.0
46.0
76.0
126.0
153.0
179.0
183.0
190.0
193.0
190.0
185.0
171.0
179.0
206.0
206.0
232.0
227.0
218.0
200.0
192.0
164.0
135.0
101.0
90.0
61.0
32.0
46.0
49.0
58.0
53.0
36.0
42.0
13.0
6.0
10.0
-12.0
-27.0
-12.0
-3.0
-18.0
-41.0
-58.0
-78.0
-109.0
-105.0
-99.0
-104.0
-72.0
-63.0
-55.0
-32.0
-24.0
-21.0
-30.0
-45.0
-46.0
-55.0
-62.0
-23.0
-21.0
-23.0
-7.0
-26.0
-39.0
-46.0
-47.0
-48.0
-48.0
-44.0
-48.0
-53.0
-27.0
-4.0
-6.0
-23.0
-37.0
-49.0
-60.0
-56.0
-43.0
-55.0
-63.0
-78.0
-71.0
-70.0
-74.0
-73.0
-37.0
-22.0
-18.0
-10.0
-15.0
-46.0
-23.0
-19.0
-7.0
-13.0
-22.0
-3.0
-4.0
-3.0
-11.0
-21.0
4.0
-14.0
-11.0
2.0
-12.0
17.0
21.0
15.0
36.0
30.0
17.0
18.0
3.0
19.0
1.0
2.0
5.0
2.0
-18.0
-4.0
4.0
20.0
35.0
28.0
44.0
28.0
44.0
53.0
29.0
40.0
52.0
40.0
31.0
23.0
26.0
54.0
33.0
47.0
56.0
53.0
48.0
16.0
40.0
37.0
4.0
-12.0
-6.0
-15.0
0.0
26.0
12.0
29.0
33.0
26.0
27.0
37.0
49.0
39.0
36.0
48.0
36.0
28.0
16.0
14.0
27.0
36.0
25.0
15.0
15.0
26.0
29.0
5.0
34.0
13.0
8.0
8.0
-15.0
-43.0
-50.0
-81.0
-58.0
-43.0
-42.0
-30.0
-48.0
-27.0
-17.0
-5.0
-20.0
-12.0
-9.0
15.0
-11.0
-17.0
-25.0
-24.0
-7.0
-16.0
-18.0
-1.0
-27.0
-15.0
-65.0
-49.0
-42.0
-43.0
-71.0
-77.0
-71.0
-56.0
-30.0
-12.0
-2.0
-2.0
-17.0
10.0
-23.0
-17.0
-11.0
-12.0
12.0
21.0
26.0
20.0
44.0
101.0
86.0
135.0
200.0
207.0
231.0
255.0
259.0
251.0
254.0
240.0
235.0
194.0
178.0
167.0
152.0
159.0
145.0
124.0
114.0
103.0
86.0
72.0
48.0
69.0
85.0
62.0
41.0
18.0
22.0
17.0
-10.0
-27.0
-45.0
-51.0
-51.0
-44.0
-41.0
-56.0
-86.0
-60.0
-56.0
-73.0
-85.0
-90.0
-62.0
-65.0
-90.0
-84.0
-52.0
-45.0
-27.0
-87.0
-131.0
-120.0
-102.0
-113.0
-95.0
-102.0
-96.0
-100.0
-91.0
-114.0
-121.0
-111.0
-112.0
-114.0
-93.0
-88.0
-51.0
-51.0
-64.0
-79.0
-81.0
-84.0
-59.0
-80.0
-64.0
-59.0
-72.0
-69.0
-75.0
-80.0
-70.0
-90.0
-65.0
-39.0
-61.0
-58.0
-63.0
-74.0
-37.0
-52.0
-17.0
-12.0
-14.0
-31.0
-33.0
-37.0
-46.0
-59.0
-58.0
-52.0
-44.0
-18.0
-40.0
-50.0
-37.0
-37.0
-22.0
-27.0
-26.0
-24.0
-25.0
-27.0
-14.0
-42.0
-35.0
-31.0
-45.0
-51.0
-25.0
-73.0
-55.0
-41.0
-46.0
-39.0
-65.0
-62.0
-54.0
-58.0
-52.0
-60.0
-73.0
-50.0
-42.0
-37.0
-46.0
-71.0
-78.0
-83.0
-77.0
-59.0
-53.0
-39.0
-59.0
-67.0
-38.0
-32.0
-39.0
-7.0
-12.0
-49.0
-78.0
-85.0
-73.0
-68.0
-73.0
-97.0
-93.0
-84.0
-82.0
-76.0
-116.0
-112.0
-87.0
-72.0
-62.0
-49.0
-36.0
-46.0
-49.0
-54.0
-64.0
-62.0
-59.0
-48.0
-55.0
-70.0
-59.0
-52.0
-54.0
-71.0
-67.0
-63.0
-54.0
-70.0
-67.0
-71.0
-83.0
-47.0
-49.0
-43.0
-37.0
-56.0
-60.0
-48.0
-32.0
2.0
-31.0
-22.0
-17.0
-20.0
-10.0
-11.0
-20.0
-25.0
-11.0
-10.0
-1.0
-27.0
-21.0
-16.0
-16.0
-34.0
-14.0
-30.0
-30.0
-38.0
-20.0
-14.0
-16.0
-22.0
-17.0
-3.0
-11.0
-10.0
3.0
-5.0
5.0
36.0
-9.0
2.0
0.0
-15.0
-33.0
-34.0
-23.0
-15.0
-24.0
-24.0
-11.0
-18.0
-6.0
-19.0
0.0
-7.0
-52.0
-37.0
-17.0
-24.0
-20.0
-3.0
-11.0
5.0
8.0
-2.0
-16.0
-37.0
-21.0
-22.0
-22.0
-31.0
-25.0
-24.0
-24.0
-6.0
3.0
-5.0
-23.0
-1.0
-5.0
-35.0
-49.0
-40.0
-17.0
-4.0
-17.0
-10.0
11.0
-12.0
-23.0
-20.0
-4.0
7.0
13.0
14.0
2.0
5.0
-1.0
-13.0
8.0
6.0
17.0
-7.0
-2.0
-13.0
-21.0
-9.0
-17.0
-25.0
-16.0
-6.0
-5.0
-8.0
-3.0
-22.0
-23.0
-6.0
0.0
2.0
-11.0
2.0
4.0
5.0
-2.0
-6.0
-26.0
-17.0
-26.0
-38.0
-36.0
-40.0
-10.0
-7.0
-25.0
-3.0
-26.0
-11.0
-1.0
-23.0
-1.0
14.0
-12.0
6.0
35.0
40.0
27.0
38.0
10.0
5.0
25.0
28.0
29.0
37.0
16.0
2.0
6.0
-1.0
-33.0
-30.0
-59.0
-46.0
-32.0
-35.0
-21.0
-10.0
2.0
-6.0
-19.0
5.0
-15.0
-24.0
-17.0
-27.0
-26.0
-21.0
-10.0
-10.0
19.0
8.0
1.0
2.0
-17.0
-4.0
-16.0
-12.0
-24.0
-40.0
-31.0
-54.0
-61.0
-59.0
-63.0
-50.0
-47.0
-56.0
-40.0
-30.0
-30.0
-12.0
-16.0
-9.0
15.0
-30.0
-22.0
-8.0
-12.0
-16.0
-31.0
-18.0
5.0
-8.0
-25.0
-45.0
-43.0
-32.0
-23.0
1.0
-32.0
-14.0
-6.0
-17.0
-18.0
13.0
30.0
38.0
-2.0
-35.0
26.0
40.0
39.0
24.0
25.0
34.0
26.0
41.0
43.0
16.0
11.0
22.0
-1.0
15.0
22.0
38.0
56.0
62.0
57.0
76.0
100.0
99.0
144.0
239.0
275.0
294.0
322.0
343.0
347.0
339.0
336.0
333.0
296.0
264.0
235.0
233.0
227.0
224.0
188.0
211.0
194.0
161.0
126.0
116.0
108.0
76.0
31.0
-7.0
11.0
-7.0
-52.0
-37.0
-58.0
-70.0
-52.0
-53.0
-54.0
-87.0
-90.0
-77.0
-114.0
-108.0
-90.0
-82.0
-102.0
-126.0
-122.0
-126.0
-156.0
-144.0
-153.0
-152.0
-129.0
-138.0
-109.0
-83.0
-73.0
-72.0
-81.0
-92.0
-91.0
-85.0
-70.0
-67.0
-110.0
-108.0
-108.0
-124.0
-107.0
-110.0
-88.0
-109.0
-122.0
-118.0
-111.0
-114.0
-87.0
-73.0
-78.0
-64.0
-42.0
-44.0
-54.0
-72.0
-96.0
-88.0
-79.0
-81.0
-95.0
-109.0
-110.0
-95.0
-97.0
-107.0
-91.0
-93.0
-92.0
-77.0
-73.0
-64.0
-56.0
-66.0
-52.0
-64.0
-74.0
-62.0
-63.0
-96.0
-98.0
-93.0
-92.0
-69.0
-66.0
-69.0
-43.0
-51.0
-35.0
-23.0
-46.0
-70.0
-61.0
-76.0
-68.0
-60.0
-78.0
-100.0
-104.0
-112.0
-97.0
-58.0
-60.0
-60.0
-43.0
-50.0
-41.0
-42.0
-55.0
-59.0
-46.0
-51.0
-52.0
-55.0
-77.0
-51.0
-55.0
-51.0
-63.0
-72.0
-62.0
-99.0
-88.0
-74.0
-83.0
-73.0
-76.0
-70.0
-53.0
-48.0
-35.0
-55.0
-63.0
-30.0
-18.0
-21.0
-9.0
-37.0
-28.0
-66.0
-60.0
-65.0
-65.0
-76.0
-99.0
-83.0
-99.0
-98.0
-74.0
-84.0
-77.0
-65.0
-59.0
-90.0
-114.0
-74.0
-47.0
-97.0
-152.0
-200.0
-222.0
-219.0
-236.0
-247.0
-231.0
-249.0
-240.0
-200.0
-159.0
-121.0
-102.0
-53.0
-65.0
-41.0
-11.0
-27.0
-1.0
10.0
22.0
40.0
14.0
-3.0
-38.0
-52.0
-54.0
-55.0
-95.0
-107.0
-152.0
-149.0
-152.0
-206.0
-189.0
-196.0
-223.0
-235.0
-225.0
-238.0
-266.0
-271.0
-273.0
-275.0
-265.0
-257.0
-282.0
-278.0
-273.0
-290.0
-270.0
-240.0
-270.0
-240.0
-245.0
-237.0
-237.0
-229.0
-200.0
-237.0
-235.0
-233.0
-240.0
-238.0
-227.0
-252.0
-236.0
-224.0
-241.0
-230.0
-235.0
-233.0
-210.0
-221.0
-175.0
-184.0
-189.0
-180.0
-151.0
-143.0
-148.0
-152.0
-139.0
-147.0
-121.0
-126.0
-136.0
-123.0
-140.0
-168.0
-109.0
-95.0
-124.0
-126.0
-134.0
-109.0
-70.0
-87.0
-108.0
-106.0
-92.0
-70.0
-69.0
-64.0
-70.0
-65.0
-59.0
-60.0
-88.0
-87.0
-76.0
-77.0
-99.0
-101.0
-107.0
-97.0
-90.0
-82.0
-89.0
-89.0
-83.0
-89.0
-91.0
-61.0
-59.0
-39.0
-45.0
-60.0
-43.0
-46.0
-80.0
-54.0
-59.0
-67.0
-70.0
-78.0
-76.0
-56.0
-30.0
-29.0
-41.0
-10.0
-31.0
-45.0
-48.0
-64.0
-66.0
-56.0
-79.0
-88.0
-92.0
-75.0
-65.0
-56.0
-45.0
-49.0
-44.0
-50.0
-48.0
-23.0
-30.0
-47.0
-34.0
-37.0
-43.0
-39.0
-69.0
-74.0
-61.0
-49.0
-20.0
-25.0
-46.0
-59.0
-56.0
-69.0
-58.0
-65.0
-51.0
-18.0
-22.0
-6.0
-27.0
-18.0
1.0
-11.0
7.0
10.0
25.0
13.0
-15.0
0.0
12.0
2.0
23.0
8.0
1.0
10.0
-14.0
-16.0
-13.0
-13.0
-4.0
-16.0
-18.0
-21.0
-4.0
-3.0
16.0
29.0
30.0
22.0
29.0
33.0
45.0
37.0
38.0
46.0
35.0
49.0
63.0
45.0
21.0
26.0
46.0
29.0
44.0
40.0
32.0
52.0
27.0
18.0
10.0
45.0
51.0
56.0
73.0
31.0
40.0
65.0
95.0
129.0
116.0
108.0
49.0
9.0
32.0
38.0
33.0
34.0
35.0
37.0
47.0
65.0
56.0
62.0
87.0
81.0
69.0
87.0
76.0
79.0
86.0
86.0
80.0
69.0
60.0
85.0
79.0
95.0
99.0
84.0
99.0
80.0
72.0
57.0
60.0
83.0
80.0
94.0
100.0
88.0
100.0
105.0
97.0
100.0
126.0
140.0
110.0
103.0
114.0
103.0
106.0
110.0
107.0
100.0
105.0
82.0
73.0
96.0
109.0
116.0
124.0
126.0
119.0
116.0
124.0
99.0
88.0
93.0
90.0
118.0
101.0
73.0
86.0
87.0
102.0
114.0
106.0
102.0
101.0
108.0
135.0
121.0
111.0
111.0
118.0
112.0
107.0
117.0
139.0
159.0
191.0
218.0
275.0
312.0
350.0
370.0
413.0
456.0
445.0
435.0
426.0
431.0
417.0
391.0
347.0
275.0
292.0
282.0
253.0
258.0
245.0
216.0
201.0
179.0
161.0
148.0
142.0
118.0
103.0
112.0
120.0
114.0
83.0
70.0
74.0
76.0
67.0
61.0
25.0
8.0
-2.0
-2.0
28.0
36.0
31.0
30.0
42.0
32.0
23.0
18.0
-6.0
2.0
13.0
25.0
41.0
62.0
45.0
24.0
-3.0
0.0
48.0
47.0
27.0
0.0
11.0
25.0
50.0
46.0
25.0
34.0
50.0
7.0
46.0
58.0
63.0
100.0
93.0
60.0
78.0
66.0
34.0
34.0
18.0
26.0
40.0
27.0
25.0
19.0
16.0
43.0
36.0
31.0
41.0
25.0
19.0
22.0
35.0
37.0
27.0
41.0
27.0
22.0
32.0
49.0
30.0
56.0
73.0
36.0
43.0
74.0
88.0
52.0
25.0
20.0
-13.0
-7.0
19.0
37.0
36.0
30.0
46.0
50.0
39.0
48.0
50.0
23.0
39.0
25.0
18.0
30.0
34.0
21.0
19.0
10.0
-9.0
-2.0
-14.0
4.0
2.0
5.0
13.0
-3.0
15.0
-1.0
-18.0
-16.0
-18.0
-3.0
16.0
9.0
5.0
17.0
-8.0
22.0
46.0
33.0
2.0
-18.0
-8.0
-40.0
-27.0
-27.0
-40.0
-22.0
-42.0
-21.0
-15.0
-36.0
-19.0
1.0
-12.0
-4.0
19.0
9.0
54.0
96.0
97.0
154.0
189.0
210.0
234.0
251.0
282.0
284.0
289.0
295.0
252.0
254.0
268.0
253.0
239.0
229.0
212.0
191.0
182.0
132.0
111.0
108.0
124.0
126.0
91.0
84.0
55.0
48.0
18.0
5.0
15.0
29.0
18.0
33.0
20.0
-10.0
-16.0
-27.0
-49.0
-59.0
-40.0
-21.0
-41.0
-46.0
-43.0
-37.0
-30.0
-43.0
-82.0
-89.0
-87.0
-96.0
-67.0
-112.0
-80.0
-72.0
-106.0
-86.0
-101.0
-80.0
-87.0
-82.0
-66.0
-67.0
-59.0
-37.0
-43.0
-55.0
-32.0
-55.0
-62.0
-43.0
-50.0
-34.0
-42.0
-54.0
-36.0
-53.0
-73.0
-77.0
-70.0
-101.0
-94.0
-55.0
-40.0
-29.0
-35.0
-36.0
-55.0
-42.0
-30.0
7.0
-22.0
-20.0
-4.0
2.0
-13.0
-24.0
-23.0
-33.0
-25.0
7.0
5.0
-41.0
-52.0
-37.0
-65.0
-44.0
-37.0
-45.0
-64.0
-62.0
-57.0
-40.0
-34.0
-13.0
-16.0
-33.0
-11.0
-23.0
-46.0
-50.0
-56.0
-40.0
-24.0
-35.0
-48.0
-60.0
-68.0
-42.0
-13.0
13.0
2.0
-10.0
-39.0
-63.0
-56.0
-88.0
-78.0
-40.0
-31.0
-59.0
-36.0
-44.0
-79.0
-76.0
-80.0
-57.0
-48.0
-41.0
-40.0
-59.0
-45.0
-41.0
-41.0
-62.0
-49.0
-83.0
-74.0
-45.0
-31.0
-31.0
-51.0
-62.0
-53.0
-39.0
-29.0
-30.0
-42.0
-5.0
-31.0
-46.0
-23.0
-32.0
-37.0
-55.0
-59.0
-74.0
-74.0
-47.0
-33.0
-63.0
-64.0
-81.0
-79.0
-39.0
-46.0
-74.0
-40.0
-52.0
-34.0
-17.0
-30.0
-26.0
-41.0
-28.0
-18.0
-32.0
-28.0
-34.0
-64.0
-42.0
-47.0
-65.0
-66.0
-63.0
-42.0
-44.0
-37.0
-53.0
-64.0
-39.0
-55.0
-26.0
10.0
-3.0
-15.0
-4.0
3.0
-19.0
-33.0
-34.0
-20.0
-43.0
-27.0
-44.0
-41.0
-32.0
-9.0
-16.0
-7.0
-4.0
0.0
52.0
-1.0
12.0
-15.0
-30.0
-5.0
-9.0
-2.0
-3.0
-30.0
-17.0
-9.0
-14.0
-44.0
-34.0
-20.0
-19.0
-27.0
-2.0
-20.0
-44.0
-13.0
2.0
-30.0
-6.0
-8.0
-32.0
3.0
-3.0
-2.0
3.0
17.0
69.0
67.0
63.0
44.0
46.0
71.0
72.0
15.0
30.0
13.0
14.0
30.0
13.0
10.0
15.0
37.0
61.0
37.0
44.0
26.0
16.0
58.0
52.0
37.0
27.0
17.0
7.0
7.0
36.0
34.0
36.0
31.0
32.0
55.0
68.0
77.0
45.0
73.0
40.0
32.0
43.0
48.0
54.0
60.0
45.0
27.0
-9.0
-1.0
12.0
18.0
12.0
11.0
-2.0
-1.0
-9.0
-56.0
-66.0
-61.0
-70.0
-56.0
-69.0
-65.0
-46.0
-60.0
-47.0
-56.0
-35.0
-39.0
-29.0
-10.0
-24.0
-40.0
-35.0
-37.0
-61.0
-57.0
-41.0
-40.0
-37.0
-29.0
-24.0
-16.0
-12.0
-39.0
-81.0
-64.0
-43.0
-81.0
-65.0
-66.0
-60.0
-37.0
-29.0
-44.0
-77.0
-61.0
-60.0
-70.0
-58.0
-59.0
-77.0
-59.0
-27.0
-22.0
-3.0
0.0
-2.0
20.0
23.0
1.0
-18.0
-22.0
-7.0
-38.0
-34.0
-47.0
-41.0
-40.0
-43.0
-21.0
12.0
3.0
-31.0
-27.0
-33.0
-34.0
-38.0
-29.0
-40.0
-22.0
-2.0
-4.0
4.0
7.0
-30.0
-28.0
-10.0
-28.0
-23.0
-5.0
1.0
6.0
-29.0
-58.0
-33.0
-41.0
-45.0
-29.0
-23.0
-14.0
-57.0
-53.0
-54.0
-70.0
-50.0
-19.0
-63.0
-68.0
-32.0
-33.0
-26.0
-26.0
-61.0
-80.0
-68.0
-66.0
-72.0
-29.0
-5.0
-23.0
-15.0
-12.0
-44.0
-52.0
-43.0
-48.0
-45.0
-21.0
-12.0
-21.0
-10.0
-8.0
-14.0
-47.0
-34.0
-13.0
-27.0
-15.0
14.0
-8.0
-20.0
-21.0
-27.0
-34.0
-41.0
-41.0
-34.0
-21.0
-4.0
-10.0
-3.0
11.0
8.0
21.0
-12.0
30.0
27.0
31.0
29.0
16.0
-2.0
-6.0
7.0
-6.0
-10.0
5.0
-12.0
-17.0
10.0
-1.0
18.0
20.0
24.0
33.0
25.0
26.0
12.0
5.0
-14.0
20.0
-2.0
-2.0
25.0
33.0
22.0
43.0
46.0
44.0
30.0
39.0
36.0
21.0
16.0
1.0
-6.0
13.0
27.0
27.0
45.0
23.0
13.0
10.0
7.0
35.0
48.0
53.0
33.0
5.0
-13.0
-37.0
-40.0
-24.0
-28.0
-35.0
-49.0
-34.0
-1.0
12.0
1.0
6.0
28.0
53.0
76.0
46.0
22.0
1.0
2.0
13.0
-5.0
-19.0
-19.0
-29.0
-24.0
-13.0
-33.0
-31.0
-54.0
-40.0
-21.0
-17.0
-3.0
-21.0
-12.0
1.0
13.0
39.0
47.0
53.0
9.0
25.0
25.0
24.0
5.0
-6.0
-14.0
-34.0
-32.0
-43.0
-49.0
-40.0
-51.0
-17.0
-6.0
-17.0
-19.0
-12.0
-12.0
2.0
1.0
8.0
5.0
4.0
8.0
8.0
-10.0
-15.0
3.0
22.0
-14.0
-42.0
-15.0
-5.0
-25.0
-8.0
-13.0
-17.0
14.0
13.0
40.0
60.0
81.0
91.0
139.0
156.0
214.0
233.0
260.0
272.0
265.0
261.0
263.0
252.0
249.0
204.0
182.0
188.0
177.0
168.0
169.0
165.0
167.0
136.0
109.0
98.0
86.0
88.0
80.0
27.0
37.0
31.0
-7.0
-40.0
-73.0
-81.0
-96.0
-72.0
-34.0
-26.0
-33.0
-65.0
-125.0
-127.0
-103.0
-89.0
-55.0
-33.0
5.0
2.0
3.0
48.0
61.0
72.0
51.0
27.0
20.0
6.0
2.0
10.0
22.0
13.0
16.0
-22.0
-33.0
-46.0
-63.0
-87.0
-114.0
-155.0
-185.0
-191.0
-212.0
-185.0
-166.0
-156.0
-163.0
-148.0
-131.0
-122.0
-104.0
-93.0
-87.0
-77.0
-84.0
-62.0
-83.0
-101.0
-46.0
-40.0
-65.0
-33.0
-39.0
-33.0
-18.0
-62.0
-62.0
-51.0
-67.0
-54.0
-43.0
-88.0
-78.0
-72.0
-54.0
-32.0
-32.0
-42.0
-50.0
-23.0
-26.0
-52.0
-58.0
-58.0
-64.0
-58.0
-49.0
-81.0
-73.0
-71.0
-82.0
-56.0
-24.0
32.0
92.0
142.0
196.0
201.0
191.0
146.0
97.0
88.0
86.0
70.0
64.0
41.0
42.0
16.0
-2.0
-19.0
-46.0
-37.0
-35.0
-23.0
-51.0
-67.0
-83.0
-75.0
-87.0
-97.0
-124.0
-105.0
-89.0
-68.0
-66.0
-78.0
-76.0
-46.0
-58.0
-97.0
-85.0
-32.0
-26.0
-12.0
35.0
29.0
44.0
-2.0
-4.0
-27.0
-44.0
-30.0
-49.0
-89.0
-107.0
-118.0
-115.0
-95.0
-124.0
-125.0
-113.0
-92.0
-52.0
-64.0
-42.0
-45.0
-72.0
-58.0
-55.0
-61.0
-81.0
-109.0
-97.0
-82.0
-122.0
-101.0
-68.0
-57.0
23.0
79.0
84.0
63.0
69.0
80.0
65.0
76.0
65.0
51.0
37.0
84.0
92.0
58.0
41.0
13.0
15.0
-9.0
-2.0
-2.0
-7.0
4.0
-17.0
-8.0
-19.0
-34.0
-35.0
-23.0
-25.0
-16.0
10.0
2.0
8.0
23.0
41.0
48.0
45.0
-1.0
17.0
36.0
37.0
36.0
49.0
43.0
24.0
22.0
-17.0
2.0
9.0
-35.0
-78.0
-76.0
-92.0
-59.0
-70.0
-79.0
-63.0
-41.0
-23.0
-8.0
-18.0
5.0
21.0
37.0
67.0
64.0
102.0
103.0
114.0
178.0
166.0
165.0
131.0
110.0
122.0
115.0
136.0
160.0
174.0
201.0
213.0
220.0
215.0
193.0
173.0
176.0
181.0
140.0
95.0
90.0
65.0
17.0
26.0
18.0
-15.0
-31.0
-29.0
-49.0
-41.0
-39.0
-58.0
-73.0
-95.0
-110.0
-99.0
-99.0
-84.0
-56.0
-59.0
-60.0
-42.0
-31.0
-24.0
-30.0
-35.0
-51.0
-54.0
-32.0
-27.0
-72.0
-55.0
-68.0
-79.0
-70.0
-81.0
-87.0
-77.0
-56.0
-48.0
-46.0
-49.0
-42.0
-50.0
-30.0
-58.0
-67.0
-61.0
-86.0
-65.0
-60.0
-75.0
-67.0
-92.0
-70.0
-70.0
-71.0
-79.0
-68.0
-43.0
-30.0
-31.0
-80.0
-98.0
-107.0
-103.0
-55.0
-47.0
6.0
35.0
25.0
62.0
100.0
87.0
96.0
115.0
96.0
95.0
83.0
68.0
65.0
41.0
21.0
3.0
-5.0
-19.0
-24.0
-4.0
-1.0
1.0
4.0
0.0
15.0
16.0
17.0
10.0
5.0
27.0
32.0
23.0
12.0
-3.0
-2.0
11.0
-2.0
-3.0
-2.0
-4.0
6.0
-7.0
-2.0
12.0
2.0
-23.0
-51.0
-31.0
-8.0
6.0
5.0
6.0
-22.0
-7.0
