4 0.753699
5 0.707956
7 0.654870
9 0.647424
11 0.650956
13 0.655886
16 0.663483
20 0.671406
23 0.676022
28 0.683006
33 0.690487
38 0.698738
45 0.709444
52 0.716175
60 0.719084
69 0.718866
79 0.716030
91 0.710911
104 0.705173
119 0.699534
135 0.695407
154 0.693671
174 0.695757
198 0.702547
223 0.711140
252 0.717173
285 0.715675
321 0.709658
362 0.704606
407 0.698004
457 0.686188
513 0.672832
575 0.657907
645 0.639915
723 0.618620
809 0.592833
905 0.563610
1011 0.535327
1130 0.510687
1261 0.490122
1407 0.474894
1570 0.465447
