4 0.700630
5 0.711338
7 0.722767
9 0.727852
11 0.731996
13 0.737545
16 0.749103
20 0.768723
23 0.784537
28 0.809419
33 0.830701
38 0.847742
45 0.865049
52 0.877074
60 0.886909
69 0.894676
79 0.900734
91 0.905658
104 0.909072
119 0.911380
135 0.912513
154 0.912608
174 0.911735
198 0.909932
223 0.907633
252 0.904849
285 0.901716
321 0.898376
362 0.894917
407 0.891832
457 0.889549
513 0.888273
575 0.887867
645 0.887980
723 0.888441
809 0.889009
905 0.889327
1011 0.889109
1130 0.888990
1261 0.889496
1407 0.889982
1570 0.890663
1750 0.891971
