4 0.603105
5 0.600273
7 0.602442
9 0.611327
11 0.622913
13 0.634671
16 0.651824
20 0.675905
23 0.695366
28 0.726972
33 0.754378
38 0.778648
45 0.808330
52 0.832384
60 0.853778
69 0.871198
79 0.884831
91 0.896066
104 0.904238
119 0.910564
135 0.914958
154 0.918196
174 0.920260
198 0.921927
223 0.923459
252 0.925490
285 0.928161
321 0.931235
362 0.934624
407 0.937843
457 0.940425
513 0.942107
575 0.942816
645 0.942522
723 0.940944
809 0.937303
905 0.930718
1011 0.921507
1130 0.911293
1261 0.902305
1407 0.895707
1570 0.890645
