4 0.729874
5 0.724504
7 0.724896
9 0.734003
11 0.748017
13 0.764252
16 0.788324
20 0.815627
23 0.831512
28 0.850229
33 0.863747
38 0.874362
45 0.886397
52 0.896430
60 0.905753
69 0.913935
79 0.920661
91 0.926333
104 0.930705
119 0.934340
135 0.937085
154 0.939254
174 0.940538
198 0.940942
223 0.940374
252 0.939099
285 0.937960
321 0.937739
362 0.938215
407 0.938565
457 0.938537
513 0.938701
575 0.938923
645 0.938791
723 0.938482
809 0.938062
905 0.937442
1011 0.936382
1130 0.934754
1261 0.932683
1407 0.929698
1570 0.924791
