4 0.449002
5 0.457232
7 0.477152
9 0.496133
11 0.514054
13 0.531867
16 0.559285
20 0.595039
23 0.617640
28 0.641747
33 0.652403
38 0.658967
45 0.666318
52 0.669331
60 0.669669
69 0.666801
79 0.660931
91 0.653566
104 0.646552
119 0.639924
135 0.634373
154 0.628559
174 0.622614
198 0.613821
223 0.601979
252 0.585685
285 0.565790
321 0.544991
362 0.523894
407 0.503540
457 0.483815
513 0.465074
575 0.446902
645 0.427796
723 0.407963
809 0.389005
905 0.371882
1011 0.359257
1130 0.353274
1261 0.353523
1407 0.356168
1570 0.357512
1750 0.355593
