4 0.683338
5 0.694235
7 0.700512
9 0.698096
11 0.694065
13 0.691439
16 0.691339
20 0.694773
23 0.695733
28 0.689426
33 0.678581
38 0.670577
45 0.663355
52 0.657742
60 0.654201
69 0.653338
79 0.655959
91 0.662215
104 0.670816
119 0.681404
135 0.692308
154 0.704061
174 0.715131
198 0.727197
223 0.738720
252 0.750604
285 0.761858
321 0.771297
362 0.778798
407 0.784082
457 0.787700
513 0.790258
575 0.792495
645 0.795203
723 0.799106
809 0.804821
905 0.812865
1011 0.823165
1130 0.834927
1261 0.846402
1407 0.856089
1570 0.862799
