4 0.691391
5 0.701266
7 0.707018
9 0.705216
11 0.702298
13 0.700897
16 0.702583
20 0.708487
23 0.711873
28 0.711387
33 0.706723
38 0.702748
45 0.698047
52 0.693131
60 0.688719
69 0.685702
79 0.684756
91 0.685674
104 0.688026
119 0.691966
135 0.696996
154 0.703049
174 0.709170
198 0.716443
223 0.724224
252 0.733353
285 0.743360
321 0.753102
362 0.762128
407 0.769342
457 0.774721
513 0.778674
575 0.781611
645 0.785068
723 0.789797
809 0.795899
905 0.803764
1011 0.813222
1130 0.823484
1261 0.832846
1407 0.840104
1570 0.844507
1750 0.846353
