4 0.440580
5 0.455406
7 0.487093
9 0.513600
11 0.533154
13 0.547092
16 0.560443
20 0.568523
23 0.569442
28 0.566232
33 0.562669
38 0.559821
45 0.554323
52 0.547424
60 0.538144
69 0.525991
79 0.511700
91 0.494048
104 0.474820
119 0.452706
135 0.428860
154 0.399209
174 0.366352
198 0.327214
223 0.289765
252 0.252720
285 0.219096
321 0.190759
362 0.165601
407 0.144146
457 0.126358
513 0.112399
575 0.102347
645 0.095133
723 0.090074
809 0.087350
905 0.087736
1011 0.093119
1130 0.105566
1261 0.125872
1407 0.154708
1570 0.190239
1750 0.227273
