4 0.366298
5 0.370725
7 0.389769
9 0.409632
11 0.425873
13 0.438509
16 0.452392
20 0.465045
23 0.472104
28 0.481372
33 0.487652
38 0.491755
45 0.495119
52 0.495011
60 0.490707
69 0.481984
79 0.469820
91 0.453619
104 0.435317
119 0.414304
135 0.392611
154 0.367268
174 0.340415
198 0.310158
223 0.282252
252 0.255181
285 0.231571
321 0.213566
362 0.200279
407 0.191075
457 0.185786
513 0.184839
575 0.187855
645 0.193643
723 0.200629
809 0.207993
905 0.214131
1011 0.216647
1130 0.214495
1261 0.207834
1407 0.198538
1570 0.189176
