4 0.442673
5 0.478226
7 0.543660
9 0.596052
11 0.635670
13 0.665891
16 0.700021
20 0.734122
23 0.754757
28 0.782570
33 0.803977
38 0.821033
45 0.839235
52 0.851750
60 0.861064
69 0.867042
79 0.869886
91 0.869818
104 0.867036
119 0.861858
135 0.855042
154 0.845610
174 0.834152
198 0.819164
223 0.802771
252 0.783291
285 0.761080
321 0.736724
362 0.709071
407 0.679683
457 0.649602
513 0.619439
575 0.589795
645 0.559955
723 0.530968
809 0.505304
905 0.483848
1011 0.468739
1130 0.459975
1261 0.456947
1407 0.457457
1570 0.458455
