4 0.422867
5 0.429059
7 0.460918
9 0.504659
11 0.551079
13 0.595382
16 0.654668
20 0.718793
23 0.754891
28 0.797033
33 0.825358
38 0.845512
45 0.864779
52 0.877401
60 0.886781
69 0.893205
79 0.897358
91 0.899836
104 0.900608
119 0.900139
135 0.898935
154 0.897179
174 0.895267
198 0.893071
223 0.890835
252 0.888051
285 0.884726
321 0.881206
362 0.877129
407 0.872240
457 0.866340
513 0.859310
575 0.850600
645 0.839451
723 0.826063
809 0.810783
905 0.792818
1011 0.771718
1130 0.747336
1261 0.721343
1407 0.696460
1570 0.676555
1750 0.662962
