-58.0
-29.0
-26.0
12.0
43.0
15.0
-21.0
-23.0
-29.0
-43.0
-16.0
21.0
14.0
6.0
-7.0
-20.0
-32.0
-3.0
69.0
169.0
262.0
291.0
365.0
416.0
493.0
522.0
508.0
466.0
445.0
385.0
341.0
304.0
273.0
224.0
136.0
75.0
11.0
2.0
-25.0
-56.0
-96.0
-141.0
-184.0
-193.0
-211.0
-219.0
-233.0
-268.0
-240.0
-211.0
-224.0
-219.0
-223.0
-262.0
-301.0
-275.0
-268.0
-288.0
-279.0
-261.0
-289.0
-257.0
-266.0
-227.0
-249.0
-214.0
-251.0
-255.0
-219.0
-256.0
-250.0
-227.0
-238.0
-226.0
-174.0
-184.0
-180.0
-186.0
-195.0
-186.0
-202.0
-173.0
-176.0
-174.0
-161.0
-181.0
-155.0
-181.0
-135.0
-128.0
-131.0
-160.0
-159.0
-121.0
-142.0
-141.0
-121.0
-162.0
-172.0
-177.0
-106.0
-55.0
-4.0
55.0
148.0
214.0
343.0
418.0
379.0
456.0
501.0
442.0
408.0
370.0
325.0
285.0
237.0
186.0
131.0
65.0
27.0
-42.0
-84.0
-102.0
-134.0
-125.0
-137.0
-169.0
-207.0
-184.0
-211.0
-262.0
-348.0
-382.0
-367.0
-385.0
-355.0
-353.0
-371.0
-322.0
-272.0
-302.0
-308.0
-291.0
-307.0
-268.0
-252.0
-263.0
-267.0
-317.0
-315.0
-295.0
-289.0
-279.0
-237.0
-188.0
-172.0
-217.0
-239.0
-216.0
-193.0
-146.0
-108.0
-115.0
-116.0
-143.0
-189.0
-218.0
-221.0
-246.0
-269.0
-274.0
-230.0
-182.0
-194.0
-152.0
-116.0
-97.0
-76.0
-67.0
-86.0
-103.0
-126.0
-143.0
-171.0
-206.0
-165.0
-128.0
-107.0
-60.0
-106.0
-108.0
-137.0
-157.0
-167.0
-156.0
-136.0
-146.0
-101.0
-119.0
-158.0
-173.0
-150.0
-154.0
-152.0
-152.0
-112.0
-97.0
-83.0
-80.0
-74.0
-92.0
-100.0
-140.0
-158.0
-192.0
-201.0
-190.0
-168.0
-121.0
-97.0
-83.0
-58.0
-73.0
-89.0
-97.0
-74.0
-96.0
-30.0
-27.0
2.0
-8.0
-11.0
-26.0
-55.0
-73.0
-67.0
-105.0
-112.0
-78.0
-25.0
17.0
3.0
-6.0
-61.0
-46.0
-34.0
-35.0
-22.0
-46.0
-42.0
-16.0
17.0
29.0
-24.0
-36.0
27.0
29.0
-16.0
13.0
19.0
-23.0
-14.0
-5.0
2.0
30.0
29.0
51.0
37.0
47.0
33.0
35.0
4.0
8.0
76.0
62.0
54.0
70.0
64.0
41.0
41.0
26.0
23.0
9.0
4.0
25.0
27.0
30.0
0.0
2.0
4.0
26.0
17.0
-18.0
-8.0
10.0
21.0
-25.0
-7.0
37.0
81.0
67.0
56.0
76.0
92.0
58.0
33.0
54.0
25.0
12.0
8.0
-54.0
-43.0
-24.0
-66.0
-36.0
3.0
10.0
26.0
16.0
16.0
-4.0
-39.0
23.0
24.0
-23.0
32.0
22.0
-17.0
8.0
-54.0
-48.0
-52.0
-61.0
-46.0
27.0
53.0
43.0
-19.0
-84.0
-74.0
-24.0
9.0
1.0
31.0
21.0
22.0
14.0
46.0
60.0
55.0
29.0
47.0
32.0
-5.0
16.0
15.0
-1.0
5.0
-1.0
-12.0
-25.0
11.0
24.0
-15.0
-24.0
-9.0
0.0
-22.0
-12.0
14.0
17.0
6.0
-28.0
-2.0
49.0
46.0
5.0
27.0
79.0
126.0
200.0
271.0
283.0
371.0
437.0
430.0
468.0
544.0
499.0
436.0
435.0
406.0
334.0
327.0
310.0
248.0
143.0
119.0
54.0
2.0
-44.0
-92.0
-102.0
-100.0
-120.0
-175.0
-203.0
-186.0
-175.0
-228.0
-244.0
-244.0
-285.0
-343.0
-323.0
-290.0
-297.0
-298.0
-284.0
-300.0
-301.0
-300.0
-285.0
-269.0
-284.0
-306.0
-340.0
-363.0
-247.0
-180.0
-124.0
-88.0
-175.0
-219.0
-251.0
-255.0
-156.0
-157.0
-173.0
-158.0
-159.0
-166.0
-176.0
-162.0
-140.0
-157.0
-192.0
-175.0
-96.0
-103.0
-52.0
62.0
157.0
201.0
216.0
295.0
303.0
332.0
339.0
286.0
303.0
324.0
301.0
260.0
234.0
195.0
155.0
117.0
103.0
37.0
-20.0
-5.0
-81.0
-158.0
-178.0
-199.0
-216.0
-219.0
-210.0
-210.0
-239.0
-244.0
-247.0
-253.0
-253.0
-211.0
-174.0
-203.0
-252.0
-261.0
-282.0
-288.0
-310.0
-260.0
-270.0
-293.0
-294.0
-253.0
-236.0
-210.0
-225.0
-220.0
-206.0
-220.0
-223.0
-239.0
-208.0
-190.0
-159.0
-153.0
-199.0
-197.0
-230.0
-240.0
-249.0
-235.0
-186.0
-190.0
-159.0
-114.0
-111.0
-174.0
-156.0
-155.0
-139.0
-79.0
-30.0
-48.0
-100.0
-126.0
-117.0
-110.0
-82.0
-53.0
-96.0
-119.0
-152.0
-162.0
-117.0
-134.0
-124.0
-156.0
-169.0
-165.0
-176.0
-152.0
-121.0
-119.0
-127.0
-136.0
-111.0
-91.0
-53.0
-46.0
-63.0
-83.0
-58.0
-4.0
12.0
11.0
76.0
138.0
237.0
371.0
373.0
441.0
473.0
426.0
404.0
397.0
380.0
371.0
342.0
294.0
195.0
130.0
78.0
15.0
11.0
-28.0
-109.0
-116.0
-133.0
-152.0
-155.0
-154.0
-152.0
-186.0
-192.0
-220.0
-258.0
-223.0
-198.0
-194.0
-206.0
-184.0
-147.0
-11.0
101.0
47.0
172.0
297.0
274.0
274.0
338.0
261.0
239.0
234.0
170.0
164.0
122.0
83.0
32.0
-41.0
-62.0
-69.0
-118.0
-144.0
-161.0
-161.0
-149.0
-125.0
-148.0
-187.0
-210.0
-252.0
-329.0
-352.0
-371.0
-317.0
-270.0
-301.0
-305.0
-258.0
-256.0
-199.0
-222.0
-249.0
-255.0
-267.0
-276.0
-262.0
-244.0
-215.0
-221.0
-242.0
-230.0
-205.0
-225.0
-194.0
-165.0
-182.0
-212.0
-183.0
-168.0
-213.0
-199.0
-212.0
-202.0
-190.0
-177.0
-151.0
-147.0
-90.0
-124.0
-88.0
-144.0
-145.0
-70.0
-76.0
-91.0
-87.0
-96.0
-60.0
-33.0
-54.0
-85.0
-72.0
-71.0
-72.0
-64.0
-67.0
-55.0
-42.0
-91.0
-91.0
-101.0
-64.0
-80.0
-70.0
-61.0
-35.0
-59.0
-43.0
-29.0
-30.0
-14.0
-25.0
-14.0
-19.0
-45.0
-44.0
-25.0
-54.0
-51.0
-54.0
-27.0
-29.0
-34.0
-24.0
-22.0
-42.0
-33.0
-12.0
-13.0
-7.0
-27.0
-2.0
-9.0
63.0
43.0
-78.0
-115.0
-64.0
-69.0
-112.0
-98.0
-97.0
-53.0
-42.0
-53.0
-101.0
-105.0
-71.0
-43.0
-44.0
-42.0
-60.0
-44.0
-44.0
-68.0
-80.0
-10.0
44.0
-6.0
-6.0
21.0
8.0
-6.0
-37.0
15.0
-8.0
-27.0
-23.0
-44.0
-30.0
-29.0
-70.0
-31.0
-28.0
13.0
21.0
-10.0
-8.0
-20.0
10.0
-34.0
-51.0
-23.0
-53.0
-23.0
-23.0
-54.0
-70.0
-56.0
-41.0
-56.0
-37.0
-43.0
-37.0
-42.0
-38.0
-26.0
-28.0
-38.0
-63.0
-29.0
-44.0
-40.0
-10.0
-5.0
-42.0
-26.0
-63.0
-78.0
-93.0
-64.0
-10.0
-45.0
-48.0
-41.0
-52.0
-40.0
-47.0
-65.0
-31.0
-53.0
-52.0
-24.0
-10.0
-6.0
-5.0
-30.0
9.0
13.0
71.0
86.0
17.0
-42.0
-8.0
-19.0
-18.0
-3.0
-45.0
-35.0
15.0
-9.0
12.0
35.0
0.0
11.0
13.0
21.0
33.0
17.0
39.0
31.0
-2.0
25.0
-15.0
-7.0
0.0
11.0
33.0
1.0
5.0
10.0
-23.0
-14.0
31.0
47.0
-10.0
-11.0
10.0
-10.0
-46.0
1.0
26.0
-43.0
-6.0
12.0
4.0
15.0
-32.0
-18.0
-15.0
-12.0
12.0
11.0
-25.0
-30.0
15.0
-8.0
7.0
-4.0
7.0
-26.0
3.0
36.0
-20.0
-34.0
-10.0
-26.0
18.0
-6.0
-55.0
-58.0
16.0
3.0
-37.0
-38.0
5.0
-9.0
-8.0
-26.0
-41.0
-46.0
-18.0
-50.0
-65.0
-54.0
-53.0
-57.0
-40.0
-55.0
-37.0
-36.0
-26.0
-34.0
8.0
27.0
22.0
16.0
-32.0
-103.0
-107.0
-68.0
-65.0
-53.0
-60.0
-45.0
-44.0
-33.0
-25.0
-23.0
-11.0
-43.0
-60.0
-31.0
-1.0
-1.0
-13.0
-7.0
22.0
41.0
2.0
-1.0
-2.0
28.0
25.0
23.0
-17.0
-25.0
-12.0
-11.0
-27.0
-30.0
7.0
15.0
1.0
2.0
-20.0
-16.0
4.0
27.0
-5.0
2.0
19.0
32.0
-10.0
-60.0
-43.0
-12.0
-37.0
-52.0
-45.0
-78.0
-52.0
-52.0
-50.0
-69.0
-76.0
-65.0
-73.0
-71.0
-60.0
-63.0
-60.0
-30.0
6.0
23.0
32.0
-2.0
-2.0
26.0
29.0
17.0
9.0
8.0
3.0
-18.0
-6.0
-6.0
-6.0
-12.0
-15.0
-30.0
-42.0
-58.0
-55.0
-15.0
22.0
0.0
-25.0
12.0
65.0
91.0
138.0
127.0
99.0
115.0
98.0
157.0
284.0
392.0
449.0
474.0
481.0
484.0
489.0
460.0
478.0
428.0
362.0
325.0
267.0
246.0
264.0
240.0
190.0
131.0
39.0
-1.0
-25.0
-84.0
-118.0
-153.0
-176.0
-188.0
-168.0
-174.0
-188.0
-172.0
-199.0
-266.0
-249.0
-246.0
-209.0
-203.0
-152.0
-26.0
53.0
97.0
132.0
159.0
200.0
175.0
155.0
151.0
133.0
80.0
31.0
15.0
-22.0
-98.0
-137.0
-149.0
-209.0
-245.0
-262.0
-279.0
-318.0
-304.0
-253.0
-268.0
-313.0
-349.0
-377.0
-373.0
-323.0
-307.0
-304.0
-334.0
-351.0
-323.0
-311.0
-293.0
-226.0
-245.0
-275.0
-285.0
-278.0
-223.0
-183.0
-227.0
-227.0
-221.0
-230.0
-237.0
-240.0
-239.0
-181.0
-158.0
-124.0
-128.0
-158.0
-149.0
-176.0
-167.0
-146.0
-153.0
-182.0
-148.0
-166.0
-124.0
-147.0
-146.0
-113.0
-116.0
-71.0
-104.0
-158.0
-128.0
-84.0
-81.0
-105.0
-109.0
-126.0
-116.0
-81.0
-70.0
-107.0
-117.0
-100.0
-69.0
-91.0
-63.0
-54.0
-44.0
-51.0
-45.0
-48.0
-76.0
-88.0
-99.0
-73.0
-70.0
-73.0
-107.0
-97.0
-79.0
-75.0
-87.0
-100.0
-83.0
-62.0
-77.0
-24.0
9.0
-29.0
-77.0
-32.0
-19.0
1.0
-5.0
-6.0
-35.0
-65.0
-49.0
-42.0
-16.0
-21.0
-44.0
-32.0
3.0
-29.0
8.0
-18.0
-64.0
-62.0
-17.0
4.0
-3.0
-17.0
-64.0
-66.0
-50.0
-16.0
-34.0
-45.0
-20.0
-43.0
-15.0
16.0
6.0
-12.0
-23.0
-66.0
-48.0
-6.0
56.0
98.0
156.0
209.0
295.0
395.0
449.0
442.0
469.0
474.0
496.0
502.0
441.0
382.0
346.0
324.0
269.0
219.0
219.0
155.0
52.0
12.0
-15.0
-48.0
-40.0
-99.0
-128.0
-119.0
-148.0
-216.0
-204.0
-191.0
-209.0
-243.0
-253.0
-272.0
-324.0
-304.0
-249.0
-266.0
-232.0
-243.0
-247.0
-253.0
-247.0
-210.0
-184.0
-156.0
-177.0
-161.0
-77.0
2.0
74.0
112.0
135.0
179.0
203.0
205.0
223.0
133.0
98.0
43.0
30.0
-9.0
-49.0
-165.0
-189.0
-153.0
-167.0
-211.0
-198.0
-187.0
-244.0
-256.0
-259.0
-236.0
-262.0
-300.0
-305.0
-274.0
-265.0
-272.0
-279.0
-308.0
-296.0
-299.0
-276.0
-293.0
-279.0
-250.0
-268.0
-274.0
-231.0
-231.0
-235.0
-151.0
-149.0
-131.0
-179.0
-212.0
-208.0
-230.0
-218.0
-183.0
-228.0
-213.0
-172.0
-166.0
-152.0
-122.0
-133.0
-137.0
-110.0
-84.0
-128.0
-143.0
-102.0
-103.0
-100.0
-109.0
-137.0
-116.0
-113.0
-141.0
-110.0
-114.0
-155.0
-178.0
-189.0
-130.0
-112.0
-95.0
-84.0
-81.0
-106.0
-103.0
-74.0
-80.0
-101.0
-102.0
-65.0
-56.0
-92.0
-116.0
-120.0
-108.0
-90.0
-56.0
-78.0
-73.0
-61.0
-53.0
-20.0
-32.0
-43.0
-20.0
-65.0
-93.0
-47.0
-5.0
-34.0
-50.0
-68.0
-68.0
-54.0
2.0
-4.0
-21.0
-43.0
-36.0
-64.0
-71.0
2.0
63.0
33.0
25.0
95.0
137.0
152.0
234.0
292.0
336.0
371.0
432.0
439.0
463.0
448.0
430.0
429.0
415.0
399.0
370.0
347.0
364.0
334.0
336.0
351.0
285.0
176.0
115.0
130.0
73.0
16.0
-34.0
-57.0
-61.0
-155.0
-204.0
-158.0
-175.0
-216.0
-234.0
-211.0
-153.0
-170.0
-132.0
-90.0
-68.0
-15.0
-12.0
7.0
35.0
60.0
15.0
27.0
1.0
-41.0
-69.0
-109.0
-100.0
-158.0
-219.0
-194.0
-222.0
-285.0
-276.0
-292.0
-337.0
-338.0
-345.0
-346.0
-352.0
-342.0
-351.0
-388.0
-348.0
-340.0
-364.0
-377.0
-328.0
-352.0
-345.0
-340.0
-342.0
-337.0
-362.0
-309.0
-256.0
-300.0
-305.0
-287.0
-315.0
-296.0
-248.0
-256.0
-243.0
-243.0
-279.0
-259.0
-214.0
-236.0
-203.0
-169.0
-161.0
-152.0
-176.0
-163.0
-157.0
-125.0
-69.0
-121.0
-166.0
-154.0
-143.0
-123.0
-149.0
-169.0
-137.0
-142.0
-152.0
-126.0
-121.0
-90.0
-65.0
-68.0
-71.0
-99.0
-171.0
-152.0
-161.0
-180.0
-105.0
-110.0
-122.0
-133.0
-73.0
-42.0
-48.0
-58.0
-44.0
-60.0
-73.0
-98.0
-59.0
-66.0
-101.0
-105.0
-105.0
-104.0
-50.0
-25.0
-14.0
10.0
-36.0
-58.0
-72.0
-67.0
-97.0
-93.0
-67.0
-70.0
-62.0
-109.0
-74.0
-40.0
-21.0
-71.0
-88.0
-52.0
-50.0
-29.0
20.0
-12.0
-63.0
-90.0
-62.0
-51.0
-83.0
-53.0
-16.0
-62.0
-46.0
-27.0
-36.0
-46.0
-63.0
-84.0
-70.0
-44.0
-40.0
-18.0
-10.0
-6.0
-27.0
0.0
-8.0
22.0
20.0
-6.0
-8.0
18.0
46.0
38.0
53.0
36.0
-1.0
55.0
60.0
15.0
7.0
3.0
-4.0
-9.0
-34.0
-26.0
-17.0
-33.0
21.0
-15.0
-39.0
14.0
74.0
77.0
20.0
-31.0
-24.0
-15.0
-28.0
-18.0
-27.0
-51.0
-54.0
-20.0
-15.0
-27.0
-33.0
-71.0
-63.0
-27.0
20.0
39.0
16.0
-13.0
-12.0
-3.0
-7.0
12.0
-35.0
-37.0
-9.0
-35.0
8.0
32.0
-7.0
-55.0
-55.0
-73.0
-37.0
39.0
7.0
-26.0
-17.0
-14.0
-10.0
5.0
25.0
22.0
74.0
70.0
60.0
13.0
-23.0
15.0
34.0
51.0
25.0
-13.0
7.0
-3.0
-22.0
15.0
7.0
-38.0
-62.0
-43.0
-10.0
-25.0
-4.0
29.0
22.0
46.0
7.0
33.0
52.0
14.0
31.0
32.0
-5.0
-6.0
34.0
37.0
39.0
-2.0
-11.0
-22.0
-15.0
18.0
-33.0
-21.0
-17.0
3.0
2.0
-31.0
-31.0
9.0
48.0
63.0
52.0
48.0
43.0
-25.0
-55.0
-56.0
-33.0
-15.0
-6.0
-17.0
16.0
40.0
-12.0
-23.0
11.0
-6.0
5.0
-7.0
-24.0
-12.0
-3.0
9.0
-18.0
-25.0
-37.0
-18.0
-48.0
-32.0
-3.0
3.0
-43.0
-39.0
6.0
-13.0
-4.0
33.0
14.0
-2.0
-24.0
1.0
28.0
-76.0
-69.0
-44.0
-36.0
-35.0
-64.0
-46.0
-15.0
13.0
-8.0
-54.0
-36.0
-20.0
-13.0
-17.0
-40.0
-44.0
-40.0
-36.0
-28.0
-27.0
-24.0
-32.0
-76.0
-70.0
-31.0
-35.0
-82.0
-24.0
7.0
-2.0
-34.0
-52.0
-49.0
-45.0
-31.0
-55.0
-25.0
8.0
-34.0
-30.0
20.0
-6.0
-16.0
-35.0
-22.0
-3.0
15.0
-11.0
-32.0
-18.0
-48.0
-50.0
-54.0
4.0
38.0
45.0
12.0
-12.0
-32.0
-54.0
-73.0
-12.0
-24.0
-44.0
4.0
-73.0
-102.0
-58.0
-7.0
-13.0
-1.0
3.0
-3.0
-4.0
-8.0
-2.0
-60.0
-20.0
35.0
20.0
-16.0
4.0
-20.0
-20.0
-36.0
-58.0
-23.0
-41.0
-79.0
-18.0
24.0
24.0
15.0
8.0
41.0
72.0
108.0
177.0
208.0
274.0
393.0
504.0
541.0
548.0
524.0
493.0
477.0
445.0
376.0
367.0
360.0
299.0
249.0
237.0
193.0
135.0
88.0
78.0
34.0
8.0
37.0
-2.0
-86.0
-116.0
-124.0
-147.0
-165.0
-199.0
-280.0
-299.0
-312.0
-352.0
-383.0
-358.0
-355.0
-368.0
-347.0
-361.0
-307.0
-277.0
-287.0
-302.0
-269.0
-272.0
-249.0
-193.0
-231.0
-242.0
-207.0
-161.0
-149.0
-184.0
-191.0
-183.0
-197.0
-221.0
-229.0
-214.0
-204.0
-277.0
-284.0
-238.0
-265.0
-193.0
-197.0
-183.0
-159.0
-173.0
-153.0
-175.0
-149.0
-144.0
-142.0
-152.0
-163.0
-173.0
-217.0
-150.0
-162.0
-154.0
-102.0
-89.0
-78.0
-91.0
-107.0
-121.0
-175.0
-134.0
-131.0
-120.0
-115.0
-181.0
-200.0
-150.0
-117.0
-131.0
-102.0
-89.0
-79.0
-60.0
-54.0
-76.0
-90.0
-92.0
-74.0
-98.0
-59.0
-65.0
-112.0
-111.0
-107.0
-122.0
-83.0
-59.0
-53.0
-63.0
-60.0
-77.0
-91.0
-98.0
-85.0
-57.0
-21.0
-96.0
-110.0
-85.0
-78.0
-69.0
-30.0
-20.0
-56.0
-44.0
-54.0
-105.0
-93.0
-47.0
-65.0
-81.0
-48.0
-21.0
67.0
21.0
15.0
-2.0
-6.0
-21.0
-32.0
16.0
16.0
29.0
12.0
-55.0
-86.0
-85.0
-87.0
-108.0
-97.0
-71.0
-120.0
-144.0
-103.0
-90.0
-120.0
-83.0
-41.0
-15.0
-18.0
13.0
41.0
25.0
2.0
-55.0
-126.0
-148.0
-125.0
-60.0
-61.0
-112.0
-156.0
-88.0
-18.0
13.0
11.0
5.0
-3.0
-39.0
-16.0
6.0
-33.0
-40.0
-39.0
-53.0
-1.0
100.0
86.0
92.0
76.0
92.0
65.0
32.0
13.0
-30.0
-73.0
-55.0
-30.0
-38.0
-40.0
-32.0
-45.0
-40.0
-42.0
-62.0
-32.0
-70.0
-73.0
-66.0
-46.0
-35.0
-51.0
-55.0
-74.0
-51.0
-39.0
-76.0
-80.0
-41.0
-45.0
-18.0
-13.0
-21.0
-17.0
-43.0
-65.0
-52.0
-36.0
-36.0
-54.0
-18.0
-15.0
-28.0
-25.0
-16.0
-10.0
-36.0
-11.0
-34.0
-18.0
-16.0
-25.0
-62.0
-104.0
-54.0
-55.0
-48.0
-63.0
-42.0
-26.0
-10.0
-55.0
-45.0
-37.0
-49.0
-48.0
-23.0
-55.0
-65.0
-42.0
-60.0
-46.0
-58.0
-82.0
-109.0
-82.0
-43.0
-34.0
23.0
-1.0
21.0
49.0
16.0
-17.0
20.0
1.0
1.0
-35.0
-22.0
-15.0
-55.0
-103.0
-114.0
-81.0
-74.0
-119.0
-108.0
-67.0
-90.0
-103.0
-69.0
-55.0
-56.0
-36.0
-37.0
-53.0
-65.0
-46.0
-55.0
-18.0
8.0
35.0
60.0
112.0
91.0
36.0
-29.0
-18.0
-77.0
-105.0
-51.0
-23.0
-60.0
-53.0
-28.0
-21.0
-48.0
-48.0
-23.0
-48.0
-47.0
23.0
77.0
179.0
242.0
276.0
310.0
362.0
431.0
460.0
487.0
549.0
474.0
492.0
480.0
421.0
396.0
378.0
342.0
328.0
312.0
316.0
275.0
285.0
268.0
293.0
276.0
238.0
199.0
142.0
45.0
-8.0
-39.0
-54.0
-73.0
-170.0
-183.0
-228.0
-299.0
-321.0
-347.0
-337.0
-328.0
-317.0
-332.0
-345.0
-348.0
-385.0
-415.0
-384.0
-385.0
-386.0
-402.0
-379.0
-304.0
-299.0
-255.0
-298.0
-286.0
-240.0
-248.0
-275.0
-301.0
-300.0
-282.0
-290.0
-290.0
-274.0
-265.0
-270.0
-307.0
-304.0
-269.0
-256.0
-291.0
-264.0
-222.0
-214.0
-150.0
-131.0
-168.0
-159.0
-171.0
-153.0
-132.0
-141.0
-149.0
-169.0
-180.0
-139.0
-154.0
-142.0
-132.0
-131.0
-123.0
-134.0
-139.0
-116.0
-90.0
-65.0
-115.0
-129.0
-97.0
-100.0
-140.0
-107.0
-142.0
-142.0
-120.0
-108.0
-70.0
-74.0
-59.0
-54.0
-93.0
-105.0
-107.0
-107.0
-131.0
-106.0
-114.0
-75.0
-81.0
-91.0
-85.0
-81.0
-33.0
-43.0
-69.0
-93.0
-72.0
-98.0
-111.0
-27.0
-18.0
-37.0
-67.0
-99.0
-47.0
-68.0
-49.0
-34.0
5.0
4.0
5.0
-13.0
-23.0
3.0
-13.0
4.0
9.0
-54.0
-48.0
-35.0
-69.0
-46.0
-100.0
-121.0
-99.0
-68.0
-82.0
-87.0
-52.0
-44.0
-64.0
-21.0
-4.0
1.0
-8.0
-29.0
-11.0
-18.0
-30.0
-31.0
-37.0
-31.0
-34.0
-43.0
-64.0
-20.0
-29.0
-59.0
-45.0
-71.0
-86.0
-36.0
15.0
14.0
-10.0
-25.0
-17.0
-31.0
-63.0
-24.0
11.0
-8.0
-46.0
-74.0
-44.0
-50.0
-39.0
-33.0
-76.0
-52.0
-5.0
11.0
64.0
59.0
44.0
10.0
4.0
-7.0
-26.0
-24.0
-23.0
-4.0
-12.0
-15.0
-15.0
12.0
23.0
-10.0
-30.0
16.0
42.0
17.0
36.0
24.0
7.0
2.0
12.0
11.0
2.0
-12.0
-27.0
-9.0
-14.0
-52.0
-8.0
18.0
-8.0
-15.0
-21.0
-35.0
12.0
23.0
15.0
15.0
17.0
15.0
-7.0
6.0
3.0
0.0
-30.0
-47.0
-31.0
-49.0
-48.0
-66.0
-72.0
-32.0
-31.0
-1.0
-11.0
3.0
32.0
43.0
42.0
32.0
14.0
5.0
49.0
5.0
-12.0
10.0
-32.0
-56.0
-27.0
-62.0
-44.0
20.0
-40.0
-27.0
-10.0
-22.0
-51.0
-43.0
-2.0
10.0
-3.0
-56.0
-45.0
-52.0
-24.0
-27.0
-72.0
-53.0
-61.0
-44.0
-8.0
36.0
7.0
22.0
-34.0
-91.0
-17.0
-12.0
-18.0
-54.0
-45.0
-26.0
-18.0
-5.0
-7.0
8.0
-10.0
-18.0
13.0
-30.0
-17.0
-37.0
-56.0
-22.0
-71.0
-25.0
-46.0
-76.0
-82.0
-111.0
-87.0
-51.0
-16.0
-2.0
19.0
-5.0
21.0
76.0
122.0
103.0
149.0
222.0
250.0
297.0
371.0
425.0
492.0
496.0
454.0
433.0
449.0
432.0
372.0
345.0
334.0
283.0
293.0
232.0
157.0
106.0
35.0
8.0
-31.0
-61.0
-107.0
-161.0
-224.0
-240.0
-229.0
-243.0
-250.0
-282.0
-334.0
-349.0
-322.0
-299.0
-288.0
-307.0
-340.0
-314.0
-311.0
-307.0
-303.0
-337.0
-352.0
-344.0
-302.0
-277.0
-296.0
-307.0
-281.0
-283.0
-290.0
-270.0
-251.0
-248.0
-223.0
-211.0
-231.0
-243.0
-200.0
-164.0
-189.0
-222.0
-163.0
-184.0
-167.0
-142.0
-133.0
-93.0
-125.0
-139.0
-147.0
-109.0
-100.0
-114.0
-119.0
-102.0
-144.0
-93.0
-62.0
-138.0
-115.0
-148.0
-169.0
-165.0
-131.0
-148.0
-100.0
-78.0
-39.0
-84.0
-89.0
-87.0
-79.0
-59.0
-41.0
-70.0
-102.0
-110.0
-129.0
-152.0
-155.0
-155.0
-152.0
-135.0
-89.0
-68.0
-69.0
-93.0
-111.0
-84.0
-113.0
-116.0
-99.0
-124.0
-62.0
-84.0
-72.0
-77.0
-93.0
-82.0
-69.0
-65.0
-56.0
-50.0
-55.0
-29.0
-11.0
-47.0
-80.0
-79.0
-11.0
13.0
60.0
-44.0
-70.0
-131.0
-115.0
-67.0
-46.0
-14.0
-10.0
-16.0
-29.0
-28.0
-28.0
-55.0
-58.0
-41.0
-43.0
-42.0
14.0
70.0
46.0
-5.0
-11.0
-42.0
-71.0
-67.0
-48.0
-36.0
2.0
-6.0
10.0
24.0
27.0
32.0
14.0
-31.0
-44.0
-67.0
-13.0
-7.0
25.0
62.0
48.0
33.0
36.0
32.0
32.0
51.0
31.0
44.0
58.0
102.0
147.0
199.0
276.0
313.0
374.0
391.0
431.0
473.0
445.0
464.0
427.0
432.0
399.0
424.0
418.0
355.0
295.0
249.0
266.0
249.0
270.0
239.0
178.0
206.0
151.0
144.0
148.0
105.0
142.0
144.0
91.0
157.0
125.0
36.0
74.0
74.0
46.0
31.0
8.0
-79.0
-93.0
-81.0
-94.0
-139.0
-149.0
-161.0
-221.0
-293.0
-282.0
-309.0
-336.0
-357.0
-361.0
-356.0
-359.0
-347.0
-372.0
-393.0
-338.0
-362.0
-353.0
-330.0
-376.0
-341.0
-308.0
-302.0
-319.0
-393.0
-419.0
-408.0
-362.0
-345.0
-357.0
-370.0
-334.0
-329.0
-286.0
-246.0
-263.0
-284.0
-261.0
-231.0
-236.0
-204.0
-182.0
-164.0
-164.0
-157.0
-140.0
-120.0
-161.0
-202.0
-191.0
-202.0
-194.0
-157.0
-165.0
-140.0
-126.0
-188.0
-171.0
-165.0
-129.0
-106.0
-150.0
-136.0
-116.0
-135.0
-99.0
-84.0
-128.0
-130.0
-114.0
-73.0
-73.0
-70.0
-60.0
-59.0
-95.0
-123.0
-78.0
-53.0
-19.0
-29.0
-63.0
-43.0
-29.0
-18.0
-26.0
-18.0
-48.0
-42.0
-50.0
-33.0
-40.0
-31.0
22.0
12.0
-16.0
-24.0
-83.0
-65.0
-32.0
-23.0
-51.0
-58.0
-19.0
14.0
4.0
-25.0
-18.0
-35.0
10.0
34.0
1.0
14.0
18.0
-4.0
7.0
18.0
74.0
65.0
-13.0
-36.0
-40.0
1.0
16.0
43.0
42.0
23.0
27.0
-33.0
2.0
14.0
-4.0
4.0
-35.0
-26.0
15.0
64.0
70.0
14.0
18.0
-12.0
1.0
48.0
21.0
8.0
24.0
20.0
5.0
-9.0
4.0
15.0
21.0
-8.0
18.0
7.0
-32.0
-14.0
-6.0
-3.0
-16.0
28.0
29.0
22.0
-21.0
-20.0
-2.0
5.0
1.0
-24.0
-30.0
-42.0
19.0
-12.0
-38.0
-48.0
-33.0
-25.0
8.0
5.0
-25.0
-3.0
2.0
-49.0
-6.0
53.0
25.0
11.0
9.0
34.0
42.0
94.0
137.0
175.0
280.0
333.0
338.0
404.0
433.0
484.0
511.0
486.0
436.0
447.0
449.0
459.0
445.0
416.0
360.0
285.0
280.0
228.0
197.0
169.0
158.0
87.0
11.0
-92.0
-145.0
-106.0
-84.0
-78.0
-104.0
-128.0
-103.0
-56.0
-34.0
12.0
87.0
106.0
121.0
172.0
217.0
224.0
176.0
154.0
76.0
20.0
-26.0
20.0
36.0
-6.0
-19.0
-95.0
-170.0
-194.0
-222.0
-221.0
-265.0
-311.0
-327.0
-364.0
-356.0
-360.0
-336.0
-321.0
-336.0
-313.0
-315.0
-342.0
-370.0
-353.0
-367.0
-374.0
-398.0
-364.0
-308.0
-326.0
-325.0
-312.0
-342.0
-326.0
-267.0
-353.0
-357.0
-322.0
-296.0
-267.0
-235.0
-229.0
-181.0
-192.0
-193.0
-194.0
-191.0
-183.0
-250.0
-270.0
-227.0
-206.0
-223.0
-227.0
-231.0
-228.0
-194.0
-193.0
-215.0
-218.0
-224.0
-209.0
-184.0
-144.0
-112.0
-98.0
-148.0
-189.0
-143.0
-117.0
-107.0
-86.0
-99.0
-142.0
-153.0
-155.0
-112.0
-113.0
-138.0
-128.0
-106.0
-122.0
-109.0
-93.0
-85.0
-55.0
-106.0
-133.0
-111.0
-63.0
-58.0
-65.0
-34.0
-35.0
-7.0
-2.0
23.0
14.0
-2.0
2.0
-46.0
-60.0
-31.0
20.0
0.0
4.0
-2.0
-43.0
-53.0
-15.0
17.0
-1.0
-50.0
-93.0
-83.0
-86.0
-76.0
-39.0
-36.0
-110.0
-96.0
-55.0
-64.0
-41.0
-23.0
17.0
-16.0
-39.0
11.0
-15.0
41.0
26.0
-6.0
-25.0
-34.0
-39.0
-13.0
17.0
12.0
-31.0
-16.0
1.0
-2.0
32.0
22.0
21.0
57.0
27.0
22.0
-12.0
-36.0
-27.0
-40.0
-16.0
-1.0
-34.0
-25.0
11.0
6.0
10.0
-7.0
-18.0
-7.0
11.0
52.0
91.0
79.0
87.0
96.0
184.0
246.0
338.0
432.0
488.0
513.0
494.0
501.0
494.0
473.0
413.0
421.0
333.0
303.0
272.0
258.0
270.0
232.0
153.0
134.0
108.0
47.0
-14.0
-1.0
-15.0
3.0
25.0
20.0
22.0
-33.0
-73.0
-110.0
-88.0
-107.0
-152.0
-171.0
-243.0
-247.0
-222.0
-293.0
-317.0
-289.0
-264.0
-297.0
-351.0
-371.0
-327.0
-305.0
-319.0
-307.0
-287.0
-303.0
-278.0
-256.0
-284.0
-300.0
-284.0
-289.0
-313.0
-329.0
-296.0
-247.0
-244.0
-261.0
-232.0
-169.0
-215.0
-205.0
-190.0
-244.0
-276.0
-250.0
-234.0
-235.0
-219.0
-171.0
-165.0
-127.0
-122.0
-106.0
-111.0
-142.0
-163.0
-175.0
-193.0
-197.0
-192.0
-163.0
-152.0
-141.0
-125.0
-115.0
-138.0
-200.0
-196.0
-161.0
-182.0
-177.0
-155.0
-136.0
-106.0
-80.0
-76.0
-104.0
-129.0
-162.0
-127.0
-88.0
-96.0
-87.0
-83.0
-59.0
-64.0
-72.0
-67.0
-80.0
-90.0
-115.0
-76.0
-102.0
-97.0
-14.0
-44.0
-78.0
-29.0
-20.0
-18.0
2.0
-13.0
-24.0
-72.0
-80.0
-35.0
-43.0
-69.0
-71.0
-99.0
-157.0
-145.0
-122.0
-113.0
-133.0
-92.0
-36.0
-46.0
-75.0
-86.0
-81.0
-79.0
-80.0
-110.0
-81.0
-56.0
-35.0
-35.0
-30.0
-3.0
-2.0
-17.0
14.0
22.0
-27.0
-52.0
-52.0
-80.0
-49.0
-45.0
-29.0
-48.0
-69.0
-31.0
-35.0
-17.0
26.0
41.0
45.0
19.0
15.0
7.0
36.0
87.0
40.0
11.0
-24.0
4.0
17.0
15.0
11.0
-2.0
-15.0
-33.0
-20.0
-17.0
-39.0
-46.0
-18.0
-61.0
-63.0
-29.0
-8.0
-27.0
-43.0
-34.0
-7.0
-11.0
18.0
11.0
4.0
22.0
29.0
32.0
24.0
-3.0
-29.0
-21.0
2.0
-12.0
-35.0
-34.0
0.0
-28.0
-33.0
-31.0
6.0
-65.0
-67.0
-65.0
-35.0
-39.0
-60.0
-4.0
-43.0
-97.0
-73.0
-41.0
-48.0
-68.0
-52.0
-50.0
-68.0
-33.0
-26.0
-54.0
-4.0
-3.0
-19.0
-35.0
-38.0
-30.0
13.0
20.0
-4.0
-1.0
-13.0
8.0
-13.0
-31.0
-36.0
-27.0
-5.0
16.0
-12.0
-8.0
-14.0
-18.0
-26.0
12.0
-7.0
-9.0
-22.0
0.0
30.0
-24.0
-1.0
14.0
32.0
36.0
-17.0
-3.0
41.0
36.0
83.0
109.0
111.0
41.0
-11.0
-8.0
21.0
26.0
2.0
34.0
36.0
51.0
26.0
26.0
21.0
-23.0
6.0
16.0
4.0
-32.0
-10.0
27.0
9.0
-26.0
-9.0
-19.0
-33.0
-44.0
-5.0
8.0
-13.0
-11.0
24.0
8.0
-7.0
-1.0
1.0
-23.0
-15.0
-28.0
-33.0
5.0
-15.0
-82.0
-64.0
-6.0
8.0
-34.0
-35.0
-41.0
-19.0
13.0
-29.0
-22.0
-14.0
-18.0
-18.0
4.0
20.0
30.0
25.0
-16.0
10.0
30.0
13.0
-10.0
-18.0
-18.0
-27.0
-1.0
18.0
6.0
13.0
29.0
16.0
-13.0
-34.0
-14.0
6.0
38.0
-50.0
-82.0
-18.0
-13.0
5.0
12.0
13.0
0.0
39.0
8.0
-37.0
-36.0
-36.0
-34.0
-2.0
-12.0
4.0
28.0
14.0
-25.0
-48.0
-18.0
8.0
-21.0
11.0
17.0
49.0
43.0
-20.0
-60.0
-10.0
32.0
-9.0
-6.0
-13.0
-7.0
-17.0
-29.0
-6.0
0.0
-2.0
2.0
-13.0
-8.0
-46.0
-48.0
-26.0
-3.0
-3.0
-37.0
-15.0
24.0
23.0
18.0
49.0
29.0
17.0
23.0
11.0
-33.0
-48.0
-19.0
-50.0
-61.0
-17.0
-9.0
-34.0
-27.0
-58.0
-68.0
-58.0
-14.0
-13.0
-34.0
-22.0
0.0
-15.0
-16.0
-21.0
-2.0
-34.0
-35.0
-16.0
-3.0
34.0
13.0
13.0
-25.0
-40.0
-61.0
-60.0
-16.0
1.0
28.0
7.0
3.0
-47.0
-72.0
-29.0
-48.0
12.0
14.0
-27.0
-26.0
22.0
22.0
-8.0
-32.0
-82.0
-42.0
7.0
19.0
13.0
34.0
1.0
-9.0
-25.0
-84.0
-53.0
-20.0
-3.0
-56.0
-103.0
-49.0
-79.0
-83.0
-53.0
-51.0
-54.0
-77.0
-98.0
-65.0
-80.0
-25.0
-22.0
-65.0
-57.0
-74.0
-52.0
-39.0
-32.0
-54.0
-57.0
-51.0
-32.0
-21.0
-32.0
-19.0
-25.0
-15.0
-4.0
-36.0
-34.0
-29.0
-70.0
-32.0
25.0
-10.0
-15.0
-20.0
-11.0
42.0
88.0
111.0
175.0
182.0
223.0
334.0
409.0
387.0
386.0
429.0
439.0
438.0
392.0
389.0
448.0
442.0
426.0
423.0
387.0
364.0
343.0
271.0
260.0
260.0
250.0
229.0
200.0
165.0
178.0
205.0
225.0
202.0
146.0
88.0
103.0
62.0
46.0
84.0
97.0
113.0
157.0
202.0
213.0
162.0
158.0
114.0
125.0
121.0
72.0
29.0
-49.0
-13.0
39.0
51.0
65.0
88.0
87.0
105.0
99.0
67.0
46.0
64.0
-1.0
-64.0
-79.0
-94.0
-36.0
-41.0
23.0
31.0
-17.0
32.0
77.0
71.0
-2.0
-54.0
-96.0
-180.0
-188.0
-171.0
-155.0
-161.0
-115.0
-84.0
-68.0
-41.0
-41.0
-62.0
-97.0
-205.0
-256.0
-278.0
-348.0
-409.0
-414.0
-401.0
-456.0
-467.0
-437.0
-400.0
-404.0
-451.0
-441.0
-436.0
-492.0
-445.0
-415.0
-399.0
-370.0
-367.0
-421.0
-392.0
-373.0
-384.0
-369.0
-341.0
-366.0
-391.0
-369.0
-367.0
-395.0
-415.0
-451.0
-428.0
-387.0
-334.0
-274.0
-237.0
-237.0
-262.0
-229.0
-181.0
-180.0
-185.0
-154.0
-168.0
-186.0
-142.0
-149.0
-128.0
-143.0
-172.0
-131.0
-90.0
-52.0
-46.0
-99.0
-105.0
-65.0
-33.0
-27.0
-53.0
-53.0
-61.0
-51.0
-18.0
-47.0
-70.0
-109.0
-130.0
-102.0
-69.0
-2.0
7.0
21.0
14.0
21.0
6.0
50.0
77.0
108.0
58.0
38.0
68.0
49.0
60.0
73.0
96.0
87.0
42.0
-12.0
36.0
80.0
32.0
43.0
47.0
55.0
80.0
80.0
83.0
106.0
92.0
97.0
88.0
93.0
167.0
176.0
111.0
115.0
125.0
142.0
162.0
219.0
275.0
341.0
446.0
444.0
514.0
528.0
490.0
512.0
463.0
411.0
362.0
340.0
275.0
247.0
193.0
185.0
183.0
119.0
95.0
98.0
21.0
-7.0
-1.0
-9.0
-4.0
-32.0
-73.0
-61.0
-94.0
-79.0
-95.0
-155.0
-154.0
-184.0
-163.0
-116.0
-74.0
11.0
-59.0
-122.0
-210.0
-252.0
-224.0
-175.0
-164.0
-112.0
-105.0
-107.0
-133.0
-170.0
-154.0
-142.0
-120.0
-128.0
-113.0
-91.0
-70.0
-90.0
-112.0
-149.0
-127.0
-110.0
-82.0
-78.0
-130.0
-157.0
-127.0
-123.0
-100.0
-96.0
-140.0
-98.0
-59.0
-59.0
-45.0
-20.0
-71.0
-63.0
-72.0
-95.0
-81.0
-91.0
-105.0
-50.0
0.0
-21.0
-65.0
-76.0
-60.0
-40.0
12.0
64.0
30.0
-16.0
-60.0
-103.0
-77.0
-93.0
-88.0
-77.0
-120.0
-100.0
-66.0
-88.0
-70.0
-9.0
3.0
-11.0
26.0
6.0
43.0
61.0
48.0
71.0
42.0
8.0
-43.0
-75.0
-12.0
6.0
-15.0
-22.0
32.0
53.0
32.0
-2.0
-23.0
-29.0
-2.0
41.0
28.0
50.0
181.0
196.0
221.0
215.0
192.0
216.0
232.0
322.0
398.0
440.0
444.0
419.0
467.0
401.0
420.0
441.0
369.0
345.0
277.0
259.0
277.0
346.0
320.0
349.0
343.0
332.0
345.0
315.0
259.0
238.0
194.0
179.0
211.0
192.0
198.0
201.0
143.0
154.0
200.0
196.0
200.0
200.0
174.0
173.0
186.0
168.0
142.0
103.0
82.0
60.0
80.0
55.0
84.0
71.0
-18.0
-18.0
-45.0
-116.0
-168.0
-210.0
-250.0
-262.0
-215.0
-230.0
-305.0
-306.0
-338.0
-385.0
-359.0
-326.0
-333.0
-350.0
-367.0
-393.0
-409.0
-409.0
-369.0
-363.0
-392.0
-357.0
-365.0
-360.0
-296.0
-245.0
-270.0
-260.0
-248.0
-229.0
-268.0
-287.0
-300.0
-324.0
-305.0
-268.0
-295.0
-235.0
-163.0
-175.0
-187.0
-215.0
-197.0
-155.0
-213.0
-259.0
-272.0
-294.0
-296.0
-288.0
-275.0
-229.0
-228.0
-216.0
-208.0
-214.0
-145.0
-138.0
-139.0
-108.0
-96.0
-150.0
-187.0
-195.0
-183.0
-168.0
-142.0
-155.0
-144.0
-159.0
-114.0
-54.0
-50.0
-79.0
-116.0
-113.0
-105.0
-79.0
-18.0
-66.0
-102.0
-120.0
-70.0
-22.0
6.0
12.0
63.0
92.0
128.0
203.0
255.0
342.0
399.0
425.0
485.0
480.0
420.0
400.0
388.0
356.0
377.0
457.0
412.0
374.0
388.0
356.0
258.0
235.0
237.0
200.0
175.0
158.0
63.0
62.0
68.0
3.0
-32.0
-65.0
-75.0
-129.0
-183.0
-186.0
-221.0
-229.0
-203.0
-173.0
-122.0
-66.0
-3.0
21.0
12.0
67.0
144.0
216.0
217.0
186.0
179.0
179.0
150.0
101.0
90.0
82.0
16.0
-6.0
-82.0
-188.0
-229.0
-234.0
-237.0
-232.0
-231.0
-269.0
-284.0
-305.0
-327.0
-333.0
-306.0
-282.0
-317.0
-324.0
-340.0
-348.0
-262.0
-221.0
-232.0
-208.0
-157.0
-125.0
-59.0
12.0
54.0
65.0
37.0
8.0
53.0
29.0
-19.0
-76.0
-52.0
-126.0
-253.0
-303.0
-294.0
-256.0
-255.0
-287.0
-282.0
-316.0
-318.0
-266.0
-265.0
-227.0
-258.0
-248.0
-287.0
-363.0
-318.0
-328.0
-303.0
-266.0
-270.0
-267.0
-271.0
-259.0
-239.0
-239.0
-255.0
-277.0
-223.0
-232.0
-206.0
-193.0
-242.0
-249.0
-252.0
-243.0
-249.0
-217.0
-185.0
-192.0
-182.0
-152.0
-162.0
-182.0
-187.0
-163.0
-163.0
-120.0
-129.0
-171.0
-150.0
-128.0
-104.0
-36.0
-30.0
-49.0
-47.0
-76.0
-109.0
-90.0
-72.0
-110.0
-121.0
-105.0
-78.0
-67.0
-75.0
-97.0
-74.0
-81.0
-9.0
-1.0
-20.0
-51.0
-88.0
-111.0
-80.0
-74.0
-56.0
-68.0
-105.0
-119.0
-128.0
-83.0
-59.0
-49.0
28.0
21.0
-18.0
-34.0
24.0
20.0
-8.0
-72.0
-70.0
-76.0
-97.0
-60.0
-25.0
-8.0
-19.0
-1.0
-21.0
22.0
46.0
61.0
7.0
-16.0
-10.0
11.0
17.0
0.0
-43.0
-48.0
-55.0
13.0
-1.0
-13.0
-13.0
-13.0
26.0
33.0
39.0
-20.0
-22.0
-20.0
-56.0
-20.0
33.0
10.0
-28.0
-10.0
-30.0
-14.0
52.0
57.0
16.0
5.0
30.0
45.0
40.0
86.0
117.0
67.0
31.0
23.0
36.0
12.0
18.0
31.0
62.0
52.0
84.0
110.0
10.0
25.0
27.0
2.0
13.0
-2.0
-28.0
2.0
31.0
49.0
75.0
63.0
13.0
35.0
48.0
42.0
56.0
48.0
40.0
49.0
-1.0
8.0
35.0
49.0
45.0
53.0
58.0
58.0
27.0
26.0
25.0
57.0
99.0
70.0
77.0
67.0
74.0
90.0
75.0
98.0
93.0
140.0
159.0
153.0
247.0
297.0
405.0
515.0
535.0
479.0
481.0
497.0
463.0
467.0
473.0
407.0
402.0
413.0
332.0
364.0
371.0
329.0
323.0
297.0
253.0
248.0
221.0
244.0
233.0
219.0
164.0
138.0
71.0
64.0
56.0
43.0
-6.0
4.0
-42.0
-84.0
-70.0
-62.0
-79.0
-99.0
-124.0
-239.0
-269.0
-242.0
-231.0
-154.0
-149.0
-155.0
-48.0
-23.0
-21.0
26.0
20.0
31.0
21.0
-17.0
10.0
-17.0
-31.0
36.0
44.0
-15.0
-79.0
-91.0
-133.0
-157.0
-199.0
-207.0
-234.0
-270.0
-314.0
-286.0
-278.0
-309.0
-332.0
-373.0
-406.0
-383.0
-390.0
-440.0
-448.0
-418.0
-426.0
-409.0
-394.0
-418.0
-441.0
-431.0
-390.0
-346.0
-319.0
-291.0
-303.0
-334.0
-334.0
-317.0
-312.0
-351.0
-288.0
-310.0
-289.0
-238.0
-231.0
-228.0
-233.0
-219.0
-177.0
-180.0
-224.0
-236.0
-218.0
-206.0
-211.0
-183.0
-223.0
-240.0
-251.0
-258.0
-229.0
-186.0
-196.0
-134.0
-133.0
-162.0
-163.0
-197.0
-242.0
-219.0
-166.0
-180.0
-158.0
-101.0
-76.0
-50.0
-20.0
-69.0
-80.0
-117.0
-99.0
-72.0
-77.0
-83.0
-56.0
-31.0
-10.0
-58.0
-54.0
-18.0
24.0
4.0
4.0
12.0
-13.0
-36.0
-20.0
-59.0
-55.0
-35.0
-66.0
-46.0
-10.0
72.0
166.0
209.0
257.0
336.0
339.0
362.0
374.0
399.0
345.0
321.0
288.0
258.0
215.0
181.0
180.0
135.0
138.0
95.0
73.0
91.0
66.0
25.0
-13.0
-45.0
-41.0
-71.0
-88.0
-77.0
-92.0
-121.0
-156.0
-181.0
-237.0
-251.0
-241.0
-162.0
-173.0
-145.0
-100.0
-173.0
-216.0
-190.0
-199.0
-205.0
-216.0
-205.0
-222.0
-206.0
-131.0
-92.0
-99.0
-112.0
-138.0
-148.0
-93.0
-76.0
-106.0
-62.0
-93.0
-99.0
-72.0
-83.0
-102.0
-62.0
-35.0
-29.0
-21.0
-63.0
-87.0
-121.0
-95.0
-73.0
-40.0
-45.0
-30.0
-9.0
14.0
-22.0
-7.0
3.0
-5.0
40.0
21.0
-25.0
-39.0
-6.0
3.0
-26.0
-10.0
2.0
-21.0
-26.0
-42.0
2.0
49.0
28.0
6.0
-12.0
5.0
-16.0
-12.0
22.0
29.0
33.0
50.0
37.0
-2.0
-24.0
25.0
6.0
25.0
21.0
34.0
12.0
8.0
22.0
92.0
104.0
84.0
105.0
60.0
83.0
118.0
120.0
191.0
243.0
186.0
234.0
286.0
270.0
278.0
274.0
257.0
250.0
272.0
266.0
288.0
339.0
347.0
341.0
339.0
327.0
319.0
329.0
341.0
332.0
345.0
328.0
249.0
263.0
286.0
262.0
304.0
322.0
299.0
284.0
257.0
232.0
246.0
311.0
346.0
310.0
298.0
240.0
225.0
164.0
136.0
163.0
144.0
173.0
178.0
174.0
149.0
124.0
92.0
114.0
71.0
64.0
51.0
35.0
-6.0
32.0
10.0
-46.0
-37.0
-42.0
-171.0
-139.0
-188.0
-230.0
-220.0
-323.0
-360.0
-328.0
-333.0
-344.0
-311.0
-331.0
-400.0
-426.0
-392.0
-366.0
-382.0
-413.0
-408.0
-418.0
-382.0
-376.0
-386.0
-385.0
-395.0
-392.0
-387.0
-397.0
-342.0
-326.0
-355.0
-323.0
-249.0
-200.0
-180.0
-187.0
-150.0
-219.0
-214.0
-161.0
-157.0
-125.0
-155.0
-178.0
-143.0
-142.0
-172.0
-186.0
-200.0
-155.0
-162.0
-167.0
-161.0
-162.0
-147.0
-103.0
-128.0
-120.0
-127.0
-124.0
-73.0
-82.0
-82.0
-71.0
-94.0
-82.0
-53.0
-1.0
13.0
18.0
-21.0
-91.0
-87.0
-61.0
-63.0
-15.0
-35.0
-56.0
-56.0
-33.0
-16.0
-32.0
-34.0
-54.0
-35.0
1.0
24.0
-15.0
-10.0
46.0
45.0
12.0
58.0
31.0
26.0
27.0
27.0
31.0
78.0
31.0
11.0
50.0
80.0
65.0
51.0
30.0
17.0
12.0
20.0
-30.0
7.0
6.0
29.0
56.0
56.0
77.0
56.0
75.0
103.0
71.0
101.0
129.0
131.0
135.0
107.0
75.0
120.0
110.0
116.0
86.0
30.0
39.0
92.0
111.0
107.0
69.0
52.0
72.0
60.0
68.0
101.0
135.0
76.0
41.0
33.0
84.0
82.0
62.0
48.0
60.0
47.0
78.0
94.0
121.0
125.0
124.0
98.0
67.0
98.0
107.0
95.0
133.0
159.0
103.0
81.0
34.0
20.0
71.0
68.0
63.0
106.0
86.0
100.0
107.0
97.0
115.0
133.0
116.0
95.0
62.0
52.0
98.0
88.0
69.0
76.0
43.0
44.0
63.0
85.0
63.0
54.0
-10.0
-41.0
25.0
90.0
80.0
70.0
22.0
27.0
53.0
46.0
46.0
60.0
43.0
29.0
18.0
35.0
43.0
32.0
10.0
-5.0
-51.0
-76.0
-28.0
22.0
44.0
24.0
-11.0
-13.0
-19.0
6.0
-26.0
1.0
2.0
18.0
38.0
45.0
40.0
54.0
37.0
0.0
43.0
21.0
34.0
61.0
55.0
63.0
39.0
44.0
67.0
77.0
70.0
61.0
58.0
-11.0
-40.0
4.0
17.0
-5.0
-26.0
-31.0
5.0
69.0
91.0
64.0
92.0
111.0
73.0
61.0
-7.0
-41.0
-10.0
-41.0
-23.0
23.0
60.0
39.0
30.0
22.0
19.0
3.0
37.0
32.0
11.0
43.0
20.0
7.0
87.0
101.0
60.0
77.0
77.0
5.0
15.0
3.0
34.0
54.0
53.0
16.0
46.0
96.0
108.0
192.0
265.0
310.0
289.0
314.0
382.0
441.0
462.0
506.0
493.0
473.0
436.0
431.0
417.0
424.0
371.0
336.0
339.0
327.0
270.0
210.0
158.0
125.0
114.0
42.0
-42.0
-78.0
-68.0
-44.0
-55.0
-72.0
-72.0
-90.0
-54.0
-14.0
48.0
115.0
130.0
213.0
196.0
225.0
219.0
243.0
173.0
108.0
67.0
39.0
-10.0
-49.0
-72.0
-167.0
-181.0
-152.0
-197.0
-242.0
-309.0
-309.0
-326.0
-295.0
-306.0
-295.0
-307.0
-373.0
-340.0
-330.0
-361.0
-319.0
-300.0
-287.0
-224.0
-154.0
-112.0
-63.0
35.0
109.0
135.0
172.0
198.0
267.0
175.0
97.0
103.0
37.0
-13.0
-27.0
-37.0
-53.0
-70.0
-126.0
-167.0
-202.0
-214.0
-238.0
-241.0
-254.0
-252.0
-261.0
-283.0
-295.0
-307.0
-299.0
-268.0
-300.0
-281.0
-304.0
-320.0
-340.0
-322.0
-336.0
-296.0
-248.0
-276.0
-333.0
-301.0
-274.0
-252.0
-239.0
-245.0
-213.0
-205.0
-204.0
-178.0
-174.0
-168.0
-192.0
-193.0
-187.0
-199.0
-205.0
-165.0
-164.0
-180.0
-149.0
-165.0
-184.0
-161.0
-138.0
-120.0
-124.0
-165.0
-143.0
-115.0
-121.0
-118.0
-104.0
-84.0
-76.0
-78.0
-84.0
-80.0
-118.0
-118.0
-52.0
-31.0
-50.0
-77.0
-121.0
-78.0
-55.0
-103.0
-126.0
-120.0
-100.0
-71.0
-63.0
-52.0
-40.0
-40.0
-41.0
18.0
49.0
37.0
-4.0
-67.0
-91.0
-81.0
-73.0
-63.0
-44.0
-62.0
-73.0
-81.0
-63.0
-54.0
-15.0
-14.0
-23.0
4.0
45.0
33.0
33.0
116.0
149.0
181.0
222.0
305.0
307.0
393.0
416.0
426.0
453.0
450.0
487.0
413.0
394.0
409.0
401.0
357.0
347.0
341.0
307.0
304.0
348.0
291.0
257.0
213.0
142.0
127.0
105.0
138.0
144.0
176.0
125.0
91.0
98.0
105.0
97.0
25.0
15.0
14.0
16.0
-100.0
-166.0
-184.0
-261.0
-279.0
-262.0
-210.0
-181.0
-239.0
-244.0
-285.0
-343.0
-327.0
-338.0
-312.0
-247.0
-315.0
-367.0
-395.0
-412.0
-400.0
-372.0
-361.0
-285.0
-244.0
-283.0
-323.0
-374.0
-338.0
-386.0
-367.0
-331.0
-318.0
-356.0
-347.0
-319.0
-275.0
-230.0
-183.0
-172.0
-186.0
-230.0
-215.0
-233.0
-250.0
-209.0
-227.0
-238.0
-239.0
-141.0
-159.0
-170.0
-175.0
-178.0
-152.0
-142.0
-156.0
-131.0
-129.0
-133.0
-132.0
-162.0
-169.0
-172.0
-159.0
-153.0
-156.0
-134.0
-142.0
-105.0
-100.0
-111.0
-73.0
-88.0
-120.0
-115.0
-98.0
-35.0
-44.0
-102.0
-100.0
-113.0
-92.0
-60.0
-65.0
-102.0
-64.0
-52.0
-81.0
-75.0
-107.0
-88.0
-77.0
-89.0
-63.0
-13.0
22.0
19.0
12.0
16.0
-8.0
-5.0
-7.0
-13.0
-31.0
-31.0
-20.0
-33.0
-53.0
-33.0
-8.0
-4.0
-33.0
-37.0
-44.0
-80.0
-65.0
-28.0
9.0
24.0
7.0
29.0
72.0
77.0
13.0
-26.0
-6.0
-45.0
-77.0
-63.0
-33.0
-12.0
-9.0
55.0
34.0
-26.0
-66.0
-96.0
-77.0
-54.0
-12.0
-3.0
-12.0
-4.0
-32.0
3.0
5.0
-28.0
7.0
-5.0
-33.0
-51.0
-47.0
-102.0
-71.0
-30.0
-3.0
-14.0
32.0
34.0
-9.0
41.0
10.0
-20.0
-11.0
-80.0
-59.0
-43.0
-68.0
-68.0
-38.0
-19.0
58.0
54.0
13.0
26.0
53.0
30.0
28.0
49.0
37.0
32.0
21.0
15.0
-32.0
-36.0
-20.0
-32.0
-26.0
-16.0
10.0
41.0
43.0
49.0
8.0
28.0
36.0
10.0
43.0
59.0
87.0
81.0
11.0
4.0
21.0
27.0
-2.0
0.0
36.0
59.0
26.0
70.0
97.0
56.0
27.0
-3.0
1.0
40.0
58.0
43.0
64.0
72.0
29.0
72.0
88.0
68.0
109.0
51.0
59.0
53.0
33.0
57.0
79.0
47.0
13.0
21.0
18.0
76.0
163.0
186.0
212.0
284.0
294.0
302.0
368.0
390.0
397.0
428.0
438.0
376.0
346.0
338.0
358.0
326.0
263.0
241.0
172.0
106.0
112.0
55.0
-27.0
-51.0
-84.0
-125.0
-169.0
-192.0
-155.0
-127.0
-173.0
-194.0
-163.0
-153.0
-169.0
-163.0
-200.0
-157.0
-180.0
-204.0
-190.0
-213.0
-239.0
-237.0
-279.0
-228.0
-194.0
-195.0
-204.0
-188.0
-197.0
-172.0
-183.0
-171.0
-157.0
-115.0
-43.0
-25.0
-70.0
-130.0
-207.0
-193.0
-191.0
-194.0
-175.0
-178.0
-181.0
-215.0
-213.0
-187.0
-184.0
-177.0
-202.0
-194.0
-169.0
-128.0
-121.0
-148.0
-179.0
-146.0
-146.0
-90.0
-95.0
-151.0
-165.0
-140.0
-116.0
-125.0
-80.0
-99.0
-153.0
-120.0
-134.0
-127.0
-107.0
-144.0
-131.0
-104.0
-109.0
-123.0
-78.0
-102.0
-115.0
-120.0
-109.0
-105.0
-115.0
-74.0
-71.0
-98.0
-99.0
-148.0
-121.0
-73.0
-93.0
-100.0
-101.0
-100.0
-117.0
-92.0
-103.0
-86.0
-42.0
-69.0
-50.0
-73.0
-60.0
-34.0
-20.0
14.0
-8.0
-8.0
-12.0
-34.0
-4.0
-8.0
-33.0
-67.0
-93.0
-44.0
-29.0
-19.0
-48.0
-48.0
-41.0
-56.0
-61.0
-31.0
-29.0
52.0
62.0
69.0
93.0
69.0
10.0
-11.0
-5.0
-61.0
-46.0
7.0
38.0
16.0
29.0
30.0
-6.0
10.0
23.0
16.0
7.0
53.0
32.0
48.0
38.0
-2.0
-28.0
7.0
39.0
28.0
36.0
35.0
3.0
15.0
10.0
31.0
33.0
-22.0
0.0
49.0
58.0
130.0
227.0
290.0
338.0
381.0
440.0
488.0
527.0
506.0
475.0
466.0
414.0
324.0
288.0
249.0
197.0
153.0
83.0
14.0
-11.0
7.0
-24.0
-55.0
-121.0
-138.0
-116.0
-202.0
-245.0
-201.0
-173.0
-207.0
-227.0
-203.0
-202.0
-215.0
-235.0
-215.0
-254.0
-235.0
-235.0
-258.0
-290.0
-277.0
-303.0
-275.0
-259.0
-233.0
-211.0
-252.0
-261.0
-257.0
-258.0
-243.0
-275.0
-267.0
-232.0
-192.0
-169.0
-135.0
-142.0
-177.0
-204.0
-199.0
-182.0
-188.0
-224.0
-211.0
-218.0
-194.0
-172.0
-138.0
-143.0
-160.0
-139.0
-140.0
-57.0
-33.0
11.0
78.0
121.0
142.0
191.0
296.0
322.0
351.0
344.0
361.0
363.0
309.0
314.0
319.0
251.0
197.0
174.0
124.0
51.0
27.0
-52.0
-94.0
-51.0
-83.0
-132.0
-122.0
-153.0
-174.0
-188.0
-159.0
-142.0
-197.0
-230.0
-187.0
-218.0
-203.0
-169.0
-148.0
-55.0
-24.0
35.0
101.0
178.0
171.0
194.0
173.0
91.0
48.0
37.0
53.0
-45.0
-75.0
-106.0
-160.0
-237.0
-228.0
-246.0
-253.0
-228.0
-252.0
-270.0
-244.0
-231.0
-278.0
-276.0
-221.0
-238.0
-279.0
-266.0
-247.0
-276.0
-305.0
-324.0
-271.0
-238.0
-225.0
-195.0
-210.0
-221.0
-236.0
-222.0
-288.0
-241.0
-200.0
-226.0
-265.0
-253.0
-230.0
-210.0
-196.0
-216.0
-203.0
-197.0
-135.0
-149.0
-93.0
-96.0
-102.0
-128.0
-149.0
-137.0
-113.0
-30.0
-22.0
68.0
153.0
196.0
265.0
309.0
340.0
360.0
395.0
385.0
374.0
394.0
339.0
272.0
232.0
129.0
116.0
60.0
9.0
-16.0
7.0
-53.0
-91.0
-102.0
-115.0
-90.0
-36.0
-92.0
-139.0
-133.0
-162.0
-158.0
-116.0
-167.0
-243.0
-233.0
-186.0
-134.0
-62.0
13.0
51.0
128.0
204.0
212.0
239.0
263.0
248.0
236.0
194.0
152.0
127.0
139.0
81.0
77.0
-2.0
-81.0
-115.0
-174.0
-156.0
-232.0
-216.0
-208.0
-197.0
-202.0
-180.0
-137.0
-154.0
-174.0
-139.0
-163.0
-155.0
-202.0
-244.0
-261.0
-320.0
-313.0
-330.0
-325.0
-273.0
-242.0
-243.0
-235.0
-254.0
-230.0
-224.0
-208.0
-174.0
-186.0
-169.0
-163.0
-117.0
-121.0
-143.0
-126.0
-119.0
-110.0
-127.0
-181.0
-177.0
-171.0
-220.0
-208.0
-140.0
-145.0
-121.0
-96.0
-98.0
-38.0
-35.0
-22.0
-39.0
-64.0
-49.0
-50.0
-59.0
-65.0
-74.0
-7.0
-11.0
-21.0
-60.0
-70.0
-44.0
-81.0
-106.0
-78.0
-86.0
-77.0
-56.0
-29.0
-30.0
-43.0
-76.0
-89.0
-91.0
-54.0
-68.0
-76.0
-54.0
-63.0
-89.0
-68.0
-59.0
-37.0
-33.0
-51.0
-67.0
-48.0
-16.0
-40.0
-29.0
-36.0
-50.0
-41.0
-63.0
-48.0
-52.0
-32.0
-20.0
-41.0
-50.0
16.0
40.0
46.0
7.0
-17.0
-35.0
-79.0
-64.0
-44.0
-7.0
-29.0
-38.0
-40.0
-40.0
-18.0
-34.0
-26.0
-13.0
1.0
8.0
6.0
-1.0
-9.0
-16.0
4.0
-35.0
-41.0
2.0
11.0
-32.0
-32.0
-53.0
-63.0
-16.0
-27.0
-43.0
-65.0
-93.0
-95.0
-100.0
-79.0
-60.0
-39.0
-18.0
-35.0
18.0
64.0
14.0
-42.0
-67.0
-103.0
-93.0
-67.0
-48.0
20.0
41.0
36.0
70.0
80.0
153.0
185.0
213.0
200.0
157.0
167.0
224.0
262.0
353.0
409.0
394.0
409.0
432.0
451.0
463.0
451.0
426.0
401.0
369.0
288.0
268.0
267.0
230.0
199.0
144.0
74.0
61.0
67.0
71.0
40.0
20.0
14.0
-33.0
-55.0
-60.0
-5.0
90.0
126.0
148.0
177.0
120.0
90.0
140.0
134.0
77.0
68.0
76.0
53.0
41.0
-6.0
-34.0
-91.0
-91.0
-85.0
-120.0
-145.0
-240.0
-320.0
-331.0
-301.0
-304.0
-317.0
-272.0
-274.0
-337.0
-335.0
-307.0
-312.0
-255.0
-216.0
-175.0
-134.0
-80.0
-34.0
10.0
30.0
15.0
16.0
75.0
80.0
82.0
83.0
82.0
64.0
46.0
42.0
26.0
-34.0
-34.0
-39.0
-78.0
-137.0
-154.0
-142.0
-114.0
-109.0
-114.0
-114.0
-107.0
-120.0
-118.0
-76.0
-12.0
20.0
42.0
59.0
72.0
44.0
14.0
17.0
48.0
51.0
72.0
-13.0
-39.0
-58.0
-103.0
-125.0
-137.0
-167.0
-195.0
-183.0
-229.0
-288.0
-297.0
-308.0
-294.0
-301.0
-263.0
-282.0
-308.0
-253.0
-238.0
-202.0
-167.0
-187.0
-218.0
-257.0
-277.0
-290.0
-290.0
-276.0
-299.0
-348.0
-387.0
-366.0
-369.0
-298.0
-307.0
-301.0
-326.0
-366.0
-295.0
-221.0
-193.0
-197.0
-186.0
-183.0
-219.0
-202.0
-241.0
-244.0
-248.0
-233.0
-243.0
-210.0
-181.0
-175.0
-159.0
-157.0
-145.0
-120.0
-143.0
-138.0
-126.0
-117.0
-127.0
-142.0
-109.0
-104.0
-84.0
-86.0
-112.0
-130.0
-153.0
-146.0
-144.0
-129.0
-69.0
-82.0
-90.0
-98.0
-86.0
-83.0
-51.0
-63.0
-59.0
-68.0
-90.0
-109.0
-124.0
-44.0
37.0
52.0
17.0
-27.0
-33.0
-49.0
-29.0
-26.0
-21.0
-51.0
-75.0
-37.0
27.0
17.0
-29.0
-37.0
-36.0
-53.0
-50.0
-6.0
-5.0
6.0
-22.0
-50.0
-48.0
-34.0
5.0
48.0
54.0
-11.0
-61.0
-27.0
-3.0
15.0
26.0
70.0
64.0
24.0
39.0
26.0
27.0
20.0
21.0
42.0
39.0
47.0
67.0
77.0
37.0
20.0
16.0
39.0
23.0
6.0
5.0
-40.0
-25.0
-15.0
-17.0
-32.0
-63.0
-40.0
-8.0
-21.0
-13.0
-18.0
-40.0
-10.0
20.0
-6.0
-53.0
6.0
17.0
-16.0
-24.0
2.0
54.0
56.0
68.0
82.0
94.0
80.0
63.0
27.0
38.0
2.0
33.0
68.0
79.0
71.0
97.0
107.0
61.0
37.0
23.0
24.0
44.0
51.0
103.0
93.0
4.0
-13.0
30.0
70.0
62.0
61.0
74.0
48.0
83.0
116.0
185.0
143.0
196.0
268.0
314.0
316.0
400.0
446.0
473.0
460.0
455.0
449.0
478.0
438.0
381.0
362.0
338.0
320.0
314.0
294.0
359.0
284.0
302.0
340.0
345.0
337.0
342.0
311.0
249.0
238.0
199.0
127.0
106.0
72.0
93.0
58.0
35.0
-8.0
-72.0
-142.0
-156.0
-183.0
-226.0
-279.0
-285.0
-246.0
-299.0
-343.0
-369.0
-371.0
-366.0
-341.0
-341.0
-308.0
-338.0
-342.0
-344.0
-391.0
-388.0
-386.0
-349.0
-333.0
-390.0
-385.0
-337.0
-308.0
-323.0
-314.0
-341.0
-343.0
-319.0
-270.0
-276.0
-266.0
-289.0
-274.0
-246.0
-235.0
-222.0
-242.0
-206.0
-207.0
-223.0
-199.0
-188.0
-163.0
-160.0
-147.0
-174.0
-193.0
-159.0
-188.0
-174.0
-160.0
-175.0
-156.0
-200.0
-193.0
-160.0
-200.0
-164.0
-167.0
-162.0
-133.0
-109.0
-75.0
-73.0
-67.0
-88.0
-145.0
-119.0
-73.0
-77.0
-79.0
-45.0
-46.0
-60.0
-93.0
-103.0
-130.0
-87.0
-88.0
-90.0
-119.0
-93.0
-97.0
-107.0
-103.0
-103.0
-82.0
-61.0
-63.0
-17.0
6.0
-3.0
-16.0
5.0
39.0
41.0
21.0
-4.0
22.0
75.0
58.0
7.0
-30.0
-82.0
-99.0
-48.0
-22.0
-17.0
-39.0
-59.0
-46.0
-3.0
-1.0
-18.0
-40.0
-41.0
-34.0
-5.0
-8.0
14.0
-31.0
-27.0
21.0
0.0
23.0
58.0
8.0
36.0
59.0
60.0
10.0
3.0
-1.0
-3.0
-12.0
8.0
31.0
59.0
24.0
7.0
66.0
84.0
129.0
155.0
152.0
183.0
240.0
289.0
346.0
424.0
461.0
502.0
431.0
408.0
434.0
486.0
494.0
484.0
453.0
389.0
331.0
313.0
278.0
246.0
258.0
249.0
273.0
260.0
229.0
268.0
239.0
232.0
223.0
163.0
194.0
160.0
191.0
223.0
181.0
146.0
105.0
143.0
98.0
89.0
75.0
50.0
70.0
52.0
38.0
34.0
16.0
-21.0
-26.0
21.0
22.0
12.0
10.0
17.0
-27.0
-49.0
-71.0
-83.0
-83.0
-130.0
-106.0
-105.0
-118.0
-141.0
-82.0
-127.0
-135.0
-78.0
-42.0
-100.0
-151.0
-152.0
-137.0
-148.0
-215.0
-211.0
-199.0
-237.0
-279.0
-305.0
-310.0
-308.0
-333.0
-306.0
-356.0
-347.0
-327.0
-405.0
-422.0
-442.0
-437.0
-399.0
-427.0
-422.0
-364.0
-373.0
-405.0
-399.0
-401.0
-356.0
-341.0
-348.0
-406.0
-410.0
-396.0
-349.0
-330.0
-308.0
-279.0
-282.0
-318.0
-331.0
-313.0
-310.0
-258.0
-285.0
-260.0
-213.0
-234.0
-221.0
-180.0
-185.0
-202.0
-209.0
-233.0
-208.0
-211.0
-229.0
-183.0
-162.0
-202.0
-208.0
-204.0
-159.0
-166.0
-174.0
-120.0
-134.0
-146.0
-138.0
-134.0
-96.0
-122.0
-113.0
-107.0
-137.0
-137.0
-120.0
-115.0
-99.0
-98.0
-120.0
-176.0
-134.0
-73.0
-88.0
-87.0
-55.0
-27.0
-46.0
-42.0
-24.0
-16.0
-6.0
-21.0
-90.0
-117.0
-140.0
-129.0
-55.0
-49.0
-92.0
-53.0
-58.0
-40.0
-13.0
-24.0
35.0
46.0
33.0
23.0
50.0
7.0
-2.0
-5.0
-57.0
-55.0
-64.0
-97.0
-59.0
-21.0
-24.0
2.0
-14.0
-28.0
-27.0
-21.0
11.0
31.0
43.0
16.0
57.0
106.0
121.0
149.0
100.0
18.0
5.0
49.0
56.0
101.0
124.0
99.0
120.0
101.0
48.0
118.0
228.0
297.0
334.0
390.0
379.0
400.0
464.0
483.0
449.0
435.0
381.0
400.0
400.0
364.0
391.0
374.0
319.0
297.0
300.0
262.0
225.0
187.0
118.0
97.0
69.0
69.0
24.0
-13.0
-82.0
-88.0
-91.0
-116.0
-114.0
-96.0
-148.0
-221.0
-193.0
-196.0
-214.0
-237.0
-210.0
-197.0
-185.0
-177.0
-152.0
-102.0
-67.0
-144.0
-206.0
-194.0
-229.0
-201.0
-149.0
-195.0
-234.0
-217.0
-239.0
-203.0
-159.0
-190.0
-147.0
-151.0
-183.0
-229.0
-219.0
-193.0
-158.0
-166.0
-162.0
-194.0
-219.0
-190.0
-156.0
-142.0
-125.0
-162.0
-143.0
-136.0
-141.0
-117.0
-22.0
-11.0
-109.0
-147.0
-155.0
-163.0
-168.0
-103.0
-118.0
-105.0
-134.0
-176.0
-153.0
-118.0
-123.0
-99.0
-102.0
-127.0
-143.0
-174.0
-167.0
-172.0
-169.0
-188.0
-184.0
-201.0
-135.0
-77.0
-72.0
-45.0
1.0
-37.0
-51.0
-42.0
-77.0
-29.0
30.0
7.0
-3.0
-1.0
6.0
13.0
-29.0
20.0
15.0
-14.0
-65.0
7.0
53.0
70.0
90.0
71.0
44.0
4.0
-1.0
31.0
64.0
74.0
70.0
50.0
13.0
23.0
2.0
14.0
35.0
-26.0
-28.0
-13.0
25.0
56.0
27.0
22.0
18.0
22.0
30.0
31.0
51.0
7.0
-38.0
-45.0
-27.0
-37.0
-51.0
14.0
34.0
-12.0
21.0
68.0
60.0
20.0
-12.0
-17.0
-10.0
67.0
88.0
98.0
80.0
4.0
-74.0
-28.0
7.0
-13.0
30.0
12.0
-45.0
-4.0
-39.0
-31.0
-18.0
-24.0
-11.0
-46.0
15.0
-14.0
-52.0
-29.0
-50.0
-92.0
-81.0
-73.0
-65.0
-22.0
-46.0
-59.0
-23.0
10.0
15.0
27.0
35.0
98.0
136.0
186.0
269.0
276.0
309.0
402.0
428.0
438.0
406.0
345.0
332.0
374.0
341.0
316.0
344.0
305.0
250.0
204.0
231.0
182.0
124.0
96.0
84.0
76.0
26.0
-4.0
23.0
19.0
-22.0
-47.0
-75.0
-70.0
-86.0
-86.0
-50.0
4.0
56.0
59.0
76.0
77.0
107.0
148.0
167.0
97.0
85.0
61.0
-1.0
-34.0
-36.0
-92.0
-156.0
-156.0
-161.0
-227.0
-256.0
-243.0
-218.0
-220.0
-227.0
-223.0
-295.0
-341.0
-370.0
-378.0
-302.0
-287.0
-303.0
-293.0
-261.0
-250.0
-259.0
-302.0
-328.0
-268.0
-298.0
-323.0
-267.0
-246.0
-294.0
-275.0
-239.0
-216.0
-250.0
-235.0
-218.0
-202.0
-203.0
-222.0
-229.0
-150.0
-177.0
-198.0
-163.0
-166.0
-161.0
-142.0
-138.0
-136.0
-86.0
-101.0
-167.0
-162.0
-114.0
-122.0
-184.0
-157.0
-127.0
-121.0
-154.0
-174.0
-160.0
-146.0
-121.0
-108.0
-96.0
-91.0
-105.0
-90.0
-78.0
-67.0
-49.0
-53.0
-62.0
-82.0
-95.0
-115.0
-58.0
-58.0
-127.0
-129.0
-112.0
-111.0
-42.0
-44.0
-36.0
-30.0
-8.0
-43.0
-64.0
-64.0
-50.0
-46.0
-71.0
-89.0
-92.0
-91.0
-70.0
-26.0
-40.0
-25.0
12.0
55.0
105.0
117.0
50.0
39.0
-28.0
-45.0
-64.0
-51.0
10.0
33.0
22.0
24.0
31.0
40.0
46.0
45.0
42.0
34.0
-6.0
-16.0
-24.0
19.0
7.0
30.0
17.0
31.0
34.0
56.0
62.0
34.0
2.0
-42.0
-55.0
-67.0
-84.0
-65.0
-53.0
-2.0
-2.0
10.0
22.0
-9.0
30.0
48.0
-6.0
-1.0
-30.0
-106.0
-61.0
-22.0
-4.0
53.0
72.0
83.0
62.0
64.0
7.0
18.0
63.0
-29.0
-16.0
6.0
26.0
43.0
51.0
40.0
-2.0
-4.0
37.0
79.0
71.0
72.0
87.0
77.0
87.0
112.0
98.0
42.0
16.0
46.0
58.0
96.0
91.0
70.0
80.0
76.0
62.0
63.0
56.0
76.0
44.0
10.0
71.0
79.0
79.0
52.0
24.0
-42.0
-80.0
-58.0
6.0
37.0
64.0
36.0
-27.0
-26.0
-8.0
-1.0
26.0
60.0
81.0
69.0
40.0
22.0
46.0
51.0
56.0
59.0
49.0
31.0
-34.0
-5.0
43.0
60.0
14.0
41.0
38.0
73.0
90.0
79.0
91.0
102.0
71.0
65.0
7.0
7.0
0.0
6.0
43.0
18.0
33.0
18.0
2.0
29.0
67.0
79.0
53.0
69.0
34.0
-53.0
-39.0
-11.0
77.0
105.0
112.0
119.0
77.0
30.0
12.0
29.0
15.0
7.0
-26.0
-45.0
-47.0
4.0
63.0
46.0
40.0
40.0
23.0
51.0
62.0
12.0
-20.0
-37.0
-45.0
-28.0
-4.0
25.0
1.0
-40.0
-50.0
-37.0
2.0
-14.0
59.0
43.0
25.0
43.0
10.0
1.0
-47.0
-45.0
-5.0
-51.0
-36.0
4.0
59.0
77.0
77.0
107.0
92.0
65.0
34.0
58.0
-3.0
-77.0
-83.0
-36.0
-4.0
1.0
5.0
58.0
55.0
1.0
12.0
66.0
79.0
61.0
49.0
39.0
49.0
14.0
54.0
88.0
131.0
162.0
209.0
223.0
277.0
324.0
335.0
399.0
472.0
399.0
363.0
364.0
346.0
267.0
290.0
280.0
217.0
234.0
227.0
235.0
252.0
233.0
192.0
206.0
145.0
135.0
145.0
137.0
59.0
13.0
14.0
-65.0
-61.0
-125.0
-124.0
-114.0
-191.0
-215.0
-193.0
-232.0
-285.0
-262.0
-276.0
-296.0
-301.0
-320.0
-295.0
-350.0
-361.0
-362.0
-345.0
-284.0
-273.0
-260.0
-233.0
-224.0
-236.0
-245.0
-240.0
-194.0
-197.0
-246.0
-278.0
-243.0
-260.0
-234.0
-241.0
-282.0
-236.0
-221.0
-212.0
-231.0
-233.0
-239.0
-219.0
-162.0
-196.0
-183.0
-169.0
-225.0
-231.0
-192.0
-158.0
-147.0
-159.0
-195.0
-198.0
-158.0
-153.0
-114.0
-130.0
-180.0
-207.0
-211.0
-178.0
-168.0
-130.0
-112.0
-133.0
-93.0
-83.0
-69.0
-64.0
-62.0
-31.0
-18.0
-43.0
-54.0
-5.0
39.0
139.0
154.0
125.0
175.0
216.0
228.0
295.0
294.0
293.0
323.0
308.0
267.0
264.0
233.0
191.0
167.0
149.0
127.0
125.0
87.0
77.0
72.0
15.0
-46.0
-40.0
-65.0
-82.0
-121.0
-112.0
-69.0
-80.0
-110.0
-91.0
-135.0
-128.0
-129.0
-136.0
-139.0
-129.0
-112.0
-97.0
-74.0
-89.0
-70.0
-54.0
-73.0
-105.0
-105.0
-128.0
-126.0
-136.0
-146.0
-139.0
-106.0
-125.0
-100.0
-103.0
-138.0
-149.0
-126.0
-90.0
-137.0
-128.0
-137.0
-122.0
-54.0
-48.0
-78.0
-69.0
-80.0
-99.0
-117.0
-118.0
-95.0
-72.0
-52.0
-82.0
-103.0
-105.0
-110.0
-60.0
-45.0
-18.0
6.0
-16.0
-62.0
-40.0
-54.0
-25.0
-27.0
-24.0
-40.0
-48.0
-15.0
-8.0
-40.0
-21.0
-45.0
-73.0
-24.0
-53.0
-70.0
-67.0
-22.0
7.0
18.0
17.0
18.0
42.0
36.0
-1.0
-6.0
7.0
34.0
47.0
66.0
-13.0
-2.0
60.0
47.0
99.0
89.0
80.0
70.0
62.0
60.0
74.0
100.0
90.0
134.0
163.0
138.0
121.0
135.0
148.0
97.0
131.0
161.0
188.0
164.0
138.0
89.0
23.0
25.0
39.0
69.0
76.0
103.0
102.0
126.0
137.0
115.0
89.0
134.0
143.0
141.0
199.0
166.0
157.0
187.0
200.0
220.0
216.0
269.0
248.0
299.0
218.0
181.0
155.0
176.0
151.0
111.0
126.0
180.0
155.0
161.0
169.0
131.0
139.0
117.0
92.0
73.0
86.0
155.0
101.0
34.0
-1.0
-41.0
-53.0
-26.0
-46.0
-80.0
-71.0
-104.0
-135.0
-92.0
-75.0
-125.0
-167.0
-194.0
-232.0
-274.0
-270.0
-304.0
-310.0
-265.0
-261.0
-281.0
-272.0
-293.0
-277.0
-245.0
-233.0
-229.0
-250.0
-246.0
-242.0
-250.0
-239.0
-253.0
-247.0
-209.0
-243.0
-266.0
-222.0
-241.0
-202.0
-139.0
-126.0
-163.0
-175.0
-167.0
-133.0
-120.0
-174.0
-213.0
-237.0
-226.0
-174.0
-152.0
-136.0
-137.0
-102.0
-145.0
-176.0
-148.0
-136.0
-144.0
-134.0
-138.0
-126.0
-135.0
-147.0
-80.0
-67.0
-82.0
-86.0
-132.0
-117.0
-106.0
-106.0
-160.0
-148.0
-122.0
-107.0
-86.0
-69.0
-39.0
-33.0
-34.0
-37.0
8.0
-14.0
-13.0
-53.0
-72.0
-67.0
-91.0
-57.0
-26.0
-29.0
2.0
-15.0
-11.0
-24.0
30.0
73.0
76.0
52.0
50.0
2.0
-5.0
30.0
54.0
54.0
25.0
-10.0
25.0
12.0
-2.0
1.0
57.0
58.0
43.0
0.0
-25.0
5.0
29.0
32.0
2.0
15.0
42.0
-4.0
-21.0
-20.0
-35.0
2.0
15.0
0.0
-10.0
38.0
79.0
54.0
58.0
69.0
87.0
152.0
185.0
168.0
122.0
89.0
39.0
57.0
74.0
72.0
93.0
88.0
61.0
56.0
95.0
133.0
124.0
155.0
197.0
173.0
162.0
175.0
205.0
208.0
188.0
172.0
156.0
167.0
206.0
243.0
273.0
263.0
193.0
209.0
191.0
182.0
204.0
186.0
136.0
124.0
131.0
152.0
169.0
201.0
194.0
200.0
197.0
147.0
71.0
67.0
100.0
80.0
74.0
56.0
50.0
31.0
32.0
73.0
61.0
43.0
49.0
78.0
90.0
40.0
58.0
121.0
115.0
45.0
8.0
25.0
89.0
96.0
89.0
81.0
42.0
35.0
36.0
26.0
24.0
6.0
-2.0
15.0
56.0
79.0
59.0
23.0
29.0
29.0
35.0
73.0
133.0
33.0
-18.0
-79.0
-100.0
-51.0
-7.0
14.0
-6.0
4.0
-44.0
-67.0
10.0
-13.0
-41.0
-31.0
14.0
20.0
-3.0
-41.0
-26.0
-8.0
-42.0
-24.0
-69.0
-43.0
-2.0
-43.0
-31.0
-46.0
-51.0
-20.0
9.0
33.0
2.0
-21.0
-63.0
-122.0
-81.0
-96.0
-136.0
-108.0
-57.0
-86.0
-105.0
-99.0
-39.0
-32.0
-51.0
-62.0
-86.0
-92.0
-87.0
-155.0
-212.0
-208.0
-147.0
-139.0
-183.0
-142.0
-77.0
-110.0
-149.0
-130.0
-97.0
-100.0
-87.0
-78.0
-124.0
-141.0
-117.0
-102.0
-102.0
-84.0
-64.0
-130.0
-125.0
-131.0
-108.0
-42.0
-87.0
-67.0
-68.0
-106.0
-93.0
-97.0
-134.0
-147.0
-155.0
-169.0
-187.0
-233.0
-211.0
-222.0
-216.0
-158.0
-188.0
-199.0
-210.0
-172.0
-136.0
-79.0
-32.0
-58.0
-144.0
-180.0
-163.0
-127.0
-142.0
-171.0
-219.0
-180.0
-138.0
-165.0
-140.0
-145.0
-192.0
-156.0
-135.0
-151.0
-174.0
-160.0
-147.0
-111.0
-142.0
-149.0
-163.0
-144.0
-147.0
-193.0
-162.0
-152.0
-161.0
-164.0
-127.0
-99.0
-100.0
-141.0
-167.0
-150.0
-108.0
-109.0
-112.0
-139.0
-174.0
-166.0
-178.0
-171.0
-141.0
-89.0
-79.0
-88.0
-109.0
-136.0
-143.0
-163.0
-151.0
-132.0
-153.0
-128.0
-116.0
-125.0
-107.0
-78.0
-69.0
-97.0
-106.0
-95.0
-74.0
-62.0
-50.0
-63.0
-61.0
-17.0
-40.0
-55.0
-72.0
-47.0
-62.0
-60.0
-20.0
-8.0
-6.0
-10.0
-39.0
-11.0
7.0
-17.0
16.0
1.0
-31.0
-41.0
-40.0
-42.0
-20.0
-37.0
33.0
53.0
25.0
3.0
-7.0
18.0
26.0
-6.0
-36.0
-31.0
-27.0
5.0
-8.0
6.0
27.0
32.0
59.0
96.0
145.0
132.0
149.0
161.0
157.0
163.0
211.0
281.0
210.0
235.0
227.0
238.0
260.0
301.0
291.0
298.0
323.0
327.0
294.0
241.0
208.0
227.0
205.0
128.0
142.0
128.0
71.0
29.0
62.0
43.0
22.0
15.0
0.0
-13.0
-21.0
-35.0
-11.0
-8.0
-55.0
-72.0
-78.0
-75.0
-61.0
-57.0
-85.0
-84.0
-95.0
-88.0
-91.0
-86.0
-121.0
-188.0
-121.0
-88.0
-91.0
-28.0
-60.0
-114.0
-128.0
-109.0
-115.0
-86.0
-40.0
-68.0
-71.0
-89.0
-130.0
-105.0
-81.0
-55.0
-32.0
-23.0
-21.0
-35.0
-44.0
-15.0
-30.0
-24.0
15.0
5.0
-35.0
-68.0
-67.0
-54.0
-14.0
-10.0
-43.0
-33.0
-45.0
-39.0
-21.0
27.0
9.0
-48.0
-31.0
-12.0
-21.0
-14.0
-41.0
-41.0
-24.0
-8.0
31.0
85.0
43.0
32.0
21.0
3.0
25.0
44.0
54.0
83.0
129.0
97.0
78.0
139.0
191.0
205.0
249.0
290.0
260.0
265.0
272.0
268.0
248.0
243.0
271.0
299.0
255.0
249.0
232.0
170.0
178.0
214.0
175.0
192.0
146.0
113.0
119.0
54.0
46.0
90.0
51.0
-21.0
-25.0
-43.0
-42.0
-47.0
-16.0
-20.0
-74.0
-93.0
-44.0
-34.0
-9.0
23.0
-13.0
24.0
38.0
16.0
35.0
52.0
109.0
65.0
67.0
27.0
68.0
113.0
84.0
105.0
156.0
164.0
98.0
49.0
51.0
36.0
21.0
47.0
51.0
57.0
-8.0
-3.0
-50.0
-79.0
-112.0
-149.0
-125.0
-120.0
-131.0
-147.0
-109.0
-150.0
-153.0
-162.0
-121.0
-156.0
-215.0
-174.0
-161.0
-154.0
-125.0
-137.0
-108.0
-136.0
-169.0
-144.0
-152.0
-176.0
-195.0
-219.0
-227.0
-181.0
-166.0
-162.0
-144.0
-144.0
-131.0
-127.0
-99.0
-98.0
-102.0
-114.0
-112.0
-142.0
-135.0
-127.0
-139.0
-152.0
-169.0
-160.0
-129.0
-85.0
-112.0
-121.0
-121.0
-133.0
-136.0
-128.0
-111.0
-138.0
-157.0
-131.0
-109.0
-146.0
-127.0
-108.0
-116.0
-105.0
-124.0
-84.0
-108.0
-118.0
-124.0
-147.0
-121.0
-143.0
-160.0
-142.0
-127.0
-166.0
-140.0
-100.0
-166.0
-181.0
-168.0
-107.0
-6.0
-9.0
-65.0
-127.0
-167.0
-154.0
-77.0
-69.0
-111.0
-113.0
-115.0
-136.0
-175.0
-144.0
-126.0
-79.0
-67.0
-73.0
-16.0
-29.0
-67.0
-55.0
-50.0
-26.0
-80.0
-67.0
-106.0
-87.0
-32.0
-55.0
-62.0
-34.0
-43.0
-65.0
-65.0
-25.0
-27.0
-52.0
-86.0
-46.0
-41.0
-28.0
-65.0
-30.0
10.0
7.0
35.0
40.0
-22.0
-30.0
-27.0
-30.0
-16.0
-65.0
-60.0
57.0
-16.0
-26.0
67.0
74.0
102.0
203.0
252.0
306.0
308.0
286.0
339.0
333.0
250.0
254.0
258.0
231.0
219.0
189.0
133.0
130.0
90.0
31.0
16.0
-14.0
-29.0
-59.0
-27.0
-19.0
-42.0
-53.0
-29.0
-16.0
-63.0
-55.0
-40.0
-64.0
-60.0
-22.0
-46.0
-17.0
1.0
-10.0
-76.0
-140.0
-118.0
-107.0
-133.0
-54.0
-47.0
-62.0
-8.0
-11.0
-37.0
-67.0
-12.0
-21.0
-9.0
-22.0
-51.0
9.0
-10.0
-26.0
-4.0
-12.0
14.0
11.0
2.0
-7.0
5.0
-6.0
-2.0
18.0
83.0
37.0
-13.0
20.0
-20.0
-15.0
13.0
-15.0
1.0
26.0
-6.0
18.0
20.0
-20.0
-72.0
-18.0
-3.0
-24.0
-43.0
-32.0
-21.0
-3.0
-17.0
-32.0
4.0
8.0
-5.0
-29.0
-10.0
17.0
13.0
-32.0
-24.0
6.0
-5.0
20.0
15.0
-49.0
-20.0
12.0
15.0
23.0
2.0
-22.0
-9.0
-5.0
33.0
50.0
67.0
61.0
18.0
41.0
10.0
-5.0
2.0
42.0
44.0
12.0
19.0
-8.0
-8.0
14.0
53.0
50.0
82.0
88.0
68.0
21.0
-50.0
-26.0
6.0
31.0
10.0
-1.0
42.0
42.0
-14.0
-21.0
11.0
-9.0
-6.0
3.0
7.0
14.0
-11.0
-30.0
3.0
8.0
-23.0
-36.0
-32.0
-38.0
-61.0
-38.0
-20.0
5.0
28.0
-23.0
-46.0
-35.0
-6.0
-5.0
-20.0
-25.0
-16.0
-27.0
-55.0
-60.0
-35.0
-31.0
-45.0
-24.0
-31.0
-27.0
-7.0
26.0
94.0
207.0
256.0
291.0
348.0
395.0
450.0
433.0
472.0
461.0
416.0
381.0
324.0
357.0
300.0
187.0
130.0
110.0
46.0
35.0
-16.0
-56.0
-67.0
-108.0
-161.0
-135.0
-159.0
-211.0
-227.0
-244.0
-239.0
-235.0
-235.0
-225.0
-273.0
-271.0
-292.0
-259.0
-268.0
-260.0
-256.0
-284.0
-251.0
-200.0
-182.0
-163.0
-196.0
-233.0
-242.0
-239.0
-211.0
-204.0
-201.0
-179.0
-166.0
-180.0
-192.0
-189.0
-180.0
-184.0
-120.0
-105.0
-112.0
-132.0
-100.0
-119.0
-165.0
-158.0
-104.0
-121.0
-123.0
-133.0
-137.0
-131.0
-126.0
-105.0
-116.0
-109.0
-78.0
-87.0
-52.0
-86.0
-109.0
-56.0
-81.0
-100.0
-112.0
-133.0
-83.0
-110.0
-140.0
-108.0
-60.0
-24.0
-35.0
-64.0
-105.0
-88.0
-79.0
-84.0
-60.0
-59.0
-70.0
-125.0
-112.0
-91.0
-67.0
-52.0
-82.0
-100.0
-104.0
-93.0
-41.0
-25.0
-5.0
25.0
99.0
134.0
199.0
287.0
407.0
451.0
416.0
412.0
417.0
364.0
322.0
286.0
251.0
210.0
171.0
127.0
93.0
62.0
-17.0
-47.0
-102.0
-120.0
-82.0
-67.0
-67.0
-142.0
-193.0
-212.0
-253.0
-234.0
-249.0
-218.0
-222.0
-218.0
-187.0
-169.0
-231.0
-211.0
-146.0
-184.0
-228.0
-225.0
-227.0
-237.0
-249.0
-231.0
-210.0
-218.0
-221.0
-228.0
-219.0
-197.0
-191.0
-199.0
-210.0
-184.0
-181.0
-167.0
-147.0
-145.0
-184.0
-140.0
-115.0
-133.0
-119.0
-97.0
-117.0
-177.0
-151.0
-139.0
-124.0
-100.0
-71.0
-91.0
-87.0
-63.0
-71.0
-87.0
-104.0
-139.0
-173.0
-168.0
-118.0
-142.0
-101.0
-86.0
-137.0
-73.0
-87.0
-83.0
-104.0
-131.0
-110.0
-75.0
-100.0
-115.0
-110.0
-91.0
-103.0
-102.0
-42.0
-49.0
-82.0
-83.0
-94.0
-130.0
-131.0
-99.0
-93.0
-75.0
-115.0
-135.0
-115.0
-87.0
-87.0
-132.0
-109.0
-50.0
-14.0
-5.0
-46.0
-71.0
-79.0
-74.0
-23.0
-27.0
-31.0
-54.0
-78.0
-69.0
-39.0
-50.0
-50.0
-51.0
-73.0
-76.0
-60.0
-5.0
31.0
6.0
59.0
117.0
206.0
299.0
331.0
409.0
430.0
378.0
378.0
449.0
412.0
351.0
309.0
297.0
236.0
144.0
67.0
40.0
8.0
-9.0
-63.0
-115.0
-117.0
-160.0
-176.0
-195.0
-183.0
-165.0
-193.0
-183.0
-196.0
-204.0
-203.0
-187.0
-222.0
-221.0
-215.0
-230.0
-220.0
-250.0
-275.0
-230.0
-248.0
-230.0
-210.0
-215.0
-212.0
-215.0
-232.0
-243.0
-243.0
-238.0
-210.0
-205.0
-197.0
-201.0
-206.0
-180.0
-208.0
-195.0
-176.0
-141.0
-161.0
-164.0
-121.0
-86.0
-106.0
-124.0
-161.0
-132.0
-119.0
-154.0
-171.0
-134.0
-141.0
-127.0
-88.0
-146.0
-145.0
-119.0
-137.0
-140.0
-120.0
-95.0
-30.0
-26.0
-74.0
-72.0
-33.0
-63.0
-74.0
-97.0
-119.0
-108.0
-101.0
-59.0
-60.0
-83.0
-88.0
-79.0
-118.0
-67.0
-68.0
-80.0
-125.0
-124.0
-73.0
-58.0
-26.0
-25.0
-42.0
-53.0
-101.0
-102.0
-43.0
-46.0
-33.0
-51.0
-78.0
-98.0
-96.0
-65.0
-6.0
-15.0
0.0
-17.0
-70.0
-133.0
-134.0
-61.0
-29.0
1.0
-21.0
-45.0
-37.0
-74.0
-51.0
-92.0
-55.0
-55.0
-67.0
-45.0
1.0
-17.0
-42.0
-47.0
-26.0
-40.0
-43.0
-48.0
-46.0
-50.0
-72.0
-23.0
-57.0
-36.0
3.0
-18.0
-64.0
-79.0
-73.0
-117.0
-104.0
-65.0
-77.0
-128.0
-102.0
-82.0
-49.0
-5.0
35.0
62.0
-18.0
-121.0
-140.0
-54.0
-33.0
-123.0
-86.0
-32.0
-23.0
-33.0
-67.0
-29.0
-57.0
-95.0
-68.0
-32.0
-22.0
-7.0
-59.0
-96.0
-52.0
-52.0
-60.0
-46.0
-58.0
-38.0
-118.0
-89.0
-7.0
-31.0
-29.0
5.0
-27.0
25.0
18.0
7.0
2.0
-12.0
-26.0
-40.0
-45.0
-31.0
-81.0
-60.0
-40.0
-56.0
-71.0
-42.0
-53.0
-40.0
-64.0
-53.0
-58.0
-8.0
21.0
58.0
67.0
174.0
248.0
286.0
332.0
341.0
407.0
441.0
472.0
487.0
482.0
420.0
380.0
286.0
219.0
213.0
138.0
117.0
120.0
39.0
-23.0
-60.0
-70.0
-112.0
-134.0
-117.0
-171.0
-204.0
-213.0
-267.0
-271.0
-215.0
-200.0
-227.0
-250.0
-225.0
-219.0
-188.0
-187.0
-231.0
-233.0
-279.0
-308.0
-277.0
-295.0
-296.0
-276.0
-232.0
-241.0
-251.0
-244.0
-233.0
-249.0
-209.0
-218.0
-196.0
-165.0
-187.0
-191.0
-164.0
-163.0
-185.0
-179.0
-160.0
-204.0
-206.0
-172.0
-119.0
-124.0
-128.0
-136.0
-153.0
-156.0
-154.0
-98.0
-100.0
-143.0
-98.0
-53.0
-74.0
-127.0
-89.0
-57.0
-36.0
-20.0
-33.0
-126.0
-124.0
-111.0
-144.0
-135.0
-148.0
-186.0
-168.0
-148.0
-102.0
-74.0
-79.0
-54.0
-67.0
-72.0
-27.0
-17.0
-40.0
-54.0
-42.0
-57.0
-77.0
-76.0
-87.0
-77.0
-12.0
60.0
23.0
-14.0
-10.0
-42.0
-53.0
-76.0
-73.0
-44.0
-42.0
-63.0
-104.0
-44.0
1.0
18.0
-3.0
-18.0
-45.0
-52.0
-8.0
30.0
28.0
21.0
7.0
-17.0
-68.0
-52.0
-61.0
-61.0
-88.0
-99.0
-74.0
-35.0
-55.0
-44.0
-43.0
-32.0
-9.0
53.0
28.0
33.0
16.0
-29.0
-42.0
-50.0
-9.0
-17.0
-18.0
-27.0
-23.0
-35.0
-12.0
-22.0
-46.0
25.0
-10.0
-13.0
10.0
3.0
6.0
-14.0
-20.0
-22.0
-10.0
-12.0
-42.0
-73.0
-41.0
-61.0
-32.0
-21.0
-6.0
-25.0
-25.0
-11.0
-40.0
-35.0
-56.0
-63.0
-25.0
-54.0
-72.0
-57.0
-15.0
6.0
-53.0
-58.0
-35.0
-71.0
-27.0
-10.0
-12.0
-13.0
17.0
-40.0
-72.0
-45.0
-7.0
23.0
-16.0
5.0
10.0
-68.0
-73.0
-68.0
-32.0
-34.0
-93.0
-40.0
-24.0
-55.0
-81.0
-67.0
-50.0
-54.0
-4.0
-1.0
50.0
-4.0
-30.0
-46.0
-47.0
-7.0
-62.0
-89.0
-30.0
-21.0
-45.0
-87.0
-72.0
-82.0
-91.0
-70.0
-72.0
-66.0
-7.0
-28.0
-56.0
-15.0
-3.0
-26.0
-28.0
9.0
37.0
-20.0
-38.0
2.0
-76.0
-45.0
-11.0
-37.0
-36.0
5.0
-61.0
-48.0
-6.0
-11.0
-19.0
-31.0
-71.0
-86.0
-63.0
-10.0
-19.0
25.0
74.0
182.0
260.0
318.0
363.0
408.0
451.0
476.0
501.0
388.0
329.0
268.0
216.0
186.0
142.0
87.0
35.0
29.0
-24.0
-79.0
-93.0
-149.0
-178.0
-167.0
-168.0
-195.0
-172.0
-197.0
-233.0
-204.0
-215.0
-209.0
-197.0
-184.0
-156.0
-166.0
-163.0
-199.0
-229.0
-193.0
-192.0
-225.0
-235.0
-259.0
-217.0
-195.0
-192.0
-181.0
-199.0
-260.0
-237.0
-164.0
-144.0
-158.0
-129.0
-130.0
-147.0
-107.0
-108.0
-148.0
-117.0
-84.0
-87.0
-133.0
-136.0
-117.0
-130.0
-116.0
-131.0
-118.0
-133.0
-120.0
-124.0
-124.0
-82.0
-93.0
-99.0
-98.0
-145.0
-163.0
-117.0
-143.0
-155.0
-130.0
-98.0
-100.0
-91.0
-57.0
-98.0
-108.0
-103.0
-139.0
-163.0
-142.0
-139.0
-110.0
-99.0
-111.0
-122.0
-130.0
-140.0
-136.0
-121.0
-83.0
-74.0
-80.0
-66.0
-111.0
-98.0
-78.0
-81.0
-37.0
-31.0
-20.0
-69.0
-83.0
-51.0
-32.0
-59.0
-35.0
-17.0
-22.0
4.0
-16.0
-27.0
-8.0
-44.0
-50.0
-46.0
-35.0
-51.0
-50.0
-59.0
-68.0
-53.0
-37.0
-66.0
-40.0
13.0
7.0
37.0
58.0
9.0
1.0
-51.0
-29.0
-76.0
-87.0
-43.0
9.0
27.0
-39.0
-49.0
-63.0
-43.0
-54.0
-68.0
-68.0
-27.0
-29.0
-38.0
-77.0
-49.0
-31.0
-63.0
-81.0
-70.0
-50.0
-66.0
-65.0
-55.0
-55.0
-23.0
-20.0
4.0
-11.0
-42.0
-65.0
-31.0
-20.0
-17.0
-17.0
-20.0
-22.0
-34.0
-23.0
-21.0
-62.0
-96.0
-96.0
-95.0
-76.0
-92.0
-79.0
-72.0
-89.0
-44.0
-19.0
-32.0
-22.0
-8.0
-30.0
-35.0
-29.0
5.0
30.0
0.0
12.0
42.0
24.0
-39.0
-64.0
-55.0
-13.0
-18.0
-5.0
27.0
80.0
159.0
231.0
323.0
433.0
493.0
538.0
510.0
479.0
444.0
441.0
460.0
391.0
318.0
252.0
192.0
103.0
114.0
113.0
55.0
51.0
-11.0
-123.0
-140.0
-164.0
-188.0
-209.0
-209.0
-210.0
-197.0
-181.0
-220.0
-260.0
-294.0
-284.0
-298.0
-293.0
-257.0
-237.0
-266.0
-259.0
-222.0
-204.0
-203.0
-238.0
-234.0
-246.0
-276.0
-251.0
-263.0
-261.0
-219.0
-234.0
-248.0
-212.0
-199.0
-206.0
-197.0
-188.0
-118.0
-189.0
-157.0
-138.0
-158.0
-173.0
-177.0
-157.0
-126.0
-137.0
-163.0
-147.0
-144.0
-142.0
-131.0
-128.0
-130.0
-98.0
-80.0
-105.0
-155.0
-127.0
-117.0
-125.0
-120.0
-127.0
-122.0
-173.0
-155.0
-149.0
-161.0
-138.0
-182.0
-170.0
-145.0
-185.0
-131.0
-79.0
-114.0
-89.0
-103.0
-92.0
-52.0
-71.0
-79.0
-102.0
-72.0
-111.0
-86.0
-73.0
-124.0
-166.0
-193.0
-215.0
-214.0
-135.0
-114.0
-27.0
33.0
-80.0
-133.0
-146.0
-148.0
-95.0
-56.0
-86.0
-142.0
-107.0
-91.0
-76.0
-90.0
-105.0
-99.0
-121.0
-112.0
-134.0
-111.0
-98.0
-100.0
-111.0
-75.0
-84.0
-126.0
-56.0
-37.0
-17.0
-8.0
-47.0
-72.0
-99.0
-118.0
-88.0
-107.0
-96.0
-78.0
-100.0
-105.0
-97.0
-139.0
-177.0
-168.0
-171.0
-166.0
-120.0
-130.0
-116.0
-119.0
-107.0
-73.0
-110.0
-125.0
-103.0
-88.0
-92.0
-115.0
-95.0
-103.0
-55.0
-46.0
-73.0
-51.0
-53.0
-61.0
-79.0
-76.0
-52.0
-17.0
-55.0
-73.0
-70.0
-97.0
-66.0
-60.0
-74.0
-55.0
-43.0
-60.0
-86.0
-106.0
-79.0
-59.0
-71.0
-73.0
-102.0
-100.0
-108.0
-89.0
-63.0
-92.0
-87.0
-89.0
-101.0
-71.0
-18.0
-8.0
-1.0
-21.0
-35.0
-94.0
-20.0
-30.0
-39.0
-33.0
-57.0
-56.0
3.0
33.0
36.0
46.0
42.0
33.0
43.0
7.0
10.0
34.0
38.0
64.0
35.0
45.0
60.0
88.0
70.0
37.0
23.0
7.0
-4.0
1.0
-53.0
-54.0
-31.0
-19.0
2.0
-41.0
-76.0
-42.0
10.0
-40.0
-78.0
-54.0
-26.0
-24.0
30.0
13.0
-34.0
-19.0
-39.0
-77.0
-65.0
-46.0
-63.0
-62.0
-84.0
-83.0
-91.0
-100.0
-90.0
-51.0
-37.0
-40.0
-71.0
-84.0
-34.0
-57.0
-70.0
-32.0
-14.0
-50.0
-64.0
-29.0
-5.0
-65.0
-84.0
-70.0
-37.0
-8.0
21.0
10.0
47.0
-20.0
-49.0
-39.0
-60.0
-67.0
-68.0
-68.0
-52.0
-57.0
-64.0
-68.0
-32.0
34.0
33.0
34.0
-7.0
-78.0
-90.0
-45.0
-14.0
-9.0
-20.0
-53.0
-34.0
-31.0
-28.0
-12.0
11.0
12.0
-13.0
-37.0
-21.0
-18.0
16.0
3.0
-33.0
-16.0
-41.0
-28.0
4.0
2.0
21.0
16.0
-25.0
-10.0
31.0
1.0
24.0
-6.0
-55.0
-22.0
-14.0
-20.0
-5.0
-42.0
-52.0
-60.0
-59.0
-41.0
-50.0
-37.0
3.0
-22.0
13.0
25.0
29.0
-14.0
-48.0
-13.0
2.0
21.0
80.0
87.0
128.0
234.0
271.0
368.0
406.0
437.0
472.0
481.0
482.0
464.0
428.0
364.0
379.0
333.0
281.0
276.0
243.0
194.0
124.0
46.0
10.0
-20.0
-83.0
-140.0
-149.0
-202.0
-173.0
-204.0
-246.0
-250.0
-213.0
-273.0
-256.0
-305.0
-335.0
-273.0
-211.0
-177.0
-212.0
-262.0
-301.0
-284.0
-209.0
-194.0
-196.0
-188.0
-176.0
-173.0
-169.0
-179.0
-221.0
-212.0
-210.0
-214.0
-214.0
-229.0
-223.0
-243.0
-241.0
-238.0
-212.0
-188.0
-176.0
-180.0
-174.0
-168.0
-197.0
-238.0
-201.0
-112.0
-103.0
-124.0
-123.0
-126.0
-117.0
-100.0
-61.0
-108.0
-185.0
-181.0
-153.0
-135.0
-102.0
-154.0
-161.0
-147.0
-208.0
-156.0
-102.0
-108.0
-108.0
-133.0
-177.0
-167.0
-154.0
-143.0
-128.0
-124.0
-135.0
-163.0
-166.0
-191.0
-154.0
-106.0
-93.0
-93.0
-70.0
-71.0
-72.0
-58.0
-57.0
-65.0
-84.0
-89.0
-126.0
-140.0
-142.0
-160.0
-164.0
-146.0
-153.0
-150.0
-104.0
-92.0
-25.0
-53.0
-79.0
-72.0
-79.0
-115.0
-148.0
-104.0
-70.0
-68.0
-39.0
-110.0
-155.0
-139.0
-109.0
-131.0
-134.0
-143.0
-95.0
-44.0
-5.0
24.0
10.0
-36.0
-71.0
-67.0
-49.0
-5.0
-24.0
-6.0
-30.0
-50.0
-54.0
-58.0
-71.0
-119.0
-98.0
-63.0
-42.0
-46.0
-62.0
-66.0
-57.0
-31.0
-30.0
-22.0
-56.0
-81.0
-110.0
-126.0
-87.0
-78.0
-107.0
-111.0
-82.0
-26.0
-49.0
-89.0
-83.0
-89.0
-103.0
-64.0
-29.0
-72.0
-10.0
21.0
20.0
-87.0
-101.0
-75.0
-67.0
-76.0
-77.0
-102.0
-72.0
-52.0
-81.0
-65.0
-40.0
-67.0
-79.0
-28.0
-6.0
-12.0
-34.0
-80.0
-87.0
-36.0
-21.0
-61.0
-64.0
-64.0
-53.0
-60.0
-63.0
-85.0
-53.0
-35.0
-18.0
-12.0
-37.0
8.0
71.0
80.0
83.0
67.0
54.0
101.0
199.0
291.0
337.0
332.0
370.0
438.0
440.0
473.0
420.0
364.0
298.0
272.0
301.0
237.0
180.0
117.0
84.0
70.0
11.0
-25.0
12.0
-79.0
-94.0
-55.0
-101.0
-204.0
-220.0
-199.0
-199.0
-210.0
-216.0
-196.0
-229.0
-253.0
-268.0
-296.0
-305.0
-278.0
-281.0
-258.0
-263.0
-237.0
-215.0
-261.0
-281.0
-247.0
-227.0
-217.0
-203.0
-184.0
-187.0
-199.0
-203.0
-164.0
-150.0
-247.0
-228.0
-153.0
-194.0
-189.0
-173.0
-164.0
-194.0
-195.0
-183.0
-186.0
-186.0
-180.0
-171.0
-147.0
-111.0
-35.0
-50.0
-55.0
-57.0
-75.0
-89.0
-83.0
-63.0
-119.0
-118.0
-122.0
-149.0
-141.0
-125.0
-123.0
-120.0
-78.0
-98.0
-120.0
-76.0
-31.0
31.0
4.0
-13.0
-86.0
-73.0
-74.0
-107.0
-122.0
-33.0
-53.0
-73.0
-54.0
-44.0
-90.0
-136.0
-144.0
-112.0
-32.0
-49.0
-22.0
9.0
17.0
-12.0
-39.0
-12.0
2.0
-59.0
-67.0
-49.0
-43.0
-58.0
-49.0
-51.0
-18.0
6.0
-18.0
-7.0
-24.0
-18.0
-62.0
-72.0
-48.0
-80.0
-64.0
-61.0
-54.0
-35.0
-46.0
3.0
14.0
-21.0
-31.0
-30.0
-21.0
-3.0
-20.0
-58.0
2.0
57.0
86.0
127.0
176.0
254.0
306.0
303.0
432.0
419.0
418.0
430.0
446.0
397.0
348.0
273.0
209.0
168.0
183.0
139.0
69.0
26.0
-55.0
-75.0
-99.0
-91.0
-156.0
-182.0
-203.0
-139.0
-155.0
-209.0
-256.0
-248.0
-242.0
-268.0
-229.0
-152.0
-165.0
-193.0
-190.0
-234.0
-266.0
-307.0
-313.0
-300.0
-290.0
-265.0
-229.0
-253.0
-240.0
-256.0
-242.0
-235.0
-223.0
-213.0
-228.0
-237.0
-166.0
-158.0
-189.0
-221.0
-182.0
-140.0
-182.0
-173.0
-145.0
-117.0
-121.0
-136.0
-153.0
-123.0
-168.0
-175.0
-123.0
-117.0
-147.0
-131.0
-126.0
-119.0
-68.0
-112.0
-177.0
-133.0
-147.0
-135.0
-124.0
-89.0
-67.0
-111.0
-112.0
-116.0
-100.0
-100.0
-124.0
-108.0
-136.0
-91.0
-25.0
-72.0
-74.0
-42.0
-69.0
-68.0
-29.0
21.0
-41.0
-110.0
-83.0
-71.0
-89.0
-81.0
-50.0
-58.0
-87.0
-103.0
-74.0
-95.0
-97.0
-87.0
-36.0
-55.0
-110.0
-70.0
3.0
-14.0
-38.0
-41.0
-45.0
-62.0
-75.0
-75.0
-92.0
-90.0
-76.0
-27.0
12.0
13.0
16.0
-61.0
-89.0
-65.0
-32.0
-44.0
-4.0
36.0
-22.0
-18.0
45.0
54.0
15.0
-24.0
12.0
-7.0
-40.0
-52.0
-43.0
-45.0
-82.0
-108.0
-59.0
-55.0
-45.0
-39.0
-32.0
-24.0
-70.0
-39.0
-50.0
-81.0
-52.0
-71.0
-111.0
-58.0
-27.0
-46.0
-49.0
-33.0
-12.0
-39.0
8.0
23.0
12.0
-32.0
-73.0
-96.0
-77.0
-84.0
-124.0
-104.0
-81.0
-146.0
-126.0
-60.0
-24.0
-29.0
16.0
128.0
162.0
196.0
221.0
222.0
248.0
284.0
296.0
266.0
289.0
300.0
241.0
136.0
113.0
82.0
87.0
117.0
43.0
10.0
-8.0
-24.0
-49.0
-48.0
-84.0
-115.0
-119.0
-103.0
-164.0
-176.0
-139.0
-136.0
-143.0
-199.0
-190.0
-156.0
-148.0
-145.0
-124.0
-195.0
-256.0
-200.0
-192.0
-227.0
-211.0
-173.0
-159.0
-212.0
-177.0
-99.0
-121.0
-150.0
-135.0
-161.0
-187.0
-134.0
-147.0
-190.0
-188.0
-135.0
-130.0
-111.0
-142.0
-117.0
-70.0
-62.0
-85.0
-74.0
-102.0
-129.0
-105.0
-59.0
-54.0
-60.0
-60.0
-60.0
-62.0
-101.0
-108.0
-139.0
-123.0
-119.0
-126.0
-100.0
-47.0
-114.0
-120.0
-125.0
-114.0
-129.0
-111.0
-103.0
-104.0
-100.0
-77.0
-63.0
-72.0
-35.0
-33.0
-35.0
-38.0
-78.0
-159.0
-88.0
-72.0
-111.0
-74.0
-52.0
-53.0
-72.0
-3.0
2.0
-54.0
-79.0
-68.0
-45.0
-47.0
-64.0
-43.0
-25.0
-3.0
-50.0
-53.0
-36.0
-61.0
-17.0
20.0
-21.0
-43.0
-37.0
-21.0
39.0
68.0
32.0
49.0
-9.0
-39.0
-12.0
-16.0
-40.0
-23.0
-38.0
-18.0
10.0
12.0
-21.0
-65.0
-73.0
-48.0
-49.0
-8.0
-2.0
-8.0
-43.0
-52.0
-12.0
18.0
9.0
11.0
-5.0
-18.0
-19.0
-3.0
30.0
-19.0
-30.0
-18.0
1.0
4.0
-5.0
-6.0
8.0
-54.0
-79.0
-39.0
-4.0
-51.0
-67.0
-34.0
-24.0
-52.0
-75.0
-33.0
-17.0
-97.0
-102.0
-41.0
-15.0
5.0
-27.0
-1.0
24.0
-5.0
7.0
23.0
31.0
23.0
76.0
44.0
10.0
35.0
42.0
31.0
46.0
25.0
-11.0
-14.0
8.0
29.0
41.0
13.0
-1.0
-12.0
-47.0
-34.0
-19.0
-16.0
-3.0
-33.0
-4.0
-4.0
10.0
-29.0
-22.0
-24.0
-52.0
18.0
46.0
39.0
62.0
-2.0
-69.0
-63.0
-58.0
-58.0
-42.0
-37.0
6.0
-11.0
-66.0
-64.0
-52.0
-2.0
49.0
23.0
-8.0
3.0
-15.0
-45.0
-41.0
-16.0
21.0
-24.0
-51.0
-8.0
7.0
11.0
-17.0
-62.0
-56.0
-1.0
5.0
-53.0
-1.0
18.0
-18.0
-1.0
25.0
-10.0
-15.0
7.0
-6.0
-32.0
-51.0
-57.0
-1.0
17.0
-7.0
-20.0
-50.0
10.0
37.0
-21.0
-12.0
-8.0
-25.0
-25.0
-24.0
-84.0
-50.0
7.0
48.0
40.0
10.0
23.0
21.0
-35.0
-54.0
-27.0
16.0
51.0
13.0
-13.0
21.0
70.0
77.0
59.0
30.0
24.0
-58.0
-59.0
-16.0
-2.0
-4.0
-16.0
-49.0
-43.0
1.0
12.0
-2.0
-27.0
-34.0
-21.0
-16.0
44.0
55.0
37.0
9.0
1.0
-7.0
1.0
26.0
55.0
10.0
-10.0
-23.0
-56.0
31.0
49.0
6.0
-20.0
-17.0
-48.0
12.0
52.0
23.0
21.0
33.0
-15.0
-48.0
-40.0
-18.0
10.0
8.0
22.0
3.0
-8.0
-16.0
32.0
45.0
6.0
16.0
33.0
-22.0
0.0
58.0
44.0
37.0
61.0
-37.0
-69.0
-67.0
13.0
18.0
-16.0
-23.0
-6.0
1.0
57.0
46.0
3.0
-32.0
-3.0
16.0
12.0
39.0
51.0
24.0
-34.0
-69.0
-20.0
0.0
-5.0
40.0
22.0
-8.0
-27.0
-32.0
7.0
7.0
10.0
6.0
-60.0
-63.0
-4.0
4.0
-13.0
18.0
-34.0
-61.0
-61.0
-49.0
-44.0
-47.0
-31.0
27.0
-10.0
-32.0
-30.0
-50.0
-31.0
-7.0
16.0
25.0
21.0
7.0
-21.0
-21.0
-33.0
-50.0
-64.0
-49.0
-63.0
6.0
6.0
-31.0
-35.0
-6.0
23.0
7.0
2.0
-1.0
-21.0
13.0
18.0
-4.0
17.0
32.0
20.0
24.0
3.0
4.0
13.0
34.0
11.0
15.0
-14.0
-74.0
-6.0
34.0
-31.0
-20.0
-13.0
-1.0
-31.0
-25.0
17.0
36.0
33.0
51.0
113.0
177.0
256.0
312.0
351.0
397.0
381.0
394.0
435.0
460.0
404.0
317.0
289.0
298.0
274.0
250.0
168.0
127.0
101.0
24.0
-7.0
5.0
-16.0
-31.0
-67.0
-56.0
-120.0
-98.0
-136.0
-142.0
-136.0
-190.0
-212.0
-197.0
-178.0
-148.0
-148.0
-152.0
-136.0
-120.0
-154.0
-190.0
-162.0
-146.0
-147.0
-231.0
-228.0
-235.0
-194.0
-155.0
-149.0
-160.0
-141.0
-144.0
-167.0
-157.0
-147.0
-204.0
-217.0
-191.0
-158.0
-210.0
-162.0
-117.0
-159.0
-189.0
-174.0
-153.0
-120.0
-137.0
-99.0
-139.0
-106.0
-65.0
-109.0
-120.0
-130.0
-163.0
-159.0
-203.0
-192.0
-171.0
-155.0
-118.0
-112.0
-83.0
-126.0
-98.0
-44.0
-42.0
-79.0
-78.0
-65.0
-102.0
-44.0
-81.0
-93.0
-101.0
-72.0
-52.0
-68.0
-81.0
-87.0
-73.0
-67.0
-65.0
-18.0
-9.0
54.0
79.0
90.0
84.0
108.0
93.0
71.0
71.0
25.0
45.0
72.0
62.0
48.0
38.0
70.0
51.0
63.0
35.0
13.0
-6.0
5.0
16.0
-9.0
-13.0
-36.0
-65.0
-46.0
-35.0
-31.0
-65.0
-67.0
-25.0
-11.0
0.0
-29.0
-44.0
-29.0
-14.0
-50.0
-13.0
22.0
7.0
-11.0
-39.0
-109.0
-48.0
-29.0
-29.0
-23.0
-8.0
-38.0
-46.0
-21.0
-34.0
-25.0
2.0
7.0
-21.0
-21.0
-41.0
-61.0
-37.0
-62.0
-68.0
-53.0
-76.0
-76.0
-69.0
-16.0
-65.0
-73.0
-71.0
-13.0
-48.0
-76.0
-45.0
-50.0
-82.0
-50.0
-34.0
-70.0
-79.0
-31.0
-35.0
-38.0
-24.0
-50.0
-78.0
-67.0
-20.0
-18.0
-60.0
-73.0
-100.0
-72.0
-47.0
-93.0
-74.0
-30.0
-54.0
-70.0
-45.0
-27.0
-32.0
-69.0
-87.0
-34.0
-20.0
-37.0
3.0
-28.0
-42.0
-24.0
-33.0
-56.0
-64.0
-62.0
-50.0
-42.0
-20.0
-15.0
-73.0
-66.0
-82.0
-84.0
-94.0
-82.0
-33.0
-21.0
-59.0
-17.0
-2.0
-15.0
-37.0
-13.0
-4.0
18.0
6.0
58.0
13.0
-46.0
-51.0
-50.0
-68.0
-74.0
-50.0
-18.0
-31.0
-30.0
-41.0
-72.0
-67.0
-60.0
-20.0
-20.0
-14.0
18.0
-15.0
-1.0
-4.0
-9.0
11.0
62.0
76.0
25.0
-4.0
-18.0
20.0
41.0
18.0
-17.0
-42.0
-42.0
-30.0
-34.0
-67.0
-36.0
-25.0
-64.0
-45.0
31.0
15.0
-17.0
-10.0
-47.0
-82.0
-48.0
-33.0
-44.0
-44.0
-40.0
-28.0
-44.0
-64.0
-64.0
-63.0
-79.0
-68.0
-42.0
-21.0
-54.0
-72.0
-58.0
-39.0
-55.0
-27.0
-65.0
-41.0
15.0
-33.0
-51.0
-20.0
-14.0
-21.0
-3.0
-40.0
-46.0
-12.0
27.0
13.0
-45.0
-26.0
1.0
4.0
-2.0
11.0
-39.0
-94.0
-78.0
-72.0
-88.0
-61.0
-6.0
27.0
1.0
31.0
11.0
-15.0
-33.0
-25.0
-25.0
-16.0
-36.0
-10.0
35.0
22.0
-10.0
12.0
-2.0
-27.0
-36.0
-83.0
-84.0
-68.0
-97.0
-76.0
-22.0
12.0
-2.0
-11.0
-1.0
-65.0
-44.0
-12.0
4.0
-38.0
-43.0
-12.0
-6.0
-14.0
3.0
-20.0
-37.0
-29.0
15.0
15.0
31.0
9.0
-33.0
-28.0
-83.0
-38.0
-5.0
-16.0
-54.0
-95.0
-53.0
-22.0
-22.0
-18.0
-69.0
-56.0
-27.0
-53.0
-50.0
-23.0
-59.0
-16.0
-21.0
-41.0
-10.0
-5.0
-44.0
-13.0
6.0
-67.0
-52.0
-32.0
-78.0
-50.0
-22.0
-37.0
-26.0
-17.0
-4.0
-42.0
-27.0
80.0
-2.0
-32.0
-8.0
8.0
-7.0
6.0
35.0
-1.0
-15.0
34.0
-16.0
-8.0
32.0
33.0
-29.0
-41.0
37.0
-26.0
-36.0
-16.0
-2.0
-13.0
-44.0
-12.0
18.0
3.0
-11.0
-11.0
-58.0
-48.0
11.0
7.0
32.0
12.0
-48.0
-26.0
22.0
44.0
-2.0
20.0
58.0
60.0
13.0
2.0
-14.0
-33.0
-61.0
-31.0
17.0
-17.0
-54.0
-42.0
-3.0
41.0
23.0
56.0
47.0
20.0
23.0
2.0
-60.0
-17.0
53.0
-37.0
-80.0
-48.0
-30.0
-23.0
-25.0
-59.0
-57.0
-70.0
-65.0
-58.0
-52.0
-18.0
4.0
32.0
74.0
42.0
-25.0
-16.0
-40.0
-33.0
-8.0
-11.0
10.0
16.0
-9.0
11.0
3.0
-38.0
13.0
-4.0
3.0
22.0
11.0
23.0
-6.0
-13.0
-13.0
-41.0
-5.0
1.0
-5.0
8.0
35.0
49.0
70.0
82.0
54.0
-25.0
-53.0
-28.0
-46.0
23.0
10.0
-26.0
-18.0
-55.0
-81.0
-41.0
-41.0
-86.0
-1.0
63.0
87.0
168.0
213.0
300.0
318.0
355.0
416.0
455.0
483.0
463.0
511.0
490.0
400.0
381.0
326.0
290.0
242.0
198.0
121.0
77.0
69.0
48.0
10.0
-98.0
-116.0
-128.0
-142.0
-164.0
-185.0
-219.0
-268.0
-247.0
-235.0
-258.0
-283.0
-310.0
-277.0
-259.0
-256.0
-227.0
-257.0
-275.0
-228.0
-223.0
-212.0
-249.0
-259.0
-247.0
-275.0
-279.0
-257.0
-288.0
-262.0
-242.0
-212.0
-188.0
-206.0
-198.0
-210.0
-202.0
-167.0
-109.0
-117.0
-159.0
-162.0
-169.0
-190.0
-156.0
-149.0
-185.0
-185.0
-154.0
-155.0
-187.0
-196.0
-189.0
-162.0
-126.0
-122.0
-80.0
-70.0
-82.0
-145.0
-205.0
-168.0
-117.0
-110.0
-134.0
-142.0
-124.0
-111.0
-157.0
-116.0
-124.0
-164.0
-136.0
-87.0
-107.0
-116.0
-121.0
-110.0
-95.0
-106.0
-84.0
-123.0
-36.0
-116.0
-97.0
-56.0
-49.0
-34.0
-59.0
-89.0
-65.0
-64.0
-42.0
-60.0
-48.0
-22.0
-21.0
-16.0
-14.0
-49.0
-58.0
-85.0
-115.0
-94.0
-67.0
-87.0
-107.0
-101.0
-106.0
-65.0
-54.0
-76.0
-75.0
-44.0
-96.0
-79.0
-56.0
-90.0
-54.0
-56.0
-58.0
-59.0
-50.0
-49.0
-21.0
-41.0
-65.0
-8.0
-54.0
-62.0
-44.0
-81.0
-68.0
-65.0
-64.0
-59.0
-77.0
-73.0
-80.0
-68.0
-63.0
-32.0
-40.0
-46.0
-43.0
-33.0
-53.0
-65.0
-41.0
-51.0
-68.0
-46.0
-63.0
-10.0
-12.0
-21.0
-24.0
-39.0
-2.0
-2.0
-13.0
19.0
12.0
33.0
21.0
32.0
-35.0
-53.0
-46.0
-81.0
-14.0
-29.0
-54.0
-58.0
-37.0
-66.0
-4.0
-42.0
-89.0
-112.0
-59.0
-30.0
-18.0
-53.0
-64.0
-59.0
-27.0
-25.0
-40.0
-93.0
-69.0
-46.0
-6.0
15.0
5.0
-32.0
-15.0
-7.0
-44.0
-29.0
-25.0
-52.0
-71.0
-81.0
-80.0
-51.0
-8.0
-5.0
-11.0
92.0
154.0
186.0
224.0
224.0
241.0
247.0
312.0
377.0
390.0
355.0
366.0
409.0
395.0
386.0
320.0
274.0
274.0
286.0
231.0
220.0
194.0
166.0
127.0
87.0
25.0
-1.0
25.0
14.0
-27.0
-49.0
-37.0
-34.0
-67.0
-133.0
-135.0
-186.0
-197.0
-202.0
-184.0
-180.0
-100.0
-161.0
-214.0
-310.0
-343.0
-322.0
-320.0
-300.0
-282.0
-341.0
-309.0
-272.0
-251.0
-216.0
-228.0
-246.0
-254.0
-232.0
-202.0
-220.0
-226.0
-249.0
-228.0
-222.0
-200.0
-178.0
-173.0
-154.0
-183.0
-191.0
-194.0
-208.0
-162.0
-152.0
-128.0
-134.0
-145.0
-213.0
-242.0
-175.0
-118.0
-109.0
-143.0
-160.0
-157.0
-147.0
-139.0
-185.0
-140.0
-178.0
-223.0
-244.0
-207.0
-163.0
-122.0
-139.0
-158.0
-170.0
-167.0
-133.0
-115.0
-152.0
-145.0
-91.0
-82.0
-62.0
-35.0
-71.0
-64.0
-79.0
-143.0
-126.0
-124.0
-39.0
13.0
-56.0
-34.0
-27.0
-114.0
-134.0
-85.0
-50.0
-99.0
-148.0
-111.0
-99.0
-90.0
-94.0
-34.0
-42.0
-76.0
-43.0
-31.0
5.0
21.0
58.0
62.0
12.0
-22.0
-49.0
-30.0
-30.0
17.0
-8.0
-78.0
-48.0
-8.0
-40.0
-72.0
-45.0
-55.0
-46.0
14.0
45.0
27.0
-16.0
-28.0
-7.0
-22.0
-2.0
39.0
41.0
19.0
27.0
-14.0
-6.0
11.0
10.0
2.0
25.0
48.0
52.0
37.0
37.0
19.0
1.0
54.0
34.0
77.0
39.0
-8.0
-1.0
16.0
-31.0
-45.0
2.0
39.0
48.0
27.0
-6.0
4.0
-17.0
-5.0
59.0
22.0
23.0
-18.0
8.0
11.0
3.0
29.0
32.0
-34.0
-1.0
33.0
-40.0
-17.0
20.0
42.0
90.0
74.0
32.0
32.0
60.0
61.0
63.0
36.0
12.0
8.0
-7.0
13.0
33.0
26.0
13.0
82.0
94.0
171.0
249.0
324.0
437.0
504.0
540.0
458.0
388.0
408.0
406.0
365.0
318.0
297.0
245.0
220.0
164.0
151.0
129.0
88.0
45.0
-11.0
-40.0
-64.0
-114.0
-96.0
-107.0
-172.0
-214.0
-249.0
-253.0
-257.0
-268.0
-237.0
-215.0
-242.0
-243.0
-265.0
-299.0
-257.0
-186.0
-241.0
-245.0
-228.0
-277.0
-260.0
-200.0
-223.0
-220.0
-203.0
-212.0
-229.0
-260.0
-281.0
-253.0
-239.0
-251.0
-233.0
-184.0
-257.0
-239.0
-167.0
-157.0
-201.0
-163.0
-166.0
-194.0
-183.0
-177.0
-140.0
-97.0
-89.0
-94.0
-88.0
-109.0
-119.0
-95.0
-98.0
-85.0
-86.0
-128.0
-117.0
-124.0
-169.0
-181.0
-171.0
-149.0
-164.0
-111.0
-126.0
-176.0
-147.0
-104.0
-90.0
-86.0
-146.0
-134.0
-107.0
-95.0
-34.0
-11.0
-77.0
-135.0
-114.0
-62.0
-65.0
-50.0
-49.0
-56.0
-63.0
-117.0
-105.0
-87.0
-102.0
-158.0
-165.0
-100.0
-54.0
-73.0
-74.0
-135.0
-103.0
-64.0
-50.0
-43.0
-62.0
-143.0
-118.0
-43.0
-43.0
-68.0
-78.0
-143.0
-167.0
-87.0
-74.0
-77.0
-67.0
-51.0
-41.0
-52.0
-110.0
-89.0
-31.0
-40.0
-63.0
-62.0
-104.0
-83.0
-54.0
-17.0
3.0
-67.0
-24.0
-25.0
-29.0
-41.0
-63.0
-97.0
-126.0
-42.0
-22.0
-38.0
-61.0
-53.0
-37.0
-23.0
1.0
-48.0
-42.0
-65.0
-80.0
-64.0
-45.0
-31.0
-25.0
-25.0
-5.0
20.0
-34.0
-45.0
-8.0
-27.0
-42.0
-56.0
-33.0
-1.0
-3.0
-4.0
8.0
-7.0
-19.0
8.0
62.0
92.0
124.0
65.0
-40.0
-58.0
-16.0
3.0
-15.0
-49.0
-16.0
5.0
-35.0
-33.0
7.0
-24.0
-17.0
-3.0
7.0
-28.0
-3.0
2.0
0.0
1.0
20.0
73.0
51.0
106.0
140.0
181.0
243.0
264.0
351.0
397.0
437.0
445.0
414.0
422.0
429.0
455.0
385.0
310.0
308.0
255.0
211.0
171.0
103.0
52.0
-4.0
-8.0
9.0
-37.0
-90.0
-80.0
-102.0
-111.0
-120.0
-171.0
-239.0
-197.0
-211.0
-243.0
-249.0
-226.0
-223.0
-232.0
-231.0
-202.0
-225.0
-252.0
-277.0
-272.0
-231.0
-194.0
-209.0
-240.0
-207.0
-201.0
-195.0
-177.0
-145.0
-181.0
-266.0
-268.0
-255.0
-214.0
-183.0
-172.0
-191.0
-192.0
-163.0
-149.0
-149.0
-142.0
-156.0
-122.0
-86.0
-5.0
-20.0
-100.0
-139.0
-220.0
-215.0
-171.0
-125.0
-187.0
-167.0
-142.0
-158.0
-123.0
-127.0
-84.0
-105.0
-169.0
-163.0
-152.0
-151.0
-171.0
-155.0
-112.0
-129.0
-131.0
-90.0
-131.0
-145.0
-102.0
-111.0
-110.0
-84.0
-39.0
-81.0
-124.0
-77.0
-68.0
-32.0
-27.0
-53.0
-12.0
-27.0
-93.0
-125.0
-77.0
-31.0
-77.0
-134.0
-105.0
-113.0
-95.0
-31.0
26.0
-10.0
4.0
-4.0
-61.0
-84.0
-22.0
-61.0
-90.0
-93.0
-105.0
-120.0
-110.0
-45.0
-77.0
-86.0
-71.0
-34.0
-49.0
-63.0
-92.0
-99.0
-92.0
-5.0
-5.0
5.0
-25.0
-60.0
-63.0
-67.0
-45.0
-33.0
-11.0
-6.0
-12.0
-37.0
-71.0
-115.0
-94.0
-66.0
-70.0
-88.0
-36.0
8.0
2.0
-12.0
-24.0
-54.0
-91.0
-32.0
-37.0
-49.0
-24.0
-53.0
-54.0
19.0
-37.0
-58.0
-51.0
-65.0
-72.0
-3.0
-9.0
-11.0
-24.0
-33.0
-30.0
-39.0
-48.0
-52.0
-79.0
-25.0
-20.0
-20.0
13.0
2.0
-4.0
-61.0
-67.0
-13.0
-44.0
-35.0
-29.0
-15.0
-13.0
-68.0
-72.0
-74.0
-51.0
5.0
-50.0
-53.0
-61.0
-5.0
-5.0
-12.0
-21.0
-35.0
-17.0
-20.0
-60.0
-41.0
15.0
21.0
6.0
8.0
-27.0
-88.0
-61.0
-15.0
-52.0
-64.0
-58.0
-76.0
-72.0
-44.0
-17.0
-22.0
-59.0
-55.0
-14.0
-24.0
-35.0
-20.0
-30.0
43.0
30.0
-10.0
-4.0
-8.0
62.0
2.0
-25.0
3.0
24.0
-27.0
-25.0
-12.0
16.0
24.0
-27.0
-72.0
-40.0
13.0
61.0
146.0
158.0
222.0
316.0
353.0
435.0
453.0
446.0
441.0
385.0
424.0
401.0
338.0
310.0
289.0
210.0
197.0
184.0
128.0
128.0
73.0
21.0
-17.0
-36.0
-60.0
-50.0
-98.0
-119.0
-131.0
-122.0
-143.0
-187.0
-245.0
-238.0
-240.0
-255.0
-278.0
-252.0
-230.0
-269.0
-283.0
-238.0
-219.0
-222.0
-292.0
-293.0
-241.0
-172.0
-204.0
-239.0
-232.0
-212.0
-197.0
-175.0
-190.0
-186.0
-198.0
-217.0
-230.0
-200.0
-148.0
-133.0
-171.0
-206.0
-210.0
-161.0
-156.0
-188.0
-184.0
-202.0
-213.0
-176.0
-107.0
-83.0
8.0
30.0
155.0
258.0
291.0
330.0
350.0
343.0
330.0
345.0
364.0
375.0
317.0
262.0
244.0
154.0
66.0
44.0
1.0
11.0
-53.0
-126.0
-148.0
-121.0
-142.0
-137.0
-172.0
-239.0
-273.0
-243.0
-230.0
-230.0
-234.0
-219.0
-220.0
-249.0
-263.0
-225.0
-195.0
-241.0
-251.0
-266.0
-281.0
-267.0
-291.0
-257.0
-248.0
-288.0
-276.0
-252.0
-250.0
-255.0
-233.0
-194.0
-209.0
-199.0
-190.0
-212.0
-215.0
-194.0
-204.0
-174.0
-117.0
-164.0
-213.0
-178.0
-163.0
-175.0
-131.0
-109.0
-122.0
-110.0
-107.0
-140.0
-123.0
-95.0
-121.0
-101.0
-102.0
-95.0
-135.0
-124.0
-102.0
-62.0
-80.0
-99.0
-94.0
-93.0
-109.0
-105.0
-84.0
-104.0
-131.0
-129.0
-106.0
-63.0
-82.0
-101.0
-53.0
-49.0
-108.0
-89.0
-77.0
-86.0
-45.0
-49.0
15.0
65.0
54.0
40.0
-68.0
-145.0
-129.0
-56.0
-74.0
-86.0
-80.0
-118.0
-88.0
-57.0
-79.0
-61.0
-3.0
-30.0
-28.0
-56.0
-57.0
-32.0
-35.0
-31.0
-67.0
-75.0
-81.0
-80.0
-34.0
26.0
49.0
46.0
4.0
15.0
32.0
37.0
-42.0
-37.0
-23.0
-69.0
-56.0
-20.0
-44.0
-48.0
-62.0
-61.0
-49.0
-49.0
-21.0
-39.0
-33.0
-59.0
-42.0
-28.0
-80.0
-61.0
-22.0
-23.0
-6.0
37.0
37.0
-30.0
-48.0
-44.0
-62.0
-55.0
-63.0
-42.0
-37.0
-18.0
-1.0
4.0
15.0
36.0
15.0
-1.0
-21.0
-26.0
-37.0
-33.0
-62.0
-86.0
-37.0
18.0
22.0
-5.0
-41.0
-25.0
-18.0
21.0
13.0
-53.0
4.0
4.0
31.0
61.0
42.0
-34.0
-84.0
-70.0
-50.0
26.0
-32.0
-80.0
-55.0
-53.0
-61.0
-43.0
-63.0
-58.0
2.0
-30.0
-21.0
27.0
19.0
7.0
16.0
43.0
93.0
146.0
203.0
238.0
264.0
346.0
359.0
371.0
384.0
389.0
379.0
395.0
376.0
294.0
235.0
225.0
208.0
186.0
134.0
68.0
65.0
40.0
16.0
-24.0
-23.0
-65.0
-80.0
-96.0
-134.0
-142.0
-163.0
-173.0
-202.0
-167.0
-162.0
-185.0
-211.0
-243.0
-260.0
-241.0
-224.0
-256.0
-215.0
-174.0
-172.0
-162.0
-161.0
-120.0
-147.0
-121.0
-91.0
-128.0
-111.0
-140.0
-127.0
-142.0
-192.0
-185.0
-165.0
-166.0
-147.0
-155.0
-147.0
-165.0
-174.0
-169.0
-141.0
-156.0
-158.0
-150.0
-125.0
-104.0
-57.0
-68.0
-86.0
-97.0
-97.0
-70.0
-54.0
-53.0
-45.0
-40.0
-65.0
-51.0
-72.0
-131.0
-144.0
-125.0
-119.0
-93.0
-60.0
-44.0
-56.0
-53.0
-61.0
-81.0
-55.0
-43.0
-86.0
-70.0
3.0
24.0
-33.0
-31.0
-20.0
-26.0
4.0
-18.0
-41.0
-83.0
-41.0
31.0
1.0
-20.0
-37.0
-84.0
-54.0
-28.0
-51.0
-20.0
-16.0
-24.0
-44.0
-25.0
-35.0
-56.0
-13.0
-3.0
-72.0
-70.0
-65.0
-22.0
-11.0
-14.0
26.0
6.0
-15.0
-34.0
-17.0
15.0
-8.0
-45.0
-33.0
-81.0
-83.0
-32.0
-2.0
7.0
-19.0
-80.0
-48.0
-8.0
-53.0
-66.0
-17.0
-16.0
-46.0
-29.0
-22.0
-6.0
-55.0
-93.0
-64.0
-13.0
36.0
41.0
52.0
-24.0
-58.0
-51.0
-53.0
-58.0
-42.0
-34.0
-76.0
-84.0
-8.0
-22.0
-59.0
-68.0
-48.0
-98.0
-96.0
-46.0
-35.0
-73.0
-41.0
-47.0
-53.0
-45.0
8.0
5.0
-25.0
-39.0
-23.0
34.0
49.0
8.0
-30.0
-53.0
22.0
12.0
-9.0
-45.0
-79.0
-76.0
-90.0
-86.0
-74.0
-74.0
-45.0
-36.0
-67.0
-43.0
-20.0
-55.0
-39.0
-21.0
14.0
30.0
50.0
12.0
-1.0
5.0
-15.0
22.0
-4.0
-64.0
-59.0
-28.0
-18.0
-3.0
2.0
-56.0
-47.0
-6.0
-50.0
-50.0
-31.0
-8.0
-2.0
-34.0
16.0
25.0
-4.0
-27.0
-46.0
-75.0
-59.0
-40.0
-35.0
-20.0
-55.0
-85.0
-80.0
25.0
9.0
6.0
20.0
21.0
26.0
8.0
-18.0
-73.0
-87.0
-59.0
-99.0
-80.0
-1.0
25.0
-48.0
-63.0
-8.0
26.0
77.0
17.0
-72.0
-24.0
-40.0
-44.0
-26.0
-31.0
-1.0
-32.0
-47.0
-39.0
10.0
53.0
-1.0
-37.0
-57.0
-38.0
-27.0
8.0
27.0
33.0
14.0
-14.0
16.0
-3.0
17.0
23.0
-27.0
-4.0
-27.0
-68.0
-79.0
-37.0
-6.0
45.0
28.0
-35.0
0.0
17.0
26.0
63.0
101.0
139.0
243.0
308.0
375.0
394.0
413.0
445.0
477.0
508.0
487.0
430.0
357.0
313.0
361.0
400.0
401.0
374.0
365.0
371.0
346.0
270.0
273.0
275.0
196.0
120.0
64.0
-26.0
-71.0
-81.0
-162.0
-195.0
-189.0
-183.0
-190.0
-224.0
-231.0
-271.0
-298.0
-345.0
-360.0
-364.0
-373.0
-391.0
-374.0
-353.0
-372.0
-376.0
-375.0
-372.0
-398.0
-344.0
-315.0
-299.0
-294.0
-294.0
-268.0
-229.0
-220.0
-259.0
-267.0
-206.0
-178.0
-203.0
-211.0
-257.0
-227.0
-216.0
-205.0
-171.0
-162.0
-229.0
-208.0
-183.0
-215.0
-240.0
-191.0
-169.0
-185.0
-165.0
-159.0
-142.0
-116.0
-127.0
-129.0
-72.0
-53.0
-102.0
-110.0
-106.0
-129.0
-111.0
-124.0
-144.0
-143.0
-134.0
-121.0
-149.0
-116.0
-114.0
-118.0
-145.0
-85.0
-69.0
-63.0
-46.0
-64.0
-97.0
-91.0
-109.0
-112.0
-74.0
-82.0
-73.0
-72.0
-88.0
-107.0
-79.0
-12.0
-88.0
-91.0
-53.0
-55.0
-69.0
14.0
-13.0
-56.0
-46.0
-21.0
11.0
22.0
-3.0
-35.0
-78.0
-90.0
-50.0
-102.0
-91.0
-52.0
-99.0
-83.0
-45.0
-29.0
-27.0
-30.0
-27.0
-50.0
-75.0
-40.0
-58.0
-32.0
0.0
-16.0
-46.0
-42.0
-23.0
-23.0
-37.0
-57.0
-47.0
-62.0
-37.0
-33.0
-10.0
-27.0
-15.0
11.0
40.0
-20.0
-18.0
-34.0
-75.0
-45.0
-24.0
-52.0
-59.0
-44.0
-18.0
-28.0
0.0
2.0
-14.0
-61.0
-58.0
-91.0
-77.0
-18.0
-31.0
-90.0
-73.0
-92.0
-52.0
3.0
-10.0
-67.0
-87.0
-45.0
-35.0
-72.0
-96.0
-67.0
-55.0
-71.0
-76.0
-47.0
-48.0
-13.0
-50.0
-63.0
-84.0
-82.0
-33.0
-40.0
-19.0
-36.0
-81.0
-61.0
-96.0
-85.0
-10.0
-41.0
-33.0
4.0
-34.0
-60.0
-65.0
-110.0
-100.0
-93.0
-58.0
-35.0
-37.0
-50.0
-42.0
-13.0
23.0
11.0
-19.0
-58.0
-48.0
-32.0
4.0
66.0
71.0
37.0
-15.0
-43.0
-5.0
97.0
175.0
259.0
313.0
337.0
427.0
502.0
503.0
513.0
511.0
467.0
394.0
342.0
268.0
259.0
211.0
155.0
117.0
89.0
15.0
-77.0
-98.0
-100.0
-111.0
-199.0
-209.0
-235.0
-163.0
-177.0
-242.0
-263.0
-258.0
-315.0
-328.0
-247.0
-284.0
-322.0
-307.0
-297.0
-274.0
-251.0
-287.0
-340.0
-298.0
-255.0
-253.0
-271.0
-267.0
-268.0
-205.0
-209.0
-242.0
-196.0
-175.0
-227.0
-186.0
-187.0
-218.0
-242.0
-306.0
-276.0
-216.0
-212.0
-157.0
-116.0
-137.0
-169.0
-128.0
-125.0
-88.0
-24.0
-47.0
-142.0
-166.0
-214.0
-167.0
-146.0
-117.0
-130.0
-196.0
-161.0
-169.0
-187.0
-159.0
-109.0
-108.0
-120.0
-140.0
-164.0
-129.0
-95.0
-70.0
-74.0
-55.0
-44.0
-36.0
-78.0
-122.0
-88.0
-79.0
-127.0
-96.0
-77.0
-90.0
-115.0
-119.0
-93.0
-96.0
-108.0
-71.0
-56.0
-84.0
-81.0
-74.0
-53.0
-69.0
-60.0
-58.0
-41.0
-42.0
-34.0
-55.0
-89.0
-113.0
-114.0
-108.0
-133.0
-91.0
-78.0
-61.0
-92.0
-69.0
-24.0
-17.0
0.0
10.0
22.0
-16.0
-2.0
-36.0
-29.0
-13.0
-15.0
-24.0
-52.0
-62.0
-48.0
-22.0
-25.0
-29.0
-40.0
-30.0
-99.0
-62.0
-43.0
-42.0
-69.0
-63.0
-19.0
-48.0
-62.0
-19.0
8.0
14.0
-14.0
-9.0
-65.0
-118.0
-57.0
-69.0
-69.0
-69.0
-37.0
-26.0
26.0
33.0
-3.0
-64.0
-74.0
-76.0
-65.0
-67.0
-44.0
-89.0
-106.0
-91.0
-68.0
-62.0
-62.0
-24.0
-6.0
-58.0
-35.0
11.0
9.0
12.0
104.0
119.0
106.0
190.0
230.0
274.0
287.0
343.0
352.0
356.0
373.0
390.0
345.0
305.0
272.0
227.0
185.0
173.0
153.0
64.0
29.0
8.0
-1.0
-73.0
-71.0
-96.0
-139.0
-137.0
-115.0
-191.0
-181.0
-158.0
-216.0
-224.0
-215.0
-196.0
-200.0
-219.0
-193.0
-177.0
-205.0
-231.0
-208.0
-161.0
-200.0
-241.0
-194.0
-168.0
-204.0
-185.0
-244.0
-215.0
-152.0
-167.0
-161.0
-183.0
-201.0
-153.0
-162.0
-140.0
-76.0
-64.0
-106.0
-85.0
-58.0
-82.0
-93.0
-48.0
-101.0
-149.0
-151.0
-135.0
-78.0
-117.0
-156.0
-152.0
-168.0
-168.0
-128.0
-133.0
-127.0
-129.0
-101.0
-111.0
-111.0
-119.0
-122.0
-112.0
-95.0
-81.0
-108.0
-125.0
-95.0
-62.0
-121.0
-161.0
-133.0
-43.0
-81.0
-38.0
-45.0
-120.0
-144.0
-103.0
-82.0
-68.0
-48.0
-95.0
-87.0
-63.0
-24.0
-38.0
-5.0
5.0
31.0
5.0
-34.0
3.0
9.0
-20.0
-80.0
-33.0
-35.0
-26.0
-10.0
-27.0
-26.0
-93.0
-124.0
-69.0
-38.0
-76.0
-40.0
-48.0
-51.0
-4.0
48.0
73.0
14.0
-14.0
-34.0
-7.0
-23.0
-42.0
-61.0
-68.0
-73.0
-41.0
-39.0
-81.0
-56.0
-56.0
-48.0
-15.0
52.0
69.0
45.0
-46.0
-93.0
-92.0
-18.0
18.0
-28.0
-47.0
-24.0
-21.0
-29.0
-23.0
-28.0
-28.0
-26.0
-35.0
-29.0
-22.0
32.0
46.0
11.0
30.0
-15.0
-5.0
5.0
-13.0
-32.0
-28.0
-2.0
31.0
48.0
87.0
61.0
60.0
81.0
86.0
97.0
88.0
34.0
103.0
139.0
60.0
68.0
54.0
6.0
18.0
35.0
35.0
48.0
27.0
-2.0
-20.0
-24.0
-13.0
-4.0
31.0
6.0
23.0
23.0
-7.0
6.0
9.0
-18.0
-27.0
-62.0
8.0
10.0
-61.0
-69.0
-51.0
-59.0
-60.0
-79.0
-112.0
-70.0
-29.0
-72.0
-64.0
-56.0
-87.0
-86.0
-76.0
-72.0
-59.0
-17.0
-7.0
-71.0
-21.0
-58.0
-76.0
-81.0
-8.0
25.0
-27.0
-52.0
-52.0
-89.0
-66.0
-31.0
-79.0
-70.0
-48.0
-8.0
-7.0
-42.0
-81.0
-51.0
-51.0
-48.0
-18.0
-42.0
-15.0
7.0
3.0
-11.0
-18.0
-3.0
-18.0
-5.0
-17.0
-1.0
-8.0
-18.0
-70.0
-68.0
-77.0
-63.0
-36.0
-106.0
-31.0
23.0
-52.0
-14.0
5.0
8.0
-36.0
-4.0
-7.0
-70.0
-62.0
-36.0
-61.0
-63.0
-30.0
-39.0
-36.0
-22.0
-22.0
-20.0
-3.0
18.0
-7.0
-29.0
-36.0
-15.0
-13.0
-23.0
-36.0
-12.0
-44.0
-48.0
-23.0
-10.0
2.0
-11.0
-53.0
-13.0
2.0
43.0
22.0
-7.0
-67.0
-17.0
2.0
-44.0
-65.0
-70.0
-45.0
-43.0
12.0
13.0
-25.0
16.0
43.0
54.0
64.0
48.0
7.0
-27.0
-70.0
-37.0
-5.0
-37.0
-53.0
-16.0
-13.0
-10.0
-6.0
0.0
-5.0
22.0
30.0
4.0
-15.0
-56.0
-90.0
-51.0
-50.0
-6.0
-32.0
-40.0
-14.0
10.0
15.0
10.0
15.0
-36.0
-4.0
1.0
-6.0
1.0
-1.0
-46.0
-27.0
1.0
-10.0
-10.0
29.0
64.0
80.0
63.0
81.0
113.0
190.0
269.0
337.0
355.0
357.0
346.0
401.0
473.0
498.0
461.0
363.0
364.0
325.0
305.0
291.0
229.0
199.0
131.0
79.0
121.0
59.0
-5.0
-54.0
-60.0
-90.0
-72.0
-85.0
-151.0
-151.0
-149.0
-202.0
-195.0
-192.0
-221.0
-215.0
-229.0
-230.0
-197.0
-188.0
-194.0
-227.0
-261.0
-306.0
-289.0
-276.0
-263.0
-239.0
-205.0
-216.0
-224.0
-248.0
-253.0
-238.0
-225.0
-224.0
-214.0
-221.0
-186.0
-140.0
-196.0
-184.0
-143.0
-136.0
-148.0
-141.0
-144.0
-161.0
-142.0
-120.0
-140.0
-198.0
-174.0
-161.0
-142.0
-116.0
-126.0
-133.0
-123.0
-102.0
-63.0
-118.0
-128.0
-128.0
-73.0
-33.0
-103.0
-124.0
-126.0
-159.0
-119.0
-118.0
-145.0
-129.0
-113.0
-124.0
-144.0
-111.0
-120.0
-125.0
-124.0
-103.0
-106.0
-104.0
-84.0
-56.0
-77.0
-60.0
-49.0
-23.0
-59.0
-33.0
2.0
12.0
-1.0
-67.0
-29.0
-32.0
-35.0
-43.0
-67.0
-79.0
-81.0
-50.0
-75.0
-77.0
-70.0
-36.0
-37.0
-30.0
-42.0
-72.0
-79.0
-46.0
-55.0
-44.0
-37.0
-91.0
-79.0
-44.0
-33.0
-9.0
-1.0
-13.0
-7.0
6.0
-13.0
-51.0
-90.0
-67.0
-74.0
-61.0
-14.0
-55.0
-79.0
-36.0
-99.0
-105.0
-100.0
-102.0
-52.0
-61.0
-62.0
-64.0
-40.0
-20.0
-5.0
-20.0
-11.0
-44.0
-32.0
2.0
-16.0
2.0
14.0
5.0
4.0
-4.0
-15.0
-22.0
-35.0
29.0
38.0
-8.0
-20.0
-58.0
-99.0
-90.0
-59.0
-32.0
-23.0
-67.0
-56.0
-41.0
-16.0
-45.0
-54.0
-77.0
-82.0
-127.0
-103.0
-57.0
-61.0
-26.0
-39.0
-50.0
43.0
-1.0
13.0
48.0
-12.0
-48.0
-12.0
-18.0
-45.0
-70.0
-62.0
-55.0
-37.0
-61.0
-14.0
-22.0
-18.0
6.0
-24.0
-25.0
17.0
-2.0
28.0
12.0
-5.0
-12.0
-27.0
-33.0
-22.0
39.0
22.0
100.0
202.0
304.0
355.0
347.0
372.0
394.0
382.0
497.0
506.0
482.0
413.0
406.0
391.0
309.0
249.0
294.0
299.0
166.0
92.0
61.0
11.0
-69.0
-119.0
-169.0
-174.0
-199.0
-225.0
-237.0
-177.0
-199.0
-268.0
-294.0
-335.0
-318.0
-284.0
-243.0
-282.0
-330.0
-336.0
-313.0
-335.0
-375.0
-344.0
-288.0
-278.0
-262.0
-258.0
-222.0
-254.0
-284.0
-284.0
-295.0
-291.0
-242.0
-203.0
-196.0
-188.0
-174.0
-170.0
-167.0
-181.0
-160.0
-153.0
-196.0
-186.0
-196.0
-213.0
-222.0
-161.0
-145.0
-181.0
-185.0
-197.0
-179.0
-169.0
-197.0
-146.0
-142.0
-125.0
-121.0
-124.0
-164.0
-156.0
-159.0
-112.0
-112.0
-134.0
-124.0
-187.0
-194.0
-143.0
-100.0
-96.0
-40.0
-56.0
-39.0
10.0
-10.0
-33.0
-78.0
-107.0
-122.0
-104.0
-68.0
-79.0
-70.0
-104.0
-63.0
-59.0
-37.0
-107.0
-100.0
-53.0
-67.0
-101.0
-84.0
-44.0
-54.0
-58.0
-59.0
-114.0
-92.0
-56.0
-70.0
-95.0
-101.0
-124.0
-98.0
-81.0
-41.0
-74.0
-51.0
11.0
-52.0
-93.0
-38.0
-78.0
-70.0
-70.0
-73.0
-37.0
-23.0
17.0
29.0
-3.0
-61.0
-88.0
-91.0
-76.0
-47.0
-25.0
-36.0
-31.0
16.0
-11.0
-26.0
-2.0
-61.0
-92.0
-73.0
-15.0
13.0
-40.0
-34.0
-13.0
-43.0
-81.0
-36.0
-2.0
-25.0
-46.0
-111.0
-100.0
-63.0
-34.0
-51.0
-81.0
-40.0
-29.0
-43.0
-36.0
-31.0
-13.0
-62.0
-80.0
-55.0
-79.0
-95.0
-49.0
14.0
60.0
6.0
-23.0
-86.0
-112.0
-45.0
-45.0
-15.0
-20.0
-61.0
-62.0
-12.0
1.0
-16.0
-12.0
-28.0
-33.0
15.0
54.0
12.0
-3.0
-11.0
33.0
-31.0
-49.0
-51.0
-40.0
-33.0
-39.0
-24.0
-45.0
-59.0
-84.0
-60.0
-33.0
-25.0
-13.0
-24.0
-4.0
39.0
87.0
111.0
148.0
170.0
197.0
253.0
298.0
317.0
307.0
305.0
318.0
353.0
362.0
343.0
327.0
323.0
281.0
255.0
271.0
238.0
243.0
200.0
154.0
144.0
159.0
106.0
64.0
13.0
-31.0
-7.0
10.0
-3.0
-30.0
-73.0
-140.0
-141.0
-162.0
-174.0
-197.0
-259.0
-234.0
-233.0
-232.0
-219.0
-234.0
-251.0
-270.0
-240.0
-230.0
-238.0
-242.0
-227.0
-246.0
-230.0
-181.0
-149.0
-135.0
-120.0
-179.0
-223.0
-173.0
-148.0
-176.0
-191.0
-169.0
-170.0
-203.0
-169.0
-130.0
-138.0
-156.0
-133.0
-143.0
-156.0
-149.0
-177.0
-178.0
-170.0
-197.0
-214.0
-215.0
-175.0
-163.0
-155.0
-156.0
-188.0
-205.0
-176.0
-135.0
-120.0
-136.0
-135.0
-146.0
-143.0
-101.0
-118.0
-150.0
-145.0
-122.0
-62.0
-83.0
-145.0
-92.0
-34.0
-31.0
-64.0
-37.0
2.0
-65.0
-88.0
-103.0
-118.0
-80.0
-58.0
-52.0
-62.0
-89.0
-89.0
-17.0
-46.0
-64.0
-70.0
-65.0
-32.0
-22.0
-34.0
11.0
-8.0
-53.0
-14.0
17.0
31.0
2.0
-62.0
-23.0
1.0
29.0
-5.0
-18.0
8.0
14.0
-57.0
-35.0
13.0
17.0
21.0
41.0
15.0
-32.0
-24.0
6.0
15.0
6.0
-12.0
-31.0
-32.0
-31.0
11.0
24.0
10.0
18.0
8.0
37.0
34.0
49.0
92.0
107.0
50.0
28.0
45.0
38.0
13.0
36.0
-38.0
-74.0
-19.0
-14.0
-46.0
-25.0
2.0
-41.0
-72.0
-54.0
-8.0
-5.0
-12.0
-4.0
-41.0
-69.0
-22.0
-50.0
-36.0
-10.0
-17.0
-30.0
-41.0
-65.0
-43.0
-11.0
14.0
-3.0
-51.0
-42.0
-40.0
-30.0
-36.0
-38.0
-53.0
-56.0
-97.0
-90.0
-77.0
-95.0
-64.0
-109.0
-102.0
-68.0
-79.0
-33.0
-27.0
-68.0
-60.0
-33.0
-19.0
-30.0
16.0
41.0
89.0
163.0
213.0
270.0
322.0
380.0
441.0
400.0
364.0
362.0
350.0
297.0
235.0
233.0
241.0
197.0
156.0
86.0
95.0
69.0
64.0
6.0
-30.0
-72.0
-69.0
-96.0
-106.0
-149.0
-169.0
-146.0
-194.0
-204.0
-162.0
-208.0
-216.0
-189.0
-179.0
-229.0
-225.0
-183.0
-222.0
-174.0
-154.0
-161.0
-177.0
-183.0
-193.0
-167.0
-167.0
-141.0
-122.0
-164.0
-172.0
-149.0
-156.0
-161.0
-172.0
-142.0
-202.0
-180.0
-124.0
-173.0
-120.0
-78.0
-115.0
-132.0
-135.0
-106.0
-82.0
-98.0
-126.0
-123.0
-146.0
-130.0
-102.0
-123.0
-97.0
-87.0
-99.0
-76.0
-131.0
-108.0
-97.0
-102.0
-101.0
-65.0
-79.0
-122.0
-104.0
-53.0
-37.0
-63.0
-56.0
-27.0
-56.0
-51.0
-29.0
-31.0
-85.0
-117.0
-127.0
-88.0
-50.0
-55.0
-52.0
-86.0
-91.0
-30.0
-19.0
-13.0
11.0
-90.0
-79.0
8.0
35.0
-10.0
-77.0
-101.0
-95.0
-88.0
-83.0
-50.0
-55.0
-90.0
-85.0
-86.0
-69.0
-47.0
-80.0
-104.0
-42.0
-16.0
8.0
22.0
-44.0
-39.0
-6.0
-30.0
-10.0
11.0
-68.0
-94.0
-69.0
-25.0
-39.0
-95.0
-57.0
1.0
25.0
16.0
26.0
-1.0
-10.0
-23.0
-51.0
-42.0
-2.0
-20.0
-26.0
2.0
-1.0
-60.0
-39.0
6.0
-55.0
-74.0
-20.0
-21.0
-61.0
31.0
20.0
-1.0
6.0
7.0
-29.0
-14.0
-49.0
20.0
-3.0
-16.0
7.0
-22.0
7.0
-31.0
-36.0
6.0
39.0
-1.0
-11.0
-4.0
17.0
-29.0
0.0
4.0
-33.0
-84.0
-86.0
-47.0
-54.0
-67.0
-27.0
-3.0
-50.0
-44.0
-45.0
-20.0
39.0
82.0
29.0
-11.0
17.0
16.0
-6.0
9.0
4.0
-23.0
11.0
-60.0
-41.0
-17.0
0.0
10.0
10.0
-23.0
-32.0
-10.0
-3.0
-44.0
-3.0
33.0
-1.0
3.0
-26.0
37.0
-6.0
6.0
-28.0
-61.0
-4.0
23.0
92.0
126.0
178.0
189.0
276.0
343.0
328.0
345.0
391.0
411.0
385.0
389.0
401.0
328.0
320.0
299.0
309.0
263.0
239.0
209.0
189.0
137.0
108.0
21.0
-25.0
-31.0
-64.0
-121.0
-129.0
-116.0
-105.0
-99.0
-147.0
-207.0
-183.0
-190.0
-147.0
-177.0
-205.0
-257.0
-221.0
-196.0
-219.0
-223.0
-183.0
-228.0
-210.0
-176.0
-174.0
-147.0
-111.0
-112.0
-166.0
-159.0
-143.0
-177.0
-177.0
-218.0
-231.0
-160.0
-174.0
-129.0
-73.0
-79.0
-106.0
-158.0
-167.0
-158.0
-149.0
-113.0
-111.0
-157.0
-131.0
-120.0
-68.0
-19.0
-10.0
-49.0
-74.0
-82.0
-60.0
-91.0
-63.0
-52.0
-28.0
-65.0
-79.0
-72.0
-85.0
-133.0
-106.0
-91.0
-109.0
-129.0
-80.0
-97.0
-119.0
-80.0
-96.0
-103.0
-97.0
-76.0
-54.0
-52.0
-81.0
-80.0
-60.0
-66.0
-83.0
-119.0
-95.0
-97.0
-84.0
-35.0
-90.0
-116.0
-63.0
-79.0
-80.0
-107.0
-62.0
-87.0
-91.0
-91.0
-127.0
-82.0
-65.0
-48.0
-70.0
-90.0
-48.0
27.0
-41.0
-65.0
5.0
8.0
-24.0
-45.0
-52.0
-59.0
-21.0
-5.0
-13.0
-27.0
-8.0
-46.0
-51.0
-25.0
-39.0
0.0
20.0
-30.0
-11.0
-6.0
-14.0
47.0
51.0
32.0
15.0
0.0
20.0
2.0
-11.0
6.0
4.0
-18.0
-20.0
-30.0
-4.0
-57.0
-62.0
14.0
3.0
-11.0
6.0
-22.0
-8.0
-35.0
-50.0
-2.0
-41.0
-25.0
-68.0
-53.0
23.0
10.0
3.0
10.0
-18.0
-23.0
-5.0
1.0
-22.0
-42.0
-22.0
-14.0
-17.0
-58.0
-54.0
-65.0
-33.0
-35.0
-62.0
-58.0
-84.0
-68.0
-13.0
-33.0
-44.0
-32.0
-81.0
-114.0
-96.0
-50.0
-40.0
-79.0
-86.0
-74.0
-80.0
-31.0
-18.0
-114.0
-147.0
-77.0
-71.0
-97.0
-89.0
-29.0
-51.0
-107.0
-110.0
-76.0
-68.0
-44.0
-63.0
-64.0
-76.0
-42.0
0.0
5.0
-25.0
-89.0
-142.0
-54.0
5.0
14.0
-3.0
-65.0
-45.0
-20.0
-20.0
-1.0
19.0
1.0
2.0
-9.0
-23.0
55.0
99.0
117.0
210.0
263.0
345.0
369.0
360.0
391.0
346.0
389.0
367.0
352.0
316.0
289.0
350.0
337.0
315.0
218.0
214.0
209.0
89.0
103.0
88.0
19.0
15.0
-55.0
-72.0
-55.0
-78.0
-70.0
-35.0
-24.0
-10.0
86.0
139.0
154.0
217.0
248.0
241.0
182.0
165.0
232.0
225.0
136.0
98.0
56.0
10.0
-21.0
-20.0
-73.0
-146.0
-180.0
-228.0
-212.0
-232.0
-254.0
-271.0
-203.0
-216.0
-241.0
-239.0
-199.0
-124.0
-124.0
-124.0
-41.0
-20.0
14.0
51.0
52.0
119.0
125.0
118.0
124.0
53.0
-3.0
-54.0
-63.0
-94.0
-150.0
-143.0
-190.0
-195.0
-187.0
-288.0
-305.0
-287.0
-309.0
-252.0
-220.0
-225.0
-228.0
-252.0
-271.0
-258.0
-250.0
-231.0
-241.0
-239.0
-215.0
-237.0
-270.0
-284.0
-220.0
-181.0
-202.0
-205.0
-248.0
-253.0
-232.0
-246.0
-238.0
-207.0
-231.0
-279.0
-284.0
-228.0
-210.0
-168.0
-143.0
-136.0
-145.0
-130.0
-107.0
-130.0
-139.0
-130.0
-184.0
-168.0
-126.0
-128.0
-134.0
-166.0
-160.0
-138.0
-139.0
-157.0
-123.0
-109.0
-178.0
-155.0
-138.0
-118.0
-134.0
-115.0
-134.0
-110.0
-128.0
-166.0
-152.0
-120.0
-89.0
-129.0
-154.0
-143.0
-82.0
-80.0
-73.0
-58.0
-53.0
-22.0
-17.0
-49.0
-41.0
-23.0
-75.0
-47.0
-42.0
-30.0
-24.0
-16.0
-39.0
-52.0
-73.0
-106.0
-60.0
-26.0
-45.0
-30.0
-53.0
-34.0
5.0
23.0
44.0
80.0
11.0
-46.0
-26.0
-70.0
-69.0
-54.0
-50.0
-83.0
-59.0
-21.0
-29.0
-50.0
-18.0
15.0
38.0
24.0
39.0
45.0
26.0
10.0
13.0
13.0
23.0
32.0
43.0
37.0
27.0
43.0
70.0
44.0
2.0
22.0
67.0
3.0
-36.0
-50.0
-12.0
23.0
23.0
-6.0
-13.0
1.0
-12.0
-32.0
-16.0
-20.0
-5.0
-12.0
-4.0
46.0
13.0
56.0
43.0
7.0
39.0
66.0
41.0
37.0
27.0
-15.0
1.0
1.0
-15.0
5.0
-37.0
-43.0
40.0
22.0
3.0
5.0
9.0
21.0
-8.0
-2.0
-36.0
-46.0
-65.0
-72.0
-50.0
-8.0
30.0
25.0
7.0
-17.0
-30.0
-74.0
-62.0
-37.0
-62.0
-111.0
-46.0
-27.0
-51.0
-31.0
-3.0
24.0
-25.0
-59.0
-91.0
-101.0
-78.0
-18.0
-14.0
-31.0
-13.0
-72.0
-53.0
-21.0
-48.0
-3.0
12.0
35.0
44.0
20.0
8.0
32.0
16.0
21.0
59.0
16.0
-50.0
-105.0
-63.0
-54.0
-86.0
-49.0
-41.0
-36.0
-3.0
2.0
18.0
35.0
32.0
-20.0
-25.0
40.0
26.0
-41.0
-40.0
3.0
50.0
58.0
31.0
-27.0
-41.0
-90.0
-78.0
-23.0
45.0
5.0
-62.0
-50.0
5.0
26.0
30.0
-22.0
-51.0
-61.0
-51.0
-5.0
10.0
-14.0
-36.0
-54.0
-5.0
79.0
34.0
61.0
6.0
5.0
-20.0
11.0
13.0
17.0
4.0
-31.0
-19.0
21.0
12.0
15.0
-8.0
-23.0
29.0
-3.0
2.0
35.0
3.0
13.0
44.0
0.0
14.0
19.0
13.0
-23.0
-68.0
-36.0
-40.0
-39.0
-29.0
-29.0
-55.0
-43.0
21.0
-24.0
-59.0
-28.0
13.0
32.0
40.0
5.0
-12.0
31.0
49.0
3.0
2.0
61.0
24.0
-14.0
-44.0
-32.0
-10.0
-21.0
-62.0
-41.0
6.0
8.0
32.0
15.0
-31.0
-23.0
-34.0
-18.0
-4.0
-5.0
19.0
-7.0
-46.0
-44.0
-11.0
-6.0
41.0
49.0
-16.0
-25.0
-30.0
-7.0
15.0
4.0
20.0
1.0
-55.0
-52.0
-73.0
-51.0
-21.0
-22.0
13.0
53.0
69.0
111.0
189.0
193.0
275.0
341.0
319.0
367.0
430.0
435.0
464.0
473.0
398.0
395.0
354.0
346.0
295.0
252.0
219.0
166.0
112.0
18.0
44.0
95.0
41.0
8.0
-17.0
-54.0
-143.0
-212.0
-233.0
-190.0
-178.0
-157.0
-208.0
-213.0
-217.0
-232.0
-201.0
-226.0
-194.0
-218.0
-208.0
-171.0
-275.0
-270.0
-202.0
-201.0
-174.0
-211.0
-212.0
-254.0
-268.0
-278.0
-259.0
-185.0
-176.0
-228.0
-202.0
-168.0
-186.0
-156.0
-138.0
-170.0
-168.0
-171.0
-167.0
-147.0
-136.0
-142.0
-154.0
-149.0
-186.0
-173.0
-164.0
-119.0
-135.0
-124.0
-84.0
-107.0
-110.0
-102.0
-63.0
-68.0
-58.0
-93.0
-103.0
-124.0
-91.0
-91.0
-114.0
