4 0.511359
5 0.510942
7 0.524819
9 0.546732
11 0.570191
13 0.592727
16 0.622650
20 0.654757
23 0.673007
28 0.691167
33 0.697485
38 0.697312
45 0.690487
52 0.677482
60 0.656825
69 0.629167
79 0.595900
91 0.555283
104 0.512963
119 0.468209
135 0.424888
154 0.377167
174 0.331254
198 0.282746
223 0.240210
252 0.200895
285 0.167126
321 0.139845
362 0.117296
407 0.098979
457 0.083068
513 0.068557
575 0.054814
645 0.041716
723 0.029780
809 0.019377
905 0.011275
1011 0.006376
1130 0.004463
1261 0.004426
1407 0.005056
1570 0.006225
1750 0.008710
