4 0.626062
5 0.660434
7 0.714287
9 0.751777
11 0.777714
13 0.796209
16 0.816096
20 0.834917
23 0.845564
28 0.858097
33 0.865551
38 0.869554
45 0.871709
52 0.871508
60 0.869543
69 0.866075
79 0.861240
91 0.854497
104 0.846365
119 0.836288
135 0.824742
154 0.810069
174 0.794066
198 0.774839
223 0.755312
252 0.733504
285 0.709162
321 0.682621
362 0.653536
407 0.624578
457 0.596823
513 0.571173
575 0.548126
645 0.526421
723 0.505559
809 0.484911
905 0.465198
1011 0.446573
1130 0.427643
1261 0.409489
1407 0.391199
1570 0.366521
