4 0.623048
5 0.628357
7 0.646940
9 0.670822
11 0.697054
13 0.724660
16 0.767100
20 0.819449
23 0.850449
28 0.884484
33 0.904594
38 0.918067
45 0.930262
52 0.937880
60 0.943493
69 0.947400
79 0.949967
91 0.951563
104 0.952282
119 0.952581
135 0.952764
154 0.953067
174 0.953568
198 0.954388
223 0.955216
252 0.955750
285 0.955592
321 0.954748
362 0.953430
407 0.951707
457 0.949457
513 0.946752
575 0.943860
645 0.940765
723 0.937372
809 0.933566
905 0.929637
1011 0.926257
1130 0.923782
1261 0.922336
1407 0.921468
1570 0.920430
1750 0.918102
