4 0.375644
5 0.387148
7 0.438999
9 0.514001
11 0.581584
13 0.634577
16 0.691960
20 0.742657
23 0.769409
28 0.801834
33 0.825132
38 0.842706
45 0.860409
52 0.872463
60 0.881751
69 0.888633
79 0.893481
91 0.896632
104 0.897773
119 0.897153
135 0.894855
154 0.890476
174 0.884460
198 0.875946
223 0.866203
252 0.854502
285 0.841334
321 0.827473
362 0.812140
407 0.795580
457 0.777165
513 0.757222
575 0.737934
645 0.720346
723 0.706286
809 0.696475
905 0.691180
1011 0.690378
1130 0.692677
1261 0.696133
1407 0.699488
1570 0.702464
