4 0.712561
5 0.718975
7 0.741794
9 0.768357
11 0.791822
13 0.810587
16 0.832150
20 0.854563
23 0.868230
28 0.885676
33 0.897733
38 0.906041
45 0.913680
52 0.918387
60 0.921728
69 0.924180
79 0.926051
91 0.927605
104 0.928817
119 0.929965
135 0.931254
154 0.933216
174 0.936015
198 0.940184
223 0.944700
252 0.949095
285 0.952195
321 0.953521
362 0.954044
407 0.954710
457 0.955314
513 0.955585
575 0.955918
645 0.956483
723 0.957286
809 0.958182
905 0.958920
1011 0.959640
1130 0.960546
1261 0.961491
1407 0.962258
1570 0.962566
1750 0.962275
