4 0.061966
5 0.084867
7 0.144936
9 0.215961
11 0.296135
13 0.372745
16 0.462244
20 0.548378
23 0.603931
28 0.683601
33 0.745081
38 0.789810
45 0.833428
52 0.861888
60 0.882853
69 0.897707
79 0.907889
91 0.914968
104 0.918889
119 0.920535
135 0.920219
154 0.918173
174 0.914973
198 0.910954
223 0.907785
252 0.906080
285 0.906088
321 0.906986
362 0.908237
407 0.909554
457 0.910122
513 0.909022
575 0.905802
645 0.899964
723 0.891356
809 0.880091
905 0.866911
1011 0.853746
1130 0.842165
1261 0.832368
1407 0.821514
1570 0.808065
1750 0.794388
