4 0.491865
5 0.530568
7 0.608301
9 0.678972
11 0.738955
13 0.787012
16 0.839876
20 0.885368
23 0.907579
28 0.931496
33 0.945867
38 0.954994
45 0.963003
52 0.967974
60 0.971620
69 0.974249
79 0.976104
91 0.977403
104 0.978103
119 0.978377
135 0.978328
154 0.978047
174 0.977627
198 0.976980
223 0.976083
252 0.974715
285 0.972795
321 0.970517
362 0.967941
407 0.965104
457 0.961928
513 0.958075
575 0.953551
645 0.948363
723 0.942632
809 0.936250
905 0.929157
1011 0.921524
1130 0.913415
1261 0.904917
1407 0.896873
1570 0.889917
1750 0.883691
