4 0.331624
5 0.383843
7 0.490205
9 0.588074
11 0.670928
13 0.736164
16 0.805827
20 0.863313
23 0.890428
28 0.919091
33 0.936129
38 0.946866
45 0.956192
52 0.961921
60 0.966111
69 0.969129
79 0.971258
91 0.972762
104 0.973576
119 0.973857
135 0.973694
154 0.973151
174 0.972327
198 0.971052
223 0.969378
252 0.966980
285 0.963808
321 0.960187
362 0.956171
407 0.951873
457 0.947498
513 0.942595
575 0.937171
645 0.931174
723 0.924613
809 0.917321
905 0.909096
1011 0.900192
1130 0.890997
1261 0.881494
1407 0.872150
1570 0.863188
1750 0.854769
