4 0.390862
5 0.369503
7 0.359851
9 0.366980
11 0.378319
13 0.390002
16 0.405145
20 0.420615
23 0.430387
28 0.446032
33 0.462860
38 0.482503
45 0.514081
52 0.546242
60 0.581801
69 0.617358
79 0.650545
91 0.682069
104 0.708339
119 0.731148
135 0.749538
154 0.765916
174 0.778687
198 0.789430
223 0.796560
252 0.800976
285 0.802449
321 0.800987
362 0.796943
407 0.791084
457 0.784175
513 0.777278
575 0.771151
645 0.766154
723 0.762640
809 0.760685
905 0.760555
1011 0.762775
1130 0.766949
1261 0.772234
1407 0.778131
1570 0.785400
