4 0.385479
5 0.397027
7 0.424709
9 0.451119
11 0.476063
13 0.500199
16 0.536308
20 0.588050
23 0.629610
28 0.694495
33 0.747873
38 0.793115
45 0.842149
52 0.876110
60 0.903178
69 0.923143
79 0.937685
91 0.948821
104 0.956477
119 0.962159
135 0.966161
154 0.969398
174 0.971805
198 0.973950
223 0.975693
252 0.977302
285 0.978690
321 0.979727
362 0.980439
407 0.980838
457 0.980915
513 0.980621
575 0.979916
645 0.978691
723 0.976806
809 0.974065
905 0.970340
1011 0.965803
1130 0.960814
1261 0.956167
1407 0.952061
1570 0.948136
1750 0.944394
