73.0
54.0
106.0
32.0
74.0
102.0
49.0
96.0
48.0
41.0
88.0
13.0
31.0
84.0
13.0
73.0
48.0
36.0
78.0
-9.0
15.0
35.0
11.0
63.0
47.0
62.0
88.0
10.0
18.0
-26.0
-87.0
-16.0
-50.0
-2.0
58.0
11.0
88.0
70.0
6.0
25.0
-47.0
-52.0
7.0
-75.0
24.0
25.0
-21.0
21.0
3.0
-22.0
22.0
-28.0
49.0
68.0
29.0
85.0
17.0
14.0
32.0
3.0
50.0
50.0
-14.0
79.0
65.0
79.0
115.0
75.0
96.0
80.0
28.0
92.0
48.0
49.0
117.0
72.0
124.0
145.0
80.0
113.0
39.0
8.0
68.0
36.0
92.0
149.0
120.0
197.0
140.0
79.0
112.0
25.0
27.0
96.0
76.0
164.0
150.0
115.0
145.0
54.0
71.0
104.0
79.0
172.0
145.0
172.0
237.0
206.0
208.0
244.0
191.0
269.0
235.0
202.0
232.0
164.0
182.0
186.0
142.0
233.0
213.0
212.0
235.0
140.0
132.0
154.0
90.0
155.0
91.0
60.0
133.0
105.0
134.0
140.0
110.0
164.0
114.0
112.0
159.0
122.0
177.0
187.0
141.0
185.0
166.0
132.0
171.0
107.0
173.0
162.0
118.0
170.0
146.0
129.0
161.0
66.0
96.0
133.0
102.0
164.0
143.0
139.0
152.0
124.0
147.0
142.0
81.0
109.0
95.0
39.0
111.0
20.0
76.0
81.0
42.0
117.0
77.0
54.0
109.0
64.0
89.0
113.0
64.0
156.0
118.0
81.0
127.0
73.0
80.0
83.0
-33.0
43.0
27.0
46.0
120.0
91.0
130.0
157.0
103.0
158.0
103.0
86.0
127.0
58.0
94.0
69.0
-23.0
71.0
35.0
51.0
122.0
65.0
86.0
108.0
55.0
157.0
127.0
112.0
139.0
78.0
130.0
136.0
110.0
150.0
117.0
67.0
131.0
109.0
136.0
181.0
106.0
185.0
158.0
137.0
190.0
126.0
184.0
192.0
136.0
186.0
126.0
114.0
144.0
102.0
127.0
149.0
78.0
111.0
103.0
117.0
204.0
181.0
242.0
240.0
201.0
205.0
142.0
120.0
190.0
117.0
183.0
215.0
181.0
233.0
221.0
173.0
207.0
121.0
139.0
149.0
60.0
99.0
77.0
105.0
149.0
92.0
186.0
201.0
166.0
250.0
192.0
128.0
133.0
83.0
163.0
248.0
265.0
336.0
280.0
250.0
227.0
151.0
164.0
220.0
230.0
363.0
381.0
406.0
447.0
390.0
357.0
338.0
232.0
267.0
244.0
262.0
333.0
259.0
321.0
344.0
242.0
284.0
239.0
233.0
327.0
253.0
304.0
338.0
294.0
363.0
297.0
322.0
389.0
339.0
386.0
394.0
319.0
364.0
319.0
267.0
329.0
271.0
308.0
293.0
244.0
291.0
276.0
233.0
311.0
295.0
361.0
356.0
280.0
319.0
315.0
304.0
305.0
252.0
275.0
307.0
259.0
287.0
271.0
253.0
319.0
237.0
239.0
240.0
188.0
270.0
235.0
240.0
275.0
233.0
249.0
229.0
183.0
242.0
215.0
213.0
277.0
238.0
261.0
266.0
214.0
259.0
235.0
218.0
258.0
197.0
182.0
191.0
144.0
229.0
239.0
214.0
229.0
155.0
182.0
220.0
175.0
245.0
228.0
177.0
214.0
123.0
145.0
165.0
119.0
195.0
174.0
134.0
185.0
140.0
180.0
223.0
170.0
216.0
166.0
167.0
211.0
134.0
211.0
261.0
233.0
277.0
263.0
216.0
286.0
227.0
251.0
268.0
254.0
324.0
304.0
291.0
324.0
249.0
269.0
295.0
219.0
295.0
298.0
256.0
331.0
294.0
334.0
310.0
212.0
225.0
208.0
192.0
282.0
209.0
234.0
228.0
168.0
198.0
136.0
124.0
174.0
141.0
211.0
275.0
223.0
289.0
252.0
172.0
226.0
149.0
186.0
225.0
176.0
221.0
175.0
174.0
238.0
188.0
204.0
241.0
197.0
225.0
204.0
158.0
231.0
213.0
270.0
308.0
265.0
306.0
276.0
236.0
268.0
227.0
246.0
281.0
229.0
264.0
242.0
212.0
284.0
224.0
227.0
220.0
162.0
237.0
198.0
200.0
269.0
220.0
228.0
242.0
179.0
222.0
194.0
187.0
264.0
208.0
225.0
240.0
153.0
215.0
184.0
187.0
254.0
214.0
216.0
248.0
146.0
215.0
186.0
190.0
257.0
199.0
187.0
218.0
167.0
220.0
233.0
201.0
221.0
170.0
167.0
202.0
140.0
216.0
173.0
162.0
213.0
137.0
169.0
188.0
156.0
187.0
154.0
164.0
152.0
52.0
137.0
145.0
85.0
119.0
102.0
107.0
176.0
114.0
122.0
119.0
52.0
90.0
79.0
105.0
216.0
222.0
280.0
306.0
250.0
291.0
276.0
213.0
258.0
197.0
215.0
261.0
186.0
223.0
214.0
187.0
200.0
157.0
169.0
241.0
185.0
214.0
184.0
129.0
200.0
126.0
135.0
153.0
97.0
169.0
140.0
121.0
209.0
143.0
169.0
200.0
145.0
166.0
134.0
121.0
211.0
156.0
155.0
152.0
63.0
134.0
115.0
116.0
188.0
113.0
134.0
142.0
31.0
97.0
35.0
15.0
82.0
23.0
33.0
39.0
26.0
72.0
97.0
24.0
99.0
17.0
48.0
58.0
19.0
73.0
58.0
27.0
66.0
-12.0
10.0
46.0
-7.0
127.0
116.0
103.0
131.0
37.0
1.0
50.0
19.0
102.0
125.0
82.0
123.0
40.0
-10.0
-30.0
-70.0
9.0
41.0
65.0
166.0
117.0
101.0
101.0
4.0
26.0
20.0
2.0
92.0
31.0
66.0
89.0
-9.0
37.0
21.0
-3.0
37.0
-4.0
29.0
43.0
24.0
60.0
41.0
-4.0
26.0
-6.0
17.0
59.0
20.0
60.0
78.0
25.0
41.0
15.0
81.0
121.0
81.0
120.0
62.0
29.0
88.0
72.0
87.0
156.0
118.0
204.0
184.0
142.0
178.0
71.0
91.0
118.0
86.0
124.0
117.0
121.0
191.0
113.0
132.0
154.0
103.0
174.0
172.0
133.0
212.0
133.0
151.0
209.0
156.0
230.0
232.0
180.0
218.0
117.0
144.0
165.0
110.0
158.0
127.0
95.0
157.0
62.0
84.0
121.0
114.0
153.0
122.0
82.0
154.0
91.0
121.0
130.0
81.0
120.0
86.0
49.0
108.0
25.0
79.0
104.0
79.0
141.0
124.0
89.0
141.0
77.0
83.0
128.0
106.0
153.0
131.0
106.0
196.0
124.0
144.0
157.0
125.0
165.0
133.0
87.0
155.0
109.0
136.0
167.0
79.0
122.0
135.0
115.0
183.0
138.0
147.0
146.0
66.0
126.0
93.0
56.0
127.0
56.0
88.0
134.0
74.0
135.0
106.0
83.0
129.0
70.0
93.0
116.0
56.0
130.0
118.0
81.0
135.0
67.0
117.0
125.0
52.0
109.0
105.0
69.0
139.0
99.0
143.0
161.0
79.0
137.0
83.0
77.0
139.0
111.0
92.0
154.0
93.0
154.0
122.0
74.0
125.0
54.0
78.0
99.0
33.0
115.0
122.0
122.0
206.0
177.0
199.0
183.0
122.0
162.0
117.0
83.0
167.0
72.0
96.0
138.0
97.0
153.0
124.0
91.0
146.0
113.0
129.0
130.0
72.0
157.0
137.0
115.0
163.0
88.0
138.0
145.0
89.0
128.0
128.0
126.0
197.0
166.0
163.0
148.0
97.0
149.0
156.0
117.0
189.0
154.0
196.0
249.0
175.0
182.0
151.0
122.0
171.0
143.0
186.0
222.0
157.0
192.0
149.0
128.0
181.0
132.0
139.0
175.0
107.0
180.0
135.0
96.0
162.0
89.0
139.0
161.0
102.0
161.0
127.0
121.0
182.0
137.0
152.0
213.0
143.0
141.0
123.0
118.0
159.0
90.0
103.0
133.0
89.0
135.0
135.0
141.0
191.0
100.0
80.0
88.0
39.0
79.0
80.0
80.0
136.0
114.0
129.0
142.0
70.0
130.0
103.0
65.0
149.0
128.0
116.0
138.0
99.0
168.0
154.0
116.0
126.0
80.0
96.0
111.0
43.0
113.0
117.0
110.0
178.0
106.0
67.0
79.0
13.0
62.0
66.0
64.0
146.0
126.0
124.0
103.0
18.0
61.0
80.0
89.0
149.0
104.0
125.0
194.0
142.0
174.0
120.0
32.0
86.0
78.0
115.0
167.0
131.0
163.0
140.0
109.0
150.0
80.0
105.0
121.0
118.0
173.0
150.0
134.0
210.0
165.0
149.0
157.0
49.0
74.0
83.0
89.0
171.0
124.0
130.0
187.0
150.0
202.0
173.0
114.0
193.0
131.0
116.0
136.0
65.0
148.0
104.0
74.0
126.0
42.0
64.0
103.0
89.0
130.0
128.0
67.0
163.0
96.0
103.0
150.0
80.0
175.0
164.0
118.0
181.0
130.0
90.0
101.0
54.0
119.0
138.0
86.0
148.0
89.0
112.0
185.0
136.0
185.0
119.0
69.0
97.0
41.0
46.0
76.0
80.0
111.0
126.0
105.0
115.0
52.0
82.0
108.0
74.0
134.0
137.0
86.0
167.0
76.0
78.0
106.0
58.0
84.0
80.0
30.0
107.0
76.0
107.0
161.0
88.0
154.0
132.0
75.0
140.0
79.0
65.0
100.0
17.0
62.0
38.0
17.0
81.0
39.0
46.0
51.0
-18.0
51.0
41.0
11.0
95.0
62.0
63.0
91.0
13.0
37.0
10.0
-12.0
53.0
18.0
70.0
155.0
96.0
124.0
80.0
45.0
85.0
37.0
22.0
46.0
-5.0
86.0
81.0
51.0
86.0
29.0
19.0
55.0
-15.0
50.0
50.0
48.0
124.0
65.0
56.0
83.0
18.0
54.0
50.0
15.0
98.0
69.0
93.0
115.0
44.0
78.0
43.0
40.0
71.0
40.0
64.0
103.0
24.0
52.0
22.0
-66.0
12.0
-25.0
37.0
87.0
31.0
90.0
61.0
22.0
79.0
32.0
1.0
37.0
-46.0
18.0
-4.0
-8.0
47.0
-5.0
6.0
23.0
-18.0
42.0
28.0
48.0
109.0
42.0
37.0
35.0
-6.0
35.0
8.0
-17.0
24.0
-26.0
-23.0
52.0
19.0
87.0
78.0
43.0
83.0
37.0
42.0
40.0
-4.0
59.0
55.0
27.0
86.0
32.0
35.0
53.0
-4.0
36.0
72.0
35.0
92.0
84.0
121.0
142.0
115.0
176.0
164.0
133.0
156.0
86.0
98.0
122.0
40.0
98.0
92.0
69.0
140.0
115.0
138.0
159.0
136.0
164.0
130.0
79.0
110.0
-7.0
6.0
59.0
29.0
107.0
124.0
79.0
123.0
27.0
12.0
47.0
17.0
96.0
163.0
145.0
214.0
150.0
143.0
155.0
73.0
110.0
129.0
110.0
154.0
116.0
103.0
155.0
89.0
142.0
114.0
58.0
131.0
82.0
93.0
128.0
74.0
161.0
116.0
89.0
118.0
58.0
98.0
151.0
100.0
141.0
122.0
84.0
107.0
61.0
73.0
136.0
82.0
147.0
115.0
51.0
133.0
69.0
54.0
99.0
52.0
98.0
83.0
68.0
123.0
102.0
91.0
135.0
30.0
63.0
7.0
-21.0
67.0
47.0
119.0
169.0
88.0
137.0
99.0
14.0
77.0
30.0
76.0
132.0
108.0
192.0
193.0
101.0
117.0
51.0
32.0
72.0
32.0
129.0
162.0
157.0
180.0
101.0
98.0
101.0
4.0
41.0
43.0
17.0
106.0
58.0
77.0
116.0
41.0
119.0
120.0
120.0
206.0
166.0
170.0
225.0
171.0
142.0
86.0
12.0
71.0
18.0
80.0
143.0
109.0
154.0
123.0
71.0
107.0
49.0
69.0
158.0
121.0
156.0
92.0
65.0
90.0
34.0
39.0
95.0
71.0
157.0
111.0
78.0
141.0
108.0
142.0
145.0
86.0
169.0
223.0
178.0
188.0
115.0
86.0
136.0
83.0
157.0
187.0
164.0
234.0
175.0
168.0
212.0
170.0
236.0
229.0
168.0
219.0
198.0
222.0
264.0
210.0
241.0
257.0
241.0
310.0
257.0
211.0
263.0
150.0
186.0
175.0
118.0
202.0
194.0
220.0
268.0
168.0
236.0
246.0
180.0
250.0
188.0
204.0
239.0
216.0
246.0
288.0
259.0
334.0
261.0
270.0
294.0
204.0
257.0
234.0
202.0
255.0
207.0
200.0
256.0
207.0
243.0
246.0
174.0
194.0
106.0
93.0
121.0
59.0
113.0
156.0
128.0
205.0
183.0
135.0
153.0
69.0
149.0
121.0
67.0
153.0
78.0
49.0
69.0
8.0
55.0
78.0
72.0
146.0
117.0
125.0
167.0
96.0
151.0
133.0
102.0
206.0
164.0
187.0
223.0
170.0
225.0
218.0
97.0
199.0
129.0
137.0
146.0
95.0
139.0
139.0
101.0
128.0
108.0
109.0
143.0
126.0
179.0
172.0
111.0
197.0
150.0
168.0
222.0
117.0
178.0
192.0
136.0
200.0
134.0
136.0
152.0
71.0
125.0
128.0
52.0
131.0
54.0
60.0
99.0
40.0
115.0
96.0
49.0
125.0
80.0
110.0
113.0
48.0
100.0
109.0
87.0
161.0
110.0
96.0
120.0
54.0
73.0
101.0
90.0
167.0
98.0
73.0
122.0
52.0
88.0
91.0
73.0
166.0
98.0
114.0
132.0
42.0
55.0
48.0
30.0
100.0
84.0
103.0
144.0
68.0
99.0
65.0
16.0
69.0
45.0
78.0
151.0
107.0
147.0
116.0
61.0
88.0
43.0
22.0
88.0
39.0
139.0
181.0
128.0
200.0
139.0
111.0
137.0
77.0
116.0
150.0
68.0
137.0
96.0
101.0
139.0
80.0
114.0
107.0
31.0
93.0
35.0
38.0
86.0
52.0
62.0
54.0
9.0
82.0
18.0
32.0
54.0
8.0
67.0
53.0
-11.0
56.0
31.0
26.0
76.0
32.0
114.0
134.0
97.0
117.0
82.0
79.0
126.0
54.0
93.0
110.0
77.0
109.0
81.0
82.0
135.0
85.0
99.0
127.0
91.0
148.0
115.0
106.0
155.0
72.0
128.0
132.0
102.0
159.0
103.0
127.0
148.0
100.0
158.0
156.0
99.0
138.0
110.0
100.0
134.0
82.0
117.0
100.0
58.0
125.0
118.0
131.0
145.0
33.0
82.0
84.0
60.0
131.0
100.0
136.0
159.0
112.0
134.0
129.0
56.0
93.0
64.0
83.0
129.0
99.0
149.0
160.0
106.0
128.0
74.0
49.0
34.0
-11.0
49.0
87.0
73.0
121.0
76.0
82.0
107.0
49.0
110.0
103.0
67.0
186.0
136.0
159.0
194.0
103.0
133.0
124.0
93.0
152.0
116.0
126.0
134.0
29.0
62.0
71.0
18.0
115.0
92.0
149.0
201.0
147.0
178.0
156.0
120.0
187.0
113.0
110.0
147.0
105.0
145.0
143.0
59.0
117.0
49.0
24.0
78.0
11.0
53.0
90.0
72.0
177.0
141.0
176.0
218.0
172.0
187.0
165.0
72.0
121.0
88.0
80.0
115.0
83.0
130.0
140.0
84.0
149.0
73.0
67.0
102.0
59.0
116.0
161.0
142.0
221.0
155.0
120.0
138.0
40.0
84.0
106.0
67.0
171.0
153.0
167.0
180.0
139.0
150.0
151.0
71.0
149.0
98.0
110.0
162.0
106.0
158.0
175.0
101.0
167.0
97.0
86.0
157.0
138.0
187.0
185.0
143.0
187.0
132.0
134.0
133.0
62.0
92.0
106.0
46.0
149.0
138.0
168.0
203.0
129.0
189.0
157.0
96.0
177.0
112.0
106.0
132.0
63.0
140.0
141.0
114.0
183.0
122.0
110.0
157.0
102.0
122.0
119.0
100.0
181.0
110.0
133.0
137.0
32.0
133.0
137.0
111.0
172.0
145.0
180.0
221.0
146.0
188.0
177.0
153.0
192.0
162.0
140.0
196.0
162.0
181.0
107.0
55.0
112.0
87.0
90.0
164.0
130.0
199.0
209.0
155.0
183.0
127.0
99.0
128.0
89.0
128.0
141.0
95.0
166.0
108.0
92.0
140.0
89.0
153.0
146.0
119.0
201.0
167.0
174.0
232.0
153.0
150.0
118.0
20.0
65.0
27.0
65.0
134.0
106.0
170.0
174.0
130.0
186.0
152.0
136.0
198.0
140.0
181.0
187.0
105.0
159.0
124.0
98.0
135.0
55.0
108.0
102.0
121.0
187.0
134.0
126.0
210.0
183.0
266.0
275.0
171.0
213.0
176.0
129.0
174.0
116.0
161.0
165.0
170.0
282.0
169.0
165.0
205.0
148.0
142.0
157.0
128.0
203.0
176.0
180.0
219.0
144.0
152.0
145.0
117.0
181.0
126.0
115.0
145.0
107.0
145.0
139.0
124.0
225.0
183.0
158.0
186.0
103.0
167.0
164.0
111.0
150.0
136.0
143.0
195.0
137.0
154.0
127.0
106.0
165.0
143.0
160.0
174.0
87.0
120.0
155.0
105.0
114.0
97.0
79.0
142.0
68.0
103.0
144.0
96.0
183.0
149.0
147.0
200.0
169.0
233.0
233.0
196.0
233.0
165.0
156.0
207.0
161.0
224.0
236.0
212.0
266.0
230.0
186.0
185.0
84.0
111.0
158.0
156.0
242.0
231.0
215.0
259.0
157.0
170.0
176.0
121.0
172.0
144.0
144.0
218.0
149.0
176.0
178.0
120.0
188.0
169.0
154.0
180.0
140.0
168.0
163.0
108.0
178.0
133.0
131.0
167.0
84.0
151.0
157.0
122.0
192.0
136.0
148.0
167.0
112.0
138.0
138.0
93.0
142.0
95.0
54.0
97.0
60.0
86.0
80.0
14.0
87.0
57.0
96.0
162.0
84.0
143.0
153.0
97.0
195.0
148.0
141.0
193.0
136.0
165.0
150.0
107.0
164.0
115.0
115.0
187.0
165.0
208.0
207.0
146.0
209.0
178.0
150.0
195.0
146.0
230.0
217.0
167.0
219.0
181.0
152.0
189.0
127.0
167.0
173.0
77.0
100.0
78.0
74.0
147.0
81.0
136.0
159.0
103.0
167.0
119.0
115.0
168.0
121.0
175.0
172.0
91.0
106.0
69.0
41.0
124.0
112.0
161.0
181.0
115.0
176.0
146.0
147.0
178.0
100.0
116.0
116.0
44.0
117.0
93.0
72.0
86.0
18.0
65.0
91.0
62.0
164.0
127.0
137.0
178.0
111.0
152.0
176.0
90.0
120.0
46.0
61.0
98.0
67.0
86.0
102.0
42.0
101.0
41.0
36.0
75.0
46.0
119.0
105.0
82.0
134.0
80.0
61.0
64.0
18.0
67.0
84.0
37.0
92.0
74.0
99.0
166.0
55.0
95.0
110.0
43.0
123.0
78.0
90.0
141.0
77.0
90.0
111.0
74.0
117.0
93.0
69.0
122.0
107.0
177.0
168.0
99.0
138.0
114.0
93.0
115.0
34.0
59.0
112.0
72.0
157.0
116.0
102.0
148.0
106.0
105.0
108.0
26.0
100.0
80.0
90.0
132.0
53.0
73.0
96.0
39.0
105.0
59.0
61.0
109.0
92.0
153.0
143.0
61.0
116.0
102.0
93.0
117.0
41.0
88.0
116.0
63.0
147.0
89.0
111.0
186.0
150.0
171.0
151.0
116.0
203.0
149.0
162.0
156.0
90.0
146.0
137.0
89.0
135.0
105.0
123.0
192.0
144.0
181.0
175.0
131.0
198.0
177.0
171.0
223.0
155.0
196.0
181.0
127.0
186.0
120.0
97.0
113.0
99.0
159.0
191.0
179.0
242.0
220.0
178.0
190.0
120.0
110.0
122.0
100.0
163.0
146.0
88.0
137.0
74.0
118.0
140.0
110.0
156.0
115.0
96.0
151.0
82.0
128.0
162.0
122.0
171.0
152.0
134.0
202.0
129.0
165.0
159.0
93.0
181.0
162.0
159.0
210.0
145.0
156.0
172.0
70.0
159.0
119.0
85.0
151.0
80.0
136.0
153.0
121.0
165.0
135.0
117.0
171.0
146.0
204.0
224.0
158.0
206.0
159.0
103.0
120.0
56.0
87.0
120.0
108.0
162.0
121.0
97.0
108.0
55.0
119.0
130.0
65.0
139.0
106.0
69.0
124.0
50.0
80.0
78.0
29.0
84.0
54.0
40.0
122.0
134.0
155.0
144.0
88.0
134.0
73.0
66.0
102.0
51.0
83.0
68.0
12.0
104.0
147.0
178.0
236.0
174.0
165.0
164.0
117.0
143.0
120.0
69.0
164.0
112.0
119.0
117.0
64.0
123.0
106.0
105.0
181.0
111.0
163.0
213.0
127.0
208.0
133.0
115.0
175.0
137.0
184.0
176.0
139.0
220.0
220.0
191.0
210.0
166.0
206.0
211.0
172.0
215.0
177.0
105.0
144.0
137.0
215.0
246.0
191.0
195.0
160.0
156.0
259.0
194.0
191.0
197.0
137.0
188.0
156.0
127.0
153.0
117.0
174.0
222.0
190.0
265.0
241.0
212.0
233.0
142.0
187.0
222.0
172.0
213.0
180.0
167.0
193.0
133.0
188.0
215.0
174.0
220.0
165.0
136.0
174.0
109.0
124.0
138.0
102.0
175.0
154.0
167.0
206.0
150.0
169.0
192.0
169.0
225.0
189.0
152.0
206.0
127.0
133.0
102.0
20.0
65.0
60.0
55.0
120.0
80.0
134.0
149.0
45.0
128.0
133.0
122.0
201.0
171.0
214.0
217.0
176.0
185.0
142.0
138.0
196.0
176.0
217.0
221.0
187.0
256.0
232.0
215.0
276.0
196.0
183.0
177.0
121.0
165.0
175.0
176.0
205.0
156.0
186.0
191.0
157.0
194.0
163.0
95.0
159.0
126.0
155.0
175.0
170.0
255.0
236.0
185.0
229.0
154.0
147.0
136.0
78.0
145.0
118.0
78.0
144.0
114.0
149.0
200.0
133.0
174.0
124.0
124.0
180.0
122.0
163.0
164.0
122.0
193.0
197.0
186.0
243.0
184.0
210.0
223.0
135.0
185.0
150.0
131.0
205.0
140.0
187.0
235.0
157.0
211.0
175.0
163.0
229.0
174.0
219.0
227.0
184.0
231.0
169.0
151.0
202.0
111.0
118.0
156.0
96.0
175.0
138.0
122.0
186.0
143.0
186.0
159.0
81.0
194.0
167.0
139.0
188.0
131.0
168.0
181.0
102.0
161.0
113.0
102.0
162.0
120.0
142.0
157.0
119.0
159.0
130.0
121.0
186.0
147.0
163.0
186.0
140.0
175.0
112.0
82.0
144.0
55.0
143.0
158.0
96.0
117.0
101.0
115.0
172.0
115.0
133.0
127.0
64.0
84.0
34.0
17.0
103.0
79.0
130.0
146.0
110.0
142.0
58.0
39.0
70.0
13.0
86.0
84.0
46.0
116.0
77.0
74.0
125.0
56.0
82.0
95.0
62.0
150.0
137.0
126.0
147.0
36.0
73.0
90.0
63.0
142.0
147.0
105.0
111.0
67.0
109.0
117.0
83.0
171.0
175.0
167.0
203.0
103.0
126.0
144.0
90.0
153.0
136.0
120.0
164.0
105.0
99.0
131.0
65.0
115.0
77.0
73.0
159.0
108.0
147.0
146.0
89.0
120.0
100.0
84.0
175.0
72.0
67.0
71.0
-10.0
65.0
56.0
43.0
146.0
101.0
143.0
118.0
74.0
116.0
112.0
102.0
149.0
72.0
62.0
46.0
-24.0
45.0
32.0
55.0
154.0
121.0
109.0
86.0
22.0
104.0
70.0
50.0
87.0
24.0
45.0
33.0
-5.0
99.0
69.0
49.0
77.0
12.0
19.0
26.0
-12.0
49.0
20.0
7.0
67.0
12.0
42.0
95.0
26.0
63.0
48.0
20.0
94.0
27.0
61.0
46.0
6.0
65.0
24.0
26.0
69.0
31.0
73.0
58.0
-16.0
47.0
29.0
2.0
67.0
4.0
8.0
19.0
-36.0
39.0
7.0
-15.0
42.0
-37.0
-16.0
42.0
-10.0
26.0
-16.0
-52.0
3.0
-51.0
8.0
20.0
-36.0
26.0
-1.0
-16.0
68.0
-18.0
23.0
48.0
-32.0
15.0
-54.0
-83.0
-43.0
-49.0
-13.0
27.0
-60.0
22.0
-26.0
-51.0
-18.0
-44.0
-40.0
16.0
-52.0
-20.0
-30.0
-68.0
12.0
-26.0
-26.0
-3.0
-55.0
8.0
-30.0
-58.0
-32.0
-74.0
-49.0
5.0
-23.0
55.0
12.0
-42.0
17.0
-12.0
-7.0
5.0
-25.0
-7.0
-45.0
-83.0
-4.0
-65.0
-57.0
-18.0
-116.0
-34.0
-30.0
-77.0
-6.0
-74.0
-67.0
-66.0
-131.0
-64.0
-94.0
-116.0
-54.0
-109.0
-105.0
-111.0
-182.0
-137.0
-135.0
-127.0
-50.0
-84.0
-12.0
-1.0
-72.0
-46.0
-70.0
-95.0
-50.0
-110.0
-67.0
-62.0
-130.0
-87.0
-124.0
-162.0
-80.0
-110.0
-77.0
-55.0
-134.0
-91.0
-141.0
-143.0
-92.0
-177.0
-171.0
-158.0
-177.0
-105.0
-134.0
-165.0
-87.0
-99.0
-54.0
-45.0
-119.0
-58.0
-108.0
-143.0
-98.0
-171.0
-160.0
-135.0
-169.0
-125.0
-124.0
-135.0
-34.0
-72.0
-64.0
-29.0
-107.0
-46.0
-62.0
-97.0
-78.0
-156.0
-141.0
-95.0
-139.0
-66.0
-148.0
-136.0
-79.0
-121.0
-89.0
-23.0
-55.0
2.0
-55.0
-102.0
-72.0
-139.0
-99.0
-60.0
-130.0
-107.0
-152.0
-171.0
-107.0
-161.0
-90.0
-33.0
-93.0
-20.0
-27.0
-90.0
-22.0
-87.0
-62.0
-81.0
-158.0
-93.0
-118.0
-156.0
-80.0
-135.0
-64.0
-32.0
-82.0
6.0
-41.0
-65.0
-10.0
-52.0
-31.0
-50.0
-120.0
-43.0
-46.0
-88.0
10.0
-35.0
-21.0
3.0
-42.0
5.0
-36.0
-67.0
-8.0
-56.0
-33.0
-9.0
-88.0
-70.0
-82.0
-133.0
-76.0
-87.0
-55.0
-17.0
-49.0
2.0
-42.0
-43.0
12.0
-45.0
-12.0
-32.0
-90.0
-49.0
-87.0
-112.0
-60.0
-109.0
-76.0
-54.0
-120.0
-35.0
-29.0
-23.0
56.0
14.0
11.0
13.0
-72.0
-51.0
-115.0
-171.0
-139.0
-193.0
-128.0
-68.0
-120.0
-83.0
-82.0
-96.0
-10.0
-45.0
-2.0
41.0
-23.0
40.0
-23.0
-101.0
-55.0
-142.0
-109.0
-92.0
-154.0
-78.0
-79.0
-80.0
1.0
-13.0
25.0
68.0
-23.0
49.0
-11.0
-54.0
2.0
-23.0
-23.0
-8.0
-52.0
-44.0
-33.0
2.0
74.0
67.0
63.0
102.0
52.0
72.0
2.0
-87.0
-82.0
-158.0
-131.0
-61.0
-100.0
3.0
4.0
-12.0
68.0
-26.0
2.0
28.0
-22.0
21.0
2.0
-47.0
-5.0
-64.0
-32.0
16.0
-35.0
17.0
-4.0
-27.0
40.0
-25.0
-10.0
47.0
-20.0
43.0
25.0
-22.0
52.0
-1.0
-1.0
41.0
-5.0
65.0
54.0
16.0
67.0
37.0
21.0
6.0
-60.0
-34.0
-42.0
-90.0
-25.0
-73.0
-52.0
-15.0
-82.0
-35.0
-70.0
-91.0
-35.0
-57.0
-20.0
-20.0
-61.0
4.0
2.0
-32.0
9.0
-54.0
-4.0
23.0
-34.0
1.0
-15.0
-86.0
-37.0
-48.0
-18.0
35.0
-17.0
51.0
15.0
-24.0
40.0
-17.0
15.0
57.0
-8.0
3.0
-37.0
-84.0
5.0
-28.0
14.0
48.0
4.0
92.0
88.0
9.0
25.0
-17.0
8.0
77.0
-2.0
59.0
22.0
9.0
43.0
-50.0
-50.0
-16.0
-48.0
34.0
27.0
-21.0
29.0
-16.0
40.0
63.0
30.0
76.0
56.0
83.0
143.0
96.0
118.0
139.0
72.0
87.0
22.0
-27.0
26.0
-29.0
12.0
37.0
-13.0
39.0
24.0
-16.0
36.0
-54.0
-24.0
21.0
-16.0
78.0
103.0
20.0
87.0
16.0
26.0
48.0
5.0
21.0
6.0
-3.0
59.0
-14.0
-2.0
27.0
-6.0
51.0
41.0
-4.0
73.0
20.0
21.0
22.0
-37.0
15.0
18.0
1.0
56.0
0.0
-8.0
18.0
-12.0
23.0
-18.0
-13.0
4.0
-26.0
-10.0
32.0
3.0
51.0
49.0
1.0
46.0
-6.0
-17.0
14.0
-96.0
-27.0
-47.0
-118.0
-115.0
-137.0
-74.0
16.0
-3.0
32.0
33.0
6.0
48.0
-45.0
-72.0
-70.0
-115.0
-72.0
-74.0
-91.0
-16.0
-79.0
-76.0
-68.0
-109.0
-12.0
44.0
20.0
76.0
25.0
-21.0
-23.0
-100.0
-74.0
-98.0
-99.0
-23.0
-59.0
-44.0
-28.0
-76.0
-35.0
-22.0
-33.0
56.0
38.0
45.0
81.0
0.0
1.0
-35.0
-55.0
11.0
2.0
21.0
100.0
27.0
34.0
50.0
70.0
151.0
136.0
153.0
218.0
109.0
128.0
82.0
25.0
77.0
25.0
61.0
139.0
114.0
135.0
110.0
64.0
117.0
72.0
77.0
111.0
60.0
124.0
171.0
152.0
261.0
208.0
232.0
281.0
247.0
264.0
282.0
210.0
241.0
173.0
193.0
243.0
173.0
212.0
201.0
138.0
163.0
89.0
88.0
126.0
62.0
143.0
114.0
89.0
155.0
127.0
155.0
144.0
65.0
120.0
93.0
66.0
134.0
82.0
106.0
138.0
98.0
152.0
154.0
120.0
200.0
128.0
132.0
148.0
69.0
150.0
93.0
49.0
103.0
93.0
117.0
127.0
60.0
76.0
42.0
-4.0
72.0
27.0
59.0
38.0
-22.0
51.0
52.0
5.0
40.0
13.0
1.0
73.0
5.0
96.0
89.0
55.0
86.0
15.0
-7.0
53.0
45.0
84.0
125.0
81.0
121.0
62.0
63.0
89.0
34.0
125.0
146.0
90.0
138.0
56.0
60.0
92.0
19.0
78.0
91.0
71.0
139.0
110.0
97.0
122.0
74.0
114.0
95.0
88.0
124.0
92.0
90.0
131.0
38.0
82.0
59.0
50.0
137.0
106.0
118.0
149.0
87.0
87.0
91.0
50.0
125.0
86.0
116.0
165.0
121.0
183.0
169.0
102.0
136.0
41.0
65.0
102.0
46.0
110.0
117.0
86.0
149.0
93.0
90.0
142.0
92.0
152.0
128.0
83.0
180.0
130.0
106.0
105.0
58.0
143.0
170.0
195.0
281.0
197.0
185.0
218.0
125.0
173.0
162.0
161.0
255.0
220.0
216.0
212.0
119.0
166.0
202.0
205.0
262.0
221.0
186.0
181.0
70.0
90.0
105.0
63.0
156.0
153.0
222.0
271.0
216.0
233.0
154.0
83.0
154.0
126.0
166.0
218.0
158.0
238.0
210.0
138.0
203.0
163.0
155.0
210.0
117.0
220.0
208.0
170.0
224.0
174.0
203.0
244.0
171.0
208.0
176.0
127.0
167.0
121.0
152.0
199.0
167.0
190.0
136.0
108.0
178.0
127.0
143.0
201.0
97.0
163.0
140.0
121.0
167.0
149.0
116.0
153.0
98.0
144.0
140.0
102.0
201.0
181.0
209.0
212.0
133.0
150.0
145.0
120.0
183.0
125.0
148.0
157.0
85.0
87.0
55.0
32.0
126.0
124.0
125.0
162.0
95.0
110.0
59.0
5.0
33.0
18.0
34.0
128.0
83.0
121.0
106.0
34.0
65.0
23.0
33.0
54.0
34.0
142.0
136.0
88.0
153.0
79.0
91.0
152.0
71.0
153.0
145.0
92.0
168.0
87.0
108.0
133.0
69.0
127.0
118.0
90.0
154.0
105.0
96.0
166.0
79.0
150.0
135.0
82.0
143.0
90.0
130.0
191.0
104.0
166.0
146.0
119.0
173.0
120.0
110.0
103.0
30.0
58.0
54.0
44.0
72.0
23.0
73.0
138.0
83.0
126.0
68.0
-24.0
62.0
44.0
87.0
124.0
53.0
75.0
86.0
16.0
90.0
52.0
63.0
130.0
62.0
111.0
76.0
42.0
120.0
63.0
48.0
110.0
6.0
46.0
100.0
70.0
152.0
95.0
23.0
67.0
9.0
92.0
122.0
107.0
170.0
172.0
134.0
133.0
41.0
62.0
48.0
17.0
61.0
73.0
95.0
134.0
59.0
119.0
94.0
3.0
52.0
35.0
73.0
181.0
126.0
177.0
183.0
128.0
176.0
102.0
90.0
136.0
71.0
115.0
124.0
71.0
118.0
99.0
116.0
195.0
167.0
188.0
167.0
96.0
169.0
68.0
48.0
81.0
45.0
140.0
88.0
45.0
106.0
69.0
83.0
160.0
133.0
181.0
152.0
126.0
157.0
83.0
69.0
113.0
13.0
34.0
20.0
-7.0
85.0
77.0
105.0
153.0
119.0
144.0
144.0
106.0
187.0
147.0
148.0
150.0
88.0
115.0
70.0
32.0
119.0
51.0
80.0
118.0
62.0
101.0
108.0
98.0
176.0
97.0
40.0
107.0
26.0
55.0
45.0
-4.0
92.0
71.0
79.0
114.0
38.0
56.0
72.0
21.0
78.0
47.0
73.0
114.0
79.0
145.0
107.0
43.0
108.0
78.0
102.0
138.0
101.0
122.0
85.0
33.0
131.0
75.0
74.0
114.0
55.0
97.0
77.0
31.0
63.0
39.0
43.0
77.0
17.0
78.0
72.0
45.0
118.0
74.0
76.0
131.0
77.0
134.0
147.0
81.0
130.0
67.0
35.0
68.0
-1.0
52.0
56.0
21.0
98.0
86.0
65.0
85.0
1.0
33.0
32.0
-4.0
34.0
43.0
57.0
102.0
20.0
62.0
57.0
7.0
79.0
49.0
38.0
106.0
53.0
125.0
114.0
52.0
103.0
40.0
32.0
76.0
1.0
46.0
78.0
28.0
124.0
69.0
43.0
93.0
32.0
50.0
84.0
56.0
149.0
97.0
81.0
119.0
72.0
84.0
67.0
-21.0
49.0
11.0
34.0
131.0
89.0
151.0
109.0
43.0
98.0
73.0
79.0
128.0
52.0
137.0
159.0
99.0
132.0
57.0
70.0
102.0
42.0
140.0
154.0
118.0
143.0
101.0
101.0
138.0
60.0
86.0
80.0
71.0
116.0
67.0
65.0
74.0
56.0
102.0
107.0
71.0
107.0
63.0
96.0
158.0
87.0
137.0
127.0
105.0
110.0
65.0
32.0
69.0
-10.0
62.0
86.0
47.0
116.0
56.0
54.0
103.0
75.0
107.0
90.0
62.0
116.0
58.0
67.0
117.0
50.0
52.0
71.0
-6.0
88.0
43.0
65.0
122.0
72.0
121.0
102.0
61.0
133.0
91.0
91.0
107.0
64.0
103.0
75.0
31.0
87.0
61.0
74.0
90.0
68.0
96.0
90.0
53.0
118.0
112.0
131.0
192.0
132.0
184.0
137.0
98.0
157.0
100.0
71.0
128.0
55.0
82.0
83.0
33.0
105.0
105.0
72.0
147.0
108.0
113.0
105.0
63.0
111.0
123.0
59.0
90.0
3.0
45.0
60.0
73.0
144.0
122.0
140.0
204.0
127.0
118.0
97.0
23.0
86.0
41.0
82.0
120.0
68.0
92.0
94.0
48.0
109.0
79.0
93.0
101.0
63.0
86.0
124.0
64.0
129.0
76.0
82.0
160.0
99.0
146.0
106.0
59.0
124.0
72.0
80.0
98.0
42.0
86.0
94.0
36.0
81.0
73.0
70.0
121.0
46.0
105.0
95.0
41.0
120.0
85.0
83.0
131.0
60.0
73.0
62.0
-12.0
98.0
50.0
22.0
79.0
34.0
77.0
64.0
7.0
93.0
56.0
50.0
132.0
69.0
87.0
70.0
17.0
89.0
34.0
12.0
67.0
30.0
87.0
74.0
4.0
34.0
-7.0
3.0
11.0
-11.0
39.0
73.0
37.0
93.0
42.0
50.0
102.0
52.0
101.0
97.0
25.0
102.0
34.0
86.0
138.0
88.0
112.0
108.0
52.0
104.0
66.0
78.0
105.0
77.0
112.0
81.0
-3.0
57.0
58.0
80.0
142.0
50.0
50.0
6.0
-60.0
11.0
-5.0
3.0
27.0
-22.0
30.0
34.0
-16.0
31.0
-10.0
-13.0
107.0
30.0
62.0
76.0
-12.0
59.0
-46.0
-107.0
-83.0
-130.0
-67.0
14.0
-41.0
36.0
-38.0
-81.0
-58.0
-108.0
-44.0
-21.0
-45.0
37.0
4.0
12.0
22.0
-54.0
-48.0
-61.0
-63.0
27.0
3.0
20.0
80.0
23.0
39.0
8.0
-10.0
90.0
118.0
148.0
177.0
128.0
162.0
172.0
92.0
63.0
20.0
5.0
80.0
44.0
82.0
111.0
28.0
55.0
23.0
16.0
68.0
-1.0
41.0
85.0
56.0
74.0
61.0
44.0
110.0
77.0
124.0
129.0
74.0
135.0
73.0
40.0
97.0
37.0
110.0
101.0
29.0
75.0
21.0
42.0
128.0
76.0
151.0
137.0
88.0
105.0
8.0
0.0
87.0
47.0
128.0
145.0
74.0
88.0
42.0
51.0
136.0
93.0
163.0
184.0
143.0
191.0
112.0
64.0
94.0
23.0
77.0
92.0
52.0
102.0
64.0
61.0
105.0
42.0
102.0
86.0
34.0
86.0
59.0
78.0
107.0
79.0
92.0
116.0
80.0
139.0
70.0
79.0
122.0
61.0
83.0
83.0
4.0
76.0
57.0
33.0
73.0
20.0
70.0
85.0
30.0
85.0
48.0
22.0
68.0
5.0
40.0
43.0
0.0
35.0
12.0
8.0
67.0
56.0
79.0
112.0
45.0
97.0
73.0
56.0
106.0
47.0
74.0
80.0
10.0
29.0
-41.0
-27.0
40.0
-40.0
-9.0
22.0
-10.0
15.0
-26.0
-15.0
29.0
-24.0
-5.0
-1.0
-10.0
69.0
20.0
-7.0
39.0
-58.0
33.0
48.0
23.0
97.0
54.0
19.0
36.0
-18.0
-13.0
-10.0
-41.0
4.0
-36.0
-63.0
14.0
-15.0
60.0
55.0
5.0
47.0
1.0
-23.0
35.0
2.0
17.0
54.0
18.0
73.0
32.0
17.0
79.0
33.0
66.0
58.0
3.0
62.0
42.0
24.0
106.0
35.0
54.0
49.0
-15.0
53.0
17.0
3.0
52.0
-26.0
2.0
42.0
8.0
43.0
45.0
54.0
92.0
14.0
22.0
42.0
-10.0
62.0
55.0
46.0
95.0
14.0
34.0
7.0
-8.0
76.0
11.0
-13.0
18.0
-60.0
-39.0
-6.0
-23.0
49.0
4.0
10.0
48.0
-36.0
-1.0
-1.0
-79.0
-16.0
-77.0
-64.0
15.0
-45.0
-24.0
-2.0
-34.0
45.0
17.0
27.0
66.0
4.0
40.0
42.0
-41.0
14.0
-43.0
-41.0
-15.0
-69.0
-32.0
1.0
-55.0
25.0
6.0
-26.0
16.0
-67.0
-48.0
-40.0
-81.0
-29.0
-59.0
-91.0
-69.0
-166.0
-149.0
-81.0
-124.0
-20.0
-54.0
-94.0
-53.0
-113.0
-74.0
-75.0
-119.0
-56.0
-51.0
-82.0
-52.0
-137.0
-68.0
-60.0
-96.0
-25.0
-93.0
-135.0
-71.0
-128.0
-46.0
-29.0
-92.0
-20.0
-50.0
-55.0
-41.0
-84.0
-44.0
-13.0
-73.0
17.0
-31.0
-44.0
-10.0
-40.0
18.0
44.0
-10.0
15.0
4.0
19.0
58.0
-53.0
-29.0
-28.0
-68.0
25.0
-23.0
-18.0
51.0
-67.0
-51.0
-98.0
-175.0
-126.0
-128.0
-91.0
27.0
10.0
55.0
68.0
-35.0
-11.0
-72.0
-43.0
30.0
-5.0
25.0
39.0
-2.0
-6.0
-32.0
-34.0
46.0
26.0
40.0
81.0
28.0
80.0
19.0
-55.0
-17.0
-46.0
-2.0
18.0
-28.0
-1.0
-43.0
-77.0
-35.0
-77.0
-25.0
33.0
-2.0
48.0
11.0
-37.0
-31.0
-115.0
-78.0
-52.0
-106.0
-32.0
-36.0
-8.0
15.0
-29.0
-2.0
-7.0
-52.0
6.0
-34.0
-43.0
-18.0
-66.0
-46.0
-55.0
-106.0
-50.0
-89.0
-100.0
-62.0
-127.0
-62.0
-46.0
-98.0
-59.0
-100.0
-119.0
-89.0
-176.0
-169.0
-208.0
-249.0
-155.0
-155.0
-126.0
-41.0
-54.0
-20.0
-4.0
-111.0
-63.0
-108.0
-144.0
-107.0
-171.0
-134.0
-100.0
-115.0
-44.0
-109.0
-130.0
-71.0
-99.0
-35.0
18.0
-41.0
-14.0
-39.0
-95.0
-62.0
-127.0
-117.0
-68.0
-136.0
-119.0
-147.0
-150.0
-67.0
-84.0
-31.0
-9.0
-12.0
32.0
8.0
-21.0
-3.0
-83.0
-88.0
-49.0
-89.0
-44.0
-64.0
-37.0
46.0
5.0
50.0
31.0
-29.0
27.0
-13.0
-48.0
40.0
-12.0
-7.0
29.0
-8.0
45.0
33.0
7.0
92.0
27.0
92.0
79.0
56.0
85.0
43.0
26.0
60.0
-25.0
-8.0
32.0
-23.0
44.0
13.0
10.0
75.0
7.0
30.0
40.0
-2.0
52.0
-12.0
-52.0
40.0
-37.0
-8.0
56.0
23.0
88.0
58.0
22.0
77.0
7.0
28.0
-18.0
-63.0
-22.0
-27.0
-14.0
42.0
-6.0
-1.0
15.0
-59.0
-14.0
-29.0
-43.0
17.0
-22.0
31.0
26.0
-28.0
35.0
-24.0
-53.0
1.0
-89.0
-133.0
-110.0
-130.0
-13.0
-32.0
-65.0
-11.0
-73.0
-53.0
-4.0
-59.0
10.0
-39.0
-50.0
-10.0
-46.0
-61.0
-28.0
-110.0
-60.0
-115.0
-142.0
-85.0
-111.0
-76.0
-4.0
-67.0
-2.0
-43.0
-32.0
60.0
-4.0
-1.0
-3.0
-83.0
-13.0
-87.0
-74.0
-6.0
-20.0
-1.0
11.0
-37.0
14.0
10.0
21.0
63.0
4.0
47.0
76.0
14.0
58.0
-17.0
-69.0
-52.0
-106.0
-48.0
-34.0
-51.0
36.0
44.0
4.0
71.0
-14.0
-51.0
-80.0
-129.0
-76.0
-99.0
-81.0
-12.0
-80.0
-67.0
-43.0
-103.0
-17.0
-24.0
-30.0
36.0
-12.0
29.0
45.0
-24.0
8.0
-19.0
-60.0
-8.0
-66.0
-16.0
14.0
-7.0
20.0
-17.0
6.0
51.0
9.0
32.0
48.0
-11.0
65.0
68.0
15.0
85.0
18.0
36.0
60.0
-36.0
35.0
15.0
17.0
62.0
20.0
70.0
92.0
36.0
49.0
40.0
-6.0
101.0
62.0
99.0
88.0
6.0
38.0
4.0
-46.0
8.0
-48.0
5.0
-2.0
-86.0
-17.0
-59.0
-56.0
1.0
-29.0
2.0
29.0
-15.0
4.0
-56.0
-103.0
-58.0
-59.0
-32.0
26.0
-39.0
44.0
13.0
-6.0
26.0
-20.0
-13.0
-4.0
-69.0
1.0
-39.0
-63.0
-16.0
-59.0
-55.0
-56.0
-76.0
-4.0
-32.0
-31.0
-5.0
-65.0
-1.0
22.0
-11.0
21.0
-24.0
-76.0
-8.0
-74.0
-11.0
-9.0
-25.0
30.0
-16.0
-54.0
-24.0
-92.0
-98.0
-72.0
-145.0
-62.0
-88.0
-77.0
-15.0
-68.0
-50.0
-33.0
-108.0
-64.0
-113.0
-108.0
0.0
-83.0
-55.0
-8.0
-32.0
4.0
-33.0
-42.0
20.0
-43.0
-21.0
5.0
-74.0
-36.0
-48.0
-73.0
-7.0
-58.0
-20.0
11.0
-36.0
27.0
17.0
-4.0
20.0
-22.0
17.0
20.0
-61.0
16.0
13.0
-12.0
33.0
-35.0
-9.0
10.0
-52.0
14.0
29.0
-18.0
55.0
-18.0
8.0
34.0
-22.0
21.0
7.0
-1.0
66.0
-23.0
33.0
58.0
18.0
76.0
45.0
14.0
51.0
-32.0
16.0
6.0
-79.0
-20.0
-22.0
-53.0
12.0
-56.0
-31.0
1.0
-15.0
58.0
22.0
-47.0
-29.0
-106.0
-76.0
-85.0
-131.0
-63.0
-108.0
-116.0
-31.0
-73.0
-18.0
-2.0
-49.0
43.0
0.0
-17.0
40.0
-26.0
-1.0
-30.0
-106.0
-74.0
-99.0
-104.0
12.0
-38.0
6.0
41.0
8.0
58.0
43.0
-2.0
47.0
-51.0
-40.0
-30.0
-72.0
-12.0
-1.0
17.0
76.0
22.0
25.0
38.0
-44.0
5.0
-22.0
-71.0
7.0
-35.0
7.0
24.0
-15.0
37.0
-2.0
2.0
56.0
25.0
30.0
74.0
5.0
67.0
45.0
9.0
11.0
-77.0
-60.0
-34.0
-81.0
-10.0
-26.0
-55.0
-1.0
-39.0
4.0
15.0
-18.0
34.0
-5.0
-40.0
-8.0
-40.0
-36.0
13.0
-63.0
6.0
-49.0
-49.0
-3.0
-65.0
-46.0
0.0
-26.0
52.0
-2.0
-27.0
-14.0
-65.0
-46.0
-14.0
-94.0
3.0
21.0
-3.0
32.0
-3.0
-13.0
-8.0
-88.0
-54.0
-47.0
-24.0
53.0
-15.0
9.0
17.0
-26.0
1.0
-21.0
-62.0
-13.0
-63.0
-2.0
48.0
41.0
115.0
89.0
1.0
-11.0
-84.0
-22.0
25.0
-18.0
54.0
54.0
43.0
89.0
-4.0
1.0
2.0
-24.0
15.0
11.0
-25.0
33.0
-61.0
-43.0
-11.0
-45.0
31.0
-4.0
22.0
78.0
37.0
53.0
32.0
-68.0
-29.0
-26.0
-40.0
34.0
-4.0
24.0
51.0
23.0
87.0
56.0
34.0
88.0
37.0
25.0
16.0
-50.0
-11.0
-5.0
-27.0
21.0
-21.0
-16.0
14.0
5.0
86.0
78.0
70.0
115.0
25.0
32.0
38.0
-74.0
-23.0
-59.0
-120.0
-83.0
-183.0
-176.0
-119.0
-118.0
-11.0
24.0
24.0
112.0
66.0
59.0
16.0
-114.0
-96.0
-129.0
-145.0
-99.0
-131.0
-75.0
-7.0
-50.0
-8.0
-9.0
-36.0
42.0
2.0
28.0
45.0
-33.0
-15.0
-55.0
-140.0
-107.0
-222.0
-231.0
-166.0
-174.0
-23.0
27.0
80.0
139.0
103.0
69.0
95.0
33.0
92.0
31.0
-58.0
-55.0
-188.0
-128.0
-138.0
-169.0
-94.0
-71.0
-52.0
50.0
24.0
43.0
80.0
3.0
44.0
6.0
-20.0
1.0
-74.0
-65.0
-20.0
-57.0
68.0
68.0
67.0
120.0
86.0
44.0
65.0
1.0
80.0
38.0
31.0
107.0
40.0
44.0
-17.0
-97.0
-53.0
-18.0
-17.0
107.0
93.0
146.0
169.0
46.0
99.0
83.0
89.0
108.0
-6.0
-23.0
-31.0
-74.0
-11.0
-1.0
53.0
159.0
135.0
169.0
185.0
89.0
128.0
88.0
12.0
29.0
-48.0
-77.0
-66.0
-124.0
-44.0
-24.0
-8.0
113.0
127.0
133.0
149.0
117.0
217.0
174.0
167.0
200.0
112.0
95.0
74.0
-15.0
36.0
93.0
140.0
250.0
243.0
264.0
299.0
243.0
283.0
234.0
157.0
183.0
68.0
69.0
110.0
41.0
86.0
75.0
102.0
180.0
155.0
220.0
257.0
220.0
248.0
193.0
172.0
206.0
158.0
155.0
154.0
56.0
90.0
91.0
106.0
175.0
145.0
157.0
175.0
106.0
181.0
161.0
103.0
150.0
80.0
64.0
117.0
70.0
131.0
93.0
71.0
103.0
53.0
81.0
98.0
60.0
123.0
141.0
104.0
118.0
58.0
79.0
118.0
69.0
134.0
105.0
92.0
168.0
83.0
75.0
125.0
78.0
170.0
155.0
139.0
196.0
144.0
149.0
153.0
84.0
188.0
131.0
94.0
118.0
50.0
68.0
79.0
72.0
150.0
110.0
78.0
101.0
23.0
30.0
49.0
-14.0
31.0
10.0
-39.0
59.0
-7.0
-22.0
26.0
-12.0
48.0
41.0
11.0
101.0
42.0
40.0
73.0
-6.0
54.0
54.0
43.0
120.0
65.0
60.0
65.0
-14.0
64.0
45.0
39.0
131.0
59.0
119.0
172.0
71.0
147.0
67.0
-32.0
1.0
-29.0
28.0
147.0
124.0
177.0
159.0
100.0
117.0
1.0
-5.0
48.0
29.0
134.0
149.0
147.0
205.0
154.0
197.0
212.0
114.0
203.0
145.0
128.0
175.0
137.0
136.0
178.0
138.0
224.0
264.0
212.0
294.0
209.0
219.0
266.0
175.0
234.0
185.0
178.0
244.0
219.0
234.0
271.0
208.0
243.0
224.0
160.0
222.0
167.0
200.0
204.0
122.0
145.0
120.0
107.0
209.0
164.0
181.0
206.0
195.0
246.0
224.0
173.0
212.0
143.0
161.0
197.0
133.0
180.0
139.0
120.0
165.0
105.0
135.0
154.0
112.0
155.0
136.0
109.0
160.0
122.0
122.0
117.0
76.0
124.0
118.0
67.0
146.0
96.0
158.0
140.0
110.0
151.0
136.0
122.0
168.0
117.0
131.0
161.0
101.0
165.0
134.0
65.0
126.0
63.0
96.0
112.0
43.0
143.0
102.0
53.0
124.0
95.0
145.0
167.0
97.0
139.0
127.0
87.0
155.0
83.0
115.0
118.0
60.0
128.0
139.0
148.0
195.0
145.0
149.0
144.0
99.0
129.0
109.0
74.0
166.0
111.0
105.0
133.0
72.0
123.0
106.0
79.0
131.0
110.0
135.0
159.0
102.0
96.0
75.0
41.0
100.0
56.0
76.0
119.0
66.0
132.0
103.0
67.0
153.0
62.0
81.0
126.0
49.0
59.0
23.0
-25.0
59.0
29.0
63.0
103.0
78.0
118.0
102.0
38.0
115.0
68.0
89.0
110.0
40.0
68.0
12.0
-13.0
56.0
-5.0
42.0
76.0
23.0
65.0
46.0
-15.0
78.0
-1.0
30.0
93.0
61.0
115.0
81.0
30.0
70.0
-3.0
34.0
52.0
11.0
76.0
56.0
59.0
89.0
18.0
43.0
69.0
29.0
132.0
94.0
74.0
149.0
62.0
67.0
108.0
14.0
63.0
3.0
-25.0
28.0
-4.0
47.0
94.0
34.0
78.0
67.0
72.0
100.0
31.0
42.0
47.0
-6.0
49.0
26.0
63.0
166.0
136.0
131.0
100.0
3.0
44.0
34.0
5.0
48.0
25.0
83.0
145.0
90.0
149.0
109.0
34.0
75.0
-21.0
-34.0
15.0
-35.0
53.0
88.0
88.0
154.0
69.0
40.0
50.0
-8.0
14.0
3.0
29.0
118.0
33.0
33.0
55.0
13.0
63.0
73.0
39.0
144.0
108.0
105.0
135.0
68.0
105.0
87.0
76.0
128.0
73.0
95.0
78.0
32.0
91.0
70.0
13.0
67.0
29.0
49.0
108.0
49.0
101.0
64.0
-15.0
37.0
-16.0
31.0
73.0
37.0
112.0
134.0
121.0
147.0
85.0
88.0
101.0
39.0
99.0
72.0
78.0
128.0
74.0
102.0
147.0
88.0
152.0
131.0
59.0
134.0
80.0
90.0
139.0
63.0
108.0
99.0
39.0
100.0
45.0
77.0
118.0
55.0
106.0
75.0
27.0
78.0
-15.0
0.0
26.0
15.0
71.0
50.0
34.0
72.0
24.0
28.0
81.0
30.0
63.0
55.0
29.0
93.0
38.0
50.0
82.0
43.0
86.0
54.0
2.0
65.0
48.0
67.0
127.0
53.0
125.0
78.0
43.0
75.0
7.0
10.0
66.0
38.0
68.0
70.0
40.0
105.0
35.0
64.0
74.0
-18.0
36.0
-1.0
-41.0
30.0
33.0
108.0
170.0
107.0
124.0
101.0
47.0
90.0
61.0
74.0
88.0
59.0
141.0
133.0
93.0
169.0
107.0
126.0
154.0
101.0
119.0
105.0
73.0
125.0
63.0
72.0
90.0
21.0
95.0
82.0
70.0
144.0
93.0
92.0
85.0
-16.0
46.0
62.0
26.0
116.0
79.0
119.0
162.0
87.0
121.0
122.0
67.0
119.0
68.0
66.0
130.0
53.0
111.0
93.0
61.0
97.0
65.0
122.0
116.0
19.0
65.0
53.0
23.0
107.0
48.0
47.0
88.0
4.0
34.0
41.0
31.0
115.0
68.0
36.0
58.0
-18.0
18.0
32.0
-5.0
90.0
37.0
62.0
83.0
24.0
75.0
21.0
-4.0
46.0
-10.0
-15.0
17.0
7.0
69.0
48.0
-16.0
72.0
-5.0
14.0
61.0
-29.0
36.0
6.0
-11.0
29.0
39.0
72.0
62.0
15.0
74.0
73.0
64.0
153.0
76.0
82.0
100.0
30.0
40.0
58.0
22.0
88.0
30.0
43.0
96.0
38.0
120.0
72.0
46.0
91.0
3.0
18.0
8.0
-60.0
-16.0
-10.0
-47.0
58.0
-1.0
33.0
71.0
22.0
58.0
76.0
37.0
103.0
44.0
73.0
73.0
33.0
80.0
42.0
-20.0
31.0
-26.0
-15.0
54.0
-11.0
50.0
56.0
34.0
81.0
2.0
-41.0
19.0
-36.0
13.0
-9.0
-62.0
-26.0
-62.0
-54.0
31.0
-53.0
-4.0
-12.0
-35.0
46.0
-7.0
24.0
27.0
-81.0
-34.0
-81.0
-107.0
-22.0
-53.0
-5.0
8.0
-56.0
-16.0
-10.0
-12.0
37.0
-4.0
-3.0
39.0
-35.0
-17.0
-37.0
-56.0
4.0
-57.0
-63.0
-35.0
-95.0
-31.0
-40.0
-68.0
-11.0
-53.0
-44.0
-5.0
-87.0
-31.0
-46.0
-93.0
-38.0
-93.0
-57.0
-5.0
-49.0
2.0
-71.0
-136.0
-68.0
-138.0
-46.0
-17.0
-88.0
-26.0
-43.0
-79.0
1.0
-52.0
-58.0
-24.0
-55.0
-3.0
-41.0
-82.0
-34.0
-67.0
-69.0
-31.0
-97.0
-39.0
-49.0
-74.0
-17.0
-82.0
-70.0
-70.0
-112.0
-43.0
-40.0
-52.0
37.0
8.0
-2.0
39.0
-23.0
29.0
46.0
28.0
63.0
4.0
2.0
35.0
0.0
50.0
17.0
-17.0
40.0
-8.0
5.0
35.0
-6.0
41.0
21.0
-12.0
43.0
9.0
32.0
78.0
43.0
81.0
50.0
11.0
64.0
-17.0
10.0
34.0
-29.0
20.0
32.0
-8.0
64.0
42.0
91.0
116.0
65.0
63.0
58.0
12.0
29.0
2.0
13.0
56.0
-43.0
-12.0
-21.0
-25.0
51.0
13.0
48.0
93.0
34.0
60.0
-2.0
-44.0
8.0
-61.0
-40.0
24.0
-8.0
49.0
44.0
-14.0
37.0
-20.0
9.0
39.0
-54.0
37.0
50.0
21.0
108.0
45.0
6.0
46.0
-92.0
-73.0
-72.0
-129.0
-49.0
-29.0
28.0
93.0
18.0
70.0
33.0
-7.0
38.0
-15.0
15.0
76.0
15.0
68.0
47.0
21.0
50.0
-12.0
-6.0
50.0
7.0
68.0
49.0
25.0
101.0
25.0
73.0
83.0
-2.0
34.0
16.0
-47.0
21.0
-4.0
40.0
99.0
27.0
59.0
73.0
42.0
111.0
60.0
87.0
146.0
92.0
119.0
110.0
37.0
46.0
1.0
-5.0
40.0
-7.0
67.0
88.0
61.0
124.0
48.0
76.0
116.0
49.0
106.0
69.0
33.0
92.0
36.0
30.0
44.0
9.0
87.0
67.0
44.0
129.0
96.0
141.0
179.0
104.0
136.0
124.0
79.0
167.0
89.0
99.0
99.0
33.0
88.0
73.0
24.0
86.0
33.0
44.0
57.0
0.0
79.0
107.0
115.0
180.0
154.0
159.0
188.0
69.0
123.0
91.0
76.0
115.0
102.0
105.0
153.0
121.0
150.0
168.0
123.0
172.0
133.0
100.0
144.0
98.0
169.0
153.0
162.0
199.0
138.0
164.0
196.0
146.0
196.0
185.0
125.0
182.0
162.0
176.0
238.0
163.0
196.0
173.0
103.0
165.0
103.0
131.0
214.0
172.0
197.0
180.0
155.0
225.0
161.0
155.0
192.0
146.0
229.0
240.0
192.0
244.0
206.0
174.0
204.0
146.0
182.0
199.0
146.0
188.0
144.0
112.0
175.0
132.0
187.0
156.0
107.0
160.0
85.0
92.0
114.0
89.0
122.0
112.0
63.0
115.0
81.0
101.0
175.0
124.0
177.0
166.0
141.0
205.0
126.0
100.0
107.0
55.0
105.0
73.0
28.0
105.0
73.0
54.0
114.0
66.0
91.0
97.0
75.0
140.0
79.0
77.0
130.0
88.0
124.0
148.0
136.0
186.0
81.0
99.0
114.0
35.0
67.0
63.0
42.0
118.0
58.0
69.0
96.0
36.0
72.0
91.0
64.0
97.0
56.0
39.0
90.0
43.0
74.0
88.0
31.0
116.0
52.0
44.0
51.0
9.0
54.0
50.0
12.0
85.0
33.0
81.0
125.0
42.0
83.0
64.0
16.0
66.0
8.0
23.0
42.0
15.0
109.0
116.0
73.0
129.0
89.0
105.0
125.0
25.0
96.0
56.0
-2.0
50.0
14.0
53.0
108.0
38.0
83.0
95.0
41.0
114.0
52.0
74.0
115.0
41.0
91.0
73.0
16.0
54.0
20.0
9.0
70.0
13.0
87.0
81.0
67.0
147.0
89.0
105.0
135.0
105.0
144.0
130.0
80.0
142.0
74.0
60.0
111.0
42.0
100.0
63.0
-5.0
78.0
63.0
87.0
114.0
55.0
90.0
79.0
46.0
86.0
61.0
47.0
96.0
49.0
85.0
84.0
43.0
155.0
117.0
145.0
154.0
79.0
105.0
90.0
52.0
123.0
103.0
117.0
129.0
39.0
71.0
32.0
36.0
131.0
108.0
103.0
163.0
119.0
143.0
113.0
82.0
144.0
85.0
88.0
142.0
78.0
134.0
124.0
89.0
166.0
128.0
110.0
139.0
75.0
131.0
129.0
96.0
151.0
113.0
110.0
107.0
31.0
48.0
25.0
-40.0
36.0
8.0
31.0
106.0
94.0
197.0
152.0
97.0
128.0
57.0
36.0
67.0
-1.0
68.0
16.0
-5.0
29.0
-11.0
-22.0
67.0
35.0
93.0
156.0
136.0
159.0
90.0
69.0
80.0
-11.0
41.0
50.0
50.0
114.0
55.0
11.0
107.0
20.0
59.0
86.0
15.0
82.0
52.0
39.0
103.0
27.0
62.0
45.0
4.0
55.0
17.0
59.0
102.0
32.0
63.0
78.0
45.0
131.0
124.0
118.0
168.0
101.0
159.0
134.0
105.0
116.0
103.0
95.0
136.0
63.0
86.0
78.0
24.0
56.0
32.0
48.0
120.0
107.0
124.0
109.0
24.0
47.0
-7.0
-17.0
49.0
3.0
50.0
85.0
55.0
138.0
54.0
83.0
100.0
69.0
99.0
39.0
-41.0
-7.0
-37.0
1.0
107.0
32.0
35.0
37.0
2.0
76.0
38.0
30.0
68.0
24.0
78.0
76.0
40.0
122.0
80.0
68.0
108.0
42.0
86.0
89.0
2.0
77.0
35.0
25.0
48.0
-24.0
44.0
18.0
-11.0
29.0
-5.0
7.0
42.0
-25.0
5.0
21.0
5.0
51.0
12.0
-4.0
36.0
-37.0
48.0
53.0
-9.0
49.0
7.0
25.0
67.0
22.0
8.0
25.0
-8.0
15.0
8.0
-4.0
79.0
4.0
37.0
30.0
-29.0
55.0
56.0
80.0
127.0
45.0
49.0
49.0
13.0
80.0
34.0
34.0
115.0
48.0
80.0
110.0
61.0
145.0
79.0
77.0
109.0
41.0
87.0
93.0
84.0
119.0
99.0
108.0
137.0
100.0
142.0
149.0
114.0
193.0
119.0
90.0
116.0
6.0
62.0
79.0
28.0
74.0
19.0
52.0
80.0
-12.0
45.0
25.0
16.0
90.0
45.0
44.0
81.0
-6.0
51.0
53.0
-9.0
51.0
-2.0
0.0
1.0
-83.0
-68.0
-55.0
-89.0
-26.0
-43.0
-47.0
11.0
-41.0
-7.0
-33.0
-126.0
-60.0
-106.0
-97.0
-38.0
-86.0
-24.0
-56.0
-102.0
-60.0
-96.0
-87.0
-45.0
-86.0
-43.0
-33.0
-69.0
19.0
-17.0
-64.0
-58.0
-106.0
-69.0
-59.0
-83.0
-54.0
-93.0
-83.0
-29.0
-105.0
-21.0
10.0
-18.0
29.0
-61.0
-82.0
-51.0
-95.0
-43.0
-8.0
-46.0
9.0
-6.0
15.0
69.0
0.0
35.0
18.0
26.0
111.0
93.0
109.0
146.0
57.0
98.0
96.0
102.0
157.0
116.0
142.0
207.0
150.0
169.0
136.0
29.0
59.0
-24.0
-15.0
46.0
-11.0
41.0
18.0
-31.0
34.0
11.0
23.0
104.0
71.0
112.0
114.0
39.0
38.0
-43.0
-83.0
-48.0
-118.0
-46.0
27.0
22.0
118.0
57.0
46.0
79.0
21.0
45.0
52.0
29.0
109.0
62.0
72.0
98.0
53.0
121.0
138.0
85.0
125.0
63.0
74.0
115.0
56.0
89.0
70.0
17.0
83.0
22.0
24.0
89.0
27.0
100.0
101.0
64.0
101.0
53.0
37.0
77.0
7.0
56.0
53.0
-9.0
46.0
15.0
5.0
82.0
8.0
35.0
42.0
-27.0
50.0
14.0
13.0
56.0
-3.0
21.0
40.0
-17.0
44.0
34.0
-5.0
65.0
18.0
26.0
26.0
-14.0
32.0
-11.0
-33.0
-11.0
-54.0
-28.0
3.0
-54.0
25.0
4.0
-1.0
54.0
-10.0
12.0
-2.0
-41.0
1.0
-51.0
-75.0
-25.0
-74.0
3.0
17.0
-59.0
-10.0
-67.0
-56.0
-11.0
-60.0
-21.0
-40.0
-57.0
-13.0
-52.0
-61.0
-24.0
-96.0
-47.0
-41.0
-77.0
-45.0
-64.0
-69.0
7.0
-21.0
25.0
-26.0
-108.0
-75.0
-94.0
-62.0
22.0
-58.0
3.0
13.0
-16.0
48.0
29.0
-6.0
54.0
-30.0
10.0
-12.0
-48.0
-7.0
-13.0
-21.0
45.0
-24.0
17.0
31.0
-20.0
63.0
45.0
39.0
84.0
21.0
82.0
70.0
10.0
64.0
50.0
58.0
118.0
44.0
62.0
50.0
16.0
83.0
17.0
17.0
71.0
6.0
68.0
31.0
-10.0
62.0
24.0
38.0
78.0
26.0
59.0
61.0
33.0
75.0
26.0
13.0
90.0
39.0
72.0
82.0
11.0
55.0
37.0
-6.0
54.0
-6.0
29.0
59.0
-4.0
71.0
24.0
20.0
40.0
-29.0
27.0
19.0
-54.0
3.0
-27.0
-39.0
15.0
-51.0
6.0
-1.0
-31.0
20.0
-17.0
-29.0
9.0
-42.0
-14.0
18.0
13.0
62.0
-4.0
-44.0
40.0
-48.0
-16.0
9.0
-30.0
39.0
13.0
12.0
58.0
-56.0
-14.0
-2.0
-65.0
10.0
-12.0
15.0
56.0
-3.0
5.0
6.0
-20.0
35.0
-34.0
-28.0
-15.0
-84.0
-70.0
-91.0
-90.0
-23.0
-31.0
-69.0
-14.0
-108.0
-85.0
-100.0
-114.0
-61.0
-70.0
-72.0
-34.0
-104.0
-53.0
-37.0
-58.0
10.0
-49.0
-49.0
12.0
-30.0
6.0
1.0
-36.0
25.0
-27.0
-4.0
23.0
-45.0
-30.0
-2.0
-30.0
35.0
0.0
-36.0
-3.0
-17.0
-20.0
-14.0
-36.0
70.0
14.0
-1.0
35.0
-31.0
-31.0
-14.0
-65.0
27.0
32.0
-3.0
48.0
-62.0
-24.0
18.0
13.0
61.0
33.0
35.0
86.0
49.0
45.0
29.0
-17.0
52.0
12.0
-15.0
54.0
-44.0
16.0
20.0
-12.0
37.0
0.0
-35.0
12.0
-52.0
8.0
41.0
10.0
79.0
42.0
15.0
51.0
-20.0
-25.0
-26.0
-70.0
-1.0
-27.0
-62.0
-21.0
-107.0
-54.0
-1.0
-17.0
48.0
12.0
-15.0
10.0
-21.0
12.0
34.0
-58.0
-32.0
-86.0
-129.0
-69.0
-101.0
-55.0
-28.0
-65.0
-4.0
-36.0
-63.0
-8.0
-103.0
-79.0
-34.0
-66.0
-16.0
-57.0
-97.0
-44.0
-109.0
-103.0
-93.0
-157.0
-73.0
-104.0
-101.0
-71.0
-133.0
-66.0
-70.0
-159.0
-54.0
-103.0
-123.0
-69.0
-120.0
-110.0
-62.0
-115.0
-49.0
-87.0
-95.0
-41.0
-81.0
-40.0
-43.0
-66.0
30.0
0.0
-15.0
-3.0
-60.0
-35.0
-35.0
-63.0
1.0
-40.0
-76.0
-18.0
-97.0
-64.0
-30.0
-67.0
-2.0
-73.0
-87.0
-16.0
-121.0
-89.0
-81.0
-114.0
-8.0
-55.0
-79.0
-20.0
-81.0
-71.0
-72.0
-136.0
-77.0
-73.0
-110.0
-62.0
-121.0
-78.0
-60.0
-139.0
-62.0
-111.0
-122.0
-37.0
-95.0
-65.0
-56.0
-67.0
-42.0
-39.0
-50.0
28.0
-19.0
-2.0
12.0
-60.0
-15.0
-72.0
-48.0
3.0
-63.0
15.0
-2.0
-53.0
2.0
-114.0
-147.0
-103.0
-120.0
-65.0
-63.0
-108.0
-70.0
-96.0
-98.0
-22.0
-110.0
-78.0
-75.0
-104.0
-25.0
-69.0
-112.0
-59.0
-133.0
-115.0
-108.0
-156.0
-86.0
-94.0
-83.0
1.0
-52.0
-35.0
-6.0
-87.0
-2.0
23.0
-23.0
-10.0
-93.0
-46.0
-53.0
-80.0
-51.0
-106.0
-102.0
-68.0
-144.0
-109.0
-78.0
-117.0
-64.0
-36.0
-3.0
-23.0
-98.0
-83.0
-97.0
-120.0
-33.0
-34.0
-80.0
-30.0
-75.0
-22.0
-6.0
-51.0
25.0
13.0
-25.0
-8.0
-75.0
-5.0
-6.0
-35.0
18.0
-36.0
-58.0
5.0
-62.0
21.0
46.0
31.0
72.0
20.0
22.0
21.0
-45.0
-32.0
-39.0
-106.0
-39.0
-69.0
-35.0
45.0
28.0
46.0
64.0
-10.0
52.0
-14.0
-5.0
50.0
-3.0
23.0
23.0
-32.0
32.0
1.0
1.0
22.0
-37.0
5.0
12.0
-24.0
-4.0
-54.0
-68.0
19.0
-54.0
33.0
35.0
-10.0
55.0
23.0
-54.0
18.0
-36.0
4.0
29.0
-44.0
-16.0
-25.0
-34.0
48.0
-7.0
64.0
65.0
17.0
62.0
14.0
-30.0
-12.0
-65.0
-51.0
-15.0
-86.0
-5.0
-35.0
-41.0
-14.0
-58.0
-25.0
-7.0
-36.0
34.0
8.0
-10.0
33.0
-44.0
-15.0
2.0
-26.0
70.0
20.0
6.0
58.0
-76.0
-27.0
-14.0
-22.0
105.0
44.0
31.0
54.0
-31.0
-50.0
-52.0
-79.0
-31.0
-53.0
-74.0
15.0
-3.0
88.0
120.0
32.0
96.0
44.0
11.0
35.0
-24.0
22.0
56.0
2.0
44.0
19.0
6.0
55.0
-11.0
-7.0
4.0
-51.0
55.0
31.0
54.0
94.0
29.0
50.0
56.0
5.0
81.0
27.0
6.0
48.0
-7.0
5.0
37.0
-35.0
25.0
-4.0
-45.0
5.0
-28.0
-14.0
33.0
-17.0
15.0
-45.0
-100.0
-3.0
-44.0
-19.0
-15.0
-67.0
22.0
-21.0
-31.0
26.0
-36.0
12.0
-1.0
-50.0
19.0
-5.0
-26.0
36.0
-37.0
-47.0
-30.0
-52.0
-4.0
-34.0
-47.0
27.0
-72.0
-50.0
-30.0
-102.0
-19.0
-8.0
-33.0
24.0
-78.0
-70.0
-60.0
-124.0
-60.0
-99.0
-90.0
-23.0
-22.0
-5.0
13.0
-88.0
-56.0
-57.0
-59.0
27.0
-21.0
-18.0
-30.0
-89.0
-11.0
-69.0
-77.0
-25.0
-71.0
-23.0
-15.0
-71.0
3.0
-20.0
-46.0
38.0
-58.0
-46.0
-53.0
-99.0
-93.0
-98.0
-122.0
-24.0
-49.0
-19.0
-8.0
-56.0
21.0
-21.0
-14.0
34.0
-49.0
-33.0
-41.0
-130.0
-32.0
-48.0
-46.0
34.0
-5.0
-8.0
-2.0
-81.0
-15.0
-31.0
-59.0
23.0
2.0
43.0
43.0
19.0
49.0
-1.0
-60.0
-48.0
-104.0
-70.0
-18.0
-65.0
-13.0
-33.0
-36.0
12.0
-74.0
-44.0
-8.0
-50.0
-7.0
-16.0
-29.0
-12.0
-58.0
-48.0
-29.0
-61.0
15.0
-11.0
-10.0
54.0
-13.0
-34.0
-24.0
-67.0
2.0
6.0
21.0
70.0
3.0
13.0
-5.0
-108.0
-98.0
-136.0
-120.0
-6.0
-20.0
26.0
39.0
-2.0
61.0
1.0
-42.0
-14.0
-56.0
-9.0
-5.0
-111.0
-90.0
-155.0
-194.0
-115.0
-145.0
-92.0
-25.0
-42.0
12.0
-26.0
-78.0
-33.0
-122.0
-99.0
-79.0
-107.0
-44.0
-63.0
-98.0
-24.0
-69.0
-39.0
-29.0
-56.0
7.0
-5.0
2.0
32.0
-21.0
-33.0
38.0
-40.0
32.0
-2.0
-26.0
2.0
-78.0
-79.0
-76.0
-115.0
-45.0
-51.0
-45.0
36.0
1.0
42.0
41.0
-8.0
7.0
-65.0
-93.0
-53.0
-176.0
-139.0
-115.0
-147.0
-82.0
-75.0
-88.0
34.0
-23.0
4.0
35.0
-33.0
5.0
-51.0
-136.0
-91.0
-131.0
-78.0
-47.0
-98.0
-46.0
-87.0
-92.0
-59.0
-123.0
-55.0
-5.0
-35.0
24.0
-14.0
-31.0
11.0
-56.0
-43.0
-29.0
-77.0
-33.0
-10.0
-51.0
-13.0
-97.0
-50.0
-18.0
-82.0
-51.0
-76.0
-118.0
-72.0
-130.0
-81.0
-3.0
-50.0
39.0
39.0
7.0
43.0
-24.0
-27.0
-13.0
-84.0
-24.0
-60.0
-34.0
58.0
27.0
20.0
13.0
-92.0
-52.0
-53.0
-40.0
22.0
-20.0
-20.0
14.0
-68.0
-34.0
-80.0
-88.0
-27.0
-72.0
-39.0
-23.0
-82.0
-11.0
-27.0
-56.0
-21.0
-80.0
-63.0
-37.0
-72.0
-17.0
-42.0
-45.0
13.0
-77.0
-39.0
20.0
-58.0
-27.0
-78.0
-104.0
-26.0
-98.0
-92.0
-77.0
-121.0
-54.0
-65.0
-89.0
-7.0
-62.0
-35.0
-7.0
-79.0
-21.0
-56.0
-84.0
-50.0
-88.0
-85.0
-57.0
-112.0
-74.0
-97.0
-140.0
-29.0
-107.0
-62.0
-30.0
-114.0
-59.0
-86.0
-94.0
-12.0
-69.0
-53.0
-37.0
-112.0
-72.0
-110.0
-123.0
-52.0
-115.0
-72.0
-51.0
-79.0
-22.0
-18.0
-22.0
33.0
-76.0
-33.0
-37.0
-86.0
-43.0
-87.0
-61.0
21.0
-48.0
-35.0
-14.0
-55.0
-1.0
-11.0
-45.0
-21.0
-100.0
-84.0
-36.0
-98.0
-14.0
-48.0
-73.0
-23.0
-74.0
6.0
82.0
24.0
117.0
44.0
-5.0
86.0
-11.0
7.0
68.0
3.0
94.0
75.0
42.0
100.0
35.0
44.0
62.0
-33.0
49.0
-15.0
-46.0
25.0
-36.0
-4.0
38.0
-26.0
56.0
37.0
13.0
33.0
-51.0
-32.0
-12.0
-29.0
26.0
-6.0
-27.0
7.0
-56.0
-48.0
-45.0
-85.0
-11.0
-23.0
-33.0
13.0
-60.0
-47.0
-17.0
-67.0
3.0
-4.0
2.0
74.0
9.0
2.0
-5.0
-86.0
-20.0
-2.0
-6.0
42.0
-27.0
-15.0
23.0
-48.0
-27.0
-32.0
-44.0
24.0
-18.0
7.0
11.0
-64.0
2.0
-42.0
-60.0
-17.0
-78.0
-38.0
-30.0
-77.0
-22.0
-35.0
-74.0
-4.0
-57.0
-39.0
-5.0
-108.0
-33.0
-14.0
-41.0
10.0
-44.0
-78.0
-53.0
-98.0
-1.0
7.0
2.0
86.0
16.0
41.0
79.0
26.0
61.0
40.0
9.0
73.0
7.0
-4.0
7.0
-61.0
14.0
-9.0
-42.0
-3.0
-54.0
-2.0
0.0
-51.0
13.0
-15.0
-68.0
0.0
-61.0
-25.0
32.0
-13.0
39.0
14.0
-13.0
48.0
-4.0
48.0
74.0
3.0
33.0
11.0
7.0
75.0
19.0
32.0
42.0
1.0
53.0
53.0
54.0
127.0
54.0
44.0
54.0
0.0
50.0
31.0
-1.0
50.0
3.0
17.0
38.0
-18.0
24.0
-13.0
-23.0
12.0
-10.0
20.0
87.0
29.0
74.0
37.0
-8.0
81.0
14.0
13.0
32.0
-12.0
59.0
35.0
-9.0
72.0
38.0
76.0
79.0
20.0
39.0
8.0
1.0
39.0
-4.0
43.0
93.0
34.0
91.0
82.0
56.0
109.0
43.0
101.0
112.0
27.0
56.0
59.0
52.0
84.0
15.0
2.0
43.0
-6.0
63.0
37.0
17.0
88.0
61.0
74.0
131.0
63.0
108.0
56.0
32.0
66.0
8.0
-16.0
59.0
-3.0
58.0
27.0
-22.0
21.0
-17.0
1.0
20.0
-27.0
52.0
64.0
10.0
42.0
-27.0
-12.0
21.0
-19.0
32.0
29.0
-19.0
42.0
-16.0
12.0
30.0
-43.0
39.0
53.0
13.0
70.0
-23.0
5.0
65.0
21.0
52.0
41.0
-31.0
21.0
-23.0
6.0
15.0
-16.0
43.0
18.0
-8.0
33.0
-56.0
-40.0
43.0
27.0
87.0
101.0
90.0
134.0
36.0
25.0
45.0
-27.0
-6.0
-37.0
-83.0
-35.0
-59.0
-32.0
17.0
-26.0
-6.0
-33.0
-84.0
22.0
-19.0
22.0
42.0
-6.0
14.0
-15.0
-31.0
39.0
-1.0
43.0
56.0
-2.0
33.0
45.0
16.0
49.0
25.0
10.0
67.0
5.0
40.0
21.0
0.0
69.0
-3.0
-5.0
21.0
-7.0
67.0
51.0
18.0
91.0
14.0
28.0
72.0
-8.0
55.0
54.0
17.0
75.0
-8.0
-30.0
-2.0
-72.0
-11.0
-7.0
-63.0
27.0
-8.0
33.0
58.0
-23.0
39.0
22.0
-19.0
92.0
-33.0
42.0
51.0
-4.0
71.0
45.0
16.0
89.0
45.0
84.0
121.0
90.0
159.0
104.0
64.0
65.0
15.0
55.0
82.0
34.0
71.0
72.0
26.0
48.0
4.0
6.0
41.0
-30.0
-4.0
10.0
9.0
78.0
60.0
70.0
70.0
-2.0
27.0
-22.0
-114.0
-52.0
-83.0
-14.0
44.0
-31.0
-14.0
-28.0
-59.0
-6.0
-66.0
-92.0
-99.0
-159.0
-116.0
-107.0
-103.0
-18.0
-84.0
-56.0
-33.0
-114.0
-83.0
-107.0
-117.0
-39.0
-71.0
-68.0
-23.0
-69.0
-5.0
-2.0
-54.0
3.0
-55.0
-36.0
-13.0
-73.0
-25.0
-69.0
-74.0
-10.0
-98.0
-61.0
-28.0
-80.0
-16.0
-43.0
-100.0
-77.0
-117.0
-101.0
-56.0
-121.0
-88.0
-77.0
-97.0
-29.0
-85.0
-98.0
-72.0
-102.0
-49.0
-43.0
-45.0
-1.0
-56.0
-71.0
-34.0
-104.0
-24.0
-58.0
-97.0
-35.0
-77.0
-59.0
7.0
-102.0
-64.0
-101.0
-134.0
-72.0
-101.0
-80.0
-61.0
-116.0
-59.0
-54.0
-93.0
-32.0
-83.0
-47.0
-33.0
-102.0
-46.0
-90.0
-116.0
-56.0
-146.0
-126.0
-69.0
-136.0
-76.0
-86.0
-67.0
-11.0
-71.0
-44.0
14.0
-58.0
-2.0
14.0
-62.0
16.0
-24.0
-20.0
-20.0
-41.0
-34.0
-76.0
-127.0
-34.0
-100.0
-82.0
-26.0
-74.0
-32.0
-35.0
-88.0
-10.0
-68.0
-44.0
1.0
-74.0
-24.0
-42.0
-87.0
11.0
-79.0
-90.0
-74.0
-128.0
-94.0
-85.0
-115.0
-74.0
-98.0
-92.0
-73.0
-156.0
-119.0
-100.0
-135.0
-53.0
-106.0
-96.0
-23.0
-91.0
-35.0
-71.0
-121.0
-55.0
-95.0
-86.0
-45.0
-100.0
-67.0
-56.0
-119.0
-91.0
-144.0
-137.0
-39.0
-102.0
-9.0
-40.0
-87.0
-28.0
-88.0
-73.0
-47.0
-105.0
-73.0
-48.0
-104.0
-50.0
-129.0
-100.0
-86.0
-134.0
-92.0
-61.0
-113.0
-39.0
-82.0
-78.0
-45.0
-105.0
-70.0
-100.0
-117.0
-66.0
-84.0
-62.0
-56.0
-125.0
-72.0
-94.0
-131.0
-63.0
-77.0
-43.0
4.0
-91.0
-62.0
-65.0
-88.0
-34.0
-70.0
-43.0
25.0
-18.0
44.0
90.0
-20.0
34.0
-15.0
-12.0
40.0
-58.0
-9.0
-35.0
-53.0
25.0
15.0
40.0
50.0
-46.0
0.0
6.0
-54.0
27.0
-1.0
-17.0
20.0
-9.0
40.0
35.0
-25.0
35.0
-56.0
-33.0
13.0
-67.0
-14.0
-16.0
-8.0
47.0
13.0
-29.0
-24.0
-111.0
-34.0
-12.0
-65.0
4.0
-70.0
-50.0
-28.0
-69.0
-65.0
-45.0
-57.0
8.0
-38.0
-21.0
5.0
-81.0
3.0
-6.0
-25.0
-3.0
-30.0
-32.0
5.0
-20.0
2.0
5.0
-52.0
1.0
-35.0
-44.0
13.0
-51.0
-2.0
-14.0
-33.0
32.0
-19.0
-31.0
0.0
-29.0
-17.0
-15.0
-78.0
-32.0
-112.0
-67.0
-25.0
-91.0
-45.0
-49.0
-82.0
-4.0
-31.0
-33.0
-14.0
-76.0
-58.0
-71.0
-163.0
-56.0
-81.0
-48.0
-15.0
-82.0
-18.0
-40.0
-76.0
-27.0
-77.0
-79.0
-76.0
-129.0
-91.0
-82.0
-125.0
-35.0
-101.0
-56.0
-22.0
-65.0
-6.0
-21.0
-80.0
-25.0
-81.0
-57.0
-10.0
-69.0
-9.0
-9.0
-30.0
17.0
-59.0
-71.0
-45.0
-55.0
-15.0
0.0
-66.0
-5.0
-63.0
-40.0
2.0
-70.0
-22.0
-23.0
-59.0
-37.0
-77.0
-41.0
15.0
-26.0
11.0
8.0
-64.0
-13.0
-49.0
-18.0
68.0
-24.0
24.0
-34.0
-72.0
-5.0
-61.0
-58.0
14.0
-32.0
-21.0
-32.0
-58.0
36.0
28.0
48.0
81.0
-27.0
-6.0
2.0
-65.0
-7.0
-61.0
-60.0
-41.0
-114.0
-13.0
11.0
-20.0
43.0
0.0
19.0
65.0
-3.0
53.0
31.0
-49.0
18.0
-6.0
-19.0
24.0
-41.0
-20.0
-23.0
-27.0
63.0
53.0
49.0
71.0
3.0
22.0
4.0
-79.0
3.0
-50.0
-36.0
-7.0
-93.0
-39.0
-25.0
-65.0
-2.0
-34.0
-37.0
2.0
-35.0
16.0
32.0
-42.0
17.0
-50.0
-37.0
-17.0
-71.0
-14.0
-4.0
-53.0
16.0
-6.0
14.0
79.0
7.0
46.0
11.0
-29.0
83.0
4.0
-41.0
-35.0
-112.0
-78.0
-74.0
-63.0
37.0
24.0
70.0
102.0
23.0
54.0
19.0
-34.0
6.0
-59.0
-79.0
-1.0
-54.0
-42.0
-67.0
-140.0
-86.0
-80.0
-45.0
45.0
18.0
61.0
65.0
-7.0
12.0
-104.0
-111.0
-84.0
-107.0
-67.0
-74.0
-97.0
-49.0
-104.0
-68.0
-1.0
-48.0
5.0
9.0
-36.0
25.0
-17.0
1.0
24.0
-96.0
-31.0
-61.0
-83.0
23.0
-6.0
3.0
16.0
-82.0
-28.0
-3.0
10.0
79.0
54.0
43.0
83.0
-12.0
26.0
8.0
1.0
35.0
6.0
15.0
33.0
-21.0
-5.0
21.0
-42.0
16.0
-62.0
-63.0
30.0
-42.0
36.0
24.0
-38.0
16.0
-36.0
-3.0
29.0
-45.0
-1.0
-31.0
-63.0
-36.0
-69.0
-75.0
-24.0
-102.0
-55.0
-51.0
-89.0
-22.0
-52.0
-42.0
1.0
-81.0
-21.0
-32.0
-37.0
48.0
29.0
24.0
49.0
-56.0
-45.0
-73.0
-87.0
-43.0
-52.0
-15.0
81.0
26.0
33.0
23.0
-56.0
23.0
-21.0
-36.0
28.0
-61.0
-33.0
-25.0
-72.0
-10.0
-76.0
-65.0
-5.0
-63.0
-22.0
-24.0
-85.0
-27.0
-52.0
-68.0
0.0
-61.0
-20.0
8.0
-29.0
31.0
-52.0
-65.0
-43.0
-103.0
-91.0
-88.0
-122.0
-25.0
-41.0
-64.0
-12.0
-88.0
-68.0
-26.0
-79.0
25.0
9.0
20.0
71.0
-23.0
1.0
20.0
9.0
62.0
45.0
30.0
49.0
-24.0
-14.0
27.0
11.0
84.0
98.0
98.0
162.0
46.0
87.0
79.0
5.0
65.0
6.0
-24.0
3.0
-69.0
-2.0
22.0
-11.0
76.0
29.0
12.0
57.0
-13.0
-27.0
-47.0
-119.0
-39.0
-31.0
8.0
122.0
107.0
119.0
107.0
61.0
99.0
26.0
5.0
69.0
-11.0
3.0
-5.0
-43.0
35.0
-9.0
12.0
38.0
-10.0
24.0
78.0
25.0
91.0
14.0
41.0
68.0
0.0
46.0
41.0
-53.0
-22.0
-50.0
-60.0
27.0
-16.0
44.0
65.0
-2.0
76.0
8.0
-24.0
23.0
-8.0
39.0
56.0
-15.0
37.0
-8.0
-26.0
63.0
0.0
52.0
13.0
-46.0
55.0
3.0
-22.0
27.0
-41.0
-29.0
-38.0
-90.0
-55.0
-81.0
-66.0
-31.0
-60.0
-40.0
-44.0
-111.0
-60.0
-104.0
-61.0
-5.0
-21.0
24.0
-5.0
-36.0
-2.0
-60.0
-70.0
-22.0
-51.0
5.0
22.0
-40.0
32.0
-41.0
-61.0
-14.0
-42.0
12.0
31.0
-24.0
34.0
-15.0
-46.0
-15.0
-82.0
-16.0
51.0
25.0
97.0
30.0
-15.0
-25.0
-117.0
-112.0
-65.0
-111.0
-71.0
-96.0
-105.0
-49.0
-162.0
-100.0
-59.0
-112.0
-25.0
-50.0
-39.0
-14.0
-87.0
-14.0
-4.0
-60.0
-12.0
-18.0
-49.0
-20.0
-113.0
-90.0
-64.0
-71.0
-3.0
-57.0
-44.0
18.0
-14.0
31.0
55.0
-2.0
71.0
5.0
22.0
35.0
-2.0
22.0
40.0
1.0
77.0
27.0
24.0
79.0
1.0
25.0
39.0
-13.0
69.0
37.0
23.0
81.0
16.0
52.0
97.0
-20.0
2.0
-52.0
-48.0
25.0
-45.0
35.0
58.0
33.0
111.0
67.0
63.0
105.0
30.0
46.0
47.0
45.0
69.0
-28.0
-26.0
46.0
-27.0
5.0
48.0
33.0
131.0
128.0
103.0
147.0
56.0
65.0
68.0
24.0
79.0
22.0
29.0
61.0
10.0
80.0
101.0
71.0
123.0
78.0
66.0
120.0
67.0
86.0
134.0
56.0
139.0
109.0
61.0
122.0
70.0
128.0
123.0
41.0
107.0
85.0
46.0
87.0
31.0
68.0
73.0
57.0
100.0
76.0
40.0
111.0
64.0
94.0
98.0
63.0
111.0
77.0
70.0
105.0
36.0
93.0
127.0
69.0
107.0
72.0
88.0
154.0
115.0
156.0
138.0
101.0
199.0
152.0
117.0
152.0
78.0
107.0
115.0
115.0
180.0
138.0
100.0
147.0
82.0
91.0
80.0
-29.0
49.0
56.0
101.0
208.0
157.0
204.0
185.0
97.0
148.0
136.0
105.0
146.0
83.0
129.0
88.0
10.0
39.0
-52.0
-34.0
46.0
25.0
87.0
102.0
59.0
110.0
92.0
79.0
135.0
47.0
70.0
68.0
4.0
57.0
3.0
35.0
93.0
60.0
90.0
125.0
99.0
203.0
167.0
137.0
149.0
48.0
113.0
128.0
87.0
175.0
118.0
100.0
96.0
82.0
135.0
138.0
83.0
134.0
68.0
29.0
44.0
-55.0
-42.0
-13.0
26.0
119.0
89.0
80.0
139.0
90.0
145.0
111.0
49.0
117.0
62.0
82.0
143.0
69.0
86.0
106.0
103.0
158.0
126.0
125.0
146.0
68.0
117.0
142.0
68.0
127.0
119.0
95.0
143.0
80.0
103.0
117.0
91.0
174.0
144.0
126.0
212.0
161.0
194.0
208.0
173.0
213.0
185.0
159.0
210.0
133.0
154.0
186.0
121.0
202.0
150.0
176.0
219.0
197.0
194.0
146.0
110.0
176.0
112.0
92.0
155.0
87.0
112.0
103.0
21.0
68.0
24.0
30.0
145.0
71.0
107.0
110.0
67.0
82.0
32.0
0.0
96.0
79.0
83.0
99.0
36.0
105.0
58.0
9.0
52.0
-52.0
-2.0
86.0
81.0
180.0
139.0
99.0
181.0
103.0
93.0
82.0
27.0
107.0
61.0
44.0
101.0
46.0
107.0
92.0
68.0
119.0
115.0
91.0
159.0
63.0
102.0
100.0
52.0
138.0
87.0
76.0
135.0
61.0
62.0
64.0
14.0
89.0
62.0
93.0
138.0
74.0
111.0
127.0
69.0
109.0
67.0
45.0
101.0
38.0
63.0
64.0
14.0
51.0
12.0
12.0
86.0
18.0
72.0
48.0
-18.0
47.0
10.0
-11.0
32.0
-40.0
-7.0
-27.0
-63.0
10.0
17.0
13.0
60.0
29.0
27.0
53.0
-9.0
-2.0
-17.0
-23.0
44.0
-6.0
20.0
30.0
-8.0
51.0
52.0
31.0
85.0
21.0
42.0
67.0
-14.0
72.0
53.0
51.0
124.0
58.0
43.0
63.0
32.0
90.0
78.0
61.0
100.0
29.0
67.0
76.0
-10.0
40.0
36.0
33.0
88.0
17.0
43.0
77.0
25.0
101.0
51.0
34.0
82.0
18.0
50.0
63.0
23.0
107.0
77.0
29.0
74.0
15.0
56.0
91.0
54.0
174.0
143.0
120.0
180.0
111.0
134.0
144.0
50.0
102.0
63.0
62.0
122.0
42.0
81.0
89.0
22.0
88.0
72.0
73.0
127.0
79.0
122.0
117.0
65.0
116.0
93.0
78.0
158.0
110.0
76.0
54.0
-26.0
-9.0
-3.0
42.0
88.0
67.0
71.0
95.0
22.0
55.0
21.0
10.0
84.0
33.0
95.0
80.0
25.0
61.0
22.0
-39.0
-23.0
-106.0
-52.0
42.0
41.0
103.0
107.0
52.0
90.0
26.0
76.0
113.0
111.0
121.0
56.0
-5.0
24.0
-51.0
12.0
50.0
38.0
103.0
26.0
3.0
41.0
-10.0
14.0
57.0
25.0
92.0
60.0
45.0
30.0
-41.0
5.0
-3.0
-20.0
65.0
49.0
6.0
65.0
-25.0
-10.0
16.0
-35.0
69.0
64.0
39.0
94.0
15.0
40.0
32.0
-33.0
-2.0
-51.0
-20.0
43.0
-17.0
15.0
44.0
1.0
80.0
7.0
-42.0
9.0
-33.0
-13.0
9.0
-42.0
42.0
15.0
5.0
53.0
-59.0
-28.0
11.0
-20.0
63.0
40.0
-3.0
21.0
-70.0
-65.0
-59.0
-76.0
11.0
27.0
47.0
115.0
14.0
34.0
26.0
-33.0
22.0
-12.0
-46.0
-7.0
-67.0
-25.0
24.0
-71.0
-3.0
-13.0
-26.0
23.0
-41.0
-7.0
24.0
-38.0
0.0
3.0
-49.0
22.0
-70.0
-40.0
-29.0
-88.0
-23.0
-66.0
-47.0
32.0
-20.0
4.0
13.0
-62.0
-33.0
-80.0
-114.0
-45.0
-111.0
-68.0
-7.0
-52.0
32.0
-17.0
-11.0
4.0
-46.0
-47.0
-20.0
-80.0
-41.0
-12.0
-24.0
39.0
3.0
14.0
34.0
39.0
101.0
103.0
76.0
129.0
38.0
56.0
55.0
17.0
33.0
-22.0
-17.0
45.0
4.0
52.0
88.0
25.0
65.0
29.0
10.0
110.0
53.0
121.0
141.0
90.0
130.0
48.0
-27.0
39.0
-51.0
2.0
42.0
-6.0
6.0
-16.0
-41.0
30.0
-38.0
-4.0
44.0
-19.0
39.0
-6.0
20.0
72.0
-2.0
2.0
54.0
-12.0
41.0
12.0
-66.0
-4.0
-48.0
-29.0
-1.0
-56.0
36.0
-6.0
-55.0
13.0
-55.0
-32.0
8.0
-54.0
18.0
18.0
-51.0
-4.0
-84.0
-83.0
-88.0
-127.0
-38.0
-46.0
-58.0
-44.0
-89.0
-76.0
-55.0
-117.0
-70.0
-89.0
-121.0
-34.0
-52.0
-20.0
18.0
-58.0
-1.0
-52.0
-81.0
-18.0
-120.0
-90.0
-45.0
-95.0
-39.0
-100.0
-150.0
-112.0
-158.0
-120.0
-52.0
-92.0
22.0
27.0
-17.0
-2.0
-84.0
-55.0
-34.0
-105.0
-25.0
-41.0
-87.0
-44.0
-99.0
-96.0
-69.0
-93.0
-24.0
-53.0
-54.0
0.0
-34.0
-18.0
29.0
-14.0
32.0
35.0
8.0
68.0
15.0
9.0
4.0
-45.0
11.0
-35.0
-64.0
-31.0
-33.0
-24.0
3.0
-61.0
-11.0
-12.0
-23.0
69.0
-32.0
-23.0
-10.0
-58.0
0.0
-22.0
-58.0
10.0
-61.0
-34.0
-8.0
-35.0
33.0
26.0
1.0
22.0
-48.0
-73.0
-66.0
-122.0
-63.0
-130.0
-126.0
-64.0
-127.0
-125.0
-75.0
-107.0
-43.0
-54.0
-85.0
7.0
-34.0
-24.0
-5.0
-91.0
3.0
-75.0
-91.0
-8.0
-58.0
-40.0
-26.0
-40.0
11.0
1.0
-48.0
2.0
-63.0
-44.0
4.0
-110.0
-95.0
-108.0
-114.0
-24.0
-78.0
-45.0
-26.0
-74.0
-58.0
-93.0
-124.0
-63.0
-97.0
-72.0
-39.0
-79.0
15.0
-36.0
-21.0
-24.0
-106.0
-76.0
-85.0
-113.0
-45.0
-47.0
-44.0
12.0
-20.0
-55.0
-26.0
-109.0
-58.0
-53.0
-94.0
-45.0
-72.0
-58.0
-40.0
-106.0
-68.0
-62.0
-87.0
-17.0
-67.0
-63.0
-17.0
-82.0
-46.0
-120.0
-153.0
-81.0
-136.0
-120.0
-56.0
-83.0
-40.0
-65.0
-115.0
-100.0
-155.0
-131.0
-73.0
-119.0
-67.0
-69.0
-101.0
-49.0
-96.0
-93.0
-59.0
-117.0
-59.0
-53.0
-86.0
1.0
-59.0
-32.0
-20.0
-87.0
-48.0
-80.0
-119.0
-45.0
-51.0
-51.0
-29.0
-79.0
-23.0
-71.0
-98.0
-62.0
-94.0
-86.0
-85.0
-143.0
-70.0
-52.0
-76.0
-53.0
-160.0
-160.0
-118.0
-168.0
-71.0
-82.0
-146.0
-89.0
-141.0
-143.0
-121.0
-144.0
-76.0
-58.0
-61.0
-16.0
-48.0
-57.0
-43.0
-119.0
-97.0
-106.0
-117.0
-35.0
-39.0
-23.0
1.0
-47.0
5.0
-19.0
-77.0
-60.0
-125.0
-99.0
-62.0
-103.0
-53.0
-89.0
-121.0
-62.0
-88.0
-72.0
-35.0
-76.0
-8.0
-3.0
-77.0
-50.0
-124.0
-103.0
-69.0
-117.0
-70.0
-112.0
-154.0
-99.0
-108.0
-79.0
-30.0
-86.0
-20.0
-34.0
-62.0
-4.0
-69.0
-72.0
-45.0
-113.0
-61.0
-84.0
-128.0
-55.0
-107.0
-90.0
-70.0
-125.0
-85.0
-92.0
-117.0
-43.0
-103.0
-93.0
-80.0
-128.0
-46.0
-21.0
-65.0
-14.0
-70.0
-78.0
-55.0
-107.0
-68.0
-65.0
-105.0
-23.0
-93.0
-88.0
-60.0
-54.0
-29.0
-51.0
-84.0
-31.0
-87.0
-78.0
-40.0
-69.0
-36.0
-60.0
-109.0
-72.0
-118.0
-98.0
-70.0
-129.0
-71.0
-72.0
-79.0
-42.0
-98.0
-52.0
-54.0
-128.0
-95.0
-154.0
-124.0
-54.0
-80.0
-85.0
-96.0
-158.0
-117.0
-124.0
-125.0
-39.0
-58.0
-56.0
-27.0
-62.0
-35.0
-76.0
-100.0
-92.0
-156.0
-168.0
-106.0
-120.0
-56.0
-83.0
-127.0
-52.0
-103.0
-63.0
-48.0
-111.0
-41.0
2.0
-12.0
60.0
-21.0
1.0
8.0
-57.0
-25.0
-42.0
-61.0
-19.0
-71.0
-45.0
23.0
-53.0
-12.0
-33.0
-64.0
4.0
-49.0
-33.0
-5.0
-64.0
-13.0
-10.0
-52.0
37.0
-30.0
-15.0
56.0
31.0
84.0
109.0
52.0
72.0
24.0
30.0
95.0
32.0
68.0
72.0
12.0
76.0
20.0
38.0
35.0
-26.0
13.0
-7.0
-33.0
26.0
-35.0
-35.0
16.0
-12.0
63.0
33.0
-12.0
63.0
-21.0
-44.0
-32.0
-69.0
-7.0
-23.0
-34.0
16.0
-37.0
-60.0
-12.0
-110.0
-49.0
-27.0
-46.0
15.0
-27.0
-5.0
6.0
-62.0
1.0
9.0
-17.0
35.0
-28.0
-4.0
29.0
-36.0
-32.0
-25.0
-11.0
76.0
28.0
33.0
80.0
40.0
55.0
43.0
-7.0
40.0
25.0
43.0
78.0
-2.0
-1.0
21.0
-14.0
43.0
-15.0
-33.0
15.0
-39.0
23.0
19.0
10.0
54.0
-11.0
-53.0
-16.0
-63.0
-4.0
-4.0
-14.0
15.0
-1.0
-8.0
68.0
-14.0
54.0
13.0
-16.0
20.0
-26.0
-9.0
57.0
-25.0
46.0
43.0
-4.0
59.0
-25.0
-55.0
-59.0
-106.0
-6.0
-1.0
-18.0
49.0
-47.0
-47.0
3.0
-53.0
20.0
10.0
-39.0
42.0
-2.0
-22.0
-29.0
-105.0
-49.0
-48.0
-92.0
-14.0
-61.0
-40.0
-17.0
-82.0
-21.0
-50.0
-93.0
-30.0
-78.0
-59.0
-48.0
-105.0
-57.0
-69.0
-79.0
-23.0
-73.0
-80.0
-41.0
-104.0
-82.0
-92.0
-162.0
-100.0
-142.0
-112.0
-46.0
-97.0
-40.0
-58.0
-32.0
19.0
-50.0
-57.0
-45.0
-103.0
-46.0
-57.0
-84.0
-50.0
-71.0
-33.0
20.0
-85.0
-74.0
-83.0
-127.0
-68.0
-135.0
-130.0
-99.0
-130.0
-46.0
-33.0
-68.0
-30.0
-75.0
-61.0
-72.0
-143.0
-135.0
-153.0
-180.0
-58.0
-73.0
-1.0
69.0
31.0
95.0
58.0
-72.0
-29.0
-101.0
-123.0
-91.0
-130.0
-57.0
-42.0
-45.0
40.0
2.0
-8.0
-22.0
-102.0
-72.0
-58.0
-51.0
6.0
10.0
35.0
21.0
-97.0
-64.0
-104.0
-157.0
-72.0
-76.0
-24.0
24.0
4.0
42.0
42.0
3.0
74.0
1.0
20.0
27.0
-57.0
-44.0
-67.0
-103.0
-49.0
-80.0
-102.0
-34.0
-23.0
30.0
76.0
34.0
97.0
41.0
41.0
56.0
-10.0
1.0
20.0
-23.0
39.0
-35.0
-23.0
-7.0
-63.0
-57.0
-69.0
-70.0
40.0
1.0
15.0
61.0
-9.0
-4.0
-39.0
-107.0
-26.0
-63.0
-33.0
41.0
39.0
111.0
107.0
38.0
33.0
-51.0
-76.0
-11.0
-103.0
-57.0
-60.0
-98.0
-2.0
-39.0
-17.0
53.0
29.0
120.0
111.0
44.0
64.0
-18.0
-22.0
0.0
-82.0
-92.0
-78.0
-106.0
-57.0
-130.0
-111.0
-73.0
-108.0
-10.0
30.0
7.0
64.0
-7.0
-62.0
-40.0
-103.0
-7.0
20.0
-42.0
-21.0
-83.0
-66.0
21.0
21.0
117.0
135.0
93.0
129.0
64.0
14.0
68.0
31.0
63.0
91.0
57.0
126.0
63.0
74.0
136.0
72.0
115.0
71.0
55.0
76.0
11.0
5.0
43.0
-31.0
19.0
-16.0
-68.0
13.0
3.0
40.0
83.0
29.0
68.0
62.0
-11.0
46.0
-18.0
-15.0
62.0
18.0
103.0
70.0
30.0
90.0
42.0
60.0
81.0
26.0
68.0
45.0
-68.0
-27.0
-34.0
14.0
108.0
84.0
168.0
146.0
56.0
121.0
42.0
54.0
80.0
13.0
64.0
59.0
8.0
69.0
18.0
24.0
102.0
38.0
89.0
103.0
57.0
148.0
56.0
88.0
159.0
80.0
150.0
180.0
117.0
142.0
97.0
55.0
68.0
-23.0
11.0
13.0
0.0
55.0
0.0
-2.0
6.0
-3.0
43.0
40.0
9.0
102.0
14.0
30.0
56.0
-11.0
64.0
81.0
36.0
92.0
18.0
37.0
91.0
60.0
97.0
90.0
25.0
69.0
-10.0
-18.0
25.0
6.0
55.0
72.0
51.0
110.0
58.0
64.0
92.0
10.0
52.0
45.0
12.0
77.0
24.0
13.0
54.0
-25.0
33.0
69.0
3.0
120.0
69.0
117.0
145.0
73.0
89.0
112.0
76.0
127.0
71.0
91.0
136.0
75.0
114.0
135.0
94.0
135.0
74.0
79.0
116.0
82.0
92.0
54.0
87.0
105.0
59.0
66.0
108.0
52.0
84.0
86.0
57.0
129.0
86.0
83.0
91.0
17.0
86.0
52.0
48.0
138.0
69.0
78.0
113.0
45.0
76.0
81.0
67.0
117.0
52.0
50.0
63.0
62.0
136.0
146.0
118.0
199.0
140.0
155.0
218.0
105.0
155.0
123.0
91.0
150.0
127.0
124.0
157.0
67.0
137.0
133.0
91.0
173.0
139.0
145.0
201.0
58.0
82.0
77.0
30.0
122.0
70.0
68.0
105.0
30.0
77.0
88.0
44.0
129.0
79.0
78.0
79.0
-16.0
-1.0
14.0
-22.0
62.0
52.0
77.0
142.0
54.0
64.0
40.0
34.0
87.0
71.0
52.0
71.0
0.0
12.0
10.0
-51.0
38.0
6.0
30.0
82.0
29.0
92.0
115.0
18.0
62.0
8.0
-2.0
55.0
-8.0
45.0
45.0
-5.0
48.0
-40.0
-8.0
63.0
37.0
90.0
95.0
46.0
81.0
5.0
12.0
30.0
15.0
78.0
77.0
6.0
22.0
23.0
-13.0
36.0
-31.0
55.0
49.0
1.0
80.0
54.0
63.0
147.0
59.0
74.0
69.0
55.0
134.0
69.0
78.0
100.0
31.0
77.0
81.0
64.0
146.0
105.0
91.0
147.0
28.0
101.0
127.0
60.0
135.0
62.0
-5.0
33.0
-36.0
39.0
26.0
-26.0
8.0
-13.0
16.0
132.0
116.0
181.0
199.0
156.0
179.0
108.0
16.0
35.0
-32.0
48.0
44.0
-8.0
83.0
48.0
65.0
129.0
83.0
111.0
121.0
65.0
118.0
81.0
64.0
100.0
45.0
87.0
117.0
126.0
197.0
168.0
136.0
164.0
81.0
121.0
126.0
40.0
76.0
73.0
80.0
131.0
60.0
82.0
95.0
78.0
138.0
87.0
48.0
79.0
-17.0
16.0
20.0
-6.0
54.0
23.0
-9.0
44.0
-26.0
4.0
37.0
14.0
84.0
50.0
32.0
41.0
-51.0
13.0
0.0
-19.0
52.0
16.0
11.0
57.0
-35.0
10.0
36.0
-6.0
1.0
-65.0
-99.0
-6.0
-31.0
31.0
83.0
10.0
56.0
-10.0
-22.0
-1.0
-82.0
-35.0
-22.0
-19.0
53.0
17.0
0.0
59.0
-9.0
-2.0
-23.0
-52.0
14.0
-24.0
-19.0
56.0
14.0
59.0
86.0
70.0
145.0
110.0
90.0
109.0
33.0
79.0
74.0
34.0
100.0
113.0
137.0
186.0
151.0
187.0
144.0
69.0
127.0
111.0
80.0
130.0
62.0
114.0
110.0
58.0
146.0
106.0
172.0
187.0
124.0
168.0
192.0
118.0
189.0
101.0
56.0
89.0
25.0
64.0
49.0
52.0
85.0
26.0
56.0
73.0
-25.0
39.0
61.0
38.0
132.0
110.0
56.0
84.0
14.0
55.0
83.0
49.0
115.0
80.0
46.0
75.0
41.0
105.0
134.0
84.0
129.0
101.0
67.0
63.0
-3.0
49.0
18.0
-43.0
1.0
-33.0
-51.0
-3.0
-36.0
15.0
21.0
-1.0
64.0
20.0
21.0
70.0
-17.0
-5.0
5.0
-54.0
18.0
2.0
-23.0
51.0
18.0
6.0
43.0
-32.0
20.0
-1.0
-9.0
38.0
-53.0
-27.0
-49.0
-106.0
-51.0
-35.0
-27.0
70.0
-6.0
24.0
11.0
-44.0
-4.0
-68.0
-48.0
52.0
40.0
68.0
99.0
8.0
14.0
-74.0
-115.0
-76.0
-139.0
-95.0
-18.0
-38.0
37.0
10.0
15.0
77.0
18.0
35.0
-21.0
-119.0
-65.0
-101.0
-90.0
-35.0
-99.0
-106.0
-118.0
-180.0
-89.0
-121.0
-119.0
-31.0
-49.0
11.0
52.0
34.0
61.0
-36.0
-106.0
-101.0
-141.0
-58.0
-51.0
-95.0
-33.0
-41.0
-51.0
16.0
-36.0
2.0
47.0
48.0
87.0
39.0
23.0
32.0
-72.0
-88.0
-93.0
-100.0
-32.0
-7.0
66.0
164.0
159.0
188.0
150.0
60.0
87.0
-2.0
36.0
81.0
72.0
103.0
93.0
13.0
21.0
-14.0
33.0
143.0
147.0
177.0
208.0
157.0
188.0
155.0
100.0
181.0
92.0
161.0
176.0
142.0
198.0
156.0
151.0
203.0
128.0
185.0
221.0
162.0
205.0
150.0
92.0
119.0
35.0
101.0
122.0
82.0
132.0
115.0
93.0
166.0
74.0
96.0
118.0
78.0
131.0
98.0
77.0
127.0
65.0
84.0
109.0
61.0
146.0
79.0
62.0
114.0
54.0
89.0
88.0
44.0
98.0
61.0
40.0
99.0
4.0
33.0
13.0
-32.0
49.0
20.0
6.0
63.0
-26.0
-9.0
34.0
-10.0
49.0
47.0
-11.0
30.0
-49.0
10.0
10.0
-20.0
52.0
34.0
45.0
76.0
-31.0
-44.0
-18.0
-69.0
8.0
-29.0
-11.0
33.0
-57.0
-35.0
0.0
-41.0
63.0
27.0
41.0
111.0
50.0
50.0
9.0
-79.0
-30.0
-29.0
25.0
67.0
13.0
49.0
17.0
-45.0
-4.0
-30.0
-60.0
10.0
-1.0
65.0
87.0
11.0
7.0
-69.0
-107.0
-68.0
-131.0
-46.0
18.0
-22.0
81.0
37.0
-24.0
-10.0
-74.0
-50.0
-24.0
-76.0
-14.0
-6.0
-24.0
26.0
-61.0
-5.0
-6.0
-47.0
3.0
1.0
-15.0
95.0
62.0
82.0
50.0
-40.0
18.0
-8.0
-23.0
42.0
29.0
84.0
73.0
15.0
6.0
-34.0
-41.0
43.0
-3.0
41.0
53.0
20.0
71.0
19.0
-39.0
7.0
-76.0
-17.0
24.0
-7.0
38.0
-10.0
-12.0
54.0
-51.0
-15.0
-1.0
-48.0
7.0
-33.0
-20.0
46.0
-2.0
-4.0
-20.0
-48.0
35.0
16.0
26.0
87.0
24.0
62.0
84.0
-13.0
26.0
-14.0
-8.0
68.0
-45.0
-20.0
-18.0
-74.0
33.0
-6.0
-37.0
23.0
-57.0
-17.0
-31.0
-102.0
-36.0
-53.0
-65.0
24.0
-23.0
8.0
6.0
-101.0
-93.0
-174.0
-202.0
-145.0
-187.0
-119.0
-43.0
-46.0
37.0
-24.0
-61.0
-29.0
-109.0
-113.0
-92.0
-128.0
-44.0
-49.0
-37.0
-41.0
-119.0
-129.0
-96.0
-155.0
-36.0
-40.0
-19.0
49.0
-27.0
-30.0
-88.0
-189.0
-145.0
-182.0
-138.0
-10.0
-15.0
61.0
93.0
22.0
42.0
-42.0
-116.0
-83.0
-144.0
-75.0
-18.0
-63.0
44.0
18.0
2.0
40.0
-70.0
-35.0
29.0
-5.0
100.0
92.0
83.0
128.0
29.0
55.0
40.0
-65.0
-11.0
-17.0
-39.0
48.0
-41.0
-49.0
-37.0
-112.0
-51.0
-86.0
-114.0
-22.0
-7.0
56.0
99.0
70.0
115.0
37.0
-6.0
30.0
-33.0
-2.0
26.0
-6.0
42.0
11.0
12.0
56.0
-6.0
-22.0
-4.0
-34.0
33.0
4.0
-30.0
23.0
5.0
59.0
92.0
-15.0
-18.0
-65.0
-101.0
-29.0
-58.0
4.0
36.0
16.0
109.0
50.0
31.0
58.0
-18.0
-32.0
-29.0
-100.0
-57.0
-95.0
-120.0
-65.0
-110.0
-58.0
12.0
-12.0
71.0
90.0
101.0
147.0
82.0
52.0
58.0
-82.0
-59.0
-135.0
-152.0
-49.0
-97.0
-72.0
-48.0
-84.0
14.0
21.0
44.0
106.0
47.0
41.0
29.0
-62.0
-65.0
-85.0
-105.0
-36.0
-99.0
-126.0
-130.0
-194.0
-57.0
-52.0
4.0
124.0
79.0
111.0
87.0
-11.0
-14.0
-94.0
-126.0
-87.0
-153.0
-158.0
-124.0
-146.0
-29.0
-1.0
18.0
68.0
-3.0
33.0
55.0
1.0
84.0
29.0
25.0
20.0
-92.0
-154.0
-173.0
-194.0
-65.0
-2.0
65.0
205.0
135.0
168.0
129.0
58.0
91.0
5.0
-16.0
1.0
-76.0
-69.0
-52.0
-123.0
-78.0
-71.0
-60.0
-1.0
-3.0
50.0
69.0
21.0
94.0
31.0
-18.0
-1.0
-69.0
-55.0
-46.0
-142.0
-111.0
-156.0
-138.0
-7.0
6.0
27.0
73.0
20.0
93.0
53.0
-8.0
15.0
-105.0
-90.0
-107.0
-173.0
-80.0
-92.0
-39.0
45.0
-15.0
49.0
43.0
35.0
84.0
62.0
18.0
63.0
-25.0
-35.0
-15.0
-119.0
-52.0
-84.0
-76.0
-20.0
-50.0
-43.0
16.0
-10.0
72.0
23.0
-10.0
40.0
-45.0
-29.0
-40.0
-110.0
-24.0
23.0
8.0
61.0
8.0
55.0
96.0
39.0
76.0
27.0
-5.0
41.0
-25.0
6.0
17.0
-42.0
30.0
3.0
29.0
105.0
52.0
75.0
40.0
-5.0
62.0
17.0
1.0
82.0
-2.0
29.0
57.0
15.0
99.0
48.0
15.0
74.0
27.0
47.0
69.0
21.0
48.0
12.0
26.0
93.0
9.0
10.0
30.0
-43.0
14.0
31.0
21.0
68.0
17.0
18.0
26.0
-27.0
5.0
-13.0
-54.0
13.0
-39.0
-12.0
30.0
-20.0
26.0
15.0
-11.0
43.0
6.0
41.0
34.0
-14.0
40.0
6.0
-42.0
28.0
-35.0
-5.0
32.0
1.0
65.0
12.0
-10.0
1.0
-90.0
-90.0
-66.0
-92.0
-17.0
47.0
29.0
97.0
21.0
30.0
17.0
-36.0
-1.0
-34.0
-63.0
-10.0
-59.0
-45.0
-13.0
-56.0
-4.0
-12.0
-73.0
-4.0
-69.0
-18.0
-18.0
-77.0
-12.0
-25.0
-56.0
-10.0
-71.0
-79.0
-34.0
-62.0
22.0
-3.0
-32.0
45.0
-22.0
-8.0
7.0
-54.0
45.0
1.0
-15.0
51.0
-5.0
21.0
56.0
-4.0
30.0
-22.0
-93.0
-37.0
-51.0
-8.0
40.0
-42.0
34.0
-8.0
-23.0
23.0
6.0
61.0
105.0
28.0
76.0
32.0
2.0
29.0
-26.0
8.0
35.0
-42.0
25.0
22.0
4.0
92.0
36.0
76.0
85.0
1.0
19.0
0.0
1.0
104.0
67.0
67.0
69.0
2.0
30.0
-16.0
-64.0
29.0
8.0
41.0
108.0
18.0
84.0
33.0
15.0
54.0
-18.0
-4.0
41.0
3.0
80.0
36.0
-31.0
39.0
-40.0
-23.0
15.0
8.0
92.0
43.0
46.0
79.0
17.0
12.0
38.0
16.0
96.0
115.0
98.0
118.0
42.0
23.0
20.0
-40.0
17.0
-24.0
-61.0
-33.0
-61.0
-31.0
0.0
-35.0
73.0
63.0
65.0
84.0
15.0
31.0
64.0
24.0
79.0
14.0
-67.0
-22.0
-59.0
-4.0
25.0
-7.0
32.0
-31.0
-77.0
-8.0
-14.0
20.0
43.0
14.0
81.0
45.0
31.0
82.0
20.0
26.0
54.0
-37.0
-11.0
-22.0
-36.0
16.0
-26.0
6.0
34.0
-14.0
30.0
3.0
-30.0
40.0
17.0
45.0
61.0
-37.0
-5.0
-26.0
-58.0
-17.0
-61.0
-47.0
-11.0
-38.0
-29.0
-34.0
-119.0
-41.0
-83.0
-53.0
-7.0
-51.0
50.0
-14.0
-50.0
8.0
-55.0
-61.0
-29.0
-64.0
-44.0
-50.0
-75.0
3.0
-28.0
-36.0
-23.0
-68.0
-15.0
6.0
-43.0
-50.0
-59.0
-45.0
-35.0
-81.0
-17.0
1.0
-46.0
49.0
-46.0
-4.0
4.0
-68.0
-10.0
-59.0
-64.0
-13.0
-88.0
-80.0
-58.0
-80.0
-12.0
5.0
-15.0
38.0
-8.0
-22.0
1.0
-61.0
2.0
-42.0
-71.0
-13.0
-51.0
-26.0
36.0
-29.0
44.0
35.0
0.0
67.0
19.0
25.0
78.0
-6.0
6.0
8.0
-11.0
69.0
-29.0
-26.0
4.0
-30.0
41.0
17.0
-54.0
-8.0
-44.0
-57.0
-16.0
-63.0
-17.0
-58.0
-74.0
-5.0
-77.0
-63.0
-18.0
-95.0
-43.0
-48.0
-95.0
-20.0
-82.0
-79.0
-41.0
-87.0
-21.0
-51.0
-116.0
-46.0
-103.0
-24.0
14.0
-110.0
-50.0
-72.0
-92.0
-21.0
-44.0
-31.0
-10.0
-64.0
-33.0
-45.0
-55.0
1.0
-45.0
-34.0
-15.0
-67.0
-35.0
-37.0
-43.0
44.0
5.0
35.0
52.0
-21.0
30.0
2.0
-45.0
44.0
-2.0
14.0
18.0
-76.0
-12.0
-26.0
-45.0
-16.0
-78.0
-34.0
28.0
-4.0
25.0
26.0
-24.0
2.0
-42.0
-38.0
-21.0
-68.0
-48.0
-54.0
-78.0
-6.0
-48.0
-17.0
3.0
-42.0
-10.0
23.0
-33.0
42.0
-17.0
-2.0
-10.0
-59.0
-6.0
-35.0
-63.0
39.0
-27.0
-41.0
-39.0
-78.0
1.0
-14.0
-15.0
42.0
10.0
-8.0
16.0
-68.0
10.0
40.0
-14.0
44.0
3.0
-3.0
54.0
-26.0
83.0
80.0
53.0
108.0
41.0
7.0
26.0
-48.0
51.0
49.0
18.0
80.0
37.0
92.0
124.0
33.0
72.0
33.0
-5.0
41.0
2.0
29.0
69.0
33.0
83.0
67.0
35.0
82.0
3.0
12.0
42.0
-33.0
20.0
7.0
-7.0
64.0
-10.0
-32.0
-35.0
-101.0
-2.0
-16.0
-52.0
17.0
-8.0
18.0
27.0
-46.0
7.0
-2.0
-20.0
38.0
-17.0
-18.0
37.0
23.0
31.0
59.0
42.0
53.0
-14.0
7.0
41.0
-10.0
13.0
-32.0
-19.0
88.0
42.0
25.0
40.0
-29.0
-25.0
-43.0
-80.0
-33.0
-71.0
-36.0
24.0
8.0
67.0
45.0
-7.0
50.0
-22.0
-25.0
-22.0
-67.0
-13.0
-13.0
-53.0
24.0
-27.0
-5.0
25.0
-40.0
-29.0
-56.0
-60.0
51.0
17.0
16.0
62.0
-63.0
-33.0
-49.0
-86.0
-7.0
-30.0
-13.0
49.0
2.0
41.0
13.0
-59.0
1.0
-21.0
-9.0
35.0
-39.0
23.0
20.0
-37.0
-12.0
-78.0
-76.0
-33.0
-49.0
17.0
13.0
6.0
102.0
32.0
11.0
44.0
-26.0
29.0
-22.0
-85.0
-39.0
-78.0
-70.0
-12.0
-70.0
35.0
81.0
-49.0
34.0
-24.0
-41.0
16.0
-16.0
22.0
59.0
46.0
69.0
2.0
-53.0
-45.0
-157.0
-81.0
-83.0
-66.0
19.0
-25.0
-21.0
1.0
-58.0
11.0
9.0
-17.0
32.0
-10.0
-12.0
27.0
-56.0
-11.0
-48.0
-62.0
20.0
-35.0
10.0
56.0
7.0
23.0
8.0
-13.0
49.0
-10.0
-12.0
8.0
-72.0
-33.0
-42.0
-109.0
-41.0
-93.0
-47.0
-6.0
-46.0
-7.0
-8.0
-12.0
29.0
-4.0
-20.0
6.0
-30.0
-2.0
6.0
-52.0
6.0
-36.0
-14.0
12.0
-63.0
-26.0
-9.0
-41.0
21.0
-16.0
7.0
29.0
-34.0
8.0
-28.0
-62.0
-45.0
-95.0
-87.0
-67.0
-108.0
-59.0
45.0
27.0
99.0
16.0
-18.0
-11.0
-70.0
-6.0
7.0
-7.0
50.0
5.0
-5.0
0.0
-119.0
-70.0
-66.0
-78.0
10.0
-22.0
-7.0
18.0
-65.0
-52.0
-63.0
-126.0
-67.0
-141.0
-139.0
-73.0
-140.0
-90.0
-87.0
-131.0
-34.0
-75.0
-60.0
-24.0
-99.0
-45.0
-72.0
-125.0
-55.0
-127.0
-125.0
-62.0
-89.0
-30.0
-26.0
-64.0
-23.0
-86.0
-66.0
-2.0
-24.0
17.0
38.0
-16.0
10.0
-91.0
-105.0
-45.0
-64.0
-1.0
35.0
-6.0
71.0
26.0
20.0
31.0
-12.0
-7.0
-11.0
-102.0
-81.0
-125.0
-118.0
-75.0
-116.0
-33.0
9.0
-54.0
37.0
-20.0
-31.0
-17.0
-90.0
-44.0
-30.0
-54.0
-8.0
-43.0
23.0
39.0
-97.0
11.0
15.0
27.0
115.0
65.0
72.0
105.0
11.0
50.0
15.0
-51.0
15.0
-31.0
-12.0
71.0
16.0
47.0
49.0
-5.0
30.0
-3.0
-1.0
45.0
2.0
59.0
68.0
15.0
122.0
41.0
65.0
111.0
41.0
114.0
86.0
33.0
115.0
57.0
71.0
108.0
60.0
90.0
88.0
17.0
92.0
55.0
77.0
86.0
2.0
64.0
42.0
3.0
65.0
43.0
20.0
72.0
10.0
52.0
55.0
-50.0
13.0
-12.0
-2.0
72.0
38.0
81.0
59.0
21.0
61.0
24.0
25.0
89.0
6.0
54.0
51.0
13.0
69.0
51.0
12.0
54.0
-33.0
-14.0
15.0
-14.0
43.0
29.0
15.0
65.0
-44.0
10.0
29.0
-34.0
29.0
24.0
44.0
76.0
-13.0
39.0
41.0
11.0
30.0
1.0
-41.0
1.0
-63.0
-19.0
14.0
8.0
39.0
14.0
26.0
62.0
0.0
49.0
43.0
4.0
102.0
68.0
59.0
68.0
-19.0
22.0
37.0
-14.0
74.0
46.0
18.0
79.0
-2.0
70.0
41.0
8.0
61.0
30.0
30.0
89.0
-6.0
41.0
64.0
44.0
111.0
36.0
43.0
102.0
31.0
81.0
83.0
67.0
108.0
20.0
37.0
40.0
-32.0
50.0
60.0
32.0
92.0
6.0
-15.0
-11.0
-65.0
2.0
25.0
0.0
74.0
34.0
7.0
36.0
-31.0
20.0
26.0
11.0
103.0
54.0
39.0
71.0
-19.0
48.0
36.0
14.0
51.0
37.0
49.0
105.0
43.0
53.0
60.0
-29.0
40.0
40.0
49.0
100.0
16.0
51.0
41.0
30.0
68.0
13.0
20.0
76.0
21.0
104.0
103.0
70.0
116.0
93.0
126.0
147.0
63.0
84.0
84.0
56.0
101.0
55.0
33.0
96.0
23.0
22.0
26.0
-30.0
62.0
17.0
21.0
81.0
34.0
81.0
73.0
29.0
90.0
54.0
64.0
135.0
68.0
121.0
99.0
76.0
137.0
80.0
95.0
147.0
74.0
127.0
131.0
81.0
148.0
103.0
82.0
147.0
83.0
94.0
42.0
-51.0
52.0
13.0
61.0
151.0
107.0
137.0
93.0
24.0
95.0
56.0
33.0
37.0
-61.0
-37.0
-4.0
-16.0
38.0
34.0
40.0
88.0
49.0
76.0
82.0
45.0
95.0
38.0
44.0
69.0
20.0
44.0
53.0
2.0
70.0
18.0
1.0
28.0
-13.0
36.0
64.0
31.0
86.0
30.0
30.0
74.0
20.0
57.0
53.0
1.0
58.0
59.0
49.0
104.0
39.0
65.0
62.0
-15.0
58.0
28.0
6.0
68.0
18.0
49.0
13.0
-10.0
53.0
27.0
33.0
93.0
30.0
60.0
63.0
11.0
41.0
-26.0
-52.0
6.0
-43.0
27.0
34.0
-14.0
46.0
26.0
-29.0
21.0
-29.0
-40.0
-21.0
-69.0
23.0
-4.0
-1.0
59.0
-18.0
22.0
-3.0
-134.0
-82.0
-95.0
-67.0
28.0
-14.0
58.0
33.0
-17.0
13.0
-58.0
-72.0
-22.0
-83.0
4.0
-22.0
-67.0
0.0
-41.0
-60.0
16.0
-44.0
5.0
27.0
-18.0
26.0
14.0
10.0
84.0
8.0
33.0
43.0
-16.0
17.0
-45.0
-95.0
-72.0
-152.0
-63.0
-3.0
1.0
114.0
48.0
68.0
134.0
33.0
31.0
27.0
-30.0
29.0
-42.0
-92.0
-45.0
-95.0
-56.0
-47.0
-125.0
-22.0
-6.0
36.0
81.0
34.0
77.0
55.0
-10.0
23.0
-29.0
-76.0
-44.0
-110.0
-90.0
-110.0
-150.0
-92.0
-130.0
-99.0
-4.0
-23.0
23.0
34.0
-26.0
39.0
-10.0
-40.0
-6.0
-68.0
-43.0
-71.0
-139.0
-93.0
-125.0
-90.0
-27.0
-24.0
81.0
95.0
63.0
93.0
39.0
5.0
-5.0
-122.0
-139.0
-159.0
-231.0
-134.0
-124.0
-69.0
72.0
50.0
91.0
116.0
33.0
79.0
58.0
53.0
61.0
-8.0
2.0
-39.0
-175.0
-127.0
-181.0
-130.0
-36.0
-47.0
26.0
101.0
30.0
92.0
25.0
12.0
54.0
-35.0
-44.0
-56.0
-101.0
-59.0
-101.0
-95.0
-47.0
-76.0
-31.0
41.0
16.0
137.0
109.0
105.0
78.0
-17.0
-16.0
-12.0
-70.0
-50.0
-128.0
-199.0
-175.0
-206.0
-147.0
-108.0
-108.0
4.0
-1.0
-26.0
45.0
-21.0
1.0
-16.0
-85.0
-65.0
-112.0
-137.0
-90.0
-155.0
-123.0
-95.0
-114.0
4.0
11.0
54.0
133.0
46.0
50.0
42.0
-62.0
-3.0
-80.0
-107.0
-82.0
-192.0
-155.0
-149.0
-191.0
-114.0
-144.0
-93.0
5.0
0.0
46.0
21.0
-64.0
-30.0
-78.0
-111.0
-92.0
-210.0
-164.0
-175.0
-192.0
-116.0
-102.0
-39.0
56.0
28.0
44.0
16.0
21.0
41.0
15.0
-40.0
-36.0
-172.0
-200.0
-215.0
-265.0
-145.0
-132.0
-116.0
11.0
-16.0
31.0
31.0
-21.0
34.0
8.0
-36.0
-11.0
-104.0
-91.0
-118.0
-194.0
-141.0
-152.0
-143.0
-26.0
-59.0
2.0
48.0
6.0
56.0
0.0
-45.0
8.0
-67.0
-63.0
-61.0
-156.0
-111.0
-140.0
-128.0
-81.0
-70.0
-26.0
27.0
-27.0
45.0
-24.0
-34.0
-18.0
-95.0
-63.0
-52.0
-119.0
-73.0
-144.0
-129.0
-79.0
-140.0
-54.0
-45.0
-66.0
30.0
7.0
-5.0
53.0
-54.0
-73.0
-72.0
-133.0
-84.0
-149.0
-186.0
-129.0
-139.0
-52.0
31.0
-31.0
12.0
-24.0
-40.0
-6.0
-36.0
-27.0
-17.0
-76.0
-53.0
-122.0
-147.0
-139.0
-181.0
-122.0
-76.0
-139.0
-84.0
-123.0
-108.0
-18.0
-76.0
-45.0
-53.0
-95.0
-37.0
-91.0
-100.0
-90.0
-194.0
-182.0
-145.0
-186.0
-64.0
-71.0
-33.0
33.0
-29.0
-17.0
-30.0
-80.0
-8.0
-65.0
-86.0
-72.0
-134.0
-106.0
-82.0
-114.0
-63.0
-92.0
-106.0
-62.0
-82.0
-36.0
5.0
-36.0
18.0
7.0
-46.0
-25.0
-125.0
-111.0
-160.0
-287.0
-238.0
-221.0
-117.0
17.0
8.0
66.0
67.0
-37.0
-13.0
-58.0
-134.0
-84.0
-152.0
-65.0
-13.0
-56.0
18.0
10.0
-2.0
68.0
-40.0
-25.0
13.0
-20.0
6.0
-35.0
-62.0
-21.0
-79.0
-66.0
-40.0
-95.0
-28.0
-48.0
-26.0
58.0
-17.0
-23.0
-28.0
-70.0
-7.0
-66.0
-96.0
-43.0
-79.0
-1.0
8.0
-92.0
-59.0
-92.0
-83.0
-56.0
-65.0
-77.0
-72.0
-136.0
-65.0
-77.0
-95.0
-21.0
-94.0
-72.0
-31.0
-113.0
-43.0
-114.0
-136.0
-128.0
-161.0
-110.0
-58.0
-112.0
-40.0
-58.0
-86.0
-37.0
-91.0
-68.0
-46.0
-86.0
-5.0
-17.0
-14.0
41.0
-60.0
-44.0
-4.0
-74.0
-46.0
-39.0
-69.0
-7.0
-64.0
-7.0
-5.0
-33.0
8.0
-18.0
-39.0
6.0
-23.0
-14.0
-3.0
-103.0
-36.0
-59.0
-80.0
-17.0
-71.0
-49.0
-16.0
-70.0
9.0
-3.0
-24.0
4.0
-41.0
-26.0
-34.0
-89.0
-22.0
-16.0
-17.0
25.0
-21.0
-14.0
1.0
-54.0
-8.0
-6.0
-37.0
17.0
-42.0
-25.0
-21.0
-81.0
21.0
-2.0
-27.0
13.0
-46.0
-16.0
12.0
-7.0
39.0
-10.0
-49.0
-4.0
-58.0
-33.0
-42.0
-77.0
6.0
-1.0
-49.0
-7.0
-76.0
-16.0
-14.0
-25.0
48.0
21.0
10.0
39.0
-13.0
2.0
0.0
-74.0
-4.0
-25.0
-32.0
7.0
-82.0
-82.0
-74.0
-92.0
-36.0
-41.0
-51.0
26.0
-46.0
-20.0
30.0
-55.0
28.0
-35.0
-41.0
18.0
-62.0
-51.0
-57.0
-118.0
-90.0
-154.0
-171.0
-87.0
-105.0
-12.0
18.0
-47.0
-20.0
-48.0
-63.0
-2.0
-68.0
-24.0
-11.0
-60.0
-27.0
-103.0
-128.0
-56.0
-116.0
-90.0
-42.0
-115.0
-78.0
-59.0
-76.0
-49.0
-124.0
-90.0
-15.0
-67.0
18.0
-20.0
-22.0
45.0
-24.0
-16.0
-9.0
-81.0
2.0
-14.0
-26.0
28.0
-32.0
6.0
26.0
-52.0
8.0
-20.0
-22.0
18.0
6.0
-6.0
27.0
-35.0
2.0
-32.0
-53.0
7.0
-45.0
-56.0
-40.0
-129.0
-53.0
-59.0
-34.0
53.0
7.0
44.0
51.0
10.0
58.0
20.0
-36.0
37.0
-37.0
-8.0
28.0
-12.0
24.0
-4.0
-40.0
35.0
-30.0
48.0
78.0
11.0
29.0
-12.0
-53.0
-17.0
-58.0
-62.0
-37.0
-49.0
8.0
-16.0
-52.0
8.0
-56.0
-28.0
-25.0
-53.0
-5.0
-11.0
-39.0
22.0
-35.0
-24.0
-51.0
-94.0
-77.0
-62.0
-66.0
32.0
-40.0
-6.0
22.0
-11.0
35.0
15.0
41.0
56.0
42.0
51.0
42.0
-23.0
28.0
-19.0
-53.0
-39.0
-106.0
-58.0
-30.0
-76.0
2.0
-62.0
-76.0
1.0
-15.0
16.0
41.0
23.0
34.0
37.0
-30.0
-1.0
-60.0
-24.0
22.0
-11.0
43.0
41.0
19.0
76.0
11.0
18.0
24.0
-50.0
4.0
-31.0
-51.0
-3.0
-52.0
-36.0
-2.0
-82.0
-35.0
-52.0
-88.0
-14.0
-37.0
8.0
42.0
22.0
55.0
43.0
-43.0
-46.0
-138.0
-130.0
-68.0
-111.0
-66.0
-74.0
-69.0
27.0
-13.0
-4.0
2.0
-83.0
-56.0
-80.0
-115.0
-50.0
-73.0
-49.0
-29.0
-67.0
1.0
-5.0
-10.0
33.0
43.0
56.0
115.0
46.0
92.0
36.0
-31.0
13.0
-51.0
-55.0
-13.0
-26.0
48.0
18.0
-48.0
-10.0
-91.0
-16.0
52.0
50.0
109.0
70.0
18.0
42.0
-1.0
8.0
10.0
-22.0
39.0
16.0
-27.0
-3.0
-77.0
-44.0
0.0
-17.0
32.0
-2.0
-60.0
12.0
-35.0
32.0
62.0
-13.0
59.0
40.0
-45.0
-12.0
-86.0
-69.0
-41.0
-31.0
22.0
8.0
-16.0
23.0
-36.0
8.0
27.0
-47.0
24.0
12.0
-1.0
57.0
2.0
1.0
-5.0
-40.0
-14.0
-62.0
-80.0
-6.0
-76.0
-42.0
-10.0
-14.0
33.0
34.0
-4.0
62.0
0.0
31.0
51.0
-12.0
84.0
69.0
29.0
85.0
25.0
24.0
48.0
-7.0
52.0
46.0
37.0
77.0
-13.0
-20.0
-5.0
-48.0
35.0
-2.0
-19.0
37.0
18.0
73.0
82.0
35.0
88.0
75.0
12.0
46.0
-29.0
-22.0
3.0
-14.0
17.0
18.0
2.0
51.0
-13.0
-2.0
6.0
-73.0
-7.0
-5.0
-31.0
18.0
-60.0
-61.0
-21.0
-138.0
-91.0
-98.0
-72.0
10.0
-11.0
5.0
35.0
-37.0
-14.0
-32.0
-68.0
-22.0
-72.0
-63.0
-62.0
-111.0
-47.0
-55.0
-63.0
5.0
-55.0
-60.0
6.0
-67.0
-7.0
12.0
-47.0
-3.0
-58.0
-23.0
14.0
-65.0
-3.0
-35.0
-15.0
37.0
-3.0
-12.0
6.0
-69.0
-6.0
-39.0
-52.0
11.0
-49.0
-31.0
14.0
-82.0
-73.0
-64.0
-111.0
-27.0
-83.0
-73.0
-31.0
-93.0
-46.0
-80.0
-65.0
5.0
-37.0
-52.0
-47.0
-89.0
-4.0
26.0
-18.0
34.0
-44.0
7.0
48.0
26.0
71.0
32.0
-22.0
24.0
-62.0
-61.0
-22.0
-71.0
16.0
-12.0
-33.0
32.0
0.0
4.0
45.0
35.0
78.0
62.0
1.0
46.0
-3.0
-3.0
43.0
16.0
92.0
97.0
55.0
120.0
48.0
24.0
24.0
-46.0
-10.0
-20.0
-46.0
-19.0
-71.0
-76.0
-73.0
-121.0
-77.0
-82.0
-86.0
-16.0
-70.0
-55.0
-19.0
-92.0
-26.0
-18.0
-95.0
-20.0
-74.0
-58.0
-27.0
-83.0
-19.0
-50.0
-98.0
-26.0
-88.0
-52.0
-58.0
-70.0
-20.0
-21.0
-52.0
-26.0
-63.0
-56.0
-6.0
-62.0
-45.0
-92.0
-97.0
-50.0
-79.0
-80.0
-44.0
-85.0
-17.0
-39.0
-93.0
-36.0
-128.0
-132.0
-90.0
-168.0
-84.0
-91.0
-93.0
-37.0
-102.0
-98.0
-67.0
-124.0
-64.0
-89.0
-99.0
-72.0
-105.0
-106.0
-61.0
-122.0
-52.0
-41.0
-35.0
12.0
-39.0
-40.0
11.0
-71.0
10.0
-17.0
-67.0
-29.0
-105.0
-48.0
-6.0
-85.0
-41.0
-61.0
-122.0
-83.0
-139.0
-152.0
-124.0
-146.0
-108.0
-108.0
-116.0
-46.0
-64.0
-58.0
-38.0
-149.0
-138.0
-167.0
-215.0
-171.0
-189.0
-151.0
-129.0
-182.0
-108.0
-80.0
-73.0
27.0
-15.0
-15.0
-1.0
-83.0
-64.0
-94.0
-133.0
-60.0
-125.0
-144.0
-108.0
-140.0
-89.0
-59.0
-101.0
-55.0
-96.0
-65.0
-42.0
-89.0
-43.0
-41.0
-107.0
-39.0
-102.0
-46.0
-16.0
-93.0
-46.0
-69.0
-85.0
-18.0
-80.0
-70.0
4.0
-37.0
-23.0
-80.0
-110.0
-41.0
-79.0
-95.0
-51.0
-78.0
-24.0
-43.0
-102.0
-40.0
-80.0
-71.0
-26.0
-70.0
-29.0
-48.0
-99.0
-27.0
-69.0
-36.0
21.0
-46.0
-12.0
-26.0
-53.0
-6.0
-70.0
-83.0
-77.0
-144.0
-101.0
-107.0
-115.0
-40.0
-54.0
-39.0
-15.0
-78.0
-46.0
-42.0
-111.0
-55.0
-150.0
-114.0
-83.0
-150.0
-86.0
-98.0
-86.0
-14.0
-78.0
-70.0
-29.0
-68.0
-22.0
-30.0
-102.0
-48.0
-103.0
-80.0
-59.0
-91.0
-28.0
-27.0
-55.0
13.0
-70.0
-65.0
-67.0
-133.0
-77.0
-69.0
-111.0
-41.0
-73.0
-74.0
-65.0
-136.0
-110.0
-132.0
-143.0
-67.0
-88.0
-75.0
-25.0
-61.0
-3.0
-18.0
-24.0
20.0
12.0
-4.0
24.0
-17.0
10.0
-3.0
-68.0
31.0
-27.0
-14.0
7.0
-19.0
37.0
28.0
-32.0
24.0
-25.0
-59.0
16.0
-23.0
52.0
57.0
-2.0
44.0
-39.0
-49.0
-19.0
-58.0
13.0
40.0
2.0
19.0
-67.0
-79.0
-44.0
-97.0
-14.0
-5.0
-26.0
43.0
-33.0
-45.0
-6.0
-81.0
-18.0
-31.0
-80.0
14.0
-34.0
9.0
36.0
-55.0
31.0
39.0
35.0
84.0
58.0
54.0
63.0
-18.0
15.0
6.0
-56.0
12.0
-2.0
15.0
34.0
-19.0
37.0
36.0
13.0
65.0
16.0
29.0
81.0
38.0
58.0
18.0
-27.0
39.0
-53.0
-30.0
23.0
-70.0
-11.0
-5.0
-36.0
27.0
-12.0
3.0
59.0
3.0
31.0
22.0
-14.0
56.0
15.0
11.0
39.0
-40.0
-42.0
-13.0
-53.0
61.0
18.0
29.0
82.0
-9.0
7.0
-21.0
-100.0
-25.0
-61.0
-44.0
-11.0
-82.0
-26.0
-61.0
-74.0
-45.0
-71.0
-81.0
-6.0
-44.0
21.0
70.0
46.0
82.0
-6.0
-31.0
13.0
-51.0
12.0
12.0
-10.0
23.0
-17.0
-48.0
26.0
-13.0
60.0
94.0
56.0
139.0
44.0
41.0
94.0
-36.0
-8.0
-4.0
-37.0
26.0
-55.0
-97.0
-72.0
-93.0
-34.0
-46.0
-98.0
-8.0
-5.0
26.0
43.0
2.0
-3.0
-2.0
-83.0
-21.0
-44.0
-19.0
32.0
-47.0
47.0
37.0
-17.0
46.0
7.0
20.0
64.0
-20.0
17.0
47.0
-13.0
26.0
-79.0
-114.0
-108.0
-164.0
-108.0
-52.0
-85.0
-11.0
-54.0
-21.0
44.0
3.0
10.0
-15.0
-60.0
-3.0
-71.0
-124.0
-95.0
-163.0
-90.0
-78.0
-69.0
8.0
-10.0
-9.0
21.0
-64.0
-16.0
-14.0
-14.0
52.0
8.0
-34.0
-62.0
-142.0
-77.0
-63.0
-100.0
17.0
-11.0
-3.0
26.0
-17.0
-25.0
-16.0
-50.0
30.0
5.0
33.0
56.0
-22.0
-21.0
-37.0
-100.0
-37.0
-52.0
20.0
105.0
91.0
128.0
121.0
69.0
82.0
11.0
-18.0
30.0
-17.0
17.0
-8.0
-89.0
-20.0
-43.0
-23.0
83.0
57.0
125.0
140.0
88.0
159.0
71.0
79.0
123.0
66.0
90.0
64.0
12.0
53.0
29.0
5.0
46.0
52.0
126.0
133.0
92.0
138.0
74.0
73.0
87.0
-18.0
50.0
67.0
12.0
63.0
36.0
37.0
49.0
-21.0
20.0
40.0
19.0
87.0
79.0
72.0
139.0
62.0
91.0
90.0
54.0
121.0
83.0
60.0
101.0
22.0
70.0
95.0
41.0
105.0
78.0
74.0
138.0
79.0
94.0
122.0
30.0
83.0
54.0
41.0
86.0
42.0
73.0
70.0
22.0
69.0
15.0
41.0
109.0
88.0
144.0
127.0
37.0
81.0
33.0
34.0
97.0
25.0
80.0
96.0
46.0
109.0
63.0
46.0
91.0
44.0
79.0
77.0
6.0
96.0
50.0
63.0
119.0
90.0
143.0
159.0
71.0
115.0
62.0
44.0
82.0
13.0
10.0
32.0
-33.0
30.0
-21.0
-16.0
69.0
-4.0
8.0
20.0
-29.0
21.0
-5.0
-22.0
33.0
-6.0
24.0
26.0
-35.0
51.0
25.0
4.0
44.0
8.0
92.0
107.0
88.0
146.0
102.0
101.0
128.0
82.0
135.0
144.0
99.0
164.0
130.0
110.0
143.0
110.0
156.0
153.0
75.0
127.0
63.0
51.0
115.0
60.0
114.0
144.0
68.0
101.0
3.0
-32.0
-3.0
-71.0
-67.0
-49.0
-59.0
28.0
2.0
-10.0
72.0
6.0
40.0
22.0
-48.0
17.0
-45.0
-15.0
36.0
17.0
87.0
116.0
50.0
81.0
48.0
4.0
7.0
-53.0
31.0
53.0
42.0
96.0
57.0
45.0
40.0
-18.0
10.0
3.0
-37.0
39.0
19.0
7.0
63.0
10.0
24.0
25.0
-37.0
21.0
10.0
-11.0
31.0
-41.0
-14.0
14.0
5.0
58.0
36.0
33.0
95.0
18.0
27.0
24.0
-16.0
11.0
-18.0
-42.0
48.0
-30.0
-4.0
18.0
-41.0
-39.0
-62.0
-53.0
16.0
-22.0
17.0
36.0
-16.0
47.0
34.0
47.0
110.0
48.0
89.0
107.0
53.0
135.0
102.0
88.0
143.0
70.0
129.0
156.0
77.0
167.0
138.0
110.0
134.0
34.0
78.0
103.0
37.0
128.0
62.0
72.0
109.0
60.0
88.0
139.0
69.0
131.0
78.0
91.0
109.0
-19.0
-5.0
14.0
-44.0
-15.0
-20.0
7.0
96.0
92.0
146.0
149.0
53.0
90.0
19.0
-17.0
67.0
25.0
122.0
144.0
63.0
102.0
95.0
27.0
92.0
43.0
80.0
90.0
65.0
118.0
96.0
88.0
127.0
77.0
93.0
102.0
61.0
122.0
90.0
70.0
106.0
79.0
127.0
93.0
87.0
137.0
104.0
57.0
121.0
77.0
116.0
151.0
120.0
204.0
172.0
141.0
171.0
70.0
122.0
149.0
106.0
169.0
148.0
137.0
162.0
103.0
135.0
162.0
126.0
154.0
118.0
102.0
137.0
78.0
111.0
135.0
83.0
144.0
113.0
86.0
138.0
97.0
120.0
128.0
41.0
124.0
105.0
90.0
159.0
67.0
93.0
95.0
9.0
82.0
49.0
39.0
157.0
30.0
84.0
102.0
68.0
131.0
127.0
122.0
193.0
126.0
144.0
124.0
59.0
140.0
96.0
38.0
43.0
-23.0
16.0
68.0
61.0
147.0
119.0
114.0
168.0
70.0
88.0
91.0
85.0
144.0
114.0
86.0
106.0
39.0
52.0
78.0
34.0
126.0
106.0
121.0
161.0
89.0
97.0
65.0
-4.0
50.0
34.0
-2.0
99.0
83.0
88.0
124.0
69.0
116.0
99.0
70.0
166.0
99.0
162.0
177.0
90.0
76.0
-2.0
7.0
89.0
32.0
78.0
96.0
90.0
157.0
122.0
85.0
119.0
32.0
63.0
102.0
70.0
91.0
65.0
63.0
74.0
17.0
59.0
77.0
32.0
97.0
59.0
38.0
120.0
75.0
125.0
133.0
88.0
152.0
100.0
82.0
99.0
46.0
20.0
53.0
-30.0
20.0
13.0
16.0
99.0
42.0
84.0
106.0
85.0
184.0
130.0
88.0
114.0
60.0
100.0
81.0
12.0
59.0
42.0
30.0
86.0
29.0
44.0
41.0
-27.0
60.0
24.0
26.0
69.0
7.0
34.0
42.0
-32.0
39.0
31.0
14.0
62.0
-34.0
-6.0
32.0
-27.0
24.0
-36.0
-19.0
51.0
-7.0
29.0
48.0
-43.0
18.0
4.0
14.0
21.0
-62.0
9.0
51.0
-29.0
25.0
-11.0
-33.0
21.0
-14.0
8.0
1.0
-38.0
23.0
21.0
-3.0
29.0
-20.0
10.0
20.0
-41.0
-3.0
-72.0
-82.0
-37.0
-73.0
-49.0
-23.0
-30.0
27.0
47.0
-16.0
73.0
37.0
119.0
153.0
69.0
93.0
34.0
24.0
93.0
-2.0
27.0
83.0
38.0
115.0
134.0
62.0
121.0
16.0
37.0
68.0
5.0
71.0
99.0
79.0
109.0
45.0
75.0
105.0
30.0
29.0
-8.0
21.0
98.0
50.0
69.0
91.0
-3.0
56.0
36.0
48.0
88.0
38.0
76.0
125.0
48.0
80.0
49.0
46.0
111.0
109.0
145.0
152.0
86.0
134.0
86.0
33.0
117.0
67.0
85.0
111.0
43.0
108.0
55.0
46.0
60.0
1.0
12.0
88.0
50.0
109.0
90.0
35.0
90.0
3.0
29.0
52.0
27.0
59.0
43.0
-9.0
15.0
-36.0
-7.0
47.0
28.0
85.0
56.0
16.0
40.0
-27.0
-32.0
-34.0
-136.0
-79.0
-96.0
-95.0
-17.0
-22.0
25.0
58.0
11.0
-1.0
-44.0
-60.0
13.0
-22.0
4.0
60.0
-6.0
36.0
21.0
4.0
42.0
17.0
42.0
37.0
17.0
76.0
75.0
42.0
113.0
31.0
48.0
72.0
3.0
59.0
32.0
-6.0
50.0
-15.0
25.0
27.0
-53.0
6.0
-13.0
-24.0
27.0
-41.0
-48.0
-10.0
-30.0
15.0
8.0
-50.0
14.0
-55.0
-30.0
-33.0
-86.0
-41.0
-55.0
-87.0
-13.0
-40.0
1.0
34.0
-26.0
4.0
-32.0
-62.0
9.0
-29.0
12.0
37.0
-25.0
12.0
-10.0
-51.0
36.0
-40.0
0.0
46.0
-17.0
48.0
64.0
20.0
69.0
34.0
21.0
47.0
17.0
93.0
22.0
26.0
41.0
-18.0
12.0
23.0
-35.0
24.0
11.0
-11.0
18.0
-19.0
18.0
53.0
20.0
87.0
44.0
33.0
74.0
16.0
29.0
79.0
29.0
80.0
68.0
44.0
106.0
40.0
61.0
60.0
-7.0
36.0
57.0
15.0
67.0
-6.0
17.0
24.0
-34.0
11.0
12.0
11.0
70.0
13.0
27.0
19.0
-39.0
13.0
0.0
-26.0
40.0
-20.0
15.0
59.0
3.0
54.0
22.0
-20.0
68.0
7.0
53.0
73.0
4.0
70.0
20.0
-4.0
79.0
34.0
36.0
77.0
53.0
128.0
83.0
51.0
87.0
-5.0
12.0
32.0
-14.0
51.0
21.0
-16.0
75.0
1.0
-7.0
24.0
-73.0
-58.0
-46.0
-56.0
27.0
-23.0
-12.0
-3.0
-62.0
-5.0
-24.0
-30.0
29.0
-53.0
-41.0
12.0
-49.0
22.0
5.0
-13.0
62.0
17.0
41.0
49.0
20.0
53.0
43.0
13.0
48.0
-29.0
-25.0
13.0
-35.0
36.0
26.0
-18.0
43.0
10.0
16.0
54.0
-5.0
32.0
31.0
-3.0
44.0
-40.0
-40.0
-16.0
-84.0
7.0
-36.0
-62.0
30.0
-50.0
-65.0
-47.0
-122.0
-58.0
-87.0
-109.0
-37.0
-59.0
-54.0
-65.0
-108.0
-78.0
-93.0
-163.0
-118.0
-137.0
-92.0
-31.0
-59.0
7.0
-20.0
-82.0
-37.0
-125.0
-134.0
-89.0
-125.0
-61.0
-76.0
-85.0
-29.0
-46.0
-33.0
-3.0
-89.0
-37.0
-76.0
-89.0
-59.0
-110.0
-100.0
-73.0
-99.0
-22.0
-67.0
-102.0
-48.0
-95.0
-61.0
-64.0
-142.0
-78.0
-99.0
-125.0
-49.0
-98.0
-76.0
-42.0
-90.0
-44.0
-73.0
-106.0
-41.0
-100.0
-71.0
-40.0
-101.0
-39.0
-59.0
-119.0
-105.0
-155.0
-101.0
-61.0
-101.0
-64.0
-95.0
-109.0
-62.0
-131.0
-126.0
-124.0
-150.0
-69.0
-89.0
-129.0
-90.0
-153.0
-137.0
-114.0
-168.0
-106.0
-89.0
-87.0
-63.0
-117.0
-102.0
-110.0
-193.0
-127.0
-129.0
-152.0
-109.0
-156.0
-166.0
-119.0
-165.0
-101.0
-113.0
-162.0
-75.0
-134.0
-135.0
-105.0
-184.0
-115.0
-131.0
-150.0
-107.0
-153.0
-122.0
-97.0
-138.0
-102.0
-101.0
-156.0
-96.0
-145.0
-145.0
-120.0
-193.0
-133.0
-109.0
-151.0
-99.0
-203.0
-161.0
-133.0
-167.0
-140.0
-184.0
-204.0
-135.0
-190.0
-177.0
-145.0
-172.0
-90.0
-148.0
-177.0
-120.0
-185.0
-160.0
-158.0
-199.0
-152.0
-139.0
-152.0
-93.0
-128.0
-122.0
-113.0
-157.0
-72.0
-135.0
-213.0
-145.0
-202.0
-137.0
-109.0
-179.0
-166.0
-208.0
-219.0
-160.0
-201.0
-205.0
-180.0
-209.0
-138.0
-137.0
-150.0
-106.0
-178.0
-184.0
-135.0
-199.0
-146.0
-178.0
-203.0
-153.0
-210.0
-200.0
-150.0
-204.0
-154.0
-118.0
-158.0
-108.0
-169.0
-176.0
-158.0
-223.0
-169.0
-144.0
-175.0
-92.0
-175.0
-169.0
-162.0
-191.0
-141.0
-155.0
-194.0
-148.0
-193.0
-206.0
-137.0
-194.0
-152.0
-168.0
-184.0
-140.0
-164.0
-191.0
-125.0
-178.0
-135.0
-144.0
-193.0
-129.0
-186.0
-183.0
-139.0
-216.0
-166.0
-182.0
-240.0
-195.0
-232.0
-234.0
-193.0
-277.0
-203.0
-218.0
-222.0
-154.0
-158.0
-167.0
-137.0
-203.0
-203.0
-239.0
-244.0
-186.0
-229.0
-204.0
-141.0
-185.0
-95.0
-107.0
-119.0
-86.0
-163.0
-194.0
-178.0
-199.0
-149.0
-176.0
-209.0
-141.0
-203.0
-166.0
-128.0
-206.0
-162.0
-170.0
-185.0
-96.0
-157.0
-135.0
-124.0
-181.0
-134.0
-164.0
-214.0
-174.0
-233.0
-233.0
-183.0
-245.0
-178.0
-169.0
-195.0
-111.0
-202.0
-205.0
-221.0
-277.0
-228.0
-229.0
-242.0
-173.0
-194.0
-162.0
-137.0
-204.0
-221.0
-293.0
-333.0
-251.0
-257.0
-222.0
-199.0
-257.0
-228.0
-289.0
-329.0
-273.0
-283.0
-262.0
-171.0
-194.0
-134.0
-164.0
-206.0
-176.0
-285.0
-283.0
-231.0
-235.0
-187.0
-159.0
-205.0
-185.0
-274.0
-306.0
-248.0
-287.0
-206.0
-198.0
-190.0
-95.0
-122.0
-143.0
-149.0
-235.0
-212.0
-213.0
-232.0
-158.0
-191.0
-119.0
-91.0
-173.0
-186.0
-218.0
-269.0
-202.0
-219.0
-174.0
-117.0
-174.0
-134.0
-150.0
-221.0
-197.0
-225.0
-214.0
-145.0
-171.0
-92.0
-70.0
-147.0
-84.0
-148.0
-139.0
-100.0
-164.0
-121.0
-116.0
-179.0
-112.0
-133.0
-126.0
-102.0
-183.0
-135.0
-85.0
-139.0
-58.0
-114.0
-84.0
-55.0
-102.0
-39.0
-42.0
-78.0
-25.0
-76.0
-62.0
-43.0
-126.0
-78.0
-78.0
-122.0
-50.0
-123.0
-109.0
-105.0
-190.0
-158.0
-185.0
-200.0
-135.0
-194.0
-165.0
-90.0
-142.0
-65.0
-87.0
-143.0
-121.0
-161.0
-156.0
-92.0
-187.0
-101.0
-90.0
-127.0
-61.0
-152.0
-174.0
-145.0
-211.0
-116.0
-44.0
-83.0
-43.0
-100.0
-111.0
-81.0
-153.0
-105.0
-127.0
-146.0
-39.0
-30.0
2.0
40.0
-49.0
-36.0
-74.0
-98.0
-51.0
-83.0
-73.0
-37.0
-126.0
-94.0
-97.0
-201.0
-164.0
-223.0
-182.0
-111.0
-130.0
-30.0
-3.0
-13.0
62.0
-17.0
-62.0
-66.0
-150.0
-136.0
-146.0
-188.0
-98.0
-136.0
-108.0
-82.0
-153.0
-144.0
-178.0
-195.0
-73.0
-61.0
-30.0
-5.0
-66.0
-37.0
-35.0
-68.0
-22.0
-96.0
-95.0
-58.0
-103.0
-39.0
-24.0
-46.0
7.0
-59.0
-36.0
25.0
-35.0
50.0
50.0
18.0
88.0
5.0
-6.0
9.0
-80.0
-34.0
-59.0
