4 0.182579
5 0.205630
7 0.262815
9 0.328158
11 0.391474
13 0.443942
16 0.499722
20 0.544736
23 0.566351
28 0.592336
33 0.613960
38 0.633820
45 0.658591
52 0.678501
60 0.694825
69 0.706623
79 0.714358
91 0.719217
104 0.720898
119 0.719834
135 0.716525
154 0.710373
174 0.701945
198 0.690470
223 0.678156
252 0.663805
285 0.647759
321 0.631148
362 0.613484
407 0.596249
457 0.580630
513 0.565825
575 0.550640
645 0.533336
723 0.513818
809 0.493188
905 0.473127
1011 0.456151
1130 0.443189
1261 0.431621
1407 0.422290
1570 0.410839
