4 0.473659
5 0.442227
7 0.408025
9 0.396683
11 0.396650
13 0.402516
16 0.418280
20 0.449725
23 0.478453
28 0.522968
33 0.552311
38 0.573146
45 0.597490
52 0.612403
60 0.622230
69 0.625655
79 0.624311
91 0.619423
104 0.613629
119 0.607232
135 0.600627
154 0.592378
174 0.582492
198 0.569049
223 0.553252
252 0.534155
285 0.512533
321 0.488468
362 0.460275
407 0.430776
457 0.401256
513 0.372111
575 0.343905
645 0.318116
723 0.298425
809 0.284757
905 0.275483
1011 0.268639
1130 0.264194
1261 0.262537
1407 0.263145
1570 0.267569
