4 0.024077
5 0.040060
7 0.090942
9 0.169662
11 0.274309
13 0.389103
16 0.542789
20 0.689144
23 0.762099
28 0.837836
33 0.881140
38 0.907357
45 0.929256
52 0.942153
60 0.951211
69 0.957554
79 0.962060
91 0.965472
104 0.967684
119 0.969078
135 0.969734
154 0.969885
174 0.969525
198 0.968600
223 0.967344
252 0.965710
285 0.963716
321 0.961492
362 0.958870
407 0.955800
457 0.952256
513 0.948169
575 0.943421
645 0.937906
723 0.932101
809 0.926118
905 0.920116
1011 0.914227
1130 0.908767
1261 0.904373
1407 0.901660
1570 0.899412
