4 0.439745
5 0.480688
7 0.568470
9 0.646885
11 0.706199
13 0.746180
16 0.779782
20 0.797175
23 0.801165
28 0.805299
33 0.811899
38 0.818612
45 0.825364
52 0.830966
60 0.836095
69 0.840274
79 0.843720
91 0.847008
104 0.849614
119 0.851425
135 0.852173
154 0.851643
174 0.849704
198 0.846008
223 0.841035
252 0.834307
285 0.825994
321 0.816849
362 0.807121
407 0.797648
457 0.788202
513 0.778626
575 0.769361
645 0.760483
723 0.752210
809 0.744437
905 0.736752
1011 0.728667
1130 0.720135
1261 0.711051
1407 0.702736
1570 0.696751
1750 0.695014
