4 0.442116
5 0.445696
7 0.467676
9 0.500243
11 0.534200
13 0.563655
16 0.595644
20 0.621653
23 0.634938
28 0.650412
33 0.660287
38 0.667270
45 0.675074
52 0.681602
60 0.687458
69 0.692671
79 0.697458
91 0.702160
104 0.706049
119 0.708885
135 0.710319
154 0.710422
174 0.708776
198 0.704024
223 0.696017
252 0.684338
285 0.670087
321 0.654891
362 0.639175
407 0.623683
457 0.608231
513 0.593181
575 0.579595
645 0.568044
723 0.558624
809 0.549640
905 0.541394
1011 0.533464
1130 0.526648
1261 0.521482
1407 0.516713
1570 0.510783
