4 0.564658
5 0.508932
7 0.457773
9 0.457052
11 0.473845
13 0.497647
16 0.538036
20 0.589790
23 0.623127
28 0.667546
33 0.700662
38 0.724295
45 0.746056
52 0.759972
60 0.770202
69 0.777237
79 0.781819
91 0.784949
104 0.786880
119 0.787757
135 0.787765
154 0.787572
174 0.787792
198 0.788479
223 0.789005
252 0.788873
285 0.787681
321 0.785428
362 0.782399
407 0.778787
457 0.774060
513 0.767910
575 0.760325
645 0.750942
723 0.739901
809 0.727727
905 0.714571
1011 0.700876
1130 0.686317
1261 0.670431
1407 0.652030
1570 0.632587
