4 0.988085
5 0.981845
7 0.964631
9 0.946884
11 0.928584
13 0.910101
16 0.887165
20 0.867637
23 0.861648
28 0.861744
33 0.867833
38 0.876155
45 0.887427
52 0.896467
60 0.903904
69 0.909461
79 0.913355
91 0.916086
104 0.917644
119 0.918459
135 0.918750
154 0.918728
174 0.918280
198 0.916943
223 0.914579
252 0.911152
285 0.907361
321 0.904207
362 0.902190
407 0.900807
457 0.899483
513 0.898525
575 0.898227
645 0.898621
723 0.899561
809 0.900250
905 0.899717
1011 0.897835
1130 0.894140
1261 0.888683
1407 0.882083
1570 0.874581
