4 0.299311
5 0.395987
7 0.574523
9 0.705175
11 0.787272
13 0.838533
16 0.884442
20 0.916893
23 0.930910
28 0.944698
33 0.952235
38 0.956529
45 0.959696
52 0.961108
60 0.961650
69 0.961611
79 0.961158
91 0.960292
104 0.959108
119 0.957529
135 0.955661
154 0.953267
174 0.950646
198 0.947501
223 0.944331
252 0.940730
285 0.936378
321 0.931045
362 0.924363
407 0.916661
457 0.907733
513 0.897410
575 0.886263
645 0.874138
723 0.861096
809 0.847033
905 0.831266
1011 0.814192
1130 0.796228
1261 0.777545
1407 0.757650
1570 0.735491
1750 0.710846
