4 0.721647
5 0.663119
7 0.590878
9 0.570095
11 0.568449
13 0.574286
16 0.589728
20 0.616918
23 0.640666
28 0.680625
33 0.713497
38 0.738247
45 0.765460
52 0.786497
60 0.804022
69 0.818214
79 0.829582
91 0.839285
104 0.846658
119 0.852733
135 0.857443
154 0.861598
174 0.864831
198 0.867828
223 0.870825
252 0.874460
285 0.878684
321 0.883295
362 0.888243
407 0.893034
457 0.897373
513 0.901127
575 0.904327
645 0.906918
723 0.908835
809 0.910204
905 0.911204
1011 0.911844
1130 0.912111
1261 0.912349
1407 0.913045
1570 0.914424
