4 0.962586
5 0.953773
7 0.935423
9 0.924866
11 0.918701
13 0.914438
16 0.911766
20 0.910967
23 0.912104
28 0.915384
33 0.919185
38 0.922714
45 0.926773
52 0.929730
60 0.931870
69 0.933073
79 0.933414
91 0.933052
104 0.932238
119 0.931221
135 0.930196
154 0.928870
174 0.927165
198 0.924883
223 0.922309
252 0.918823
285 0.914083
321 0.908252
362 0.901490
407 0.894336
457 0.887057
513 0.880101
575 0.874207
645 0.869143
723 0.864106
809 0.858931
905 0.852826
1011 0.846357
1130 0.840634
1261 0.835303
1407 0.830914
1570 0.825428
