4 0.332020
5 0.388192
7 0.500673
9 0.597874
11 0.670093
13 0.720910
16 0.771550
20 0.813888
23 0.836506
28 0.864848
33 0.885282
38 0.900150
45 0.914712
52 0.924657
60 0.932545
69 0.938717
79 0.943639
91 0.947930
104 0.951277
119 0.953941
135 0.955767
154 0.956968
174 0.957400
198 0.957026
223 0.955825
252 0.953653
285 0.950455
321 0.946359
362 0.941367
407 0.936266
457 0.931184
513 0.925859
575 0.920540
645 0.915388
723 0.910361
809 0.905103
905 0.899998
1011 0.895558
1130 0.891641
1261 0.887794
1407 0.883444
1570 0.877512
