4 0.557318
5 0.555910
7 0.558659
9 0.562128
11 0.564376
13 0.566200
16 0.568620
20 0.571182
23 0.572594
28 0.574153
33 0.575256
38 0.576251
45 0.577002
52 0.576199
60 0.573601
69 0.569710
79 0.565154
91 0.560177
104 0.557234
119 0.555024
135 0.550154
154 0.538804
174 0.522056
198 0.499278
223 0.475537
252 0.450172
285 0.424842
321 0.400448
362 0.377276
407 0.358511
457 0.345148
513 0.335090
575 0.326940
645 0.320749
723 0.315586
809 0.310741
905 0.309723
1011 0.318586
1130 0.340905
1261 0.374603
1407 0.414653
1570 0.455600
