4 0.192296
5 0.206073
7 0.260939
9 0.347342
11 0.444209
13 0.534198
16 0.639243
20 0.728676
23 0.771523
28 0.817674
33 0.846212
38 0.865066
45 0.882098
52 0.892797
60 0.900568
69 0.905861
79 0.909076
91 0.910621
104 0.910478
119 0.908799
135 0.905789
154 0.901150
174 0.895598
198 0.888681
223 0.881644
252 0.873776
285 0.864905
321 0.855137
362 0.844176
407 0.832613
457 0.820659
513 0.808530
575 0.796293
645 0.783533
723 0.770103
809 0.755035
905 0.737011
1011 0.715327
1130 0.689549
1261 0.660125
1407 0.628674
1570 0.598069
1750 0.570644
