4 0.555082
5 0.536197
7 0.528008
9 0.533903
11 0.541134
13 0.546776
16 0.552749
20 0.560129
23 0.567229
28 0.582721
33 0.601080
38 0.621775
45 0.655249
52 0.689279
60 0.724333
69 0.758202
79 0.788349
91 0.815436
104 0.836221
119 0.852439
135 0.863539
154 0.871413
174 0.875729
198 0.877446
223 0.876552
252 0.873281
285 0.867735
321 0.860233
362 0.850637
407 0.839551
457 0.827025
513 0.813097
575 0.798211
645 0.782504
723 0.766552
809 0.750996
905 0.736273
1011 0.723868
1130 0.715311
1261 0.712671
1407 0.717089
1570 0.728879
1750 0.747462
