4 0.363054
5 0.412765
7 0.494477
9 0.548959
11 0.583940
13 0.605432
16 0.620300
20 0.620001
23 0.611583
28 0.592377
33 0.574785
38 0.561821
45 0.549592
52 0.540925
60 0.534281
69 0.529658
79 0.526139
91 0.522386
104 0.517407
119 0.510943
135 0.504281
154 0.497307
174 0.490727
198 0.483638
223 0.477204
252 0.469335
285 0.457722
321 0.441777
362 0.422506
407 0.403197
457 0.386547
513 0.373262
575 0.363193
645 0.355449
723 0.350250
809 0.346916
905 0.347963
1011 0.351883
1130 0.357327
1261 0.363674
1407 0.369593
1570 0.373887
