4 0.707108
5 0.693049
7 0.671836
9 0.661205
11 0.657533
13 0.656823
16 0.655774
20 0.649384
23 0.641131
28 0.624706
33 0.608910
38 0.595416
45 0.579003
52 0.564928
60 0.551868
69 0.540539
79 0.531113
91 0.522461
104 0.514760
119 0.506457
135 0.497257
154 0.485366
174 0.472460
198 0.458552
223 0.447585
252 0.439466
285 0.433707
321 0.428058
362 0.420911
407 0.413496
457 0.407693
513 0.404400
575 0.404035
645 0.406536
723 0.410974
809 0.415927
905 0.420643
1011 0.424608
1130 0.427932
1261 0.431551
1407 0.436240
1570 0.441979
1750 0.450161
