4 0.560273
5 0.586054
7 0.636297
9 0.683320
11 0.724509
13 0.759314
16 0.802497
20 0.846877
23 0.871119
28 0.898605
33 0.916055
38 0.927763
45 0.938260
52 0.944651
60 0.949160
69 0.952266
79 0.954367
91 0.955816
104 0.956582
119 0.956729
135 0.956211
154 0.954942
174 0.953025
198 0.950010
223 0.946226
252 0.941325
285 0.935204
321 0.927888
362 0.918635
407 0.907452
457 0.893952
513 0.877462
575 0.857827
645 0.833762
723 0.804815
809 0.771532
905 0.733393
1011 0.691795
1130 0.649458
1261 0.609133
1407 0.572817
1570 0.541429
1750 0.518701
