4 0.960614
5 0.951571
7 0.933487
9 0.923930
11 0.918377
13 0.914339
16 0.911812
20 0.911392
23 0.913130
28 0.917899
33 0.923145
38 0.927796
45 0.932935
52 0.936605
60 0.939350
69 0.941060
79 0.941726
91 0.941387
104 0.940128
119 0.937993
135 0.935309
154 0.931902
174 0.928281
198 0.924008
223 0.919574
252 0.914281
285 0.907980
321 0.900994
362 0.893086
407 0.884565
457 0.875470
513 0.865747
575 0.855172
645 0.843162
723 0.828932
809 0.811675
905 0.791594
1011 0.770196
1130 0.748837
1261 0.728050
1407 0.710819
1570 0.696058
