4 0.246425
5 0.286761
7 0.376057
9 0.472055
11 0.562524
13 0.636927
16 0.717976
20 0.786032
23 0.818358
28 0.851817
33 0.870433
38 0.880517
45 0.886174
52 0.885909
60 0.881621
69 0.874373
79 0.865346
91 0.854742
104 0.844378
119 0.833994
135 0.824302
154 0.813877
174 0.803496
198 0.790797
223 0.776294
252 0.757361
285 0.733525
321 0.706767
362 0.677781
407 0.648391
457 0.618461
513 0.589698
575 0.564469
645 0.543999
723 0.528627
809 0.514452
905 0.501569
1011 0.491792
1130 0.485374
1261 0.481527
1407 0.478528
1570 0.475174
