4 0.502678
5 0.511455
7 0.547617
9 0.595150
11 0.634561
13 0.664658
16 0.697884
20 0.729464
23 0.747869
28 0.772190
33 0.791104
38 0.806153
45 0.822019
52 0.833150
60 0.841735
69 0.847728
79 0.851365
91 0.853086
104 0.852780
119 0.850472
135 0.846352
154 0.839932
174 0.832008
198 0.821346
223 0.809229
252 0.794383
285 0.777056
321 0.758336
362 0.738259
407 0.718982
457 0.701790
513 0.687895
575 0.677970
645 0.671424
723 0.668112
809 0.666744
905 0.666186
1011 0.665974
1130 0.665510
1261 0.663669
1407 0.660635
1570 0.659087
1750 0.661169
