4 0.452895
5 0.526002
7 0.637297
9 0.708867
11 0.753367
13 0.781518
16 0.807728
20 0.829737
23 0.842605
28 0.861538
33 0.877845
38 0.891070
45 0.904789
52 0.914437
60 0.922273
69 0.928472
79 0.933349
91 0.937458
104 0.940614
119 0.943316
135 0.945506
154 0.947469
174 0.948968
198 0.950138
223 0.950764
252 0.950918
285 0.950564
321 0.949695
362 0.948336
407 0.946665
457 0.944893
513 0.943368
575 0.942199
645 0.941081
723 0.939968
809 0.939044
905 0.938210
1011 0.937239
1130 0.935775
1261 0.933250
1407 0.929416
1570 0.924376
1750 0.917663
