4 0.189944
5 0.246141
7 0.366212
9 0.481252
11 0.573704
13 0.641272
16 0.710107
20 0.767921
23 0.797170
28 0.830089
33 0.850428
38 0.863313
45 0.874454
52 0.880805
60 0.884477
69 0.885998
79 0.885698
91 0.883560
104 0.879794
119 0.874359
135 0.868025
154 0.860482
174 0.852948
198 0.844569
223 0.836453
252 0.827719
285 0.819193
321 0.812334
362 0.807779
407 0.805942
457 0.806096
513 0.807721
575 0.810523
645 0.814621
723 0.820259
809 0.827372
905 0.835754
1011 0.844949
1130 0.854734
1261 0.865398
1407 0.876415
1570 0.885854
