4 0.804197
5 0.736085
7 0.615271
9 0.549795
11 0.519255
13 0.507908
16 0.511064
20 0.535303
23 0.562777
28 0.612396
33 0.654039
38 0.687544
45 0.725479
52 0.752961
60 0.775526
69 0.793275
79 0.806946
91 0.818136
104 0.826602
119 0.833928
135 0.840365
154 0.847201
174 0.853882
198 0.861073
223 0.867109
252 0.871834
285 0.874521
321 0.874917
362 0.873091
407 0.870094
457 0.867292
513 0.865435
575 0.864329
645 0.863119
723 0.860845
809 0.857062
905 0.851600
1011 0.844004
1130 0.833723
1261 0.820905
1407 0.805262
1570 0.786498
1750 0.764487
