-75.0
-71.0
-99.0
-118.0
-129.0
-133.0
-133.0
-129.0
-145.0
-148.0
-144.0
-111.0
-107.0
-92.0
-76.0
-64.0
-78.0
-81.0
-67.0
-47.0
-33.0
-46.0
-52.0
-97.0
-127.0
-118.0
-98.0
-117.0
-121.0
-111.0
-123.0
-99.0
-85.0
-104.0
-87.0
-82.0
-91.0
-86.0
-77.0
-60.0
-67.0
-64.0
-66.0
-55.0
-61.0
-90.0
-101.0
-90.0
-72.0
-54.0
-70.0
-66.0
-86.0
-94.0
-91.0
-71.0
-85.0
-48.0
16.0
35.0
53.0
49.0
38.0
44.0
31.0
52.0
45.0
40.0
48.0
30.0
-9.0
-21.0
-47.0
-47.0
-39.0
-50.0
-60.0
-61.0
-64.0
-84.0
-82.0
-71.0
-81.0
-71.0
-42.0
-46.0
-40.0
-24.0
-41.0
-46.0
-39.0
-48.0
-54.0
-36.0
-33.0
-55.0
-45.0
-10.0
-25.0
-51.0
-52.0
-32.0
-34.0
5.0
13.0
12.0
39.0
61.0
70.0
58.0
42.0
5.0
0.0
22.0
-15.0
-20.0
12.0
40.0
33.0
74.0
101.0
88.0
86.0
51.0
42.0
51.0
19.0
14.0
43.0
54.0
70.0
76.0
60.0
35.0
12.0
24.0
34.0
38.0
46.0
45.0
68.0
64.0
58.0
76.0
74.0
44.0
21.0
15.0
20.0
19.0
41.0
51.0
67.0
86.0
48.0
26.0
36.0
57.0
33.0
-20.0
-32.0
-42.0
-72.0
-89.0
-67.0
-36.0
-34.0
-15.0
-11.0
-12.0
26.0
25.0
23.0
37.0
30.0
40.0
41.0
36.0
42.0
23.0
22.0
51.0
42.0
38.0
53.0
44.0
29.0
30.0
35.0
37.0
33.0
37.0
23.0
6.0
15.0
24.0
7.0
29.0
14.0
6.0
40.0
38.0
36.0
38.0
-2.0
-2.0
31.0
31.0
22.0
13.0
-9.0
12.0
17.0
17.0
36.0
63.0
64.0
62.0
62.0
46.0
47.0
59.0
67.0
42.0
2.0
12.0
48.0
58.0
61.0
66.0
74.0
97.0
89.0
60.0
82.0
87.0
51.0
46.0
50.0
66.0
51.0
6.0
10.0
-4.0
-18.0
-1.0
-3.0
-3.0
-12.0
-22.0
-12.0
-32.0
-51.0
-39.0
-40.0
-22.0
-40.0
-32.0
-7.0
-7.0
-7.0
-26.0
-30.0
-24.0
-35.0
-21.0
-20.0
-12.0
10.0
41.0
35.0
42.0
54.0
30.0
39.0
58.0
62.0
61.0
56.0
65.0
74.0
64.0
42.0
48.0
57.0
38.0
42.0
43.0
42.0
63.0
72.0
61.0
80.0
82.0
103.0
125.0
97.0
67.0
32.0
29.0
55.0
44.0
56.0
59.0
53.0
49.0
57.0
69.0
64.0
68.0
65.0
52.0
65.0
70.0
56.0
49.0
60.0
56.0
49.0
74.0
89.0
83.0
89.0
98.0
95.0
110.0
115.0
113.0
75.0
66.0
102.0
132.0
134.0
127.0
126.0
126.0
128.0
128.0
136.0
153.0
143.0
157.0
198.0
242.0
295.0
376.0
479.0
526.0
500.0
487.0
482.0
508.0
463.0
386.0
323.0
248.0
194.0
196.0
205.0
185.0
154.0
122.0
82.0
67.0
43.0
36.0
11.0
-8.0
-2.0
-13.0
9.0
-11.0
-41.0
-41.0
2.0
33.0
-9.0
-41.0
-44.0
-33.0
-48.0
-59.0
-67.0
-111.0
-130.0
-117.0
-109.0
-109.0
-84.0
-59.0
-44.0
-45.0
-52.0
-110.0
-127.0
-119.0
-98.0
-83.0
-98.0
-84.0
-56.0
-93.0
-144.0
-147.0
-112.0
-78.0
-87.0
-91.0
-125.0
-135.0
-134.0
-159.0
-150.0
-109.0
-111.0
-108.0
-143.0
-142.0
-105.0
-107.0
-125.0
-124.0
-137.0
-154.0
-168.0
-173.0
-144.0
-140.0
-153.0
-185.0
-195.0
-156.0
-155.0
-142.0
-136.0
-147.0
-152.0
-128.0
-73.0
-54.0
-57.0
-69.0
-87.0
-86.0
-72.0
-40.0
-53.0
-93.0
-85.0
-95.0
-93.0
-91.0
-102.0
-114.0
-118.0
-89.0
-74.0
-68.0
-71.0
-80.0
-89.0
-77.0
-61.0
-59.0
-64.0
-83.0
-103.0
-99.0
-93.0
-91.0
-111.0
-119.0
-99.0
-97.0
-92.0
-74.0
-104.0
-135.0
-139.0
-139.0
-131.0
-100.0
-99.0
-128.0
-145.0
-128.0
-82.0
-45.0
-50.0
-53.0
-34.0
-22.0
-23.0
-24.0
-29.0
-48.0
-51.0
-40.0
-32.0
-58.0
-80.0
-82.0
-102.0
-120.0
-139.0
-147.0
-112.0
-72.0
-74.0
-73.0
-73.0
-82.0
-59.0
-34.0
-33.0
-18.0
10.0
15.0
-7.0
-36.0
-42.0
-39.0
-18.0
-31.0
-23.0
-29.0
-26.0
-6.0
-11.0
-34.0
-66.0
-86.0
-81.0
-67.0
-67.0
-40.0
-27.0
-20.0
-14.0
-30.0
-56.0
-58.0
-61.0
-64.0
-59.0
-62.0
-60.0
-46.0
-22.0
-24.0
-21.0
-13.0
-16.0
-17.0
-21.0
-5.0
-29.0
-35.0
-24.0
-40.0
-50.0
-44.0
-50.0
-38.0
-37.0
-54.0
-96.0
-80.0
-63.0
-49.0
-41.0
-72.0
-85.0
-55.0
-21.0
17.0
27.0
26.0
92.0
169.0
247.0
308.0
403.0
510.0
555.0
528.0
511.0
479.0
461.0
376.0
276.0
239.0
214.0
153.0
111.0
95.0
65.0
61.0
54.0
55.0
68.0
68.0
33.0
-34.0
-63.0
-86.0
-100.0
-114.0
-110.0
-128.0
-125.0
-81.0
-59.0
-48.0
-28.0
-69.0
-69.0
-59.0
-69.0
-77.0
-81.0
-104.0
-127.0
-137.0
-160.0
-161.0
-131.0
-144.0
-176.0
-177.0
-184.0
-206.0
-195.0
-160.0
-142.0
-139.0
-120.0
-120.0
-141.0
-172.0
-164.0
-154.0
-153.0
-149.0
-141.0
-145.0
-128.0
-116.0
-135.0
-156.0
-128.0
-119.0
-147.0
-154.0
-139.0
-141.0
-159.0
-146.0
-134.0
-146.0
-162.0
-183.0
-191.0
-180.0
-184.0
-204.0
-187.0
-201.0
-225.0
-213.0
-206.0
-203.0
-193.0
-191.0
-170.0
-166.0
-176.0
-167.0
-165.0
-164.0
-162.0
-167.0
-154.0
-178.0
-161.0
-146.0
-175.0
-197.0
-198.0
-186.0
-157.0
-148.0
-148.0
-134.0
-131.0
-112.0
-81.0
-86.0
-106.0
-133.0
-169.0
-178.0
-162.0
-169.0
-178.0
-164.0
-175.0
-163.0
-152.0
-141.0
-131.0
-111.0
-82.0
-77.0
-84.0
-90.0
-96.0
-113.0
-131.0
-117.0
-115.0
-141.0
-163.0
-213.0
-230.0
-197.0
-212.0
-224.0
-212.0
-233.0
-235.0
-216.0
-201.0
-206.0
-221.0
-224.0
-219.0
-233.0
-220.0
-214.0
-215.0
-201.0
-210.0
-205.0
-204.0
-198.0
-153.0
-152.0
-193.0
-197.0
-205.0
-221.0
-222.0
-229.0
-205.0
-199.0
-202.0
-202.0
-202.0
-212.0
-219.0
-241.0
-239.0
-254.0
-281.0
-284.0
-287.0
-285.0
-272.0
-263.0
-256.0
-241.0
-226.0
-228.0
-233.0
-197.0
-185.0
-203.0
-207.0
-208.0
-192.0
-186.0
-175.0
-173.0
-189.0
-201.0
-185.0
-200.0
-189.0
-171.0
-177.0
-163.0
-148.0
-162.0
-164.0
-152.0
-194.0
-216.0
-224.0
-227.0
-222.0
-221.0
-193.0
-164.0
-142.0
-135.0
-135.0
-151.0
-133.0
-149.0
-150.0
-130.0
-102.0
-119.0
-134.0
-139.0
-137.0
-139.0
-158.0
-188.0
-182.0
-145.0
-107.0
-102.0
-120.0
-135.0
-131.0
-111.0
-121.0
-142.0
-145.0
-130.0
-126.0
-142.0
-150.0
-147.0
-137.0
-112.0
-110.0
-131.0
-142.0
-137.0
-146.0
-134.0
-126.0
-131.0
-132.0
-116.0
-103.0
-127.0
-159.0
-154.0
-147.0
-154.0
-147.0
-131.0
-138.0
-134.0
-145.0
-165.0
-152.0
-134.0
-120.0
-115.0
-139.0
-176.0
-202.0
-220.0
-221.0
-204.0
-185.0
-165.0
-175.0
-175.0
-171.0
-203.0
-205.0
-187.0
-171.0
-175.0
-181.0
-172.0
-143.0
-117.0
-102.0
-103.0
-132.0
-137.0
-112.0
-110.0
-130.0
-136.0
-137.0
-134.0
-118.0
-114.0
-107.0
-103.0
-91.0
-90.0
-101.0
-100.0
-79.0
-69.0
-79.0
-58.0
-48.0
-42.0
-39.0
-68.0
-77.0
-61.0
-59.0
-60.0
-76.0
-99.0
-91.0
-93.0
-78.0
-70.0
-79.0
-80.0
-54.0
-31.0
-34.0
-53.0
-64.0
-69.0
-65.0
-70.0
-63.0
-54.0
-56.0
-55.0
-63.0
-51.0
-70.0
-66.0
-52.0
-52.0
-68.0
-77.0
-73.0
-65.0
-80.0
-100.0
-86.0
-62.0
-41.0
-39.0
-34.0
-19.0
-24.0
-6.0
11.0
17.0
20.0
-1.0
-17.0
-24.0
-12.0
-7.0
3.0
4.0
19.0
41.0
35.0
34.0
39.0
46.0
39.0
17.0
3.0
15.0
34.0
34.0
16.0
-11.0
2.0
21.0
33.0
45.0
68.0
78.0
73.0
48.0
15.0
-13.0
-14.0
-21.0
-31.0
-15.0
9.0
22.0
33.0
52.0
64.0
68.0
53.0
31.0
21.0
4.0
-16.0
-22.0
-10.0
9.0
16.0
6.0
13.0
16.0
16.0
4.0
-9.0
-12.0
-27.0
-30.0
-27.0
-39.0
-39.0
-47.0
-38.0
-38.0
-34.0
-26.0
-34.0
-11.0
24.0
26.0
15.0
12.0
2.0
-15.0
-14.0
-13.0
-9.0
5.0
22.0
11.0
0.0
5.0
-13.0
-17.0
-7.0
-1.0
0.0
8.0
7.0
25.0
65.0
67.0
51.0
34.0
15.0
16.0
0.0
-30.0
-44.0
-42.0
-34.0
-25.0
-32.0
-19.0
2.0
20.0
12.0
6.0
-29.0
-44.0
-29.0
-31.0
-51.0
-53.0
-39.0
-58.0
-31.0
-27.0
-20.0
-6.0
8.0
-6.0
-28.0
-14.0
-4.0
-14.0
-8.0
-5.0
13.0
23.0
15.0
2.0
-35.0
-44.0
-29.0
-31.0
-33.0
-37.0
-28.0
-16.0
-1.0
-3.0
-37.0
-33.0
-5.0
11.0
-12.0
4.0
4.0
-8.0
6.0
9.0
-17.0
-41.0
-34.0
-31.0
-31.0
-15.0
-13.0
4.0
47.0
64.0
80.0
80.0
56.0
44.0
26.0
16.0
17.0
52.0
44.0
38.0
49.0
1.0
-22.0
-2.0
-8.0
-7.0
-21.0
23.0
67.0
47.0
40.0
35.0
65.0
82.0
79.0
87.0
97.0
77.0
58.0
42.0
23.0
4.0
7.0
39.0
53.0
34.0
34.0
31.0
30.0
60.0
64.0
93.0
113.0
73.0
62.0
53.0
36.0
37.0
36.0
19.0
32.0
34.0
27.0
17.0
23.0
32.0
45.0
81.0
84.0
73.0
73.0
72.0
48.0
56.0
56.0
73.0
67.0
57.0
73.0
88.0
100.0
125.0
156.0
155.0
134.0
129.0
141.0
120.0
103.0
95.0
102.0
96.0
78.0
79.0
83.0
71.0
64.0
87.0
100.0
83.0
92.0
112.0
106.0
62.0
54.0
50.0
54.0
74.0
87.0
84.0
92.0
103.0
93.0
64.0
54.0
72.0
80.0
85.0
83.0
62.0
48.0
55.0
52.0
39.0
17.0
12.0
21.0
23.0
41.0
67.0
78.0
67.0
74.0
79.0
88.0
81.0
58.0
139.0
192.0
202.0
274.0
374.0
418.0
452.0
483.0
508.0
546.0
513.0
460.0
412.0
350.0
293.0
237.0
214.0
204.0
204.0
168.0
156.0
132.0
116.0
119.0
110.0
82.0
62.0
43.0
18.0
-11.0
-43.0
-39.0
-31.0
-34.0
-7.0
3.0
-7.0
2.0
-6.0
-22.0
-29.0
-43.0
-26.0
-36.0
-51.0
-66.0
-78.0
-87.0
-74.0
-50.0
-26.0
-26.0
-11.0
6.0
13.0
-4.0
-33.0
-28.0
-26.0
-50.0
-59.0
-49.0
-15.0
7.0
-25.0
-70.0
-76.0
-54.0
-33.0
-24.0
-27.0
-27.0
-27.0
4.0
31.0
43.0
12.0
6.0
2.0
-6.0
-1.0
-12.0
-3.0
17.0
21.0
8.0
-4.0
-43.0
-25.0
-5.0
-35.0
-48.0
-44.0
-50.0
-63.0
-80.0
-57.0
-49.0
-48.0
-21.0
-23.0
-37.0
-29.0
-35.0
-23.0
-15.0
-35.0
-45.0
-56.0
-57.0
-34.0
-37.0
-39.0
-24.0
10.0
31.0
2.0
-20.0
-13.0
-40.0
-41.0
-34.0
-41.0
-39.0
-48.0
-60.0
-82.0
-110.0
-100.0
-81.0
-79.0
-71.0
-68.0
-5.0
-34.0
-51.0
-29.0
-13.0
-18.0
-18.0
-18.0
-2.0
-4.0
-4.0
-21.0
-27.0
-6.0
18.0
-7.0
-28.0
-35.0
-67.0
-57.0
-54.0
-28.0
-27.0
-27.0
-27.0
-21.0
-15.0
8.0
-8.0
-29.0
-17.0
-37.0
-51.0
-39.0
-41.0
-32.0
-34.0
-42.0
-21.0
-23.0
-54.0
-41.0
-54.0
-54.0
-52.0
-46.0
-55.0
-69.0
-56.0
-68.0
-93.0
-90.0
-93.0
-99.0
-91.0
-50.0
-59.0
-66.0
-56.0
-83.0
-90.0
-69.0
-45.0
-62.0
-79.0
-84.0
-88.0
-72.0
-74.0
-76.0
-79.0
-89.0
-88.0
-79.0
-91.0
-91.0
-101.0
-137.0
-146.0
-134.0
-126.0
-130.0
-150.0
-172.0
-172.0
-144.0
-125.0
-145.0
-149.0
-153.0
-144.0
-139.0
-143.0
-128.0
-102.0
-97.0
-104.0
-102.0
-109.0
-101.0
-96.0
-98.0
-80.0
-78.0
-86.0
-69.0
-65.0
-65.0
-60.0
-55.0
-48.0
-53.0
-62.0
-44.0
-18.0
-25.0
-24.0
-31.0
-48.0
-60.0
-56.0
-55.0
-63.0
-50.0
-30.0
-26.0
-30.0
-41.0
-29.0
-39.0
-61.0
-63.0
-53.0
-56.0
-70.0
-90.0
-99.0
-65.0
-49.0
-52.0
-47.0
-32.0
-13.0
-28.0
-28.0
-23.0
-42.0
-33.0
-39.0
-87.0
-55.0
-5.0
15.0
-14.0
-62.0
-68.0
-54.0
-58.0
-50.0
-73.0
-90.0
-75.0
-63.0
-49.0
-32.0
-28.0
-18.0
-3.0
9.0
8.0
-18.0
-33.0
-37.0
-37.0
-20.0
-11.0
-9.0
-10.0
-1.0
5.0
7.0
14.0
6.0
-23.0
-20.0
-26.0
-37.0
-33.0
-25.0
-37.0
-49.0
-32.0
-25.0
-30.0
-49.0
-77.0
-65.0
-60.0
-59.0
-68.0
-52.0
-39.0
-55.0
-62.0
-54.0
-58.0
-67.0
-74.0
-78.0
-80.0
-93.0
-114.0
-128.0
-116.0
-78.0
-55.0
-15.0
2.0
-5.0
-16.0
5.0
11.0
15.0
33.0
27.0
14.0
29.0
17.0
7.0
16.0
-11.0
-12.0
8.0
23.0
50.0
45.0
39.0
52.0
59.0
85.0
100.0
109.0
96.0
61.0
40.0
26.0
18.0
-24.0
-45.0
-54.0
-87.0
-82.0
-62.0
-55.0
-35.0
-19.0
-8.0
-17.0
1.0
18.0
-12.0
-39.0
-72.0
-83.0
-73.0
-59.0
-34.0
-27.0
-12.0
7.0
13.0
9.0
1.0
-4.0
16.0
17.0
-5.0
-32.0
-19.0
-7.0
-21.0
-31.0
-25.0
-7.0
21.0
3.0
-32.0
-51.0
-41.0
-11.0
-13.0
-50.0
-78.0
-68.0
-45.0
-18.0
-3.0
-49.0
-104.0
-95.0
-56.0
-43.0
-56.0
-83.0
-82.0
-82.0
-80.0
-77.0
-98.0
-86.0
-77.0
-71.0
-77.0
-73.0
-77.0
-76.0
-58.0
-51.0
-76.0
-112.0
-89.0
-51.0
-40.0
-62.0
-97.0
-108.0
-105.0
-99.0
-82.0
-36.0
-29.0
-61.0
-73.0
-73.0
-72.0
-74.0
-57.0
-76.0
-81.0
-70.0
-79.0
-82.0
-81.0
-94.0
-58.0
-45.0
-37.0
-51.0
-58.0
-75.0
-86.0
-77.0
-49.0
-30.0
2.0
23.0
35.0
44.0
44.0
62.0
74.0
101.0
143.0
186.0
265.0
304.0
350.0
405.0
424.0
478.0
479.0
456.0
454.0
427.0
402.0
375.0
331.0
296.0
252.0
200.0
194.0
192.0
172.0
119.0
86.0
74.0
46.0
41.0
23.0
26.0
28.0
45.0
32.0
13.0
31.0
53.0
32.0
-10.0
-45.0
-59.0
-62.0
-36.0
-38.0
-54.0
-64.0
-74.0
-78.0
-90.0
-110.0
-110.0
-117.0
-113.0
-119.0
-128.0
-125.0
-138.0
-145.0
-152.0
-157.0
-153.0
-141.0
-135.0
-118.0
-111.0
-115.0
-107.0
-88.0
-109.0
-144.0
-153.0
-147.0
-136.0
-133.0
-139.0
-149.0
-153.0
-180.0
-183.0
-170.0
-163.0
-145.0
-164.0
-171.0
-177.0
-171.0
-175.0
-196.0
-200.0
-205.0
-206.0
-180.0
-173.0
-170.0
-130.0
-146.0
-148.0
-128.0
-129.0
-145.0
-136.0
-117.0
-125.0
-126.0
-130.0
-142.0
-125.0
-105.0
-110.0
-136.0
-137.0
-111.0
-121.0
-131.0
-128.0
-129.0
-119.0
-124.0
-144.0
-169.0
-165.0
-144.0
-121.0
-108.0
-104.0
-88.0
-92.0
-107.0
-112.0
-134.0
-130.0
-132.0
-129.0
-115.0
-118.0
-129.0
-164.0
-166.0
-151.0
-149.0
-142.0
-147.0
-150.0
-148.0
-156.0
-167.0
-162.0
-162.0
-155.0
-153.0
-159.0
-125.0
-112.0
-89.0
-89.0
-94.0
-85.0
-77.0
-90.0
-86.0
-86.0
-87.0
-95.0
-121.0
-135.0
-126.0
-114.0
-109.0
-108.0
-128.0
-110.0
-112.0
-93.0
-92.0
-111.0
-121.0
-140.0
-115.0
-89.0
-93.0
-102.0
-96.0
-101.0
-115.0
-133.0
-132.0
-144.0
-171.0
-177.0
-182.0
-187.0
-157.0
-134.0
-135.0
-129.0
-133.0
-125.0
-100.0
-106.0
-118.0
-138.0
-155.0
-137.0
-130.0
-155.0
-139.0
-125.0
-127.0
-118.0
-125.0
-140.0
-127.0
-106.0
-130.0
-156.0
-144.0
-139.0
-143.0
-143.0
-121.0
-106.0
-97.0
-108.0
-115.0
-116.0
-110.0
-113.0
-124.0
-114.0
-127.0
-129.0
-124.0
-128.0
-125.0
-113.0
-89.0
-74.0
-79.0
-82.0
-82.0
-88.0
-114.0
-127.0
-119.0
-87.0
-66.0
-74.0
-84.0
-97.0
-90.0
-59.0
-46.0
-58.0
-67.0
-65.0
-72.0
-97.0
-77.0
-55.0
-55.0
-69.0
-90.0
-94.0
-91.0
-75.0
-49.0
-51.0
-52.0
-39.0
-48.0
-67.0
-73.0
-70.0
-70.0
-79.0
-65.0
-66.0
-63.0
-61.0
-66.0
-74.0
-67.0
-57.0
-77.0
-89.0
-88.0
-57.0
-51.0
-71.0
-65.0
-47.0
-32.0
-7.0
-23.0
-44.0
-65.0
-93.0
-116.0
-116.0
-105.0
-63.0
1.0
36.0
45.0
32.0
-1.0
9.0
55.0
20.0
-14.0
-15.0
10.0
-8.0
-28.0
-53.0
-72.0
-65.0
-57.0
-50.0
-40.0
-37.0
-50.0
-67.0
-84.0
-64.0
-52.0
-60.0
-73.0
-64.0
-54.0
-34.0
-48.0
-63.0
-72.0
-105.0
-97.0
-84.0
-84.0
-54.0
-32.0
-23.0
-11.0
6.0
-4.0
-22.0
-17.0
-7.0
-17.0
-7.0
4.0
-33.0
-36.0
-32.0
-38.0
-30.0
-31.0
-19.0
-3.0
-11.0
-12.0
-24.0
-37.0
-34.0
-31.0
-21.0
-35.0
-51.0
-36.0
-19.0
-25.0
-30.0
-37.0
-45.0
-22.0
3.0
-1.0
7.0
11.0
-22.0
-37.0
-37.0
-29.0
-12.0
13.0
-9.0
-45.0
-62.0
-52.0
-55.0
-64.0
-59.0
-40.0
-34.0
-28.0
-15.0
-3.0
25.0
21.0
-8.0
-2.0
23.0
35.0
20.0
21.0
15.0
10.0
5.0
9.0
-2.0
-2.0
-12.0
-24.0
-11.0
-2.0
15.0
15.0
12.0
51.0
67.0
45.0
29.0
3.0
-2.0
23.0
1.0
-40.0
-34.0
5.0
-5.0
-4.0
4.0
-11.0
-19.0
7.0
17.0
22.0
40.0
49.0
40.0
38.0
27.0
16.0
0.0
-7.0
-15.0
-5.0
27.0
16.0
1.0
-2.0
14.0
39.0
51.0
38.0
43.0
60.0
66.0
62.0
45.0
47.0
60.0
34.0
16.0
18.0
15.0
21.0
16.0
15.0
12.0
0.0
19.0
27.0
21.0
31.0
31.0
45.0
68.0
58.0
53.0
55.0
47.0
53.0
53.0
52.0
69.0
69.0
68.0
61.0
38.0
49.0
52.0
68.0
91.0
74.0
54.0
39.0
41.0
64.0
72.0
48.0
42.0
48.0
62.0
60.0
35.0
34.0
44.0
22.0
25.0
30.0
37.0
39.0
44.0
56.0
55.0
25.0
5.0
-2.0
7.0
32.0
30.0
14.0
1.0
-5.0
3.0
3.0
-11.0
-5.0
-3.0
-17.0
-31.0
-31.0
-41.0
-44.0
-46.0
-53.0
-56.0
-49.0
-58.0
-74.0
-61.0
-46.0
-55.0
-40.0
-21.0
-29.0
-18.0
-3.0
13.0
4.0
-23.0
-25.0
-13.0
-11.0
-7.0
-31.0
-64.0
-74.0
-58.0
-43.0
-5.0
11.0
30.0
54.0
92.0
119.0
113.0
122.0
141.0
157.0
188.0
203.0
229.0
258.0
298.0
341.0
345.0
343.0
347.0
348.0
353.0
363.0
364.0
331.0
293.0
277.0
247.0
224.0
219.0
207.0
192.0
184.0
153.0
136.0
148.0
134.0
110.0
103.0
88.0
71.0
64.0
31.0
36.0
33.0
37.0
51.0
35.0
23.0
30.0
28.0
-4.0
-20.0
-27.0
-54.0
-91.0
-90.0
-73.0
-68.0
-51.0
-70.0
-93.0
-117.0
-168.0
-178.0
-174.0
-169.0
-184.0
-218.0
-225.0
-224.0
-203.0
-172.0
-158.0
-175.0
-212.0
-198.0
-124.0
-83.0
-87.0
-112.0
-150.0
-135.0
-111.0
-89.0
-63.0
-39.0
-29.0
-37.0
-41.0
-59.0
-58.0
-63.0
-84.0
-86.0
-101.0
-91.0
-98.0
-120.0
-136.0
-121.0
-100.0
-81.0
-97.0
-90.0
-81.0
-102.0
-139.0
-142.0
-112.0
-101.0
-74.0
-34.0
-54.0
-109.0
-133.0
-168.0
-130.0
-65.0
-61.0
-53.0
-45.0
-18.0
1.0
-13.0
-33.0
-29.0
-28.0
-28.0
-44.0
-45.0
-62.0
-58.0
-52.0
-67.0
-78.0
-74.0
-83.0
-74.0
-100.0
-126.0
-134.0
-128.0
-134.0
-127.0
-91.0
-78.0
-78.0
-95.0
-124.0
-90.0
-69.0
-90.0
-81.0
-84.0
-87.0
-70.0
-58.0
-60.0
-39.0
-2.0
13.0
6.0
-32.0
-97.0
-144.0
-163.0
-131.0
-84.0
-78.0
-89.0
-90.0
-77.0
-76.0
-74.0
-67.0
-64.0
-76.0
-80.0
-91.0
-117.0
-121.0
-117.0
-123.0
-116.0
-114.0
-124.0
-112.0
-103.0
-98.0
-75.0
-68.0
-56.0
-41.0
-44.0
-38.0
-66.0
-76.0
-77.0
-69.0
-64.0
-61.0
-93.0
-106.0
-80.0
-65.0
-64.0
-56.0
-32.0
-37.0
-60.0
-81.0
-77.0
-78.0
-61.0
-47.0
-54.0
-91.0
-111.0
-92.0
-74.0
-67.0
-71.0
-109.0
-93.0
-54.0
-73.0
-73.0
-93.0
-86.0
-54.0
-44.0
-54.0
-50.0
-26.0
-38.0
-49.0
-50.0
-54.0
-64.0
-55.0
-76.0
-81.0
-73.0
-83.0
-81.0
-68.0
-35.0
3.0
-21.0
-23.0
-11.0
12.0
15.0
10.0
-2.0
-3.0
-22.0
-37.0
-20.0
0.0
1.0
-12.0
11.0
-6.0
-13.0
-33.0
-50.0
-42.0
-38.0
-44.0
-44.0
-39.0
-35.0
-21.0
-16.0
1.0
31.0
21.0
30.0
25.0
53.0
57.0
34.0
11.0
0.0
-32.0
-95.0
-119.0
-137.0
-116.0
-46.0
2.0
23.0
33.0
26.0
25.0
-15.0
-25.0
-42.0
-43.0
-45.0
-60.0
-54.0
-10.0
35.0
39.0
22.0
53.0
64.0
71.0
106.0
114.0
101.0
111.0
98.0
77.0
40.0
44.0
50.0
31.0
26.0
39.0
18.0
2.0
51.0
81.0
115.0
167.0
208.0
259.0
320.0
350.0
378.0
426.0
447.0
419.0
400.0
372.0
325.0
314.0
288.0
231.0
200.0
169.0
165.0
110.0
70.0
65.0
45.0
22.0
16.0
4.0
20.0
6.0
5.0
-14.0
-8.0
4.0
25.0
41.0
30.0
17.0
45.0
46.0
33.0
27.0
16.0
68.0
83.0
50.0
19.0
-5.0
-37.0
-32.0
-72.0
-129.0
-86.0
-70.0
-50.0
-62.0
-84.0
-73.0
-81.0
-86.0
-42.0
-16.0
-45.0
-54.0
-39.0
-20.0
-32.0
-74.0
-83.0
-64.0
-60.0
-57.0
-60.0
-87.0
-92.0
-116.0
-102.0
-112.0
-116.0
-114.0
-72.0
-52.0
-46.0
-50.0
-73.0
-48.0
-63.0
-73.0
-101.0
-122.0
-149.0
-190.0
-203.0
-217.0
-210.0
-208.0
-221.0
-202.0
-183.0
-177.0
-176.0
-192.0
-187.0
-186.0
-197.0
-200.0
-177.0
-187.0
-194.0
-209.0
-214.0
-190.0
-157.0
-180.0
-164.0
-139.0
-155.0
-133.0
-130.0
-125.0
-130.0
-169.0
-153.0
-173.0
-214.0
-107.0
-74.0
-127.0
-118.0
-88.0
-90.0
-79.0
-99.0
-115.0
-114.0
-125.0
-107.0
-79.0
-58.0
-82.0
-100.0
-107.0
-127.0
-152.0
-153.0
-161.0
-140.0
-134.0
-156.0
-182.0
-192.0
-187.0
-211.0
-203.0
-157.0
-147.0
-149.0
-138.0
-122.0
-136.0
-130.0
-105.0
-48.0
-27.0
-69.0
-109.0
-24.0
-46.0
-76.0
-103.0
-112.0
-118.0
-99.0
-106.0
-103.0
-86.0
-86.0
-93.0
-97.0
-102.0
-80.0
-80.0
-111.0
-112.0
-96.0
-100.0
-99.0
-130.0
-128.0
-102.0
-51.0
-56.0
-88.0
-68.0
-61.0
-20.0
-5.0
-32.0
-65.0
-99.0
-126.0
-128.0
-149.0
-144.0
-143.0
-152.0
-139.0
-134.0
-164.0
-151.0
-117.0
-97.0
-85.0
-92.0
-109.0
-130.0
-109.0
-100.0
-76.0
-65.0
-81.0
-86.0
-91.0
-76.0
-59.0
-62.0
-67.0
-71.0
-86.0
-74.0
-86.0
-82.0
-70.0
-68.0
-55.0
-55.0
-69.0
-76.0
-52.0
-40.0
-10.0
-22.0
-51.0
-43.0
-55.0
-56.0
-59.0
-43.0
-29.0
-52.0
-54.0
-57.0
-78.0
-90.0
-109.0
-106.0
-73.0
-61.0
-67.0
-34.0
-2.0
-24.0
-1.0
23.0
-9.0
-28.0
-24.0
-8.0
-21.0
-47.0
-44.0
-52.0
-19.0
-16.0
-32.0
-12.0
0.0
4.0
20.0
7.0
-30.0
-39.0
-8.0
6.0
-8.0
-39.0
-81.0
-104.0
-110.0
-72.0
-4.0
6.0
-16.0
-20.0
-17.0
-30.0
-7.0
-6.0
-25.0
-49.0
-76.0
-81.0
-52.0
-29.0
-20.0
-17.0
1.0
16.0
22.0
9.0
7.0
4.0
2.0
37.0
35.0
6.0
-14.0
-5.0
15.0
10.0
8.0
10.0
-8.0
-24.0
-31.0
-21.0
-24.0
-13.0
-8.0
1.0
3.0
12.0
-15.0
11.0
-10.0
-6.0
-9.0
5.0
9.0
-7.0
-4.0
-10.0
3.0
25.0
28.0
25.0
37.0
49.0
49.0
39.0
23.0
2.0
7.0
30.0
53.0
55.0
-1.0
-34.0
-28.0
-28.0
-21.0
-52.0
-39.0
1.0
23.0
80.0
182.0
285.0
352.0
399.0
436.0
466.0
507.0
476.0
475.0
397.0
346.0
324.0
296.0
244.0
205.0
164.0
157.0
166.0
138.0
101.0
99.0
70.0
32.0
24.0
59.0
62.0
40.0
48.0
15.0
11.0
7.0
5.0
15.0
16.0
17.0
45.0
15.0
-31.0
-19.0
-46.0
-60.0
-61.0
-74.0
-81.0
-53.0
6.0
7.0
15.0
18.0
-11.0
-24.0
-26.0
-31.0
4.0
-18.0
-46.0
-55.0
-95.0
-129.0
-124.0
-100.0
-70.0
-55.0
-80.0
-61.0
-51.0
-88.0
-84.0
-83.0
-79.0
-46.0
-52.0
-71.0
-86.0
-79.0
-69.0
-56.0
-53.0
-82.0
-99.0
-82.0
-125.0
-99.0
-73.0
-52.0
-44.0
-61.0
-43.0
-21.0
-32.0
-42.0
-65.0
-95.0
-70.0
-84.0
-110.0
-99.0
-108.0
-106.0
-39.0
-59.0
-82.0
-97.0
-93.0
-95.0
-129.0
-122.0
-91.0
-97.0
-96.0
-108.0
-120.0
-119.0
-128.0
-134.0
-107.0
-122.0
-102.0
-79.0
-73.0
-68.0
-70.0
-91.0
-107.0
-100.0
-109.0
-100.0
-109.0
-130.0
-130.0
-101.0
-109.0
-127.0
-126.0
-118.0
-115.0
-133.0
-132.0
-92.0
-88.0
-121.0
-99.0
-77.0
-112.0
-72.0
-12.0
-48.0
27.0
81.0
120.0
197.0
270.0
294.0
351.0
425.0
475.0
478.0
499.0
468.0
400.0
332.0
280.0
267.0
265.0
212.0
121.0
55.0
36.0
37.0
29.0
0.0
11.0
3.0
-36.0
-34.0
-36.0
-46.0
-48.0
-81.0
-125.0
-180.0
-196.0
-218.0
-190.0
-95.0
-85.0
-171.0
-173.0
-174.0
-208.0
-198.0
-237.0
-247.0
-229.0
-229.0
-252.0
-273.0
-227.0
-213.0
-229.0
-263.0
-266.0
-251.0
-227.0
-214.0
-192.0
-180.0
-209.0
-170.0
-152.0
-161.0
-150.0
-113.0
-114.0
-102.0
-133.0
-165.0
-157.0
-152.0
-173.0
-146.0
-136.0
-128.0
-140.0
-172.0
-127.0
-120.0
-147.0
-143.0
-125.0
-157.0
-181.0
-205.0
-228.0
-216.0
-197.0
-193.0
-176.0
-174.0
-161.0
-139.0
-119.0
-99.0
-131.0
-152.0
-182.0
-192.0
-195.0
-203.0
-192.0
-196.0
-167.0
-138.0
-188.0
-191.0
-199.0
-222.0
-233.0
-220.0
-248.0
-239.0
-237.0
-262.0
-280.0
-278.0
-277.0
-242.0
-221.0
-190.0
-155.0
-174.0
-195.0
-204.0
-214.0
-206.0
-193.0
-180.0
-162.0
-161.0
-180.0
-170.0
-171.0
-142.0
-152.0
-167.0
-170.0
-162.0
-166.0
-150.0
-146.0
-138.0
-149.0
-151.0
-139.0
-136.0
-152.0
-177.0
-165.0
-143.0
-130.0
-127.0
-110.0
-90.0
-68.0
-54.0
-95.0
-115.0
-125.0
-99.0
-132.0
-149.0
-137.0
-176.0
-182.0
-163.0
-169.0
-148.0
-127.0
-124.0
-129.0
-103.0
-77.0
-84.0
-73.0
-85.0
-103.0
-104.0
-121.0
-182.0
-215.0
-212.0
-185.0
-174.0
-180.0
-193.0
-191.0
-191.0
-204.0
-196.0
-153.0
-175.0
-170.0
-191.0
-197.0
-163.0
-153.0
-170.0
-150.0
-151.0
-185.0
-172.0
-171.0
-135.0
-117.0
-108.0
-100.0
-67.0
-72.0
-91.0
-97.0
-65.0
-56.0
-47.0
-56.0
-60.0
-54.0
-56.0
-73.0
-75.0
-71.0
-87.0
-97.0
-77.0
-71.0
-69.0
-40.0
10.0
15.0
3.0
-7.0
-11.0
0.0
-31.0
-48.0
-11.0
-2.0
-32.0
-41.0
-30.0
-55.0
-59.0
-87.0
-99.0
-100.0
-88.0
-63.0
-67.0
-71.0
-63.0
-38.0
-28.0
-15.0
-51.0
-91.0
-88.0
-117.0
-92.0
-95.0
-139.0
-164.0
-139.0
-129.0
-124.0
-110.0
-93.0
-81.0
-115.0
-124.0
-144.0
-121.0
-86.0
-98.0
-139.0
-147.0
-121.0
-81.0
-86.0
-109.0
-89.0
-97.0
-109.0
-92.0
-79.0
-73.0
-59.0
-60.0
-55.0
-41.0
-56.0
-64.0
-63.0
-77.0
-76.0
-77.0
-102.0
-112.0
-97.0
-97.0
-88.0
-78.0
-34.0
-29.0
-5.0
-13.0
-50.0
-50.0
-25.0
-39.0
-30.0
-8.0
-52.0
-76.0
-97.0
-69.0
-45.0
-61.0
-49.0
-37.0
-41.0
-55.0
-49.0
-26.0
-4.0
-11.0
-26.0
-10.0
-9.0
-24.0
-14.0
-16.0
-24.0
-42.0
-48.0
-63.0
-23.0
-20.0
-53.0
-39.0
-52.0
-65.0
-49.0
-52.0
-74.0
-69.0
-64.0
-37.0
-4.0
-2.0
10.0
25.0
7.0
7.0
3.0
19.0
-10.0
-27.0
-33.0
-42.0
-60.0
-65.0
-59.0
-49.0
-48.0
-80.0
-79.0
-90.0
-79.0
-77.0
-85.0
-63.0
-54.0
-43.0
-30.0
-35.0
-33.0
-37.0
-38.0
-45.0
-44.0
-44.0
-52.0
-55.0
-70.0
-98.0
-105.0
-86.0
-88.0
-60.0
-60.0
-53.0
-55.0
-42.0
-15.0
3.0
-3.0
-27.0
-28.0
-25.0
-33.0
-17.0
-24.0
-78.0
-97.0
-76.0
-54.0
-71.0
-81.0
-72.0
-67.0
-44.0
-19.0
-32.0
-31.0
4.0
-1.0
-21.0
-32.0
-41.0
-23.0
-3.0
-7.0
-6.0
14.0
41.0
58.0
41.0
41.0
49.0
55.0
70.0
65.0
65.0
50.0
42.0
50.0
59.0
52.0
51.0
24.0
10.0
15.0
25.0
17.0
-2.0
-10.0
-22.0
0.0
-6.0
7.0
21.0
22.0
35.0
73.0
69.0
39.0
37.0
31.0
37.0
37.0
16.0
4.0
12.0
14.0
11.0
20.0
39.0
42.0
59.0
71.0
43.0
52.0
54.0
35.0
21.0
-4.0
-30.0
7.0
5.0
-3.0
22.0
27.0
13.0
11.0
-8.0
-21.0
-7.0
-1.0
17.0
-1.0
-2.0
-17.0
-41.0
-35.0
-8.0
-11.0
-4.0
-4.0
-39.0
-39.0
-20.0
-22.0
-23.0
-3.0
19.0
17.0
26.0
29.0
5.0
-11.0
19.0
23.0
6.0
-8.0
5.0
11.0
3.0
-13.0
-31.0
-37.0
-39.0
-42.0
-40.0
-33.0
2.0
26.0
24.0
17.0
30.0
31.0
14.0
10.0
-6.0
-3.0
5.0
15.0
6.0
-1.0
-20.0
-4.0
41.0
67.0
94.0
158.0
194.0
234.0
298.0
349.0
390.0
446.0
478.0
520.0
469.0
456.0
393.0
352.0
313.0
250.0
210.0
177.0
142.0
106.0
103.0
108.0
90.0
72.0
73.0
79.0
93.0
100.0
102.0
78.0
40.0
41.0
44.0
55.0
75.0
85.0
71.0
38.0
17.0
-3.0
-21.0
6.0
18.0
14.0
5.0
-55.0
-106.0
-101.0
-88.0
-100.0
-120.0
-134.0
-140.0
-142.0
-122.0
-93.0
-70.0
-21.0
-24.0
-34.0
-39.0
-47.0
-68.0
-79.0
-88.0
-86.0
-54.0
-70.0
-60.0
-59.0
-50.0
-68.0
-97.0
-97.0
-109.0
-116.0
-118.0
-125.0
-127.0
-93.0
-80.0
-95.0
-105.0
-115.0
-132.0
-119.0
-110.0
-126.0
-119.0
-104.0
-95.0
-69.0
-69.0
-74.0
-72.0
-54.0
-48.0
-61.0
-56.0
-75.0
-97.0
-107.0
-112.0
-99.0
-70.0
-82.0
-76.0
-64.0
-65.0
-58.0
-76.0
-79.0
-75.0
-72.0
-80.0
-76.0
-72.0
-70.0
-72.0
-95.0
-74.0
-40.0
-4.0
-20.0
-52.0
-78.0
-86.0
-90.0
-84.0
-88.0
-117.0
-111.0
-93.0
-70.0
-69.0
-95.0
-100.0
-61.0
-48.0
-40.0
-39.0
-82.0
-83.0
-64.0
-60.0
-65.0
-63.0
-65.0
-70.0
-63.0
-63.0
-52.0
-64.0
-106.0
-109.0
-78.0
-45.0
-43.0
-58.0
-58.0
-37.0
-13.0
-16.0
-35.0
-21.0
22.0
25.0
44.0
54.0
27.0
7.0
13.0
6.0
-3.0
-14.0
-7.0
10.0
40.0
56.0
63.0
56.0
25.0
5.0
4.0
29.0
38.0
25.0
34.0
39.0
48.0
54.0
53.0
37.0
15.0
5.0
23.0
10.0
-2.0
10.0
34.0
49.0
44.0
20.0
8.0
24.0
40.0
37.0
35.0
41.0
28.0
13.0
-3.0
4.0
25.0
41.0
34.0
41.0
52.0
53.0
62.0
46.0
70.0
90.0
79.0
60.0
68.0
88.0
70.0
53.0
62.0
53.0
46.0
39.0
32.0
54.0
50.0
37.0
72.0
92.0
41.0
13.0
22.0
15.0
10.0
20.0
21.0
14.0
-4.0
-13.0
-20.0
-20.0
-13.0
14.0
29.0
30.0
24.0
13.0
-8.0
-36.0
-43.0
-6.0
23.0
18.0
12.0
7.0
2.0
-2.0
-7.0
-12.0
31.0
45.0
36.0
41.0
12.0
-24.0
-25.0
-30.0
-47.0
-65.0
-72.0
-65.0
-71.0
-54.0
-34.0
-33.0
-35.0
-24.0
-3.0
2.0
-10.0
-22.0
-29.0
-37.0
-39.0
-23.0
-20.0
-22.0
-11.0
-15.0
-12.0
-32.0
-44.0
-42.0
-35.0
-15.0
-5.0
-24.0
-33.0
-27.0
-35.0
-48.0
-26.0
-11.0
-11.0
-25.0
1.0
11.0
-12.0
4.0
0.0
-27.0
-39.0
-18.0
-12.0
-36.0
-34.0
1.0
-17.0
-28.0
-10.0
-8.0
-16.0
4.0
7.0
-4.0
-12.0
-5.0
19.0
15.0
15.0
25.0
25.0
24.0
23.0
42.0
94.0
102.0
78.0
74.0
70.0
26.0
22.0
18.0
11.0
20.0
37.0
51.0
71.0
74.0
60.0
46.0
58.0
128.0
204.0
259.0
352.0
436.0
453.0
487.0
473.0
477.0
483.0
481.0
459.0
397.0
364.0
343.0
287.0
253.0
222.0
175.0
154.0
166.0
133.0
91.0
72.0
39.0
8.0
20.0
25.0
4.0
3.0
-7.0
7.0
4.0
-12.0
-17.0
-35.0
-36.0
-26.0
-28.0
-24.0
-9.0
-49.0
-68.0
-59.0
-32.0
-18.0
-69.0
-77.0
-78.0
-64.0
-84.0
-56.0
-26.0
-54.0
-74.0
-63.0
-46.0
-58.0
-57.0
-48.0
-36.0
-48.0
-55.0
-20.0
-1.0
-16.0
-39.0
-52.0
-52.0
-40.0
-39.0
-43.0
-55.0
-78.0
-57.0
-74.0
-96.0
-76.0
-65.0
-53.0
-50.0
-60.0
-60.0
-60.0
-68.0
-71.0
-63.0
-72.0
-96.0
-118.0
-126.0
-118.0
-104.0
-83.0
-50.0
-51.0
-73.0
-98.0
-97.0
-116.0
-142.0
-162.0
-180.0
-192.0
-175.0
-139.0
-128.0
-128.0
-108.0
-107.0
-113.0
-115.0
-120.0
-99.0
-80.0
-65.0
-82.0
-93.0
-82.0
-67.0
-84.0
-125.0
-131.0
-100.0
-92.0
-77.0
-55.0
-54.0
-37.0
-33.0
-41.0
-51.0
-55.0
-82.0
-95.0
-70.0
-65.0
-102.0
-109.0
-96.0
-109.0
-100.0
-95.0
-105.0
-100.0
-91.0
-100.0
-104.0
-98.0
-105.0
-122.0
-127.0
-140.0
-152.0
-140.0
-122.0
-101.0
-48.0
-62.0
-72.0
-58.0
-55.0
-44.0
-44.0
-61.0
-60.0
-66.0
-72.0
-85.0
-78.0
-65.0
-38.0
-44.0
-70.0
-95.0
-86.0
-64.0
-58.0
-72.0
-69.0
-70.0
-51.0
-58.0
-61.0
-40.0
-69.0
-76.0
-101.0
-115.0
-136.0
-145.0
-130.0
-131.0
-129.0
-86.0
-54.0
-26.0
-10.0
-7.0
-66.0
-43.0
-29.0
-58.0
-60.0
-28.0
-32.0
-40.0
-44.0
-73.0
-78.0
-48.0
-85.0
-114.0
-114.0
-102.0
-100.0
-57.0
-21.0
7.0
-32.0
-65.0
-62.0
-64.0
-34.0
-41.0
-82.0
-67.0
-47.0
-20.0
-4.0
-79.0
-73.0
-7.0
-39.0
-19.0
60.0
110.0
167.0
172.0
225.0
320.0
327.0
346.0
386.0
429.0
457.0
430.0
326.0
264.0
245.0
201.0
154.0
141.0
116.0
99.0
69.0
20.0
4.0
16.0
9.0
1.0
-64.0
-92.0
-104.0
-119.0
-108.0
-149.0
-124.0
-96.0
-71.0
-65.0
-148.0
-130.0
59.0
-180.0
-291.0
-252.0
-228.0
-167.0
-125.0
-205.0
-187.0
-153.0
-173.0
-163.0
-114.0
-128.0
-137.0
-125.0
-197.0
-206.0
-201.0
-209.0
-213.0
-200.0
-151.0
-150.0
-188.0
-181.0
-181.0
-172.0
-93.0
-121.0
-103.0
-162.0
-179.0
-227.0
-244.0
-219.0
-156.0
-126.0
-126.0
-144.0
-171.0
-202.0
-219.0
-189.0
-172.0
-150.0
-148.0
-173.0
-195.0
-242.0
-256.0
-214.0
-177.0
-100.0
-77.0
-95.0
-110.0
-171.0
-164.0
-126.0
-116.0
-71.0
-55.0
-48.0
-74.0
-55.0
-47.0
-89.0
-91.0
-66.0
-115.0
-191.0
-176.0
-143.0
-149.0
-175.0
-178.0
-164.0
-162.0
-167.0
-129.0
-89.0
-78.0
-68.0
-67.0
-59.0
-67.0
-129.0
-156.0
-159.0
-129.0
-116.0
-117.0
-112.0
-75.0
-64.0
-49.0
-17.0
-32.0
-63.0
-91.0
-88.0
-108.0
-142.0
-145.0
-107.0
-64.0
-71.0
-67.0
-23.0
-5.0
11.0
-27.0
-53.0
-81.0
-58.0
-55.0
-48.0
-74.0
-68.0
-51.0
-65.0
-82.0
-109.0
-145.0
-95.0
-51.0
-65.0
-95.0
-83.0
-80.0
-74.0
-67.0
-53.0
-57.0
-75.0
-102.0
-97.0
-59.0
-87.0
-96.0
-112.0
-126.0
-108.0
-107.0
-107.0
-107.0
-100.0
-76.0
-79.0
-103.0
-105.0
-114.0
-89.0
-63.0
-83.0
-73.0
-90.0
-134.0
-133.0
-131.0
-99.0
-94.0
-75.0
-29.0
-91.0
-64.0
-49.0
-87.0
-81.0
-79.0
-86.0
-88.0
-60.0
-89.0
-69.0
-23.0
-16.0
-39.0
-17.0
-4.0
-27.0
-20.0
-22.0
-69.0
-50.0
-24.0
-51.0
-101.0
-88.0
-25.0
14.0
45.0
-9.0
-39.0
-24.0
-33.0
-9.0
36.0
27.0
-28.0
-45.0
-51.0
-104.0
-50.0
-29.0
-25.0
-1.0
-24.0
-61.0
-33.0
-58.0
-64.0
-67.0
-48.0
-2.0
-21.0
-36.0
-34.0
-69.0
-40.0
13.0
21.0
60.0
83.0
88.0
90.0
2.0
-13.0
8.0
-12.0
-21.0
-25.0
-22.0
-23.0
-36.0
-5.0
73.0
72.0
55.0
33.0
54.0
12.0
-93.0
-19.0
-44.0
-61.0
7.0
43.0
56.0
70.0
25.0
12.0
59.0
63.0
49.0
35.0
-11.0
-39.0
-9.0
-44.0
-43.0
-30.0
-4.0
14.0
26.0
51.0
79.0
59.0
38.0
33.0
23.0
23.0
25.0
14.0
-20.0
4.0
3.0
-21.0
6.0
-21.0
-59.0
-31.0
-26.0
-41.0
-10.0
23.0
6.0
-34.0
-50.0
-43.0
-68.0
-88.0
-94.0
-115.0
-64.0
-28.0
-20.0
-30.0
-45.0
-42.0
-32.0
2.0
14.0
-13.0
-65.0
-77.0
-73.0
-14.0
-13.0
-41.0
-45.0
-27.0
-27.0
-59.0
-49.0
-66.0
-46.0
-68.0
-56.0
-56.0
-64.0
-68.0
-68.0
-60.0
-64.0
-61.0
-63.0
-51.0
-29.0
-23.0
-79.0
-67.0
-51.0
-21.0
-11.0
-29.0
-16.0
-24.0
-40.0
-59.0
-46.0
-36.0
-5.0
-1.0
-24.0
1.0
30.0
61.0
49.0
22.0
1.0
-37.0
-46.0
-15.0
12.0
13.0
5.0
11.0
-29.0
-48.0
-53.0
-61.0
-30.0
-21.0
-27.0
-8.0
6.0
-4.0
-14.0
-5.0
-19.0
7.0
60.0
67.0
43.0
-1.0
27.0
67.0
105.0
119.0
137.0
174.0
217.0
259.0
337.0
357.0
430.0
498.0
495.0
488.0
501.0
416.0
401.0
416.0
362.0
320.0
270.0
228.0
220.0
216.0
174.0
121.0
83.0
84.0
93.0
60.0
40.0
59.0
56.0
16.0
-18.0
-21.0
-51.0
-46.0
-6.0
7.0
7.0
1.0
-5.0
-15.0
-1.0
5.0
25.0
-33.0
-98.0
-124.0
-133.0
-121.0
-119.0
-128.0
-121.0
-119.0
-79.0
-76.0
-80.0
-77.0
-102.0
-121.0
-152.0
-142.0
-146.0
-136.0
-112.0
-75.0
-70.0
-99.0
-93.0
-101.0
-106.0
-100.0
-116.0
-128.0
-145.0
-144.0
-147.0
-170.0
-180.0
-164.0
-137.0
-114.0
-103.0
-100.0
-88.0
-126.0
-152.0
-147.0
-143.0
-145.0
-152.0
-153.0
-152.0
-127.0
-119.0
-136.0
-139.0
-144.0
-149.0
-148.0
-138.0
-130.0
-134.0
-128.0
-121.0
-130.0
-125.0
-116.0
-131.0
-143.0
-152.0
-147.0
-147.0
-153.0
-140.0
-136.0
-140.0
-155.0
-142.0
-145.0
-166.0
-158.0
-165.0
-162.0
-164.0
-172.0
-155.0
-133.0
-126.0
-140.0
-149.0
-134.0
-96.0
-112.0
-110.0
-126.0
-158.0
-157.0
-149.0
-109.0
-100.0
-108.0
-112.0
-140.0
-141.0
-138.0
-137.0
-122.0
-116.0
-118.0
-113.0
-117.0
-147.0
-169.0
-162.0
-144.0
-124.0
-119.0
-122.0
-160.0
-167.0
-154.0
-157.0
-129.0
-102.0
-111.0
-146.0
-168.0
-150.0
-126.0
-102.0
-101.0
-103.0
-102.0
-137.0
-174.0
-186.0
-156.0
-118.0
-98.0
-107.0
-125.0
-117.0
-109.0
-100.0
-87.0
-83.0
-101.0
-114.0
-99.0
-81.0
-47.0
-64.0
-106.0
-109.0
-106.0
-95.0
-97.0
-77.0
-36.0
-48.0
-71.0
-85.0
-99.0
-82.0
-71.0
-93.0
-106.0
-127.0
-121.0
-123.0
-97.0
-82.0
-107.0
-116.0
-134.0
-144.0
-122.0
-129.0
-152.0
-147.0
-149.0
-128.0
-109.0
-102.0
-90.0
-89.0
-76.0
-89.0
-108.0
-92.0
-89.0
-107.0
-108.0
-91.0
-96.0
-126.0
-134.0
-124.0
-128.0
-121.0
-113.0
-112.0
-150.0
-161.0
-146.0
-130.0
-133.0
-169.0
-185.0
-161.0
-130.0
-112.0
-104.0
-114.0
-117.0
-89.0
-94.0
-107.0
-83.0
-78.0
-93.0
-100.0
-93.0
-87.0
-78.0
-73.0
-74.0
-54.0
-60.0
-74.0
-54.0
-41.0
-35.0
-53.0
-61.0
-48.0
-26.0
-18.0
-19.0
-32.0
-40.0
-33.0
-25.0
-5.0
12.0
1.0
6.0
-22.0
-13.0
-16.0
-35.0
-16.0
-18.0
-41.0
-16.0
19.0
18.0
6.0
3.0
-22.0
-39.0
-50.0
-80.0
-72.0
-71.0
-81.0
-81.0
-105.0
-112.0
-86.0
-55.0
-50.0
-41.0
-20.0
-1.0
24.0
32.0
19.0
-8.0
-10.0
-22.0
-37.0
-15.0
-9.0
-15.0
-11.0
18.0
-1.0
-6.0
-27.0
-57.0
-42.0
-13.0
-6.0
-13.0
-11.0
-27.0
-40.0
-43.0
-30.0
-20.0
-14.0
-16.0
-26.0
-21.0
-48.0
-47.0
-41.0
-65.0
-62.0
-64.0
-71.0
-76.0
-82.0
-78.0
-61.0
-69.0
-73.0
-27.0
-8.0
-7.0
-41.0
-59.0
-58.0
-69.0
-52.0
-42.0
-44.0
-56.0
-62.0
-43.0
-51.0
-54.0
-26.0
3.0
23.0
22.0
27.0
17.0
-6.0
-25.0
-24.0
-3.0
14.0
18.0
12.0
7.0
18.0
1.0
-12.0
-11.0
-5.0
4.0
-6.0
-31.0
-70.0
-70.0
-71.0
-72.0
-54.0
-21.0
1.0
6.0
21.0
27.0
26.0
49.0
65.0
49.0
-7.0
-39.0
-42.0
-43.0
-53.0
-23.0
11.0
30.0
83.0
142.0
193.0
275.0
326.0
343.0
354.0
358.0
344.0
347.0
348.0
360.0
364.0
366.0
332.0
287.0
261.0
209.0
170.0
187.0
201.0
207.0
187.0
164.0
147.0
108.0
84.0
84.0
87.0
98.0
78.0
73.0
91.0
74.0
55.0
36.0
36.0
37.0
2.0
-14.0
-7.0
-6.0
-17.0
-39.0
-46.0
-42.0
-57.0
-76.0
-71.0
-51.0
-39.0
-54.0
-43.0
-16.0
-18.0
-48.0
-79.0
-91.0
-78.0
-65.0
-48.0
-72.0
-98.0
-125.0
-127.0
-109.0
-114.0
-148.0
-153.0
-118.0
-128.0
-130.0
-146.0
-155.0
-147.0
-155.0
-146.0
-118.0
-138.0
-143.0
-126.0
-134.0
-154.0
-122.0
-117.0
-127.0
-127.0
-120.0
-140.0
-166.0
-175.0
-176.0
-163.0
-158.0
-164.0
-144.0
-143.0
-158.0
-139.0
-129.0
-119.0
-93.0
-68.0
-52.0
-71.0
-133.0
-153.0
-154.0
-158.0
-137.0
-124.0
-102.0
-109.0
-116.0
-114.0
-136.0
-160.0
-153.0
-139.0
-137.0
-151.0
-156.0
-146.0
-119.0
-98.0
-96.0
-113.0
-88.0
-53.0
-78.0
-109.0
-90.0
-68.0
-72.0
-95.0
-93.0
-116.0
-125.0
-113.0
-109.0
-122.0
-107.0
-76.0
-52.0
-48.0
-27.0
-24.0
-35.0
-69.0
-69.0
-49.0
-41.0
-48.0
-76.0
-76.0
-93.0
-111.0
-86.0
-72.0
-43.0
-47.0
-61.0
-52.0
-78.0
-104.0
-115.0
-121.0
-103.0
-103.0
-82.0
-90.0
-120.0
-106.0
-77.0
-81.0
-70.0
-48.0
-31.0
-10.0
-10.0
-17.0
-3.0
-22.0
-38.0
-50.0
-67.0
-56.0
-67.0
-67.0
-64.0
-46.0
-25.0
-7.0
-4.0
-14.0
-18.0
-29.0
-32.0
-27.0
-52.0
-83.0
-121.0
-139.0
-149.0
-141.0
-139.0
-143.0
-140.0
-134.0
-119.0
-91.0
-108.0
-107.0
-98.0
-90.0
-73.0
-78.0
-93.0
-107.0
-120.0
-121.0
-107.0
-92.0
-52.0
-13.0
-24.0
-44.0
-25.0
-35.0
-58.0
-50.0
-29.0
-25.0
-10.0
-14.0
-18.0
-33.0
-36.0
-47.0
-48.0
-47.0
-31.0
-45.0
-76.0
-72.0
-68.0
-66.0
-56.0
-50.0
-17.0
30.0
62.0
77.0
76.0
80.0
116.0
197.0
235.0
290.0
339.0
345.0
382.0
390.0
370.0
341.0
334.0
316.0
279.0
260.0
247.0
213.0
182.0
170.0
167.0
142.0
119.0
162.0
167.0
162.0
135.0
67.0
63.0
41.0
17.0
16.0
-18.0
-48.0
-54.0
-80.0
-120.0
-117.0
-76.0
-78.0
-107.0
-91.0
-79.0
-80.0
-84.0
-99.0
-107.0
-109.0
-95.0
-106.0
-130.0
-115.0
-97.0
-100.0
-96.0
-83.0
-81.0
-82.0
-78.0
-74.0
-80.0
-79.0
-107.0
-161.0
-177.0
-154.0
-119.0
-122.0
-146.0
-158.0
-185.0
-156.0
-125.0
-122.0
-135.0
-181.0
-177.0
-184.0
-215.0
-205.0
-194.0
-162.0
-156.0
-195.0
-192.0
-193.0
-208.0
-248.0
-250.0
-238.0
-232.0
-208.0
-221.0
-262.0
-284.0
-298.0
-310.0
-325.0
-309.0
-262.0
-213.0
-192.0
-175.0
-173.0
-186.0
-214.0
-263.0
-299.0
-311.0
-295.0
-241.0
-190.0
-176.0
-170.0
-157.0
-185.0
-191.0
-193.0
-172.0
-154.0
-158.0
-151.0
-132.0
-112.0
-104.0
-132.0
-169.0
-160.0
-131.0
-127.0
-129.0
-112.0
-97.0
-104.0
-105.0
-116.0
-146.0
-134.0
-138.0
-139.0
-120.0
-126.0
-152.0
-156.0
-114.0
-86.0
-68.0
-67.0
-54.0
-17.0
-5.0
0.0
-13.0
-27.0
-26.0
-31.0
-37.0
-65.0
-78.0
-73.0
-49.0
-39.0
-56.0
-64.0
-48.0
-8.0
12.0
-2.0
7.0
8.0
-24.0
-44.0
-87.0
-96.0
-65.0
-16.0
17.0
3.0
-36.0
-40.0
-28.0
-38.0
-56.0
-72.0
-59.0
-34.0
-32.0
-49.0
-47.0
-17.0
-46.0
-34.0
5.0
2.0
-18.0
-29.0
-1.0
-10.0
-26.0
-38.0
-66.0
-84.0
-86.0
-68.0
-7.0
26.0
43.0
48.0
37.0
35.0
32.0
22.0
13.0
47.0
41.0
41.0
51.0
60.0
37.0
32.0
22.0
17.0
28.0
61.0
50.0
7.0
-23.0
-13.0
-9.0
-23.0
-41.0
-22.0
-22.0
-25.0
4.0
36.0
43.0
42.0
25.0
8.0
13.0
-11.0
-23.0
-4.0
-12.0
-3.0
3.0
1.0
6.0
-14.0
-43.0
-31.0
-29.0
-43.0
-51.0
-42.0
-16.0
1.0
21.0
17.0
35.0
65.0
81.0
91.0
106.0
104.0
99.0
100.0
72.0
5.0
-9.0
5.0
10.0
1.0
18.0
23.0
31.0
15.0
33.0
47.0
40.0
61.0
56.0
46.0
59.0
76.0
78.0
119.0
84.0
74.0
78.0
67.0
41.0
59.0
53.0
45.0
58.0
74.0
39.0
2.0
-3.0
-7.0
-20.0
-10.0
25.0
2.0
3.0
16.0
29.0
-1.0
-14.0
21.0
20.0
-8.0
-8.0
1.0
22.0
-12.0
1.0
89.0
92.0
87.0
117.0
73.0
70.0
116.0
115.0
49.0
31.0
48.0
76.0
107.0
201.0
242.0
287.0
470.0
396.0
397.0
486.0
488.0
538.0
547.0
496.0
454.0
438.0
415.0
353.0
307.0
272.0
249.0
188.0
168.0
116.0
95.0
89.0
78.0
51.0
37.0
8.0
12.0
-8.0
-24.0
-41.0
-74.0
-62.0
-11.0
-41.0
-47.0
-44.0
-28.0
-39.0
-73.0
-91.0
-100.0
-105.0
-113.0
-107.0
-110.0
-144.0
-143.0
-134.0
-140.0
-170.0
-182.0
-187.0
-218.0
-197.0
-179.0
-200.0
-165.0
-135.0
-138.0
-131.0
-141.0
-157.0
-172.0
-162.0
-178.0
-168.0
-154.0
-161.0
-151.0
-122.0
-109.0
-139.0
-130.0
-107.0
-125.0
-138.0
-129.0
-167.0
-190.0
-185.0
-191.0
-196.0
-190.0
-171.0
-174.0
-192.0
-188.0
-171.0
-140.0
-125.0
-116.0
-126.0
-134.0
-110.0
-110.0
-121.0
-156.0
-149.0
-151.0
-144.0
-138.0
-129.0
-144.0
-145.0
-138.0
-145.0
-137.0
-105.0
-112.0
-103.0
-119.0
-111.0
-69.0
-67.0
-89.0
-100.0
-126.0
-145.0
-130.0
-124.0
-105.0
-108.0
-109.0
-63.0
-58.0
-92.0
-98.0
-102.0
-150.0
-149.0
-108.0
-46.0
-33.0
-70.0
-98.0
-99.0
-65.0
-56.0
-52.0
-103.0
-155.0
-144.0
-116.0
-121.0
-92.0
-66.0
-118.0
-168.0
-159.0
-102.0
-94.0
-95.0
-93.0
-105.0
-97.0
-43.0
-17.0
-53.0
-64.0
-46.0
-22.0
-20.0
-24.0
-37.0
-30.0
-50.0
-65.0
-61.0
-60.0
-63.0
-35.0
-16.0
-22.0
-37.0
-21.0
-7.0
-5.0
-37.0
-58.0
-39.0
-36.0
-29.0
-19.0
-13.0
-18.0
-40.0
-54.0
-43.0
-56.0
-72.0
-46.0
-41.0
1.0
-14.0
-42.0
-36.0
-29.0
-38.0
-60.0
-65.0
-103.0
-104.0
-93.0
-92.0
-90.0
-97.0
-97.0
-77.0
-76.0
-90.0
-67.0
-26.0
-39.0
-48.0
-34.0
-60.0
-72.0
-52.0
-50.0
-52.0
-42.0
-49.0
-65.0
-110.0
-125.0
-95.0
-132.0
-144.0
-138.0
-118.0
-91.0
-128.0
-148.0
-167.0
-158.0
-143.0
-152.0
-109.0
-104.0
-133.0
-71.0
-45.0
-98.0
-123.0
-128.0
-107.0
-143.0
-155.0
-123.0
-119.0
-107.0
-119.0
-116.0
-133.0
-135.0
-142.0
-122.0
-121.0
-102.0
-101.0
-165.0
-162.0
-123.0
-115.0
-138.0
-129.0
-118.0
-124.0
-136.0
-138.0
-134.0
-120.0
-98.0
-98.0
-73.0
-60.0
-82.0
-57.0
-25.0
-54.0
-81.0
-79.0
-60.0
-11.0
-18.0
-55.0
-69.0
-26.0
-11.0
-59.0
-49.0
5.0
-1.0
8.0
54.0
85.0
111.0
155.0
242.0
283.0
318.0
338.0
348.0
377.0
419.0
415.0
370.0
305.0
277.0
247.0
209.0
136.0
86.0
48.0
49.0
90.0
104.0
111.0
95.0
72.0
80.0
71.0
59.0
26.0
2.0
4.0
-30.0
-71.0
-44.0
-40.0
-18.0
-35.0
-44.0
-71.0
-105.0
-120.0
-141.0
-146.0
-134.0
-131.0
-166.0
-105.0
-29.0
-82.0
-81.0
-64.0
-92.0
-78.0
-72.0
-72.0
-76.0
-120.0
-127.0
-97.0
-75.0
-51.0
-62.0
-52.0
-42.0
-32.0
-20.0
-41.0
-59.0
-77.0
-83.0
-68.0
-68.0
-84.0
-91.0
-106.0
-117.0
-118.0
-107.0
-75.0
-107.0
-91.0
-53.0
-50.0
-51.0
-60.0
-61.0
-46.0
-39.0
-52.0
-60.0
-53.0
-66.0
-67.0
-62.0
-59.0
-31.0
-35.0
-35.0
-33.0
-39.0
-31.0
-49.0
-78.0
-93.0
-82.0
-87.0
-117.0
-108.0
-92.0
-93.0
-97.0
-91.0
-83.0
-81.0
-87.0
-109.0
-89.0
-87.0
-95.0
-95.0
-67.0
-27.0
-59.0
-81.0
-83.0
-98.0
-78.0
-76.0
-105.0
-121.0
-116.0
-106.0
-92.0
-84.0
-72.0
-81.0
-83.0
-87.0
-111.0
-102.0
-72.0
-48.0
-51.0
-61.0
-72.0
-82.0
-95.0
-71.0
-65.0
-45.0
-23.0
-22.0
-23.0
-40.0
-42.0
-39.0
-46.0
-24.0
22.0
59.0
89.0
70.0
41.0
13.0
31.0
72.0
77.0
58.0
39.0
-8.0
-27.0
-27.0
-34.0
-13.0
12.0
13.0
35.0
22.0
-29.0
-53.0
-40.0
12.0
67.0
44.0
41.0
41.0
10.0
-26.0
-10.0
13.0
35.0
55.0
30.0
32.0
15.0
-23.0
-32.0
-22.0
-26.0
-49.0
-46.0
-11.0
7.0
-25.0
-48.0
-91.0
-81.0
-53.0
-62.0
-31.0
2.0
-22.0
-38.0
-42.0
-55.0
-71.0
-107.0
-93.0
-61.0
-47.0
-12.0
18.0
36.0
13.0
-5.0
7.0
-6.0
-13.0
-13.0
-15.0
4.0
-11.0
-3.0
7.0
-13.0
-32.0
-13.0
8.0
-1.0
-12.0
-19.0
-18.0
-35.0
-43.0
-71.0
-83.0
-94.0
-106.0
-85.0
-87.0
-118.0
-134.0
-125.0
-110.0
-101.0
-107.0
-114.0
-119.0
-119.0
-116.0
-93.0
-85.0
-72.0
-60.0
-64.0
-81.0
-97.0
-98.0
-101.0
-116.0
-125.0
-93.0
-61.0
-21.0
-4.0
-37.0
-56.0
-56.0
-27.0
-8.0
11.0
-14.0
-52.0
-72.0
-81.0
-64.0
-48.0
-78.0
-82.0
-71.0
-87.0
-62.0
-39.0
-63.0
-60.0
-22.0
-19.0
-46.0
-62.0
-42.0
-8.0
-16.0
-40.0
-64.0
-70.0
-87.0
-92.0
-68.0
-60.0
-86.0
-106.0
-115.0
-111.0
-102.0
-65.0
-55.0
-49.0
-82.0
-58.0
-32.0
-47.0
-39.0
-51.0
-91.0
-97.0
-84.0
-93.0
-95.0
-63.0
-16.0
10.0
-6.0
-22.0
5.0
7.0
-23.0
-37.0
-31.0
7.0
23.0
7.0
-32.0
-24.0
-23.0
-19.0
-8.0
-45.0
-37.0
-17.0
-23.0
-8.0
-17.0
-11.0
1.0
19.0
52.0
42.0
53.0
84.0
103.0
114.0
101.0
121.0
181.0
255.0
300.0
353.0
373.0
379.0
406.0
438.0
429.0
399.0
379.0
394.0
369.0
335.0
325.0
316.0
310.0
300.0
229.0
160.0
139.0
150.0
174.0
176.0
89.0
30.0
29.0
-11.0
8.0
61.0
40.0
34.0
-10.0
-33.0
-30.0
-19.0
-13.0
-64.0
-71.0
-69.0
-72.0
-95.0
-135.0
-144.0
-148.0
-124.0
-159.0
-174.0
-197.0
-208.0
-174.0
-176.0
-140.0
-72.0
-83.0
-97.0
-81.0
-55.0
-90.0
-68.0
-25.0
-48.0
-89.0
-117.0
-122.0
-114.0
-116.0
-90.0
-106.0
-137.0
-137.0
-101.0
-86.0
-86.0
-109.0
-82.0
-86.0
-119.0
-133.0
-118.0
-153.0
-182.0
-181.0
-199.0
-191.0
-171.0
-166.0
-169.0
-177.0
-165.0
-154.0
-137.0
-153.0
-116.0
-80.0
-102.0
-117.0
-98.0
-102.0
-97.0
-83.0
-88.0
-99.0
-97.0
-103.0
-102.0
-87.0
-91.0
-108.0
-103.0
-107.0
-135.0
-125.0
-130.0
-154.0
-148.0
-129.0
-147.0
-149.0
-125.0
-95.0
-74.0
-102.0
-126.0
-107.0
-115.0
-120.0
-112.0
-128.0
-137.0
-123.0
-114.0
-103.0
-92.0
-82.0
-86.0
-109.0
-96.0
-99.0
-107.0
-121.0
-117.0
-92.0
-101.0
-106.0
-102.0
-103.0
-98.0
-113.0
-113.0
-88.0
-86.0
-89.0
-116.0
-116.0
-102.0
-96.0
-87.0
-78.0
-69.0
-48.0
-56.0
-63.0
-35.0
-40.0
-31.0
-39.0
-67.0
-55.0
-50.0
-71.0
-79.0
-91.0
-70.0
-64.0
-31.0
-24.0
-61.0
-61.0
-49.0
-9.0
-11.0
-31.0
-58.0
-56.0
-47.0
-60.0
-46.0
-49.0
-88.0
-111.0
-139.0
-116.0
-50.0
-55.0
-68.0
-89.0
-86.0
-56.0
-44.0
-45.0
-46.0
-46.0
-71.0
-99.0
-81.0
-56.0
-73.0
-69.0
-55.0
-57.0
-65.0
-44.0
-69.0
-86.0
-58.0
-48.0
-40.0
-56.0
-76.0
-63.0
-46.0
-25.0
-11.0
-23.0
-93.0
-136.0
-125.0
-132.0
-143.0
-147.0
-136.0
-135.0
-126.0
-110.0
-100.0
-117.0
-147.0
-128.0
-93.0
-97.0
-95.0
-120.0
-123.0
-86.0
-67.0
-48.0
-12.0
-25.0
-80.0
-93.0
-72.0
-88.0
-101.0
-124.0
-135.0
-107.0
-129.0
-158.0
-153.0
-165.0
-153.0
-126.0
-117.0
-131.0
-156.0
-130.0
-124.0
-125.0
-127.0
-141.0
-145.0
-141.0
-152.0
-142.0
-131.0
-154.0
-149.0
-119.0
-109.0
-77.0
-67.0
-78.0
-67.0
-68.0
-66.0
-89.0
-95.0
-85.0
-51.0
-50.0
-68.0
-74.0
-108.0
-101.0
-66.0
-74.0
-82.0
-91.0
-83.0
-67.0
-114.0
-154.0
-110.0
-97.0
-109.0
-77.0
-82.0
-97.0
-80.0
-62.0
-78.0
-92.0
-69.0
-67.0
-82.0
-108.0
-126.0
-89.0
-133.0
-129.0
-84.0
0.0
31.0
103.0
111.0
133.0
200.0
274.0
314.0
349.0
379.0
428.0
457.0
469.0
473.0
460.0
427.0
360.0
304.0
304.0
288.0
250.0
209.0
196.0
183.0
167.0
149.0
140.0
131.0
111.0
85.0
62.0
34.0
7.0
1.0
16.0
-1.0
-26.0
-30.0
-26.0
-18.0
1.0
-33.0
-80.0
-75.0
-69.0
-77.0
-130.0
-155.0
-149.0
-139.0
-136.0
-140.0
-122.0
-122.0
-136.0
-120.0
-135.0
-136.0
-130.0
-151.0
-152.0
-148.0
-162.0
-146.0
-124.0
-115.0
-141.0
-169.0
-166.0
-148.0
-164.0
-190.0
-166.0
-178.0
-215.0
-186.0
-153.0
-149.0
-156.0
-164.0
-133.0
-110.0
-119.0
-136.0
-165.0
-171.0
-158.0
-155.0
-164.0
-143.0
-148.0
-143.0
-143.0
-148.0
-133.0
-137.0
-157.0
-161.0
-173.0
-178.0
-173.0
-153.0
-150.0
-167.0
-155.0
-137.0
-121.0
-140.0
-160.0
-167.0
-142.0
-119.0
-152.0
-148.0
-111.0
-103.0
-90.0
-80.0
-108.0
-129.0
-130.0
-118.0
-125.0
-128.0
-139.0
-173.0
-172.0
-170.0
-154.0
-150.0
-139.0
-148.0
-150.0
-129.0
-130.0
-125.0
-117.0
-133.0
-155.0
-152.0
-139.0
-136.0
-119.0
-120.0
-124.0
-95.0
-101.0
-109.0
-80.0
-87.0
-109.0
-121.0
-119.0
-120.0
-118.0
-121.0
-132.0
-144.0
-132.0
-137.0
-138.0
-136.0
-103.0
-96.0
-121.0
-154.0
-154.0
-137.0
-145.0
-147.0
-145.0
-136.0
-122.0
-110.0
-130.0
-129.0
-122.0
-137.0
-124.0
-91.0
-69.0
-74.0
-105.0
-102.0
-93.0
-72.0
-64.0
-79.0
-81.0
-70.0
-65.0
-65.0
-68.0
-69.0
-87.0
-97.0
-106.0
-115.0
-114.0
-120.0
-126.0
-122.0
-114.0
-134.0
-150.0
-137.0
-116.0
-76.0
-42.0
-21.0
-23.0
-25.0
-50.0
-76.0
-89.0
-102.0
-97.0
-102.0
-102.0
-97.0
-97.0
-90.0
-98.0
-89.0
-83.0
-108.0
-114.0
-115.0
-131.0
-149.0
-164.0
-152.0
-142.0
-112.0
-95.0
-115.0
-94.0
-112.0
-110.0
-120.0
-98.0
-67.0
-89.0
-131.0
-158.0
-197.0
-180.0
-134.0
-124.0
-136.0
-118.0
-104.0
-90.0
-68.0
-52.0
-45.0
-50.0
-78.0
-102.0
-82.0
-76.0
-114.0
-135.0
-161.0
-156.0
-177.0
-178.0
-180.0
-195.0
-215.0
-207.0
-197.0
-172.0
-155.0
-163.0
-167.0
-192.0
-215.0
-211.0
-216.0
-224.0
-214.0
-242.0
-258.0
-206.0
-165.0
-196.0
-203.0
-164.0
-165.0
-158.0
-168.0
-167.0
-183.0
-188.0
-210.0
-199.0
-168.0
-139.0
-122.0
-107.0
-107.0
-99.0
-84.0
-79.0
-40.0
-6.0
-13.0
-7.0
-27.0
-50.0
-84.0
-101.0
-96.0
-94.0
-96.0
-90.0
-100.0
-74.0
-53.0
-27.0
-30.0
-32.0
-25.0
-26.0
-76.0
-99.0
-107.0
-122.0
-126.0
-102.0
-103.0
-71.0
-48.0
-29.0
-7.0
9.0
16.0
-7.0
-16.0
-59.0
-86.0
-89.0
-98.0
-87.0
-78.0
-79.0
-61.0
-25.0
-10.0
3.0
33.0
37.0
16.0
25.0
37.0
14.0
15.0
36.0
88.0
111.0
68.0
59.0
61.0
82.0
96.0
39.0
33.0
71.0
97.0
100.0
61.0
-3.0
15.0
67.0
61.0
23.0
29.0
57.0
79.0
101.0
73.0
26.0
-2.0
-4.0
24.0
60.0
60.0
53.0
48.0
48.0
65.0
41.0
21.0
48.0
45.0
89.0
89.0
125.0
152.0
209.0
308.0
391.0
433.0
533.0
503.0
491.0
484.0
435.0
414.0
427.0
391.0
363.0
324.0
266.0
247.0
217.0
200.0
195.0
163.0
163.0
170.0
187.0
200.0
150.0
184.0
150.0
130.0
83.0
24.0
8.0
-29.0
-18.0
-30.0
-26.0
-71.0
-77.0
-71.0
-79.0
-75.0
-89.0
-116.0
-105.0
-88.0
-98.0
-112.0
-134.0
-140.0
-180.0
-196.0
-192.0
-192.0
-169.0
-126.0
-131.0
-120.0
-90.0
-97.0
-130.0
-140.0
-142.0
-169.0
-162.0
-166.0
-131.0
-121.0
-74.0
-70.0
-103.0
-99.0
-79.0
-64.0
-100.0
-115.0
-60.0
-44.0
-51.0
-48.0
-30.0
-35.0
-56.0
-70.0
-50.0
-12.0
-7.0
-22.0
-9.0
11.0
-17.0
-32.0
-46.0
-72.0
-126.0
-107.0
-91.0
-109.0
-99.0
-72.0
-67.0
-82.0
-110.0
-83.0
-77.0
-72.0
-55.0
-53.0
-67.0
-102.0
-117.0
-133.0
-116.0
-101.0
-106.0
-92.0
-29.0
-2.0
-27.0
-63.0
-30.0
-27.0
-45.0
-61.0
-70.0
-65.0
-46.0
-41.0
-42.0
-69.0
-68.0
-54.0
-50.0
-100.0
-82.0
-58.0
-88.0
-99.0
-69.0
-77.0
-34.0
-3.0
43.0
77.0
97.0
69.0
52.0
16.0
-12.0
-11.0
-41.0
-52.0
-56.0
-23.0
-4.0
-32.0
-33.0
-44.0
-23.0
-13.0
-10.0
15.0
11.0
40.0
-22.0
-62.0
-23.0
-13.0
-10.0
-27.0
-20.0
29.0
42.0
32.0
52.0
68.0
30.0
4.0
-49.0
-62.0
-60.0
-69.0
-82.0
-89.0
-97.0
-72.0
-21.0
13.0
7.0
-1.0
-18.0
-2.0
42.0
41.0
-6.0
-41.0
-18.0
0.0
-2.0
-7.0
-34.0
-38.0
-4.0
32.0
31.0
58.0
76.0
20.0
-14.0
6.0
-6.0
-11.0
-23.0
-7.0
34.0
40.0
31.0
70.0
40.0
45.0
38.0
45.0
11.0
23.0
32.0
56.0
46.0
33.0
37.0
6.0
36.0
58.0
25.0
17.0
35.0
69.0
99.0
101.0
58.0
20.0
2.0
-6.0
-2.0
-26.0
21.0
55.0
73.0
119.0
95.0
105.0
112.0
105.0
98.0
96.0
80.0
64.0
35.0
45.0
51.0
64.0
81.0
71.0
76.0
59.0
42.0
35.0
25.0
13.0
-1.0
-13.0
4.0
5.0
27.0
45.0
55.0
92.0
81.0
62.0
58.0
67.0
41.0
26.0
24.0
6.0
14.0
34.0
36.0
40.0
40.0
31.0
30.0
22.0
23.0
48.0
54.0
45.0
49.0
33.0
18.0
37.0
20.0
20.0
49.0
43.0
-1.0
7.0
13.0
-2.0
-17.0
9.0
32.0
8.0
-10.0
-32.0
-25.0
8.0
-4.0
-14.0
-12.0
-36.0
-18.0
24.0
74.0
99.0
85.0
61.0
30.0
-8.0
-15.0
13.0
45.0
17.0
-10.0
-13.0
-11.0
-5.0
-19.0
-22.0
-26.0
-6.0
1.0
-14.0
-6.0
-24.0
-62.0
-71.0
-62.0
-86.0
-73.0
-25.0
-13.0
-12.0
11.0
-4.0
-31.0
-26.0
-33.0
-61.0
-23.0
5.0
-4.0
-5.0
-23.0
-33.0
-22.0
-10.0
-22.0
-44.0
-42.0
-12.0
-15.0
-22.0
-31.0
-70.0
-62.0
-42.0
-43.0
-20.0
-9.0
-43.0
-71.0
-54.0
-20.0
-34.0
-69.0
-60.0
-50.0
-33.0
-22.0
-34.0
-48.0
-53.0
-48.0
-45.0
-61.0
-51.0
-46.0
-72.0
-90.0
-100.0
-119.0
-100.0
-34.0
17.0
-16.0
-60.0
-27.0
-14.0
-17.0
-43.0
-69.0
-81.0
-75.0
-23.0
6.0
-8.0
-32.0
-44.0
-23.0
-8.0
11.0
3.0
0.0
4.0
9.0
27.0
14.0
14.0
37.0
10.0
-18.0
-42.0
-52.0
-34.0
-36.0
-44.0
-34.0
-23.0
-22.0
7.0
6.0
-20.0
-14.0
2.0
-37.0
-48.0
-29.0
21.0
73.0
98.0
84.0
73.0
48.0
16.0
5.0
9.0
-8.0
-11.0
19.0
28.0
36.0
31.0
30.0
29.0
5.0
-19.0
-10.0
3.0
5.0
2.0
10.0
15.0
23.0
6.0
13.0
41.0
42.0
63.0
48.0
31.0
-12.0
-19.0
-3.0
12.0
-4.0
1.0
-6.0
-39.0
-36.0
-23.0
-27.0
-39.0
-40.0
-67.0
-90.0
-67.0
-81.0
-90.0
-90.0
-73.0
-50.0
-43.0
-33.0
-24.0
-23.0
-40.0
-64.0
-45.0
-59.0
-79.0
-94.0
-107.0
-66.0
-67.0
-56.0
-14.0
-33.0
-27.0
-22.0
-21.0
-16.0
-4.0
-7.0
-23.0
-34.0
-12.0
-27.0
-40.0
-33.0
-16.0
-25.0
-34.0
-41.0
-29.0
-44.0
-33.0
17.0
27.0
8.0
-2.0
15.0
10.0
36.0
53.0
32.0
23.0
43.0
43.0
24.0
14.0
16.0
-8.0
11.0
11.0
17.0
24.0
40.0
72.0
105.0
184.0
237.0
306.0
363.0
383.0
423.0
445.0
433.0
378.0
316.0
294.0
274.0
241.0
212.0
221.0
186.0
185.0
188.0
187.0
169.0
144.0
134.0
90.0
56.0
51.0
37.0
26.0
7.0
12.0
22.0
19.0
-10.0
-8.0
11.0
28.0
12.0
-2.0
-31.0
-14.0
-17.0
-21.0
-41.0
-64.0
-68.0
-63.0
-46.0
-21.0
-11.0
-18.0
-19.0
-5.0
-44.0
-35.0
-24.0
-45.0
-43.0
-21.0
-54.0
-95.0
-89.0
-100.0
-95.0
-91.0
-45.0
-43.0
-53.0
-65.0
-46.0
-59.0
-97.0
-88.0
-94.0
-81.0
-76.0
-91.0
-68.0
-144.0
-138.0
-100.0
-95.0
-84.0
-102.0
-112.0
-135.0
-110.0
-88.0
-98.0
-76.0
-82.0
-122.0
-77.0
-82.0
-80.0
-54.0
-34.0
-48.0
-70.0
-58.0
-83.0
-109.0
-120.0
-125.0
-124.0
-126.0
-119.0
-135.0
-106.0
-95.0
-124.0
-123.0
-124.0
-97.0
-70.0
-136.0
-125.0
-116.0
-131.0
-126.0
-111.0
-72.0
-80.0
-83.0
-97.0
-111.0
-142.0
-175.0
-160.0
-127.0
-130.0
-123.0
-115.0
-103.0
-178.0
-211.0
-182.0
-167.0
-186.0
-175.0
-124.0
-140.0
-135.0
-113.0
-109.0
-103.0
-95.0
-68.0
-44.0
-26.0
1.0
-41.0
-10.0
-21.0
-49.0
-53.0
-32.0
-71.0
-69.0
-1.0
-76.0
-43.0
0.0
63.0
159.0
222.0
234.0
286.0
349.0
359.0
366.0
331.0
297.0
289.0
254.0
282.0
159.0
87.0
103.0
74.0
52.0
21.0
34.0
23.0
18.0
-23.0
-57.0
-34.0
-55.0
-121.0
-133.0
-131.0
-99.0
-84.0
-97.0
-105.0
-90.0
-96.0
-118.0
-113.0
-79.0
-105.0
-117.0
-92.0
-116.0
-93.0
-135.0
-170.0
-153.0
-140.0
-196.0
-174.0
-155.0
-183.0
-192.0
-191.0
-189.0
-203.0
-179.0
-138.0
-131.0
-171.0
-168.0
-169.0
-177.0
-166.0
-177.0
-190.0
-165.0
-168.0
-149.0
-116.0
-145.0
-159.0
-124.0
-127.0
-111.0
-99.0
-119.0
-140.0
-62.0
-70.0
-104.0
-122.0
-97.0
-123.0
-98.0
-72.0
-89.0
-107.0
-77.0
-33.0
-118.0
-103.0
-87.0
-122.0
-112.0
-86.0
-82.0
-70.0
-121.0
-119.0
-53.0
-90.0
-87.0
-64.0
-46.0
-42.0
-48.0
-37.0
-61.0
-65.0
-72.0
-62.0
-25.0
8.0
5.0
-4.0
12.0
24.0
10.0
-13.0
-39.0
-12.0
47.0
30.0
-73.0
-79.0
-73.0
-56.0
-32.0
-24.0
-37.0
-42.0
5.0
27.0
17.0
14.0
-44.0
-67.0
-62.0
-35.0
-45.0
-55.0
-73.0
-148.0
-155.0
-108.0
-70.0
-35.0
3.0
-46.0
-100.0
-72.0
-32.0
-5.0
17.0
22.0
-2.0
-16.0
11.0
12.0
-48.0
-52.0
-46.0
-73.0
-29.0
-5.0
-6.0
-17.0
-29.0
-52.0
-31.0
-44.0
-56.0
-40.0
-24.0
-42.0
-14.0
-46.0
-73.0
-46.0
-48.0
-48.0
-10.0
17.0
-14.0
-15.0
7.0
-37.0
-72.0
-64.0
-71.0
-29.0
-35.0
-68.0
-41.0
-55.0
-87.0
-53.0
8.0
-2.0
-6.0
6.0
-6.0
1.0
-48.0
-72.0
-61.0
-68.0
-64.0
-75.0
-70.0
-77.0
-92.0
-107.0
-116.0
-87.0
-64.0
-41.0
-50.0
-8.0
19.0
-19.0
-32.0
-26.0
-41.0
-35.0
2.0
60.0
71.0
39.0
15.0
27.0
-1.0
-4.0
-1.0
-13.0
3.0
25.0
16.0
7.0
-13.0
-48.0
-33.0
-7.0
-18.0
-11.0
-4.0
33.0
36.0
44.0
64.0
34.0
7.0
3.0
-4.0
-7.0
-51.0
-56.0
-73.0
-84.0
-117.0
-120.0
-120.0
-82.0
-46.0
-43.0
-29.0
-9.0
18.0
24.0
12.0
19.0
43.0
52.0
39.0
29.0
1.0
-24.0
-40.0
-42.0
-38.0
-42.0
-18.0
-36.0
-32.0
-24.0
-33.0
-3.0
-12.0
-52.0
-40.0
-21.0
-1.0
-6.0
-21.0
-26.0
-5.0
-2.0
-36.0
-64.0
-51.0
-36.0
-18.0
-23.0
-33.0
-51.0
-48.0
-20.0
-24.0
-27.0
-39.0
-30.0
-20.0
-29.0
-14.0
31.0
53.0
55.0
43.0
10.0
20.0
44.0
44.0
51.0
34.0
7.0
-27.0
-25.0
5.0
18.0
42.0
46.0
15.0
-2.0
-3.0
6.0
22.0
16.0
5.0
-15.0
-27.0
-27.0
-8.0
21.0
43.0
18.0
-17.0
6.0
27.0
16.0
4.0
-4.0
-11.0
-29.0
-26.0
-44.0
-58.0
-52.0
-67.0
-35.0
2.0
4.0
10.0
-7.0
-29.0
-11.0
-27.0
-27.0
-10.0
-16.0
27.0
31.0
0.0
-14.0
-30.0
-7.0
17.0
7.0
-28.0
-100.0
-104.0
-67.0
-49.0
-51.0
-41.0
-29.0
1.0
-6.0
-17.0
-21.0
-41.0
-3.0
11.0
7.0
-4.0
-30.0
-51.0
-13.0
4.0
-3.0
-14.0
-17.0
-14.0
-18.0
10.0
8.0
3.0
13.0
22.0
7.0
-4.0
-34.0
-51.0
-23.0
13.0
-4.0
-17.0
-27.0
-29.0
1.0
37.0
53.0
26.0
-18.0
-22.0
1.0
33.0
20.0
-12.0
-25.0
-19.0
33.0
88.0
76.0
31.0
-5.0
-7.0
-16.0
-17.0
-34.0
-51.0
-65.0
-65.0
-73.0
-80.0
-57.0
-59.0
-70.0
-63.0
-18.0
20.0
47.0
38.0
22.0
39.0
33.0
-2.0
-16.0
-11.0
-20.0
-46.0
-54.0
-74.0
-99.0
-64.0
-57.0
-45.0
-44.0
-46.0
-15.0
-7.0
2.0
-10.0
-34.0
-62.0
-101.0
-102.0
-65.0
-71.0
-54.0
-30.0
-41.0
-68.0
-98.0
-94.0
-86.0
-83.0
-77.0
-79.0
-81.0
-114.0
-105.0
-78.0
-33.0
-2.0
29.0
115.0
187.0
248.0
310.0
294.0
308.0
335.0
333.0
326.0
304.0
282.0
254.0
213.0
170.0
146.0
132.0
92.0
97.0
117.0
110.0
88.0
71.0
77.0
54.0
11.0
13.0
17.0
10.0
31.0
11.0
-22.0
13.0
7.0
0.0
-21.0
-10.0
3.0
-16.0
-33.0
-21.0
-25.0
-34.0
-48.0
-49.0
-66.0
-60.0
-83.0
-121.0
-120.0
-92.0
-59.0
-84.0
-92.0
-75.0
-74.0
-77.0
-82.0
-68.0
-82.0
-87.0
-82.0
-55.0
-49.0
-48.0
-70.0
-70.0
-70.0
-82.0
-83.0
-67.0
-70.0
-79.0
-88.0
-73.0
-102.0
-101.0
-92.0
-87.0
-71.0
-67.0
-93.0
-119.0
-102.0
-90.0
-73.0
-98.0
-111.0
-90.0
-100.0
-89.0
-44.0
-32.0
-73.0
-74.0
-50.0
-35.0
-31.0
-19.0
-52.0
-66.0
-65.0
-85.0
-65.0
-46.0
-33.0
-56.0
-39.0
-67.0
-65.0
-54.0
-58.0
-59.0
-57.0
-68.0
-77.0
-59.0
-58.0
-81.0
-109.0
-111.0
-104.0
-82.0
-110.0
-140.0
-131.0
-108.0
-93.0
-107.0
-118.0
-117.0
-104.0
-100.0
-86.0
-68.0
-96.0
-89.0
-109.0
-91.0
-97.0
-131.0
-127.0
-121.0
-120.0
-93.0
-67.0
-55.0
-63.0
-79.0
-92.0
-43.0
-29.0
-50.0
-44.0
-40.0
-52.0
-92.0
-107.0
-103.0
-111.0
-91.0
-108.0
-122.0
-131.0
-150.0
-178.0
-183.0
-169.0
-158.0
-184.0
-191.0
-198.0
-202.0
-188.0
-130.0
-121.0
-116.0
-134.0
-143.0
-135.0
-138.0
-126.0
-120.0
-134.0
-129.0
-126.0
-95.0
-68.0
-66.0
-101.0
-133.0
-131.0
-78.0
-50.0
-62.0
-51.0
-92.0
-114.0
-98.0
-127.0
-136.0
-108.0
-107.0
-89.0
-88.0
-71.0
-68.0
-73.0
-75.0
-84.0
-78.0
-136.0
-159.0
-143.0
-101.0
-60.0
-89.0
-102.0
-95.0
-69.0
-77.0
-82.0
-86.0
-108.0
-112.0
-91.0
-65.0
-63.0
-82.0
-90.0
-94.0
-62.0
-12.0
15.0
-16.0
-14.0
-36.0
1.0
30.0
7.0
11.0
2.0
-1.0
22.0
-16.0
-37.0
-15.0
-44.0
-41.0
-29.0
7.0
-44.0
-58.0
-69.0
-84.0
-100.0
-89.0
-72.0
-49.0
-75.0
-61.0
-59.0
-59.0
-47.0
-41.0
-28.0
-26.0
-31.0
-38.0
-26.0
-2.0
-34.0
-45.0
-87.0
-105.0
-79.0
-79.0
-88.0
-83.0
-87.0
-99.0
-65.0
-53.0
-84.0
-72.0
-65.0
-88.0
-90.0
-80.0
-112.0
-109.0
-98.0
-98.0
-83.0
-72.0
-77.0
-60.0
-68.0
-72.0
-69.0
-62.0
-22.0
-20.0
-18.0
-23.0
-93.0
-65.0
-42.0
-41.0
-35.0
-17.0
3.0
-52.0
-53.0
-67.0
-40.0
-2.0
12.0
-21.0
-27.0
-27.0
-37.0
11.0
-34.0
-57.0
-12.0
-36.0
-39.0
-35.0
-66.0
-52.0
-65.0
-48.0
-27.0
-39.0
-35.0
-34.0
-24.0
-13.0
-26.0
-54.0
-56.0
-49.0
-53.0
-16.0
-25.0
-48.0
-26.0
15.0
7.0
-15.0
-26.0
-8.0
-29.0
-51.0
-50.0
-25.0
-4.0
-32.0
-31.0
-23.0
-47.0
-68.0
-62.0
-48.0
-25.0
-14.0
-32.0
-33.0
-29.0
5.0
34.0
27.0
33.0
4.0
-23.0
11.0
40.0
37.0
56.0
36.0
34.0
34.0
21.0
28.0
28.0
36.0
35.0
24.0
22.0
8.0
31.0
58.0
82.0
48.0
35.0
41.0
18.0
-16.0
-60.0
-24.0
12.0
20.0
36.0
13.0
9.0
5.0
16.0
21.0
-2.0
-7.0
15.0
12.0
-6.0
-21.0
-38.0
-15.0
-28.0
-48.0
-54.0
-63.0
-49.0
-40.0
-43.0
-50.0
-70.0
-88.0
-129.0
-124.0
-95.0
-93.0
-72.0
-24.0
11.0
-14.0
-30.0
-52.0
-64.0
-44.0
-36.0
-32.0
-40.0
-36.0
30.0
72.0
69.0
22.0
-40.0
-103.0
-160.0
-168.0
-137.0
-93.0
-81.0
-59.0
-24.0
-26.0
2.0
13.0
-31.0
-48.0
-60.0
-87.0
-71.0
-76.0
-125.0
-168.0
-189.0
-181.0
-144.0
-103.0
-71.0
-33.0
-17.0
-37.0
-40.0
-18.0
25.0
22.0
-15.0
-49.0
-104.0
-126.0
-110.0
-89.0
-97.0
-92.0
-68.0
-26.0
-21.0
-13.0
-34.0
-65.0
-61.0
-68.0
-51.0
-59.0
-77.0
-99.0
-82.0
-37.0
-1.0
36.0
31.0
-7.0
-41.0
-41.0
-50.0
-64.0
-73.0
-104.0
-99.0
-79.0
-102.0
-101.0
-77.0
-51.0
-12.0
32.0
67.0
58.0
31.0
16.0
3.0
-36.0
-54.0
-69.0
-63.0
-51.0
-39.0
-9.0
13.0
26.0
61.0
58.0
40.0
66.0
73.0
35.0
16.0
-25.0
-30.0
-30.0
-36.0
-15.0
-25.0
-25.0
-8.0
1.0
-4.0
1.0
-18.0
-43.0
-40.0
-25.0
-27.0
-20.0
-7.0
-8.0
7.0
26.0
70.0
89.0
77.0
63.0
47.0
69.0
92.0
93.0
54.0
18.0
2.0
15.0
7.0
39.0
81.0
80.0
50.0
30.0
36.0
45.0
31.0
40.0
51.0
63.0
50.0
56.0
70.0
61.0
96.0
132.0
108.0
108.0
113.0
114.0
60.0
56.0
101.0
102.0
81.0
54.0
46.0
34.0
50.0
41.0
87.0
156.0
238.0
279.0
306.0
392.0
456.0
485.0
512.0
484.0
391.0
351.0
268.0
233.0
209.0
177.0
144.0
95.0
70.0
88.0
120.0
126.0
116.0
95.0
55.0
61.0
66.0
55.0
29.0
36.0
26.0
45.0
61.0
82.0
82.0
50.0
39.0
64.0
53.0
13.0
29.0
65.0
43.0
37.0
50.0
34.0
20.0
49.0
37.0
56.0
45.0
-1.0
5.0
-3.0
8.0
-21.0
-24.0
-37.0
-41.0
-1.0
-17.0
-40.0
12.0
6.0
-29.0
-48.0
-46.0
-32.0
-53.0
-88.0
-102.0
-107.0
-69.0
-15.0
-22.0
-14.0
-41.0
-59.0
-47.0
-45.0
-26.0
-58.0
-49.0
-54.0
-85.0
-71.0
-92.0
-131.0
-107.0
-99.0
-106.0
-77.0
-61.0
-55.0
-62.0
-47.0
-29.0
-20.0
-12.0
3.0
39.0
7.0
-26.0
-36.0
-41.0
-49.0
-58.0
-45.0
-58.0
-79.0
-76.0
-41.0
-28.0
-3.0
-15.0
-42.0
-33.0
-20.0
-12.0
-1.0
13.0
16.0
-22.0
-46.0
-43.0
-40.0
-48.0
-44.0
-37.0
-41.0
-52.0
-34.0
-8.0
-24.0
-59.0
-60.0
-31.0
7.0
41.0
25.0
12.0
-1.0
-34.0
-12.0
7.0
21.0
36.0
40.0
18.0
5.0
10.0
-26.0
-34.0
-20.0
-9.0
-8.0
-15.0
-24.0
-26.0
-22.0
-39.0
-42.0
-5.0
4.0
11.0
28.0
34.0
46.0
49.0
30.0
15.0
6.0
42.0
44.0
13.0
18.0
36.0
51.0
75.0
56.0
61.0
76.0
80.0
69.0
43.0
45.0
-7.0
-54.0
-59.0
-9.0
2.0
-10.0
-13.0
-18.0
9.0
38.0
27.0
31.0
42.0
38.0
12.0
-17.0
2.0
72.0
111.0
63.0
35.0
22.0
26.0
33.0
26.0
10.0
-16.0
-20.0
4.0
21.0
4.0
21.0
-2.0
-10.0
-13.0
0.0
-37.0
-68.0
-58.0
-39.0
-43.0
-21.0
8.0
-14.0
-15.0
3.0
17.0
46.0
53.0
49.0
52.0
14.0
-15.0
-18.0
-53.0
-93.0
-84.0
-52.0
-58.0
-37.0
7.0
15.0
-18.0
-50.0
-51.0
-68.0
-52.0
-42.0
-43.0
-32.0
-7.0
-38.0
-49.0
-58.0
-64.0
-22.0
-2.0
-2.0
11.0
-4.0
-29.0
-13.0
-27.0
-23.0
25.0
35.0
21.0
21.0
5.0
-14.0
3.0
8.0
14.0
2.0
-30.0
-61.0
-70.0
-50.0
-59.0
-54.0
-63.0
-63.0
-37.0
-12.0
-30.0
4.0
-2.0
-50.0
-25.0
-36.0
-55.0
-78.0
-31.0
10.0
-33.0
-52.0
-65.0
-64.0
-42.0
-54.0
-43.0
-14.0
1.0
35.0
21.0
9.0
2.0
-16.0
-23.0
1.0
36.0
30.0
23.0
9.0
-7.0
18.0
17.0
-4.0
10.0
13.0
-24.0
-25.0
-1.0
7.0
10.0
18.0
36.0
63.0
51.0
-12.0
-43.0
-24.0
-10.0
-6.0
-19.0
-15.0
17.0
48.0
76.0
16.0
-21.0
21.0
33.0
27.0
25.0
-19.0
-43.0
-52.0
-30.0
-29.0
-13.0
12.0
-11.0
-27.0
3.0
-17.0
-31.0
-11.0
-35.0
-16.0
-16.0
-42.0
-25.0
-53.0
-52.0
-30.0
4.0
16.0
8.0
22.0
44.0
34.0
-31.0
-62.0
-13.0
12.0
12.0
-13.0
-72.0
-83.0
-74.0
-49.0
-36.0
-59.0
-89.0
-113.0
-102.0
-73.0
-59.0
-64.0
-67.0
-66.0
-54.0
-70.0
-80.0
-91.0
-77.0
-78.0
-75.0
-72.0
-76.0
-74.0
-74.0
-69.0
-48.0
-33.0
-5.0
-13.0
-44.0
-46.0
-59.0
-72.0
-100.0
-99.0
-80.0
-72.0
-74.0
-62.0
-58.0
-70.0
-62.0
-34.0
-25.0
-37.0
-44.0
-63.0
-37.0
-15.0
-58.0
-74.0
-29.0
-1.0
-7.0
-26.0
4.0
3.0
-7.0
15.0
6.0
-5.0
12.0
9.0
13.0
8.0
-1.0
-23.0
-49.0
-56.0
-15.0
-15.0
-37.0
-12.0
-8.0
-5.0
48.0
78.0
58.0
40.0
-9.0
-39.0
-53.0
-44.0
-35.0
-11.0
39.0
68.0
99.0
110.0
94.0
71.0
45.0
53.0
65.0
67.0
54.0
41.0
10.0
-17.0
-37.0
-43.0
-32.0
-39.0
-12.0
36.0
73.0
97.0
112.0
121.0
106.0
97.0
83.0
72.0
87.0
93.0
91.0
63.0
42.0
45.0
51.0
66.0
72.0
29.0
-15.0
-2.0
18.0
3.0
3.0
10.0
34.0
64.0
19.0
-2.0
17.0
5.0
14.0
8.0
11.0
2.0
-15.0
-11.0
21.0
35.0
4.0
-25.0
-23.0
-17.0
-38.0
-19.0
-27.0
-48.0
-68.0
-62.0
-45.0
-35.0
-30.0
-8.0
12.0
-2.0
-5.0
-25.0
-14.0
-15.0
-31.0
-31.0
-33.0
-26.0
-37.0
-37.0
-42.0
-20.0
2.0
-31.0
-62.0
-69.0
-69.0
-74.0
-83.0
-67.0
-37.0
-15.0
-28.0
-26.0
-36.0
-38.0
-34.0
-35.0
-30.0
-87.0
-126.0
-142.0
-126.0
-97.0
-66.0
-85.0
-97.0
-70.0
-51.0
-60.0
-73.0
-65.0
-62.0
-35.0
-7.0
-22.0
-38.0
-73.0
-91.0
-105.0
-69.0
-73.0
-52.0
-35.0
-37.0
-31.0
-13.0
-16.0
-26.0
-23.0
-32.0
-35.0
-21.0
6.0
-21.0
-41.0
-29.0
-32.0
-40.0
-22.0
-12.0
-22.0
-35.0
-17.0
-14.0
-13.0
19.0
25.0
30.0
14.0
-30.0
-12.0
4.0
-14.0
-18.0
-25.0
-20.0
-15.0
-10.0
-13.0
3.0
10.0
-13.0
-45.0
-65.0
-54.0
-48.0
-46.0
-42.0
-44.0
-31.0
-43.0
-48.0
-46.0
-50.0
-38.0
-41.0
-41.0
-24.0
-23.0
-31.0
-38.0
-54.0
-37.0
-17.0
-41.0
-62.0
-84.0
-50.0
-23.0
-66.0
-86.0
-101.0
-76.0
-31.0
-38.0
-37.0
-21.0
10.0
46.0
24.0
-1.0
-53.0
-79.0
-72.0
-58.0
-33.0
-7.0
-5.0
-18.0
-32.0
-19.0
4.0
14.0
-40.0
-61.0
-26.0
-3.0
4.0
-25.0
-15.0
-6.0
-8.0
-9.0
2.0
2.0
-21.0
-5.0
-44.0
-80.0
-70.0
-82.0
-121.0
-130.0
-122.0
-123.0
-113.0
-100.0
-98.0
-87.0
-85.0
-88.0
-126.0
-129.0
-126.0
-135.0
-108.0
-115.0
-150.0
-161.0
-169.0
-172.0
-171.0
-173.0
-141.0
-112.0
-116.0
-115.0
-117.0
-92.0
-40.0
-58.0
-78.0
-47.0
-20.0
17.0
-5.0
51.0
121.0
166.0
228.0
250.0
258.0
261.0
235.0
246.0
254.0
208.0
202.0
195.0
178.0
136.0
121.0
105.0
73.0
34.0
17.0
18.0
15.0
15.0
9.0
16.0
19.0
27.0
33.0
25.0
38.0
73.0
47.0
17.0
7.0
-20.0
-28.0
-45.0
-72.0
-63.0
-51.0
-44.0
-51.0
-35.0
-19.0
-8.0
-24.0
-43.0
-65.0
-77.0
-106.0
-97.0
-95.0
-98.0
-69.0
-60.0
-78.0
-96.0
-98.0
-67.0
-33.0
-15.0
-2.0
-12.0
-24.0
-40.0
-10.0
8.0
23.0
19.0
-11.0
-20.0
-10.0
-31.0
-54.0
-49.0
-57.0
-59.0
-32.0
-4.0
6.0
-2.0
19.0
21.0
8.0
-7.0
-33.0
-52.0
-29.0
-29.0
-56.0
-55.0
-44.0
-43.0
-36.0
-22.0
-28.0
-41.0
-53.0
-65.0
-39.0
-57.0
-87.0
-62.0
-63.0
-62.0
-62.0
-59.0
-60.0
-80.0
-115.0
-103.0
-96.0
-98.0
-87.0
-92.0
-95.0
-96.0
-92.0
-79.0
-14.0
25.0
9.0
-29.0
-46.0
-27.0
14.0
-5.0
-7.0
-25.0
-51.0
-25.0
10.0
-2.0
-4.0
11.0
15.0
5.0
-4.0
2.0
23.0
19.0
-2.0
-13.0
-18.0
-18.0
-24.0
-21.0
7.0
-2.0
-12.0
-1.0
-3.0
-7.0
22.0
17.0
14.0
34.0
2.0
-18.0
-10.0
-7.0
-36.0
-51.0
-37.0
-22.0
13.0
39.0
15.0
4.0
13.0
10.0
6.0
39.0
18.0
-3.0
2.0
-34.0
-26.0
-10.0
-18.0
-22.0
-37.0
-14.0
4.0
-13.0
13.0
-13.0
-26.0
-14.0
-19.0
-6.0
-12.0
-20.0
-4.0
-6.0
-23.0
-13.0
7.0
5.0
3.0
8.0
5.0
29.0
49.0
44.0
58.0
61.0
9.0
-1.0
5.0
-3.0
-16.0
-36.0
-45.0
-42.0
-17.0
17.0
44.0
35.0
59.0
124.0
153.0
129.0
113.0
67.0
40.0
38.0
48.0
67.0
76.0
66.0
41.0
40.0
59.0
83.0
100.0
88.0
70.0
62.0
59.0
21.0
10.0
22.0
32.0
-21.0
-53.0
-39.0
-41.0
-37.0
7.0
16.0
17.0
22.0
42.0
43.0
5.0
-11.0
11.0
2.0
-18.0
-16.0
-21.0
6.0
42.0
43.0
33.0
4.0
0.0
-4.0
-21.0
12.0
27.0
28.0
13.0
-26.0
-58.0
-47.0
-33.0
-52.0
-70.0
-77.0
-44.0
-22.0
-10.0
-26.0
-17.0
1.0
6.0
-22.0
-14.0
4.0
-3.0
58.0
78.0
93.0
193.0
206.0
309.0
365.0
353.0
413.0
449.0
461.0
486.0
427.0
379.0
361.0
326.0
261.0
221.0
217.0
193.0
149.0
133.0
142.0
108.0
69.0
92.0
51.0
50.0
43.0
54.0
55.0
21.0
-36.0
-36.0
-48.0
-54.0
-43.0
-97.0
-115.0
-121.0
-106.0
-121.0
-145.0
-118.0
-92.0
-100.0
-90.0
-70.0
-71.0
-74.0
-68.0
-45.0
-32.0
-25.0
-43.0
-39.0
-14.0
4.0
-3.0
-34.0
-34.0
-12.0
-17.0
-20.0
-31.0
-49.0
-47.0
-39.0
-44.0
-28.0
-2.0
-1.0
-17.0
-44.0
-75.0
-78.0
-43.0
-34.0
-53.0
-39.0
16.0
21.0
27.0
48.0
39.0
4.0
-4.0
2.0
1.0
10.0
22.0
-34.0
-77.0
-70.0
-76.0
-88.0
-79.0
-93.0
-95.0
-61.0
-70.0
-90.0
-78.0
-77.0
-90.0
-66.0
-59.0
-73.0
-58.0
-45.0
-36.0
-20.0
-29.0
-41.0
-43.0
-25.0
-29.0
-41.0
-54.0
-56.0
-34.0
-17.0
-49.0
-40.0
-41.0
-30.0
-48.0
-51.0
-53.0
-56.0
-57.0
-55.0
-20.0
26.0
35.0
17.0
1.0
-16.0
-4.0
-5.0
-26.0
-51.0
-42.0
-40.0
-32.0
-51.0
-68.0
-44.0
-19.0
-14.0
-39.0
-16.0
-4.0
-1.0
5.0
20.0
27.0
40.0
59.0
39.0
21.0
-9.0
-6.0
-12.0
-18.0
-10.0
-2.0
21.0
9.0
11.0
7.0
14.0
5.0
-21.0
-27.0
-20.0
-4.0
18.0
22.0
-7.0
-21.0
-39.0
-79.0
-67.0
-19.0
-44.0
-59.0
-52.0
-35.0
-13.0
-18.0
-46.0
-88.0
-97.0
-73.0
-67.0
-73.0
-81.0
-52.0
-12.0
6.0
-6.0
-59.0
-69.0
-35.0
-55.0
-59.0
-77.0
-101.0
-103.0
-112.0
-111.0
-77.0
-48.0
-52.0
-51.0
-65.0
-80.0
-87.0
-90.0
-92.0
-56.0
-24.0
-48.0
-39.0
-43.0
-60.0
-49.0
-70.0
-52.0
-30.0
-40.0
-49.0
-56.0
-30.0
-33.0
-39.0
-68.0
-82.0
-103.0
-89.0
-63.0
-71.0
-87.0
-89.0
-73.0
-54.0
-68.0
-45.0
-27.0
-34.0
-24.0
-39.0
-42.0
-22.0
-8.0
-7.0
-20.0
-10.0
-29.0
-48.0
-21.0
2.0
-1.0
-39.0
-53.0
-31.0
-25.0
-48.0
-82.0
-101.0
-65.0
-33.0
-32.0
-55.0
-65.0
-45.0
-26.0
-31.0
-54.0
-79.0
-39.0
6.0
2.0
2.0
-7.0
-24.0
-30.0
-30.0
-24.0
-2.0
-5.0
-17.0
-4.0
17.0
23.0
37.0
35.0
-7.0
-15.0
3.0
22.0
37.0
36.0
23.0
26.0
40.0
30.0
43.0
49.0
36.0
47.0
61.0
62.0
67.0
28.0
12.0
-6.0
3.0
15.0
-3.0
-9.0
-1.0
-3.0
8.0
17.0
-10.0
-23.0
-37.0
-62.0
-56.0
-15.0
2.0
10.0
3.0
-1.0
2.0
19.0
41.0
33.0
6.0
-5.0
-2.0
-13.0
-24.0
-35.0
-16.0
4.0
16.0
10.0
-1.0
-24.0
-48.0
-29.0
-31.0
-53.0
-48.0
-33.0
-30.0
-38.0
-63.0
-83.0
-85.0
-90.0
-56.0
-64.0
-42.0
-20.0
-56.0
-72.0
-63.0
-52.0
-60.0
-65.0
-90.0
-95.0
-93.0
-93.0
-47.0
-21.0
-20.0
-30.0
-31.0
-50.0
-51.0
-52.0
-53.0
-53.0
-42.0
-16.0
-27.0
-49.0
-38.0
-52.0
-64.0
-76.0
-76.0
-61.0
-49.0
-12.0
18.0
4.0
-16.0
-22.0
5.0
45.0
41.0
22.0
52.0
106.0
118.0
135.0
165.0
187.0
197.0
220.0
251.0
297.0
379.0
406.0
415.0
421.0
408.0
405.0
368.0
319.0
312.0
299.0
260.0
257.0
252.0
261.0
257.0
252.0
251.0
202.0
156.0
152.0
154.0
134.0
118.0
110.0
119.0
106.0
70.0
102.0
107.0
81.0
111.0
102.0
109.0
137.0
129.0
107.0
31.0
-9.0
-31.0
-74.0
-59.0
-86.0
-118.0
-114.0
-107.0
-94.0
-90.0
-77.0
-53.0
-61.0
-69.0
-61.0
-50.0
-63.0
-86.0
-98.0
-90.0
-89.0
-89.0
-91.0
-82.0
-83.0
-96.0
-109.0
-111.0
-80.0
-63.0
-76.0
-78.0
-75.0
-86.0
-53.0
-100.0
-136.0
-138.0
-149.0
-174.0
-138.0
-97.0
-81.0
-92.0
-109.0
-143.0
-138.0
-111.0
-106.0
-99.0
-116.0
-152.0
-116.0
-110.0
-112.0
-83.0
-73.0
-46.0
-46.0
-70.0
-70.0
-43.0
-34.0
-54.0
-71.0
-120.0
-125.0
-126.0
-145.0
-128.0
-131.0
-181.0
-177.0
-193.0
-228.0
-201.0
-166.0
-178.0
-177.0
-200.0
-216.0
-189.0
-163.0
-146.0
-128.0
-95.0
-59.0
-60.0
-84.0
-100.0
-100.0
-100.0
-93.0
-94.0
-88.0
-96.0
-136.0
-171.0
-194.0
-204.0
-199.0
-169.0
-111.0
-115.0
-105.0
-84.0
-95.0
-81.0
-87.0
-133.0
-148.0
-181.0
-188.0
-164.0
-187.0
-183.0
-190.0
-218.0
-222.0
-235.0
-201.0
-137.0
-112.0
-140.0
-129.0
-94.0
-124.0
-139.0
-151.0
-215.0
-244.0
-222.0
-178.0
-139.0
-146.0
-181.0
-222.0
-190.0
-131.0
-82.0
-73.0
10.0
30.0
72.0
102.0
139.0
208.0
274.0
335.0
411.0
408.0
394.0
365.0
285.0
208.0
200.0
157.0
180.0
209.0
122.0
105.0
68.0
50.0
29.0
-15.0
-18.0
8.0
-2.0
-5.0
-16.0
-60.0
-105.0
-132.0
-158.0
-150.0
-152.0
-114.0
-80.0
-91.0
-123.0
-142.0
-167.0
-192.0
-207.0
-193.0
-200.0
-197.0
-226.0
-238.0
-233.0
-243.0
-206.0
-166.0
-155.0
-120.0
-143.0
-172.0
-139.0
-100.0
-115.0
-116.0
-139.0
-167.0
-168.0
-164.0
-156.0
-167.0
-221.0
-214.0
-206.0
-167.0
-129.0
-180.0
-211.0
-212.0
-240.0
-226.0
-211.0
-197.0
-166.0
-165.0
-144.0
-129.0
-145.0
-166.0
-206.0
-241.0
-242.0
-227.0
-197.0
-148.0
-179.0
-226.0
-231.0
-183.0
-153.0
-128.0
-110.0
-79.0
-121.0
-173.0
-216.0
-214.0
-199.0
-169.0
-171.0
-144.0
-116.0
-95.0
-83.0
-105.0
-117.0
-85.0
-105.0
-86.0
-105.0
-91.0
-89.0
-138.0
-179.0
-183.0
-147.0
-144.0
-154.0
-152.0
-150.0
-150.0
-140.0
-130.0
-101.0
-45.0
-41.0
-51.0
-51.0
-51.0
-48.0
-70.0
-58.0
-30.0
4.0
-28.0
-113.0
-163.0
-185.0
-178.0
-140.0
-130.0
-129.0
-116.0
-76.0
-37.0
-3.0
-5.0
-42.0
-27.0
3.0
3.0
-51.0
-57.0
-37.0
-86.0
-130.0
-96.0
-73.0
-73.0
-92.0
-83.0
-85.0
-105.0
-131.0
-159.0
-177.0
-168.0
-149.0
-146.0
-117.0
-106.0
-124.0
-117.0
-135.0
-155.0
-188.0
-195.0
-207.0
-251.0
-245.0
-228.0
-206.0
-170.0
-157.0
-155.0
-136.0
-152.0
-157.0
-164.0
-169.0
-125.0
-96.0
-76.0
-39.0
-27.0
-30.0
-40.0
-52.0
-58.0
-89.0
-135.0
-142.0
-171.0
-152.0
-133.0
-105.0
-90.0
-87.0
-92.0
-74.0
-50.0
-65.0
-93.0
-129.0
-124.0
-113.0
-124.0
-99.0
-87.0
-110.0
-108.0
-98.0
-91.0
-48.0
-40.0
-49.0
-65.0
-89.0
-95.0
-86.0
-67.0
-39.0
-52.0
-72.0
-77.0
-85.0
-99.0
-93.0
-93.0
-109.0
-93.0
-102.0
-116.0
-107.0
-81.0
-52.0
-73.0
-68.0
-30.0
-50.0
-75.0
-61.0
-45.0
-61.0
-53.0
-52.0
-70.0
-82.0
-81.0
-55.0
-32.0
-8.0
-27.0
-72.0
-80.0
-54.0
-32.0
-2.0
25.0
26.0
24.0
8.0
-39.0
-33.0
-11.0
18.0
46.0
24.0
49.0
86.0
70.0
11.0
-13.0
-47.0
-32.0
-30.0
-24.0
18.0
8.0
-18.0
-53.0
-66.0
-42.0
-22.0
-15.0
7.0
24.0
13.0
-6.0
-42.0
-39.0
-48.0
-63.0
-23.0
-14.0
6.0
38.0
34.0
15.0
-8.0
21.0
35.0
10.0
-7.0
-8.0
-15.0
24.0
4.0
0.0
16.0
29.0
58.0
61.0
48.0
30.0
-10.0
-23.0
-15.0
19.0
1.0
5.0
25.0
9.0
26.0
34.0
3.0
8.0
16.0
8.0
10.0
30.0
31.0
39.0
51.0
11.0
29.0
27.0
31.0
29.0
24.0
18.0
44.0
26.0
18.0
35.0
22.0
50.0
40.0
42.0
65.0
80.0
69.0
103.0
134.0
102.0
121.0
112.0
181.0
207.0
256.0
383.0
401.0
407.0
431.0
480.0
484.0
457.0
425.0
382.0
336.0
340.0
300.0
250.0
242.0
233.0
225.0
186.0
162.0
165.0
138.0
156.0
140.0
130.0
148.0
93.0
76.0
53.0
30.0
32.0
-6.0
-32.0
-1.0
30.0
-2.0
-18.0
-26.0
-28.0
-12.0
-33.0
-17.0
-16.0
-25.0
-55.0
-52.0
-55.0
-24.0
-65.0
-87.0
-73.0
-48.0
-69.0
-73.0
-115.0
-113.0
-77.0
-47.0
-25.0
-64.0
-79.0
-77.0
-78.0
-91.0
-100.0
-80.0
-68.0
-116.0
-160.0
-154.0
-124.0
-72.0
-87.0
-108.0
-68.0
-52.0
-48.0
-63.0
-45.0
-44.0
-34.0
-41.0
-98.0
-106.0
-84.0
-82.0
-102.0
-111.0
-90.0
-94.0
-132.0
-161.0
-178.0
-174.0
-128.0
-137.0
-192.0
-158.0
-108.0
-89.0
-73.0
-72.0
-51.0
-64.0
-89.0
-123.0
-124.0
-130.0
-134.0
-164.0
-170.0
-162.0
-148.0
-130.0
-109.0
-91.0
-91.0
-136.0
-143.0
-138.0
-154.0
-173.0
-152.0
-140.0
-139.0
-124.0
-91.0
-95.0
-79.0
-66.0
-63.0
-50.0
-81.0
-96.0
-89.0
-110.0
-64.0
-41.0
-29.0
-40.0
-37.0
-25.0
-28.0
-25.0
-37.0
-32.0
-55.0
-62.0
-96.0
-93.0
-102.0
-119.0
-119.0
-131.0
-74.0
-60.0
-63.0
-48.0
-51.0
-76.0
-58.0
-84.0
-99.0
-118.0
-110.0
-100.0
-70.0
-66.0
-69.0
-62.0
-49.0
-55.0
-84.0
-87.0
-87.0
-74.0
-58.0
-59.0
-68.0
-60.0
-34.0
-65.0
-68.0
-63.0
-55.0
-79.0
-50.0
-26.0
-46.0
-40.0
17.0
51.0
53.0
29.0
107.0
183.0
266.0
260.0
323.0
370.0
351.0
334.0
296.0
303.0
305.0
246.0
228.0
228.0
190.0
184.0
229.0
207.0
132.0
146.0
138.0
115.0
89.0
66.0
65.0
14.0
3.0
24.0
71.0
56.0
23.0
25.0
47.0
30.0
30.0
51.0
13.0
-2.0
-17.0
-63.0
-114.0
-148.0
-137.0
-88.0
-95.0
-73.0
-86.0
-59.0
-25.0
-33.0
-23.0
-17.0
-11.0
-35.0
-31.0
-37.0
-43.0
-45.0
-48.0
-62.0
-59.0
-82.0
-140.0
-109.0
-82.0
-111.0
-127.0
-128.0
-70.0
-71.0
-127.0
-118.0
-107.0
-96.0
-103.0
-107.0
-97.0
-105.0
-117.0
-92.0
-114.0
-120.0
-105.0
-130.0
-136.0
-105.0
-118.0
-111.0
-91.0
-92.0
-116.0
-150.0
-140.0
-166.0
-129.0
-81.0
-101.0
-88.0
-88.0
-94.0
-67.0
-82.0
-162.0
-154.0
-129.0
-109.0
-129.0
-129.0
-114.0
-69.0
-83.0
-68.0
-39.0
-37.0
-16.0
-30.0
-63.0
-63.0
-75.0
-79.0
-65.0
-82.0
-88.0
-73.0
-57.0
-31.0
-63.0
-72.0
-64.0
-56.0
-2.0
10.0
-21.0
-38.0
-54.0
-67.0
-45.0
-27.0
-35.0
-62.0
-56.0
-72.0
-114.0
-92.0
-95.0
-73.0
-52.0
-23.0
-19.0
-31.0
-14.0
-43.0
-72.0
-76.0
-74.0
-71.0
-95.0
-90.0
-78.0
-36.0
-32.0
-7.0
12.0
18.0
15.0
30.0
18.0
7.0
17.0
-25.0
-16.0
-20.0
-64.0
-42.0
-40.0
-58.0
-51.0
-49.0
-67.0
-114.0
-128.0
-117.0
-143.0
-151.0
-127.0
-83.0
-52.0
-68.0
-48.0
-58.0
-90.0
-117.0
-107.0
-88.0
-73.0
-53.0
-59.0
-69.0
-68.0
-54.0
-95.0
-131.0
-120.0
-75.0
-102.0
-109.0
-95.0
-48.0
-71.0
-63.0
-40.0
-31.0
7.0
39.0
30.0
15.0
-26.0
-32.0
-39.0
-69.0
-76.0
-44.0
-37.0
-57.0
-79.0
-34.0
-8.0
-43.0
-38.0
-9.0
-21.0
-12.0
-12.0
-31.0
-58.0
-66.0
-41.0
-41.0
-22.0
17.0
-26.0
-31.0
3.0
20.0
20.0
5.0
-11.0
-61.0
-87.0
-86.0
-134.0
-114.0
-86.0
-84.0
-73.0
-69.0
-51.0
-61.0
-41.0
-51.0
-61.0
-79.0
-90.0
-79.0
-76.0
-54.0
-80.0
-64.0
-72.0
-88.0
-65.0
-48.0
-31.0
-16.0
-46.0
-61.0
-70.0
-76.0
-107.0
-91.0
-118.0
-131.0
-118.0
-71.0
-56.0
-74.0
-67.0
-58.0
-59.0
-52.0
-68.0
-79.0
-81.0
-57.0
-52.0
-42.0
-48.0
-73.0
-88.0
-108.0
-128.0
-105.0
-83.0
-79.0
-93.0
-140.0
-170.0
-195.0
-221.0
-203.0
-190.0
-183.0
-164.0
-130.0
-134.0
-136.0
-118.0
-103.0
-127.0
-134.0
-124.0
-149.0
-141.0
-94.0
-91.0
-122.0
-149.0
-168.0
-201.0
-181.0
-151.0
-128.0
-135.0
-111.0
-115.0
-120.0
-109.0
-123.0
-137.0
-133.0
-136.0
-130.0
-106.0
-65.0
-65.0
-70.0
-69.0
-65.0
-53.0
-71.0
-57.0
-73.0
-112.0
-74.0
-58.0
-32.0
-33.0
-51.0
-56.0
-56.0
-2.0
9.0
-24.0
-55.0
-73.0
-76.0
-69.0
-53.0
-52.0
-27.0
2.0
38.0
92.0
122.0
162.0
232.0
291.0
364.0
391.0
378.0
405.0
394.0
327.0
323.0
327.0
257.0
219.0
201.0
178.0
151.0
146.0
151.0
144.0
122.0
68.0
67.0
100.0
139.0
154.0
117.0
114.0
53.0
21.0
21.0
29.0
30.0
44.0
68.0
57.0
53.0
68.0
40.0
45.0
37.0
7.0
6.0
21.0
32.0
74.0
63.0
59.0
36.0
34.0
31.0
36.0
26.0
27.0
22.0
30.0
27.0
17.0
-1.0
-10.0
-10.0
-43.0
-39.0
-23.0
-16.0
-39.0
-45.0
-48.0
-27.0
-5.0
-15.0
-21.0
-21.0
-20.0
-9.0
-14.0
-40.0
-29.0
-11.0
15.0
5.0
8.0
23.0
22.0
31.0
-11.0
-18.0
-30.0
-24.0
-3.0
3.0
-1.0
-36.0
-21.0
-31.0
-43.0
-57.0
-115.0
-121.0
-103.0
-107.0
-109.0
-93.0
-68.0
-82.0
-90.0
-77.0
-59.0
-40.0
-26.0
-40.0
-27.0
-47.0
-60.0
-29.0
-44.0
-60.0
-56.0
-51.0
-22.0
0.0
-22.0
-36.0
-58.0
-87.0
-91.0
-62.0
-46.0
-27.0
-20.0
-9.0
27.0
13.0
0.0
28.0
53.0
67.0
47.0
16.0
-4.0
-19.0
-14.0
-16.0
-19.0
1.0
-10.0
-27.0
-17.0
1.0
1.0
-35.0
-22.0
11.0
12.0
-27.0
-32.0
-47.0
-40.0
-93.0
-97.0
-96.0
-66.0
-44.0
-60.0
-68.0
-65.0
-24.0
13.0
1.0
4.0
-2.0
8.0
0.0
-12.0
-20.0
-10.0
-16.0
-41.0
-67.0
-55.0
-52.0
-35.0
-11.0
-4.0
12.0
-10.0
4.0
7.0
14.0
-24.0
-14.0
-48.0
-59.0
-50.0
-39.0
-18.0
2.0
-14.0
-27.0
-33.0
-13.0
5.0
-13.0
-1.0
7.0
49.0
79.0
88.0
68.0
54.0
100.0
95.0
128.0
174.0
203.0
287.0
354.0
392.0
400.0
415.0
418.0
439.0
445.0
401.0
358.0
313.0
213.0
176.0
176.0
159.0
129.0
117.0
110.0
91.0
88.0
66.0
34.0
5.0
-12.0
49.0
-16.0
-43.0
7.0
-4.0
-43.0
-25.0
22.0
3.0
-44.0
-51.0
-28.0
12.0
6.0
-22.0
-15.0
-34.0
-46.0
-47.0
-66.0
-47.0
-61.0
-94.0
-119.0
-136.0
-117.0
-123.0
-121.0
-118.0
-143.0
-147.0
-97.0
-81.0
-79.0
-67.0
-86.0
-107.0
-176.0
-179.0
-173.0
-190.0
-192.0
-139.0
-110.0
-87.0
-83.0
-45.0
-47.0
-88.0
-105.0
-118.0
-115.0
-119.0
-161.0
-175.0
-155.0
-164.0
-206.0
-221.0
-169.0
-181.0
-165.0
-127.0
-99.0
-133.0
-158.0
-141.0
-180.0
-173.0
-129.0
-73.0
-85.0
-90.0
-107.0
-154.0
-133.0
-95.0
-102.0
-128.0
-166.0
-116.0
-89.0
-145.0
-122.0
-110.0
-85.0
-84.0
-95.0
-82.0
-53.0
-50.0
-60.0
-61.0
-74.0
-106.0
-163.0
-134.0
-137.0
-126.0
-115.0
-131.0
-120.0
-88.0
-92.0
-100.0
-107.0
-121.0
-130.0
-155.0
-122.0
-108.0
-128.0
-108.0
-78.0
-59.0
31.0
40.0
-35.0
-26.0
-30.0
-26.0
-30.0
-31.0
-79.0
-101.0
-90.0
-74.0
-71.0
-42.0
-8.0
11.0
-39.0
-48.0
-23.0
-21.0
-31.0
-17.0
-12.0
5.0
8.0
-55.0
-86.0
-55.0
-68.0
-39.0
-10.0
28.0
43.0
-11.0
-13.0
36.0
31.0
-27.0
-85.0
-84.0
-97.0
-60.0
-35.0
1.0
34.0
8.0
-35.0
-52.0
-29.0
2.0
-10.0
-1.0
-28.0
-23.0
-10.0
-12.0
-5.0
-4.0
-62.0
-56.0
-48.0
-24.0
10.0
35.0
95.0
107.0
118.0
187.0
241.0
244.0
269.0
260.0
253.0
267.0
304.0
309.0
289.0
266.0
238.0
256.0
235.0
232.0
220.0
164.0
145.0
130.0
103.0
56.0
65.0
77.0
26.0
-22.0
-6.0
25.0
29.0
-9.0
-16.0
-15.0
-47.0
-35.0
-40.0
-30.0
53.0
16.0
-16.0
-6.0
-32.0
-44.0
-60.0
-65.0
-32.0
-40.0
-37.0
-44.0
-46.0
-44.0
-56.0
-36.0
-22.0
-32.0
-82.0
-67.0
-20.0
13.0
44.0
-10.0
-51.0
-17.0
31.0
-1.0
-29.0
-42.0
-47.0
-59.0
-72.0
-121.0
-111.0
-53.0
-61.0
-79.0
-83.0
-89.0
-73.0
-69.0
-74.0
-96.0
-102.0
-73.0
-103.0
-88.0
-79.0
-57.0
-34.0
-49.0
-53.0
-19.0
-35.0
-41.0
-25.0
-33.0
-27.0
-28.0
-34.0
-35.0
-17.0
-37.0
-65.0
-56.0
-79.0
-87.0
-87.0
-103.0
-58.0
-30.0
-24.0
15.0
-4.0
-53.0
-39.0
-30.0
-43.0
-46.0
-36.0
-46.0
-55.0
-71.0
-78.0
-64.0
-87.0
-63.0
-48.0
-39.0
-10.0
-9.0
-28.0
-30.0
-26.0
-46.0
-26.0
14.0
1.0
-32.0
-46.0
-45.0
-28.0
-34.0
-23.0
-4.0
-15.0
2.0
47.0
32.0
17.0
12.0
-5.0
-4.0
-13.0
-8.0
20.0
43.0
24.0
16.0
50.0
49.0
72.0
64.0
39.0
48.0
33.0
40.0
18.0
-8.0
-2.0
-15.0
-15.0
-55.0
-74.0
-29.0
22.0
61.0
53.0
23.0
-4.0
9.0
-4.0
-36.0
-23.0
12.0
-1.0
42.0
45.0
22.0
28.0
-13.0
-19.0
17.0
2.0
-25.0
-28.0
-36.0
-85.0
-55.0
-26.0
-15.0
-25.0
-27.0
-63.0
-34.0
-59.0
-48.0
-25.0
-21.0
-23.0
-5.0
-37.0
-61.0
-101.0
-139.0
-146.0
-88.0
-61.0
-112.0
-60.0
-46.0
-20.0
23.0
-36.0
-78.0
-39.0
-37.0
-30.0
-29.0
-52.0
-67.0
-78.0
-73.0
-61.0
-81.0
-72.0
-45.0
-36.0
-43.0
-97.0
-67.0
-60.0
-77.0
-68.0
-22.0
-20.0
-34.0
-33.0
-37.0
62.0
150.0
53.0
15.0
180.0
187.0
117.0
435.0
533.0
497.0
305.0
-2.0
245.0
137.0
45.0
396.0
486.0
431.0
208.0
279.0
340.0
158.0
84.0
54.0
65.0
-40.0
2.0
-54.0
3.0
-80.0
-81.0
15.0
-92.0
-46.0
-71.0
-148.0
-140.0
-133.0
-229.0
-222.0
-232.0
-241.0
-219.0
-211.0
-214.0
-197.0
-202.0
-174.0
-218.0
-315.0
-351.0
-303.0
-212.0
-258.0
-222.0
-310.0
-286.0
-202.0
-173.0
-196.0
-170.0
-143.0
-125.0
-168.0
-247.0
-186.0
-154.0
-126.0
-110.0
-179.0
-213.0
-188.0
-206.0
-169.0
-177.0
-230.0
-225.0
-202.0
-206.0
-201.0
-218.0
-234.0
-234.0
-213.0
-211.0
-214.0
-253.0
-237.0
-186.0
-204.0
-222.0
-202.0
-204.0
-213.0
-214.0
-194.0
-146.0
-136.0
-125.0
-111.0
-128.0
-155.0
-147.0
-224.0
-210.0
-166.0
-222.0
-263.0
-245.0
-261.0
-225.0
-213.0
-174.0
-145.0
-175.0
-154.0
-150.0
-178.0
-191.0
-203.0
-211.0
-222.0
-222.0
-177.0
-172.0
-180.0
-168.0
-142.0
-147.0
-182.0
-167.0
-77.0
-199.0
-287.0
-213.0
-229.0
-217.0
-198.0
-231.0
-217.0
-230.0
-207.0
-158.0
-176.0
-168.0
-147.0
-192.0
-190.0
-162.0
-158.0
-199.0
-227.0
-220.0
-186.0
-139.0
-167.0
-231.0
-201.0
-195.0
-173.0
-159.0
-174.0
-238.0
-196.0
-182.0
-157.0
-153.0
-188.0
-203.0
-228.0
-195.0
-162.0
-178.0
-162.0
-162.0
-212.0
-205.0
-151.0
-130.0
-118.0
-114.0
-115.0
-125.0
-94.0
-101.0
-107.0
-106.0
-122.0
-106.0
-108.0
-88.0
-92.0
-119.0
-112.0
-86.0
-62.0
-86.0
-51.0
-67.0
-96.0
-78.0
-74.0
-92.0
-68.0
-22.0
-78.0
-102.0
-94.0
-119.0
-148.0
-65.0
-60.0
-79.0
-77.0
-96.0
-98.0
-40.0
-11.0
-22.0
-18.0
19.0
42.0
42.0
65.0
43.0
52.0
75.0
40.0
74.0
67.0
71.0
105.0
137.0
169.0
211.0
244.0
245.0
270.0
310.0
342.0
307.0
278.0
261.0
202.0
171.0
151.0
133.0
132.0
77.0
48.0
-4.0
-27.0
-33.0
-17.0
-45.0
-69.0
-46.0
-48.0
-61.0
-79.0
-62.0
-52.0
-25.0
-1.0
-79.0
-97.0
-124.0
-133.0
-142.0
-172.0
-199.0
-199.0
-178.0
-144.0
-109.0
-113.0
-135.0
-258.0
-230.0
-217.0
-239.0
-233.0
-233.0
-171.0
-154.0
-118.0
-143.0
-143.0
-171.0
-153.0
-162.0
-177.0
-169.0
-88.0
-174.0
-149.0
-78.0
-50.0
-52.0
-20.0
-67.0
-57.0
-96.0
-119.0
-96.0
-127.0
-32.0
-79.0
-98.0
-60.0
-89.0
-78.0
-131.0
-126.0
-97.0
-108.0
-171.0
-197.0
-85.0
-112.0
-209.0
-143.0
-163.0
-156.0
-107.0
-107.0
-101.0
-99.0
-136.0
-103.0
-144.0
-180.0
-213.0
-135.0
-144.0
-158.0
-157.0
-186.0
-139.0
-129.0
-147.0
-174.0
-187.0
-184.0
-150.0
-83.0
-148.0
-192.0
-152.0
-146.0
-190.0
-95.0
-147.0
-134.0
-156.0
-173.0
-175.0
-132.0
-168.0
-100.0
-82.0
-180.0
-74.0
-71.0
-27.0
-7.0
87.0
131.0
167.0
156.0
297.0
299.0
288.0
301.0
186.0
211.0
319.0
181.0
169.0
150.0
183.0
92.0
99.0
90.0
-1.0
-36.0
-1.0
-61.0
-74.0
-16.0
-86.0
-207.0
-118.0
-142.0
-289.0
-119.0
-221.0
-260.0
-176.0
-240.0
-288.0
-172.0
-236.0
-269.0
-309.0
-195.0
-173.0
-162.0
-213.0
-275.0
-197.0
-178.0
-143.0
-212.0
-256.0
-163.0
-87.0
-169.0
-245.0
-100.0
-110.0
-218.0
-143.0
-46.0
-70.0
-132.0
-24.0
-44.0
-92.0
-38.0
21.0
60.0
-150.0
-87.0
-88.0
-105.0
-61.0
-93.0
-88.0
-128.0
-31.0
-126.0
-203.0
-56.0
-139.0
-265.0
-114.0
-116.0
-151.0
-28.0
-77.0
-166.0
-144.0
-183.0
-150.0
-115.0
-138.0
-135.0
-154.0
-185.0
-61.0
-133.0
-107.0
-73.0
-101.0
-131.0
-119.0
-74.0
-31.0
-113.0
-130.0
-182.0
-74.0
-153.0
-196.0
-187.0
-183.0
-206.0
-88.0
-156.0
-129.0
-196.0
-166.0
-113.0
-185.0
-28.0
-156.0
-204.0
-147.0
-43.0
-81.0
-206.0
-152.0
-126.0
-225.0
-77.0
-70.0
-200.0
-135.0
-75.0
-123.0
-46.0
-208.0
-164.0
-154.0
-115.0
-113.0
-196.0
-160.0
-214.0
-109.0
-60.0
-198.0
-168.0
-107.0
-205.0
-135.0
-1.0
-91.0
-167.0
-84.0
-108.0
-133.0
-53.0
-2.0
-136.0
-205.0
-199.0
-121.0
-97.0
-194.0
-115.0
5.0
-37.0
-90.0
11.0
137.0
123.0
-79.0
-35.0
-37.0
-13.0
-26.0
18.0
-11.0
-45.0
-90.0
-53.0
-56.0
-71.0
37.0
-31.0
46.0
68.0
-125.0
-30.0
55.0
14.0
42.0
-14.0
-50.0
11.0
96.0
84.0
-46.0
-127.0
-159.0
-105.0
-56.0
-36.0
-67.0
-54.0
-12.0
30.0
-105.0
-131.0
-107.0
-137.0
-119.0
-92.0
-90.0
-101.0
7.0
-128.0
21.0
118.0
-65.0
56.0
43.0
89.0
56.0
-26.0
-25.0
-76.0
-81.0
94.0
-3.0
-220.0
-182.0
-90.0
28.0
69.0
-89.0
24.0
-69.0
-34.0
-49.0
-24.0
-116.0
34.0
27.0
23.0
-127.0
-174.0
-119.0
-109.0
-22.0
-21.0
-54.0
29.0
-79.0
-146.0
-55.0
29.0
-34.0
-129.0
-62.0
-138.0
-102.0
-77.0
-90.0
-96.0
-40.0
-66.0
-80.0
11.0
-45.0
-146.0
-95.0
9.0
-63.0
-78.0
40.0
-29.0
-82.0
-21.0
-2.0
-34.0
-51.0
-126.0
-56.0
31.0
-17.0
-48.0
104.0
38.0
-63.0
-6.0
-88.0
-47.0
96.0
-1.0
-84.0
-74.0
14.0
-2.0
-70.0
23.0
45.0
-67.0
-71.0
45.0
-5.0
41.0
72.0
-2.0
-33.0
41.0
93.0
88.0
145.0
80.0
109.0
139.0
80.0
91.0
52.0
119.0
56.0
50.0
93.0
26.0
41.0
32.0
-76.0
4.0
30.0
6.0
90.0
-77.0
76.0
137.0
32.0
25.0
-43.0
52.0
76.0
-5.0
-20.0
86.0
86.0
63.0
90.0
112.0
120.0
143.0
81.0
47.0
75.0
17.0
81.0
27.0
-27.0
26.0
-30.0
73.0
-18.0
54.0
30.0
-25.0
59.0
-34.0
-31.0
-24.0
-98.0
65.0
2.0
-115.0
-33.0
-23.0
-15.0
25.0
-222.0
-15.0
15.0
-74.0
-25.0
-35.0
26.0
21.0
-171.0
-4.0
14.0
29.0
117.0
22.0
-35.0
93.0
61.0
-16.0
-15.0
97.0
92.0
93.0
-48.0
44.0
2.0
-20.0
-18.0
-11.0
47.0
32.0
-24.0
-10.0
-17.0
-19.0
-62.0
-86.0
70.0
18.0
-27.0
-77.0
-73.0
22.0
12.0
-22.0
41.0
37.0
-7.0
-73.0
97.0
55.0
-30.0
6.0
-25.0
-25.0
-1.0
176.0
-5.0
-193.0
133.0
142.0
-78.0
38.0
-6.0
35.0
129.0
13.0
-26.0
128.0
10.0
30.0
46.0
106.0
22.0
-5.0
157.0
113.0
130.0
60.0
-7.0
83.0
46.0
40.0
63.0
-15.0
-23.0
118.0
22.0
51.0
-19.0
85.0
-5.0
-72.0
98.0
-3.0
-17.0
53.0
5.0
49.0
48.0
-8.0
-39.0
70.0
80.0
13.0
-26.0
92.0
40.0
-53.0
-88.0
31.0
103.0
65.0
53.0
-24.0
69.0
-60.0
-44.0
15.0
-26.0
-20.0
-32.0
62.0
12.0
-112.0
-82.0
-134.0
-91.0
-43.0
43.0
-55.0
-135.0
-119.0
-233.0
-156.0
-102.0
-161.0
-56.0
-195.0
-207.0
-64.0
-236.0
-37.0
-243.0
-194.0
-65.0
-97.0
-162.0
-203.0
-322.0
-187.0
-161.0
-220.0
-228.0
-437.0
-200.0
-231.0
-137.0
-9.0
-145.0
-174.0
-114.0
-253.0
-272.0
-118.0
-90.0
-195.0
-188.0
-51.0
-165.0
-34.0
-141.0
-91.0
-5.0
-18.0
-105.0
-203.0
-78.0
-162.0
-188.0
-202.0
-60.0
-176.0
-173.0
-10.0
-103.0
-296.0
-147.0
40.0
8.0
-4.0
-158.0
-161.0
-147.0
64.0
-12.0
-128.0
-32.0
-73.0
-159.0
33.0
6.0
65.0
-1.0
-96.0
-19.0
110.0
68.0
-67.0
91.0
67.0
16.0
25.0
-14.0
-27.0
97.0
-34.0
83.0
33.0
-40.0
-3.0
47.0
97.0
97.0
44.0
51.0
186.0
204.0
22.0
241.0
145.0
61.0
165.0
165.0
23.0
85.0
42.0
17.0
90.0
111.0
2.0
35.0
131.0
94.0
114.0
47.0
89.0
53.0
105.0
70.0
76.0
96.0
48.0
146.0
93.0
98.0
145.0
225.0
310.0
225.0
318.0
278.0
149.0
251.0
345.0
55.0
108.0
84.0
146.0
165.0
146.0
213.0
108.0
208.0
382.0
191.0
160.0
282.0
300.0
76.0
-89.0
-145.0
69.0
182.0
121.0
-115.0
74.0
105.0
172.0
47.0
180.0
16.0
198.0
254.0
-185.0
12.0
39.0
169.0
-135.0
221.0
427.0
132.0
197.0
-304.0
-285.0
105.0
128.0
-37.0
45.0
7.0
171.0
-96.0
70.0
-182.0
49.0
169.0
-16.0
4.0
0.0
-222.0
68.0
11.0
-259.0
300.0
-29.0
227.0
-133.0
23.0
-7.0
-183.0
46.0
62.0
148.0
161.0
-277.0
-201.0
60.0
257.0
-126.0
120.0
26.0
197.0
-53.0
-22.0
-86.0
18.0
-12.0
-241.0
-52.0
-107.0
-106.0
-9.0
-146.0
26.0
119.0
-268.0
-206.0
89.0
-248.0
28.0
-101.0
-37.0
276.0
-131.0
-73.0
-65.0
72.0
-228.0
203.0
166.0
-244.0
165.0
5.0
-65.0
4.0
-149.0
112.0
153.0
-284.0
139.0
68.0
-72.0
-93.0
173.0
-191.0
133.0
124.0
91.0
30.0
-50.0
101.0
56.0
92.0
-351.0
-346.0
-40.0
-32.0
-43.0
-252.0
-143.0
-154.0
-112.0
-105.0
-90.0
-127.0
-116.0
-200.0
-163.0
-95.0
103.0
250.0
-191.0
29.0
267.0
-44.0
-34.0
-159.0
-117.0
-14.0
-72.0
17.0
-158.0
-60.0
-45.0
-140.0
-64.0
154.0
78.0
-22.0
52.0
99.0
102.0
131.0
-2.0
77.0
28.0
41.0
145.0
42.0
47.0
100.0
69.0
120.0
25.0
71.0
52.0
86.0
167.0
182.0
7.0
23.0
-18.0
-55.0
149.0
124.0
73.0
-4.0
156.0
176.0
69.0
149.0
216.0
73.0
265.0
103.0
-224.0
170.0
204.0
66.0
3.0
-284.0
-31.0
-116.0
-161.0
12.0
101.0
194.0
139.0
-233.0
-45.0
107.0
-173.0
-196.0
394.0
12.0
-158.0
176.0
-22.0
-108.0
-92.0
11.0
203.0
-105.0
-131.0
97.0
11.0
132.0
211.0
-34.0
-65.0
-234.0
340.0
119.0
-30.0
-81.0
265.0
-116.0
-258.0
306.0
-117.0
8.0
-104.0
-204.0
-144.0
94.0
33.0
-247.0
89.0
-91.0
163.0
109.0
-140.0
-77.0
-99.0
-407.0
-20.0
84.0
-43.0
68.0
-175.0
-122.0
309.0
-69.0
71.0
34.0
210.0
63.0
93.0
72.0
139.0
-51.0
-164.0
-258.0
150.0
-44.0
61.0
274.0
-230.0
69.0
155.0
-121.0
-44.0
42.0
-56.0
251.0
154.0
-204.0
130.0
315.0
272.0
369.0
191.0
70.0
158.0
46.0
-21.0
-75.0
93.0
206.0
90.0
71.0
-41.0
118.0
212.0
-6.0
131.0
206.0
220.0
222.0
4.0
14.0
173.0
137.0
32.0
20.0
-31.0
26.0
166.0
-34.0
-59.0
127.0
124.0
136.0
192.0
213.0
162.0
109.0
126.0
89.0
98.0
-15.0
-97.0
-134.0
-10.0
67.0
79.0
277.0
305.0
54.0
12.0
-77.0
242.0
220.0
-27.0
114.0
-397.0
-430.0
-272.0
-353.0
-303.0
-220.0
-148.0
-32.0
-380.0
-269.0
-163.0
-139.0
-80.0
32.0
-43.0
-205.0
-83.0
-69.0
-321.0
-92.0
156.0
8.0
109.0
143.0
180.0
90.0
197.0
-81.0
170.0
63.0
-39.0
24.0
-96.0
-10.0
-5.0
-104.0
91.0
-68.0
-97.0
60.0
66.0
13.0
178.0
116.0
-30.0
-44.0
149.0
124.0
6.0
-370.0
-240.0
-1.0
71.0
-194.0
-65.0
-46.0
-86.0
58.0
-2.0
-98.0
363.0
160.0
-208.0
96.0
-266.0
-27.0
438.0
-312.0
-8.0
414.0
35.0
256.0
156.0
-188.0
240.0
-17.0
-293.0
16.0
14.0
-17.0
-171.0
-18.0
40.0
-144.0
39.0
226.0
-116.0
33.0
73.0
143.0
118.0
-295.0
-28.0
27.0
-163.0
121.0
-47.0
-98.0
-100.0
49.0
-220.0
-69.0
224.0
-269.0
-32.0
175.0
68.0
48.0
83.0
-254.0
183.0
-115.0
-91.0
-78.0
48.0
-140.0
-61.0
-92.0
-271.0
258.0
163.0
-29.0
-220.0
21.0
-103.0
242.0
-60.0
-256.0
80.0
135.0
-312.0
-426.0
189.0
-112.0
-158.0
-74.0
-211.0
241.0
55.0
-198.0
-184.0
-15.0
395.0
189.0
147.0
336.0
120.0
24.0
164.0
309.0
240.0
82.0
257.0
378.0
124.0
4.0
208.0
-50.0
200.0
-64.0
-68.0
208.0
63.0
-194.0
-27.0
49.0
38.0
69.0
140.0
81.0
64.0
91.0
124.0
221.0
46.0
89.0
84.0
-3.0
73.0
101.0
88.0
133.0
104.0
211.0
54.0
100.0
80.0
44.0
73.0
133.0
10.0
20.0
77.0
37.0
2.0
5.0
106.0
218.0
-127.0
-158.0
79.0
-130.0
-161.0
-68.0
-80.0
-180.0
-131.0
-143.0
-144.0
-130.0
-51.0
-111.0
-61.0
-156.0
-135.0
-100.0
-132.0
-161.0
-112.0
-137.0
-173.0
-87.0
-44.0
-56.0
-101.0
-59.0
5.0
-16.0
-134.0
-78.0
-24.0
-51.0
-58.0
-43.0
-155.0
-130.0
-15.0
-78.0
-57.0
-3.0
-102.0
-100.0
-80.0
-8.0
-46.0
166.0
288.0
340.0
410.0
463.0
535.0
446.0
434.0
263.0
-96.0
446.0
159.0
-471.0
-177.0
-157.0
-126.0
111.0
-427.0
-113.0
-40.0
-489.0
-179.0
224.0
-56.0
-186.0
-213.0
-139.0
-271.0
-250.0
-200.0
-143.0
-118.0
-150.0
-216.0
-220.0
-166.0
-199.0
-215.0
-197.0
-137.0
-145.0
-208.0
-168.0
-227.0
-261.0
-204.0
-151.0
-216.0
-220.0
-226.0
-256.0
-300.0
-263.0
-213.0
-228.0
-195.0
-279.0
-296.0
-275.0
-291.0
-287.0
-320.0
-314.0
-251.0
-256.0
-276.0
-260.0
-252.0
-346.0
-322.0
-297.0
-336.0
-303.0
-281.0
-271.0
-245.0
-272.0
-340.0
-318.0
-321.0
-315.0
-254.0
-273.0
-285.0
-231.0
-232.0
-306.0
-354.0
-265.0
-289.0
-269.0
-286.0
-301.0
-283.0
-329.0
-341.0
-295.0
-280.0
-265.0
-289.0
-285.0
-276.0
-250.0
-222.0
-205.0
-192.0
-209.0
-270.0
-281.0
-223.0
-203.0
-198.0
-176.0
-168.0
-146.0
-165.0
-195.0
-244.0
-239.0
-235.0
-200.0
-230.0
-289.0
-249.0
-205.0
-193.0
-207.0
-193.0
-242.0
-247.0
-216.0
-207.0
-229.0
-229.0
-228.0
-224.0
-242.0
-209.0
-161.0
-161.0
-174.0
-158.0
-163.0
-181.0
-202.0
-215.0
-208.0
-199.0
-219.0
-260.0
-263.0
-270.0
-254.0
-232.0
-224.0
-216.0
-216.0
-239.0
-249.0
-236.0
-220.0
-181.0
-148.0
-152.0
-148.0
-129.0
-144.0
-156.0
-162.0
-176.0
-177.0
-157.0
-161.0
-209.0
-209.0
-191.0
-175.0
-178.0
-173.0
-165.0
-144.0
-152.0
-141.0
-137.0
-142.0
-134.0
-138.0
-156.0
-195.0
-181.0
-171.0
-213.0
-201.0
-186.0
-205.0
-183.0
-186.0
-190.0
-184.0
-162.0
-166.0
-167.0
-158.0
-148.0
-193.0
-199.0
-187.0
-168.0
-154.0
-166.0
-174.0
-190.0
-185.0
-151.0
-154.0
-138.0
-153.0
-199.0
-199.0
-197.0
-205.0
-202.0
-213.0
-208.0
-207.0
-185.0
-181.0
-199.0
-193.0
-189.0
-195.0
-192.0
-190.0
-205.0
-219.0
-212.0
-239.0
-265.0
-262.0
-231.0
-218.0
-193.0
-161.0
-162.0
-173.0
-197.0
-205.0
-169.0
-141.0
-166.0
-149.0
-76.0
-77.0
-119.0
-106.0
-115.0
-137.0
-126.0
-128.0
-127.0
-119.0
-64.0
-60.0
-46.0
-42.0
-53.0
-41.0
-15.0
-70.0
-133.0
-155.0
-154.0
-139.0
-150.0
-143.0
-131.0
-133.0
-151.0
-163.0
-153.0
-169.0
-189.0
-182.0
-164.0
-159.0
-153.0
-146.0
-144.0
-133.0
-141.0
-137.0
-130.0
-123.0
-120.0
-126.0
-134.0
-165.0
-157.0
-125.0
-138.0
-153.0
-192.0
-202.0
-184.0
-185.0
-173.0
-147.0
-150.0
-163.0
-173.0
-191.0
-202.0
-158.0
-135.0
-145.0
-159.0
-155.0
-178.0
-204.0
-176.0
-163.0
-139.0
-112.0
-123.0
-115.0
-121.0
-133.0
-111.0
-111.0
-97.0
-79.0
-89.0
-98.0
-101.0
-121.0
-124.0
-105.0
-84.0
-83.0
-90.0
-87.0
-85.0
-89.0
-109.0
-162.0
-188.0
-191.0
-174.0
-182.0
-173.0
-183.0
-192.0
-195.0
-199.0
-192.0
-176.0
-145.0
-155.0
-165.0
-171.0
-171.0
-183.0
-213.0
-207.0
-194.0
-193.0
-227.0
-230.0
-212.0
-195.0
-166.0
-185.0
-198.0
-195.0
-206.0
-199.0
-170.0
-149.0
-152.0
-163.0
-170.0
-175.0
-172.0
-158.0
-145.0
-154.0
-177.0
-175.0
-165.0
-171.0
-166.0
-163.0
-145.0
-129.0
-129.0
-119.0
-133.0
-154.0
-158.0
-166.0
-171.0
-169.0
-152.0
-147.0
-180.0
-165.0
-157.0
-154.0
-158.0
-156.0
-156.0
-186.0
-173.0
-150.0
-162.0
-169.0
-134.0
-103.0
-107.0
-150.0
-158.0
-153.0
-158.0
-135.0
-115.0
-111.0
-80.0
-61.0
-52.0
-73.0
-103.0
-106.0
-127.0
-154.0
-156.0
-175.0
-149.0
-111.0
-84.0
-108.0
-122.0
-115.0
-127.0
-138.0
-132.0
-136.0
-122.0
-102.0
-106.0
-93.0
-67.0
-63.0
-59.0
-48.0
-62.0
-79.0
-87.0
-82.0
-72.0
-96.0
-138.0
-147.0
-112.0
-102.0
-88.0
-63.0
-48.0
-34.0
-44.0
-49.0
-47.0
-38.0
-17.0
-8.0
-25.0
-55.0
-58.0
-49.0
-46.0
-66.0
-86.0
-74.0
-66.0
-80.0
-97.0
-89.0
-103.0
-106.0
-101.0
-118.0
-120.0
-98.0
-86.0
-82.0
-73.0
-70.0
-80.0
-65.0
-37.0
-38.0
-58.0
-78.0
-72.0
-49.0
-40.0
-32.0
-30.0
-26.0
-27.0
-42.0
-55.0
-46.0
-45.0
-37.0
-42.0
-39.0
-37.0
-38.0
-45.0
-17.0
21.0
15.0
-6.0
-29.0
-45.0
-43.0
-33.0
-32.0
-55.0
-72.0
-68.0
-52.0
-50.0
-13.0
-19.0
-28.0
-7.0
-7.0
-8.0
-19.0
-34.0
-29.0
-22.0
-22.0
-41.0
-78.0
-98.0
-80.0
-58.0
-56.0
-84.0
-88.0
-94.0
-67.0
-21.0
45.0
76.0
108.0
136.0
222.0
285.0
326.0
360.0
379.0
421.0
416.0
370.0
400.0
406.0
362.0
368.0
369.0
343.0
318.0
275.0
224.0
174.0
117.0
72.0
81.0
102.0
37.0
-10.0
-33.0
-31.0
24.0
116.0
140.0
127.0
117.0
86.0
20.0
-8.0
9.0
-5.0
-48.0
-96.0
-116.0
-131.0
-110.0
-142.0
-154.0
-129.0
-109.0
-98.0
-71.0
-72.0
-120.0
-161.0
-183.0
-159.0
-146.0
-92.0
-54.0
-54.0
-101.0
-133.0
-120.0
-131.0
-159.0
-179.0
-164.0
-133.0
-108.0
-91.0
-89.0
-96.0
-96.0
-109.0
-107.0
-121.0
-161.0
-181.0
-159.0
-107.0
-86.0
-85.0
-59.0
-73.0
-100.0
-100.0
-117.0
-107.0
-103.0
-131.0
-124.0
-145.0
-145.0
-148.0
-199.0
-192.0
-192.0
-166.0
-153.0
-197.0
-200.0
-183.0
-160.0
-135.0
-150.0
-168.0
-149.0
-145.0
-141.0
-135.0
-126.0
-119.0
-147.0
-156.0
-140.0
-114.0
-103.0
-109.0
-125.0
-121.0
-105.0
-93.0
-129.0
-144.0
-116.0
-101.0
-103.0
-101.0
-120.0
-134.0
-135.0
-132.0
-114.0
-98.0
-95.0
-97.0
-92.0
-102.0
-125.0
-128.0
-145.0
-142.0
-111.0
-81.0
-88.0
-96.0
-66.0
-67.0
-69.0
-77.0
-108.0
-132.0
-116.0
-119.0
-130.0
-142.0
-113.0
-116.0
-116.0
-96.0
-108.0
-128.0
-112.0
-99.0
-103.0
-115.0
-95.0
-94.0
-110.0
-134.0
-148.0
-147.0
-139.0
-122.0
-103.0
-112.0
-127.0
-139.0
-113.0
-104.0
-99.0
-102.0
-117.0
-113.0
-116.0
-108.0
-95.0
-89.0
-85.0
-63.0
-56.0
-53.0
-54.0
-54.0
-76.0
-100.0
-87.0
-101.0
-117.0
-87.0
-124.0
-159.0
-127.0
-89.0
-70.0
-60.0
-81.0
-68.0
-49.0
-53.0
-61.0
-74.0
-80.0
-69.0
-65.0
-89.0
-114.0
-89.0
-81.0
-81.0
-98.0
-102.0
-112.0
-109.0
-99.0
-110.0
-98.0
-84.0
-93.0
-111.0
-129.0
-146.0
-148.0
-137.0
-136.0
-110.0
-81.0
-61.0
-19.0
8.0
17.0
-3.0
-28.0
-37.0
-39.0
-57.0
-71.0
-84.0
-111.0
-110.0
-108.0
-110.0
-95.0
-78.0
-71.0
-86.0
-78.0
-76.0
-68.0
-67.0
-78.0
-81.0
-81.0
-83.0
-90.0
-91.0
-63.0
-65.0
-76.0
-82.0
-86.0
-88.0
-78.0
-73.0
-91.0
-119.0
-117.0
-131.0
-112.0
-115.0
-93.0
-80.0
-88.0
-107.0
-111.0
-102.0
-92.0
-101.0
-103.0
-81.0
-44.0
-43.0
-69.0
-81.0
-91.0
-83.0
-37.0
-36.0
-52.0
-64.0
-72.0
-52.0
-64.0
-79.0
-71.0
-52.0
-36.0
-46.0
-39.0
-26.0
-32.0
-46.0
-67.0
-49.0
-32.0
-42.0
-41.0
-42.0
-27.0
-7.0
-5.0
14.0
33.0
-9.0
-11.0
-22.0
-21.0
-19.0
1.0
-9.0
-33.0
-29.0
-12.0
-16.0
-24.0
-5.0
-6.0
-29.0
-45.0
-41.0
-34.0
-9.0
-7.0
-22.0
-22.0
-14.0
-23.0
-62.0
-75.0
-51.0
-25.0
-7.0
-16.0
-45.0
-45.0
-11.0
34.0
53.0
70.0
94.0
127.0
181.0
240.0
314.0
327.0
329.0
359.0
372.0
379.0
367.0
314.0
300.0
281.0
254.0
221.0
189.0
173.0
153.0
119.0
91.0
68.0
54.0
63.0
38.0
-23.0
-35.0
-30.0
-36.0
-34.0
-24.0
-17.0
-2.0
-26.0
-36.0
4.0
13.0
-6.0
-32.0
-9.0
23.0
3.0
-50.0
-89.0
-127.0
-116.0
-78.0
-91.0
-114.0
-121.0
-110.0
-116.0
-103.0
-87.0
-96.0
-116.0
-100.0
-83.0
-73.0
-84.0
-98.0
-110.0
-117.0
-124.0
-130.0
-129.0
-129.0
-120.0
-115.0
-106.0
-105.0
-139.0
-133.0
-143.0
-155.0
-122.0
-114.0
-111.0
-100.0
-110.0
-139.0
-143.0
-129.0
-127.0
-136.0
-138.0
-140.0
-142.0
-127.0
-124.0
-98.0
-64.0
-61.0
-57.0
-49.0
-60.0
-77.0
-89.0
-67.0
-73.0
-100.0
-107.0
-109.0
-124.0
-134.0
-154.0
-174.0
-161.0
-149.0
-144.0
-143.0
-133.0
-115.0
-98.0
-62.0
-56.0
-62.0
-72.0
-79.0
-95.0
-93.0
-99.0
-130.0
-114.0
-97.0
-106.0
-96.0
-84.0
-88.0
-83.0
-80.0
-79.0
-84.0
-87.0
-87.0
-70.0
-86.0
-121.0
-147.0
-133.0
-101.0
-100.0
-83.0
-80.0
-79.0
-82.0
-63.0
-31.0
-31.0
-33.0
-36.0
-37.0
-36.0
-33.0
-52.0
-72.0
-66.0
-89.0
-86.0
-80.0
-82.0
-73.0
-96.0
-96.0
-58.0
-45.0
-46.0
-50.0
-65.0
-58.0
-60.0
-56.0
-48.0
-55.0
-67.0
-58.0
-41.0
-42.0
-29.0
-27.0
-32.0
-22.0
-56.0
-76.0
-54.0
-39.0
-51.0
-42.0
-26.0
-19.0
-30.0
-35.0
-25.0
-36.0
-65.0
-69.0
-55.0
-70.0
-76.0
-54.0
-53.0
-63.0
-17.0
-37.0
-59.0
-58.0
-51.0
-21.0
-29.0
-27.0
-71.0
-101.0
-88.0
-93.0
-86.0
-63.0
-46.0
-51.0
-58.0
-42.0
-67.0
-93.0
-74.0
-76.0
-64.0
-72.0
-85.0
-80.0
-83.0
-58.0
-30.0
-29.0
-23.0
-14.0
-24.0
-40.0
-47.0
-51.0
-62.0
-83.0
-97.0
-73.0
-67.0
-56.0
-62.0
-60.0
-60.0
-45.0
-43.0
-58.0
-71.0
-81.0
-87.0
-87.0
-100.0
-73.0
-65.0
-82.0
-106.0
-121.0
-120.0
-104.0
-81.0
-96.0
-92.0
-80.0
-72.0
-58.0
-70.0
-71.0
-52.0
-17.0
6.0
5.0
-13.0
-12.0
-6.0
-6.0
-12.0
-22.0
-24.0
-38.0
-67.0
-63.0
-67.0
-74.0
-82.0
-72.0
-74.0
-69.0
-56.0
-30.0
-1.0
-5.0
14.0
4.0
-21.0
-29.0
-4.0
-17.0
-48.0
-65.0
-49.0
-35.0
-7.0
13.0
-1.0
-16.0
-41.0
-55.0
-54.0
-64.0
-71.0
-61.0
-38.0
-12.0
23.0
64.0
64.0
74.0
96.0
179.0
249.0
305.0
356.0
414.0
430.0
437.0
417.0
410.0
418.0
386.0
379.0
345.0
293.0
281.0
263.0
237.0
182.0
149.0
121.0
112.0
108.0
107.0
76.0
49.0
2.0
-20.0
-29.0
-7.0
-12.0
-49.0
-54.0
-53.0
-80.0
-62.0
-61.0
-70.0
-73.0
-71.0
-96.0
-99.0
-100.0
-108.0
-96.0
-98.0
-110.0
-118.0
-117.0
-86.0
-87.0
-109.0
-126.0
-145.0
-165.0
-162.0
-130.0
-108.0
-83.0
-76.0
-64.0
-3.0
3.0
-33.0
-36.0
-40.0
-84.0
-105.0
-117.0
-128.0
-130.0
-137.0
-129.0
-119.0
-125.0
-133.0
-138.0
-145.0
-137.0
-161.0
-181.0
-186.0
-185.0
-176.0
-184.0
-181.0
-190.0
-169.0
-175.0
-189.0
-193.0
-186.0
-153.0
-161.0
-183.0
-172.0
-163.0
-159.0
-122.0
-116.0
-121.0
-102.0
-106.0
-102.0
-97.0
-82.0
-100.0
-98.0
-108.0
-110.0
-96.0
-112.0
-97.0
-65.0
-80.0
-58.0
-27.0
-50.0
-60.0
-51.0
-42.0
-47.0
-16.0
0.0
18.0
-3.0
-25.0
-26.0
-27.0
-71.0
-64.0
-58.0
-51.0
-40.0
-71.0
-73.0
-46.0
-49.0
-38.0
1.0
-23.0
-33.0
-43.0
-62.0
-60.0
-63.0
-73.0
-45.0
-42.0
-73.0
-62.0
-53.0
-48.0
-34.0
-44.0
-43.0
-54.0
-55.0
-57.0
-65.0
-41.0
-69.0
-88.0
-74.0
-93.0
-108.0
-118.0
-108.0
-92.0
-88.0
-111.0
-101.0
-76.0
-35.0
-25.0
-19.0
-34.0
-24.0
-32.0
-25.0
-26.0
-30.0
-41.0
-50.0
-27.0
-45.0
-24.0
-21.0
-46.0
-51.0
-34.0
-33.0
-30.0
-23.0
-34.0
-44.0
-55.0
-29.0
-27.0
-41.0
-31.0
-13.0
12.0
11.0
-21.0
-39.0
-59.0
-49.0
-36.0
-31.0
-45.0
-53.0
-41.0
-71.0
-53.0
-33.0
-29.0
-39.0
-51.0
-35.0
-15.0
-39.0
-25.0
-24.0
-43.0
-36.0
-30.0
-43.0
-39.0
-48.0
-44.0
-18.0
-18.0
-33.0
-36.0
-65.0
-49.0
-18.0
5.0
-20.0
-59.0
-61.0
-24.0
-11.0
3.0
3.0
10.0
-8.0
-45.0
-57.0
-51.0
-43.0
-41.0
-57.0
-77.0
-95.0
-94.0
-93.0
-56.0
-41.0
-52.0
-41.0
-59.0
-73.0
-61.0
-65.0
-59.0
-47.0
-18.0
-14.0
14.0
2.0
-6.0
27.0
18.0
6.0
32.0
40.0
22.0
4.0
12.0
-10.0
-40.0
-30.0
-40.0
-58.0
-48.0
-46.0
-22.0
-17.0
-21.0
15.0
-3.0
-7.0
2.0
7.0
22.0
12.0
32.0
21.0
23.0
29.0
17.0
-19.0
-14.0
33.0
57.0
53.0
54.0
74.0
86.0
48.0
36.0
40.0
14.0
20.0
-12.0
1.0
22.0
2.0
5.0
10.0
24.0
22.0
15.0
-13.0
-13.0
11.0
5.0
8.0
12.0
3.0
15.0
5.0
8.0
17.0
49.0
39.0
27.0
32.0
13.0
-9.0
3.0
14.0
24.0
-4.0
-38.0
-45.0
-52.0
-33.0
5.0
11.0
-15.0
-58.0
-61.0
-50.0
-51.0
-33.0
-37.0
-10.0
-12.0
-35.0
-68.0
-65.0
-59.0
-49.0
-44.0
-84.0
-96.0
-95.0
-92.0
-79.0
-74.0
-92.0
-118.0
-113.0
-88.0
-83.0
-78.0
-59.0
-57.0
-80.0
-81.0
-68.0
-52.0
-62.0
-40.0
-18.0
-24.0
-40.0
-45.0
-38.0
-35.0
-59.0
-77.0
-98.0
-97.0
-67.0
-70.0
-77.0
-81.0
-95.0
-92.0
-83.0
-58.0
-67.0
-78.0
-122.0
-123.0
-77.0
-59.0
-65.0
-86.0
-96.0
-79.0
-69.0
-69.0
-83.0
-84.0
-89.0
-84.0
-74.0
-66.0
-53.0
-41.0
-23.0
-37.0
-74.0
-88.0
-76.0
-67.0
-67.0
-66.0
-74.0
-85.0
-56.0
-50.0
-79.0
-90.0
-98.0
-90.0
-92.0
-84.0
-81.0
-80.0
-51.0
-52.0
-53.0
-52.0
-53.0
-55.0
-40.0
-30.0
-21.0
-29.0
-34.0
-19.0
-10.0
-5.0
-21.0
-14.0
-9.0
-19.0
-14.0
10.0
16.0
-7.0
-4.0
17.0
-12.0
-31.0
-16.0
-3.0
-16.0
-26.0
-7.0
6.0
-16.0
-41.0
-38.0
-23.0
-16.0
-3.0
41.0
24.0
7.0
21.0
-5.0
-2.0
8.0
-21.0
-23.0
-21.0
5.0
50.0
46.0
21.0
17.0
37.0
33.0
37.0
39.0
28.0
46.0
48.0
38.0
48.0
31.0
6.0
-9.0
-15.0
-20.0
-32.0
-12.0
-2.0
15.0
8.0
25.0
63.0
55.0
68.0
51.0
53.0
66.0
26.0
8.0
24.0
-3.0
4.0
20.0
13.0
6.0
-11.0
17.0
37.0
64.0
34.0
8.0
23.0
35.0
5.0
6.0
-3.0
3.0
7.0
10.0
8.0
31.0
48.0
1.0
-43.0
-42.0
-7.0
-15.0
-14.0
-13.0
-10.0
15.0
-5.0
-2.0
6.0
16.0
-1.0
11.0
-9.0
-28.0
-26.0
-31.0
-31.0
-25.0
-11.0
-8.0
-6.0
-16.0
-35.0
-32.0
-16.0
-35.0
-26.0
-35.0
-28.0
-11.0
-39.0
-51.0
-27.0
-31.0
3.0
50.0
37.0
41.0
60.0
36.0
-13.0
-24.0
-13.0
20.0
25.0
-14.0
-47.0
-63.0
-64.0
-53.0
-22.0
2.0
-8.0
-26.0
9.0
40.0
49.0
29.0
25.0
20.0
21.0
21.0
9.0
20.0
44.0
33.0
14.0
4.0
3.0
-6.0
-4.0
6.0
-7.0
-23.0
-26.0
-21.0
-31.0
-47.0
-32.0
-17.0
-13.0
-40.0
-12.0
16.0
22.0
25.0
24.0
36.0
42.0
48.0
52.0
54.0
49.0
35.0
44.0
64.0
48.0
37.0
25.0
34.0
31.0
49.0
44.0
18.0
31.0
41.0
20.0
11.0
30.0
35.0
9.0
2.0
21.0
47.0
52.0
56.0
46.0
45.0
50.0
34.0
25.0
10.0
-5.0
2.0
3.0
25.0
19.0
16.0
16.0
9.0
29.0
64.0
58.0
24.0
30.0
33.0
16.0
10.0
22.0
32.0
7.0
-8.0
-22.0
-20.0
7.0
2.0
12.0
6.0
32.0
35.0
14.0
23.0
16.0
3.0
-12.0
8.0
1.0
-17.0
-31.0
-25.0
-17.0
3.0
4.0
-5.0
0.0
-36.0
-41.0
-16.0
-27.0
-61.0
-80.0
-76.0
-60.0
-21.0
-25.0
-47.0
-59.0
-34.0
-31.0
-49.0
-24.0
-24.0
-30.0
-34.0
-36.0
-34.0
-45.0
-41.0
-49.0
-61.0
-53.0
-50.0
-60.0
-60.0
-72.0
-59.0
-44.0
-20.0
-11.0
-14.0
1.0
3.0
-3.0
2.0
8.0
6.0
13.0
0.0
-11.0
-31.0
-27.0
2.0
2.0
7.0
19.0
22.0
50.0
70.0
50.0
45.0
59.0
37.0
27.0
20.0
18.0
