4 0.738904
5 0.724408
7 0.723897
9 0.745571
11 0.767797
13 0.783431
16 0.796509
20 0.802382
23 0.802512
28 0.799679
33 0.796036
38 0.793080
45 0.790148
52 0.787718
60 0.785233
69 0.782836
79 0.780866
91 0.779334
104 0.778582
119 0.778889
135 0.780354
154 0.783175
174 0.787080
198 0.792687
223 0.799155
252 0.806758
285 0.814770
321 0.822348
362 0.829494
407 0.835866
457 0.841737
513 0.846983
575 0.851408
645 0.855109
723 0.858183
809 0.861483
905 0.865741
1011 0.870869
1130 0.876353
1261 0.881434
1407 0.885591
1570 0.888273
1750 0.889354
