4 0.403734
5 0.436669
7 0.498289
9 0.554387
11 0.606329
13 0.651388
16 0.702629
20 0.745744
23 0.765650
28 0.785167
33 0.795357
38 0.799911
45 0.800046
52 0.795908
60 0.788183
69 0.777589
79 0.765002
91 0.750001
104 0.734826
119 0.719202
135 0.704765
154 0.690309
174 0.677865
198 0.666348
223 0.657593
252 0.651000
285 0.647785
321 0.648824
362 0.654161
407 0.662774
457 0.673363
513 0.684614
575 0.695215
645 0.705088
723 0.714676
809 0.723388
905 0.730255
1011 0.734170
1130 0.735294
1261 0.734032
1407 0.730872
1570 0.728379
1750 0.729941
