4 0.575495
5 0.588159
7 0.614004
9 0.636676
11 0.655552
13 0.671252
16 0.691097
20 0.714309
23 0.729644
28 0.750554
33 0.767336
38 0.782144
45 0.799769
52 0.813735
60 0.826623
69 0.838421
79 0.849027
91 0.859024
104 0.867282
119 0.874458
135 0.880164
154 0.885185
174 0.889098
198 0.892578
223 0.895134
252 0.896650
285 0.896418
321 0.893798
362 0.888365
407 0.880351
457 0.870060
513 0.857460
575 0.843396
645 0.829440
723 0.816529
809 0.804472
905 0.792864
1011 0.781987
1130 0.770698
1261 0.758539
1407 0.745836
1570 0.733554
