4 0.219036
5 0.279957
7 0.383154
9 0.467964
11 0.536498
13 0.589868
16 0.648846
20 0.702549
23 0.730290
28 0.761081
33 0.780203
38 0.792908
45 0.804406
52 0.811553
60 0.816820
69 0.820426
79 0.822615
91 0.823622
104 0.823406
119 0.821791
135 0.818607
154 0.813203
174 0.806032
198 0.795966
223 0.784687
252 0.772076
285 0.758904
321 0.745333
362 0.730835
407 0.715077
457 0.696804
513 0.675318
575 0.650927
645 0.623977
723 0.596533
809 0.565872
905 0.529671
1011 0.488989
1130 0.443759
1261 0.399763
1407 0.363635
1570 0.327543
