4 0.595367
5 0.608324
7 0.629650
9 0.650028
11 0.670267
13 0.690009
16 0.717887
20 0.751209
23 0.772999
28 0.804121
33 0.829215
38 0.848690
45 0.868864
52 0.882989
60 0.893612
69 0.900642
79 0.904685
91 0.906614
104 0.906503
119 0.904526
135 0.900958
154 0.895312
174 0.888183
198 0.878450
223 0.867253
252 0.853111
285 0.835695
321 0.815375
362 0.790956
407 0.762904
457 0.730781
513 0.694800
575 0.656777
645 0.617384
723 0.576964
809 0.535349
905 0.494521
1011 0.457647
1130 0.427801
1261 0.406413
1407 0.391579
1570 0.373243
1750 0.350130
