4 0.040882
5 0.066588
7 0.151440
9 0.261811
11 0.364308
13 0.447991
16 0.541657
20 0.624617
23 0.666850
28 0.715018
33 0.745815
38 0.765755
45 0.782874
52 0.792535
60 0.798521
69 0.801642
79 0.802623
91 0.801777
104 0.799334
119 0.795136
135 0.789157
154 0.780281
174 0.769687
198 0.755654
223 0.739302
252 0.718123
285 0.691556
321 0.661638
362 0.629366
407 0.598816
457 0.571179
513 0.547946
575 0.530995
645 0.521042
723 0.518254
809 0.521300
905 0.528937
1011 0.540970
1130 0.556086
1261 0.570532
1407 0.576764
1570 0.582533
