4 0.612783
5 0.604962
7 0.617594
9 0.646133
11 0.677798
13 0.707590
16 0.745958
20 0.785842
23 0.808309
28 0.835560
33 0.854836
38 0.868849
45 0.882711
52 0.892305
60 0.899909
69 0.905682
79 0.909867
91 0.912888
104 0.914602
119 0.915323
135 0.915020
154 0.913529
174 0.911042
198 0.907176
223 0.902473
252 0.896397
285 0.888596
321 0.879077
362 0.867987
407 0.856349
457 0.843745
513 0.830298
575 0.816608
645 0.802827
723 0.788476
809 0.774616
905 0.761403
1011 0.749038
1130 0.737500
1261 0.727226
1407 0.717937
1570 0.709620
1750 0.701359
