10.0
21.0
-5.0
-40.0
-36.0
-42.0
-35.0
-17.0
-12.0
-5.0
2.0
-3.0
-2.0
-23.0
-45.0
-29.0
-15.0
-17.0
-33.0
-50.0
-52.0
-24.0
-5.0
-36.0
-39.0
-40.0
-34.0
11.0
13.0
0.0
-3.0
25.0
18.0
-3.0
-3.0
-5.0
-1.0
39.0
5.0
-26.0
-17.0
-28.0
-4.0
19.0
14.0
-27.0
-51.0
0.0
26.0
25.0
21.0
11.0
18.0
-17.0
-23.0
-45.0
-40.0
-26.0
-47.0
-50.0
-21.0
-18.0
-1.0
26.0
35.0
53.0
44.0
54.0
29.0
48.0
62.0
20.0
11.0
4.0
7.0
3.0
-1.0
-14.0
-29.0
1.0
30.0
-6.0
-11.0
1.0
20.0
14.0
14.0
29.0
27.0
38.0
52.0
59.0
64.0
39.0
12.0
11.0
20.0
26.0
12.0
16.0
38.0
38.0
-14.0
-29.0
-23.0
-26.0
8.0
-3.0
16.0
6.0
-14.0
-23.0
8.0
-4.0
-33.0
-25.0
-40.0
-14.0
-29.0
-25.0
-7.0
-6.0
-16.0
-41.0
-15.0
5.0
-26.0
0.0
23.0
28.0
57.0
14.0
-23.0
-16.0
18.0
32.0
46.0
45.0
42.0
30.0
42.0
36.0
-2.0
-6.0
14.0
-11.0
-2.0
-26.0
-32.0
-8.0
18.0
-1.0
-6.0
5.0
20.0
8.0
34.0
22.0
33.0
73.0
82.0
107.0
95.0
78.0
21.0
32.0
18.0
36.0
56.0
27.0
45.0
46.0
53.0
17.0
36.0
27.0
12.0
6.0
13.0
21.0
27.0
-3.0
-8.0
-7.0
7.0
1.0
-26.0
-2.0
0.0
-20.0
-58.0
-24.0
27.0
13.0
3.0
-36.0
1.0
6.0
1.0
-18.0
-23.0
-45.0
-36.0
-43.0
-35.0
-51.0
-53.0
-89.0
-108.0
-73.0
-71.0
-53.0
-31.0
-45.0
-79.0
-79.0
-125.0
-125.0
-112.0
-106.0
-119.0
-89.0
-89.0
-69.0
-65.0
-41.0
-39.0
-43.0
-40.0
-40.0
-65.0
-105.0
-133.0
-153.0
-102.0
-70.0
-51.0
-18.0
3.0
-1.0
-3.0
-4.0
-11.0
-8.0
-16.0
4.0
49.0
48.0
31.0
-12.0
-34.0
-52.0
-88.0
-90.0
-82.0
-89.0
-82.0
-69.0
-77.0
-57.0
-44.0
-40.0
-27.0
-49.0
-46.0
-56.0
-30.0
-31.0
-40.0
-24.0
-40.0
-45.0
-43.0
-47.0
-41.0
-40.0
-10.0
-36.0
-13.0
-33.0
-30.0
8.0
-18.0
17.0
-6.0
4.0
18.0
50.0
11.0
-42.0
-74.0
-84.0
-80.0
-80.0
-100.0
-87.0
-62.0
-49.0
-22.0
-2.0
-6.0
-21.0
11.0
-5.0
-10.0
-13.0
-12.0
-43.0
-41.0
-23.0
-28.0
-4.0
3.0
-5.0
-20.0
-37.0
-51.0
-30.0
-36.0
-46.0
-51.0
-59.0
-70.0
-57.0
-55.0
-75.0
-60.0
-68.0
-68.0
-71.0
-69.0
-63.0
-74.0
-69.0
-50.0
-44.0
-21.0
-2.0
-18.0
-17.0
1.0
-17.0
-14.0
20.0
22.0
18.0
-8.0
-7.0
-28.0
-52.0
-33.0
-45.0
-25.0
-11.0
-13.0
-6.0
-50.0
-45.0
-56.0
-71.0
-68.0
-86.0
-82.0
-73.0
-29.0
-23.0
-34.0
11.0
22.0
23.0
0.0
36.0
39.0
43.0
41.0
33.0
29.0
34.0
45.0
49.0
23.0
34.0
-4.0
-9.0
-7.0
-13.0
-40.0
-13.0
16.0
34.0
64.0
66.0
80.0
66.0
82.0
44.0
69.0
78.0
88.0
106.0
91.0
91.0
81.0
88.0
77.0
62.0
45.0
41.0
8.0
39.0
24.0
49.0
52.0
53.0
17.0
-5.0
7.0
27.0
20.0
-11.0
-11.0
-6.0
13.0
12.0
18.0
23.0
-17.0
-21.0
0.0
10.0
12.0
-2.0
-9.0
-17.0
-36.0
-22.0
-3.0
33.0
27.0
43.0
38.0
50.0
30.0
17.0
21.0
18.0
46.0
89.0
57.0
-20.0
-23.0
-7.0
35.0
35.0
7.0
5.0
-22.0
-20.0
-14.0
-8.0
-21.0
-40.0
-49.0
-50.0
35.0
60.0
45.0
46.0
35.0
34.0
59.0
101.0
56.0
52.0
33.0
57.0
79.0
61.0
74.0
44.0
56.0
48.0
30.0
29.0
18.0
11.0
-4.0
-2.0
10.0
11.0
30.0
-9.0
-7.0
-29.0
-26.0
3.0
-4.0
3.0
-19.0
-10.0
-18.0
-27.0
-17.0
-32.0
-43.0
-25.0
-60.0
-40.0
-25.0
8.0
-5.0
-6.0
2.0
-17.0
-3.0
-28.0
20.0
11.0
-11.0
10.0
-6.0
7.0
-5.0
-33.0
-69.0
-82.0
-57.0
-48.0
-54.0
-57.0
-58.0
-40.0
-41.0
-33.0
-20.0
-8.0
-39.0
-21.0
-1.0
15.0
-26.0
-39.0
-35.0
-20.0
-11.0
-23.0
-12.0
4.0
29.0
4.0
-30.0
-41.0
-62.0
-100.0
-119.0
-132.0
-123.0
-112.0
-100.0
-70.0
-57.0
-78.0
-97.0
-72.0
-63.0
-75.0
-62.0
-31.0
-31.0
-6.0
-20.0
-17.0
-21.0
-21.0
-24.0
-6.0
-4.0
-16.0
-22.0
-28.0
-29.0
-17.0
-6.0
-26.0
-16.0
-36.0
-11.0
-32.0
-31.0
-40.0
0.0
-12.0
0.0
0.0
-12.0
-26.0
-50.0
-33.0
-39.0
-13.0
-3.0
-4.0
22.0
24.0
38.0
26.0
45.0
61.0
35.0
20.0
26.0
18.0
-8.0
-47.0
-62.0
-39.0
-25.0
-22.0
-33.0
-33.0
-2.0
10.0
17.0
11.0
17.0
-16.0
-39.0
-16.0
-8.0
14.0
8.0
1.0
5.0
17.0
7.0
-61.0
-60.0
-22.0
-26.0
-26.0
-51.0
-37.0
-20.0
-20.0
-16.0
-21.0
16.0
2.0
4.0
-21.0
-4.0
6.0
-12.0
-8.0
-17.0
-11.0
-30.0
-46.0
-18.0
4.0
12.0
12.0
-20.0
-25.0
-47.0
-42.0
-53.0
-76.0
-93.0
-59.0
-34.0
-3.0
-8.0
-10.0
-5.0
5.0
6.0
26.0
30.0
8.0
-31.0
-48.0
-13.0
-5.0
-25.0
-34.0
-27.0
25.0
27.0
20.0
-13.0
-81.0
-78.0
-71.0
-56.0
-62.0
-46.0
-58.0
-56.0
-69.0
-92.0
-71.0
-63.0
-76.0
-81.0
-85.0
-87.0
-67.0
-44.0
-92.0
-84.0
-102.0
-100.0
-98.0
-95.0
-89.0
-56.0
-42.0
-2.0
-3.0
-11.0
-5.0
-24.0
-5.0
1.0
-14.0
-14.0
-8.0
-30.0
-11.0
-38.0
-25.0
-49.0
-51.0
-23.0
-8.0
-11.0
-32.0
-21.0
-59.0
-68.0
-74.0
-62.0
-70.0
-43.0
-51.0
-33.0
-34.0
-11.0
-30.0
-6.0
14.0
-7.0
25.0
21.0
59.0
27.0
-3.0
-13.0
-9.0
2.0
18.0
13.0
0.0
-18.0
-24.0
-29.0
-56.0
-50.0
-80.0
-60.0
-43.0
-35.0
-60.0
-50.0
-8.0
-22.0
-49.0
-73.0
-46.0
-39.0
-53.0
-31.0
-39.0
-43.0
-58.0
-70.0
-70.0
-62.0
-71.0
-71.0
-25.0
-32.0
-30.0
-43.0
-26.0
-20.0
-39.0
-27.0
-7.0
-16.0
-7.0
-11.0
-8.0
-12.0
10.0
46.0
22.0
5.0
-12.0
-8.0
-11.0
-14.0
-7.0
-26.0
-33.0
-31.0
-17.0
-11.0
-14.0
11.0
-3.0
-29.0
5.0
9.0
18.0
20.0
-1.0
-13.0
1.0
35.0
73.0
56.0
75.0
81.0
65.0
46.0
18.0
25.0
-4.0
3.0
-3.0
3.0
-26.0
-33.0
-38.0
-20.0
-7.0
-2.0
15.0
20.0
-10.0
-26.0
-25.0
-10.0
19.0
-13.0
6.0
25.0
15.0
44.0
25.0
-8.0
-9.0
-37.0
-27.0
-10.0
-22.0
-31.0
-6.0
28.0
10.0
13.0
-6.0
-2.0
-2.0
5.0
-8.0
2.0
-21.0
-33.0
3.0
31.0
7.0
13.0
16.0
8.0
-8.0
1.0
-3.0
11.0
16.0
33.0
14.0
5.0
27.0
14.0
5.0
6.0
-5.0
19.0
15.0
26.0
15.0
11.0
10.0
12.0
18.0
30.0
42.0
29.0
22.0
49.0
78.0
79.0
69.0
35.0
-2.0
5.0
32.0
56.0
23.0
33.0
44.0
23.0
42.0
0.0
6.0
-8.0
-22.0
-42.0
-24.0
14.0
-6.0
-12.0
-6.0
33.0
24.0
35.0
12.0
-3.0
20.0
2.0
3.0
-16.0
17.0
26.0
17.0
-26.0
-28.0
-25.0
-4.0
-23.0
-18.0
30.0
5.0
4.0
13.0
14.0
11.0
31.0
15.0
-19.0
6.0
13.0
26.0
41.0
18.0
35.0
46.0
44.0
40.0
37.0
30.0
5.0
5.0
12.0
44.0
55.0
69.0
78.0
70.0
49.0
59.0
21.0
40.0
42.0
25.0
17.0
34.0
2.0
5.0
-4.0
-21.0
-52.0
-41.0
-18.0
-8.0
0.0
-8.0
-4.0
4.0
27.0
25.0
4.0
3.0
-11.0
-21.0
-8.0
-17.0
-29.0
-18.0
-23.0
-24.0
-15.0
5.0
-14.0
17.0
-4.0
-12.0
-37.0
-33.0
-31.0
-21.0
-46.0
-49.0
-25.0
-23.0
-25.0
-25.0
-21.0
-20.0
-37.0
-43.0
-46.0
-65.0
-74.0
-33.0
-36.0
-44.0
-21.0
-23.0
-27.0
-27.0
0.0
-22.0
-45.0
-9.0
-29.0
-33.0
-62.0
-35.0
-30.0
-25.0
11.0
8.0
16.0
6.0
8.0
-2.0
24.0
-1.0
-33.0
-28.0
-17.0
-30.0
-51.0
-47.0
-25.0
-4.0
11.0
2.0
-7.0
-12.0
-36.0
7.0
18.0
-6.0
-40.0
-40.0
-35.0
-41.0
-55.0
-58.0
-53.0
-21.0
16.0
5.0
8.0
20.0
33.0
-1.0
10.0
42.0
-2.0
9.0
22.0
29.0
25.0
-38.0
-36.0
-8.0
38.0
30.0
19.0
12.0
14.0
23.0
5.0
-3.0
-11.0
-22.0
-25.0
-19.0
-32.0
-32.0
11.0
38.0
48.0
72.0
69.0
51.0
46.0
53.0
48.0
52.0
64.0
43.0
64.0
93.0
78.0
45.0
25.0
-4.0
-68.0
-82.0
-74.0
-49.0
-46.0
-25.0
6.0
32.0
34.0
33.0
2.0
-3.0
-11.0
-22.0
-41.0
-65.0
-51.0
-13.0
-7.0
2.0
24.0
3.0
50.0
50.0
52.0
30.0
40.0
54.0
5.0
-34.0
-18.0
-22.0
15.0
18.0
-11.0
-10.0
2.0
-24.0
-11.0
-32.0
-34.0
-42.0
-48.0
-25.0
-39.0
-36.0
-26.0
-39.0
-39.0
-77.0
-49.0
-65.0
-37.0
-43.0
-49.0
-34.0
-47.0
-10.0
-29.0
-12.0
-26.0
-10.0
-3.0
-23.0
-11.0
-17.0
-34.0
-13.0
-53.0
-53.0
-54.0
2.0
-3.0
15.0
27.0
-4.0
20.0
29.0
19.0
4.0
-7.0
-5.0
-31.0
-32.0
-41.0
-17.0
-16.0
-33.0
-30.0
-32.0
-37.0
-34.0
-41.0
-23.0
-4.0
-25.0
-35.0
-15.0
-15.0
-8.0
-11.0
-17.0
-6.0
24.0
5.0
-4.0
-18.0
-15.0
-27.0
-4.0
-38.0
-27.0
25.0
36.0
64.0
53.0
37.0
53.0
52.0
53.0
37.0
1.0
-50.0
-29.0
-18.0
-7.0
-8.0
-7.0
26.0
54.0
46.0
-7.0
-8.0
7.0
-60.0
-49.0
-52.0
-5.0
10.0
-21.0
-25.0
-8.0
34.0
-10.0
-17.0
-39.0
-6.0
2.0
-16.0
-6.0
11.0
10.0
12.0
-6.0
-16.0
-4.0
-8.0
-14.0
-15.0
-4.0
2.0
36.0
35.0
31.0
29.0
37.0
26.0
36.0
12.0
-1.0
4.0
10.0
6.0
13.0
-1.0
23.0
32.0
55.0
53.0
29.0
17.0
12.0
1.0
-13.0
-5.0
-49.0
-24.0
-42.0
-8.0
11.0
12.0
29.0
49.0
88.0
130.0
182.0
184.0
215.0
171.0
202.0
267.0
327.0
314.0
269.0
246.0
270.0
246.0
182.0
148.0
164.0
176.0
153.0
122.0
106.0
91.0
58.0
16.0
4.0
-39.0
-74.0
-62.0
-43.0
-50.0
-70.0
-129.0
-122.0
-137.0
-166.0
-162.0
-143.0
-138.0
-138.0
-106.0
-80.0
-86.0
-70.0
-67.0
-67.0
-92.0
-100.0
-116.0
-118.0
-109.0
-103.0
-116.0
-96.0
-115.0
-98.0
-106.0
-76.0
-92.0
-132.0
-82.0
-88.0
-87.0
-99.0
-70.0
-83.0
-105.0
-72.0
-79.0
-45.0
-36.0
13.0
-21.0
2.0
-18.0
-20.0
-43.0
-45.0
-29.0
-25.0
-8.0
-12.0
-27.0
-18.0
-15.0
-10.0
-6.0
-53.0
-71.0
-87.0
-54.0
-49.0
-24.0
-14.0
-20.0
-34.0
-49.0
-55.0
-92.0
-80.0
-91.0
-74.0
-95.0
-84.0
-52.0
-21.0
7.0
4.0
-17.0
-18.0
-12.0
-5.0
-12.0
-14.0
-15.0
-27.0
6.0
-11.0
-2.0
-21.0
-27.0
-54.0
-53.0
-51.0
-35.0
-27.0
-16.0
-31.0
-59.0
-77.0
-89.0
-104.0
-145.0
-107.0
-100.0
-52.0
-24.0
-23.0
-19.0
5.0
-33.0
-44.0
-46.0
-52.0
-20.0
14.0
13.0
2.0
14.0
23.0
40.0
44.0
35.0
-2.0
-62.0
-89.0
-79.0
-45.0
-29.0
-42.0
-44.0
-14.0
15.0
83.0
91.0
49.0
30.0
27.0
8.0
24.0
1.0
-4.0
6.0
52.0
60.0
50.0
50.0
44.0
33.0
-20.0
-49.0
-54.0
-45.0
-41.0
-42.0
-29.0
11.0
28.0
8.0
8.0
-19.0
-25.0
-8.0
-17.0
-16.0
12.0
23.0
11.0
-18.0
31.0
64.0
91.0
105.0
95.0
78.0
45.0
34.0
54.0
43.0
14.0
14.0
32.0
7.0
-20.0
-22.0
-26.0
-22.0
-6.0
-32.0
-26.0
-30.0
-14.0
-36.0
-62.0
-88.0
-46.0
-42.0
-49.0
-54.0
-29.0
-30.0
-11.0
-25.0
-20.0
-22.0
-12.0
-40.0
-21.0
-17.0
-14.0
24.0
60.0
51.0
63.0
65.0
60.0
66.0
60.0
36.0
55.0
70.0
46.0
44.0
54.0
56.0
20.0
40.0
33.0
45.0
29.0
38.0
36.0
26.0
23.0
31.0
36.0
8.0
-2.0
14.0
9.0
-28.0
-15.0
-6.0
26.0
63.0
98.0
88.0
110.0
125.0
127.0
183.0
205.0
182.0
166.0
177.0
155.0
133.0
87.0
48.0
44.0
22.0
-34.0
-46.0
-21.0
-51.0
-80.0
-106.0
-88.0
-81.0
-111.0
-112.0
-119.0
-125.0
-126.0
-138.0
-162.0
-169.0
-171.0
-180.0
-163.0
-148.0
-142.0
-116.0
-102.0
-76.0
-71.0
-95.0
-70.0
-48.0
-37.0
-55.0
-49.0
-63.0
-23.0
-48.0
1.0
-8.0
-10.0
-30.0
-46.0
-23.0
-52.0
-33.0
-59.0
-78.0
-78.0
-73.0
-87.0
-77.0
-54.0
-39.0
-44.0
-51.0
-68.0
-35.0
-39.0
-32.0
-39.0
-35.0
-48.0
-90.0
-67.0
-73.0
-73.0
-63.0
-48.0
-49.0
-69.0
-52.0
-35.0
-22.0
-30.0
-54.0
-84.0
-67.0
-48.0
-67.0
-67.0
-40.0
-34.0
-27.0
-43.0
-26.0
-42.0
-64.0
-58.0
-52.0
-77.0
-74.0
-54.0
-40.0
-15.0
4.0
30.0
46.0
35.0
8.0
4.0
11.0
12.0
25.0
20.0
8.0
21.0
44.0
57.0
53.0
64.0
47.0
32.0
62.0
26.0
-10.0
-36.0
-29.0
5.0
8.0
12.0
25.0
2.0
-7.0
-15.0
-32.0
-45.0
-10.0
11.0
5.0
6.0
2.0
24.0
34.0
47.0
63.0
103.0
120.0
137.0
110.0
120.0
114.0
42.0
0.0
-6.0
7.0
-12.0
-42.0
-50.0
-49.0
-45.0
-36.0
-21.0
-18.0
-39.0
-23.0
-10.0
-4.0
-5.0
24.0
17.0
13.0
28.0
5.0
13.0
1.0
2.0
18.0
15.0
1.0
12.0
3.0
8.0
3.0
2.0
16.0
26.0
59.0
93.0
115.0
104.0
87.0
86.0
74.0
64.0
55.0
59.0
59.0
35.0
24.0
23.0
37.0
41.0
47.0
42.0
32.0
-14.0
-27.0
-5.0
7.0
3.0
-22.0
-15.0
10.0
15.0
4.0
-22.0
-27.0
-23.0
-25.0
-26.0
-28.0
-71.0
-67.0
-64.0
-37.0
-5.0
1.0
14.0
-13.0
-15.0
-14.0
6.0
-31.0
-63.0
-52.0
-58.0
-34.0
-25.0
-20.0
2.0
-14.0
-6.0
-2.0
-6.0
-5.0
12.0
-16.0
-33.0
-2.0
-32.0
-30.0
-33.0
-3.0
-41.0
-27.0
-24.0
-39.0
-30.0
-7.0
-9.0
1.0
2.0
7.0
7.0
9.0
1.0
-20.0
-20.0
-22.0
-32.0
-55.0
-74.0
-64.0
-67.0
-45.0
-23.0
-28.0
-22.0
4.0
27.0
40.0
46.0
52.0
40.0
11.0
1.0
-7.0
-22.0
-53.0
-74.0
-73.0
-73.0
-46.0
-32.0
-33.0
-21.0
14.0
22.0
3.0
-24.0
-15.0
-2.0
-36.0
-25.0
-45.0
-40.0
-59.0
-70.0
-62.0
-57.0
-51.0
-59.0
-54.0
-45.0
-5.0
8.0
26.0
88.0
110.0
132.0
170.0
173.0
189.0
180.0
177.0
184.0
155.0
121.0
101.0
69.0
46.0
7.0
14.0
-15.0
-21.0
-32.0
-37.0
-14.0
-30.0
-47.0
-76.0
-78.0
-86.0
-95.0
-99.0
-107.0
-135.0
-164.0
-154.0
-135.0
-116.0
-105.0
-79.0
-81.0
-84.0
-62.0
-75.0
-74.0
-51.0
-54.0
-69.0
-58.0
-52.0
-61.0
-75.0
-55.0
-52.0
-59.0
-59.0
-65.0
-48.0
-66.0
-44.0
-60.0
-55.0
-40.0
-44.0
-38.0
-70.0
-39.0
-39.0
-31.0
-23.0
-17.0
-38.0
-45.0
-38.0
-55.0
-71.0
-72.0
-71.0
-29.0
-50.0
-55.0
-59.0
-34.0
-62.0
-71.0
-61.0
-53.0
-53.0
-30.0
6.0
30.0
63.0
89.0
78.0
71.0
69.0
33.0
21.0
16.0
-12.0
-19.0
-24.0
-27.0
-3.0
18.0
36.0
36.0
-13.0
-43.0
-55.0
-32.0
-36.0
-22.0
-26.0
-33.0
-56.0
-74.0
-61.0
-47.0
-55.0
-42.0
-54.0
-63.0
-37.0
-34.0
-14.0
-8.0
-7.0
-12.0
-2.0
-5.0
3.0
6.0
-18.0
-26.0
21.0
29.0
40.0
29.0
31.0
5.0
-16.0
-40.0
-56.0
-37.0
-49.0
-76.0
-91.0
-69.0
-69.0
-79.0
-99.0
-88.0
-84.0
-49.0
-63.0
-86.0
-65.0
-56.0
-75.0
-55.0
-33.0
-42.0
-33.0
-57.0
-40.0
-89.0
-69.0
-64.0
-62.0
-49.0
-54.0
-54.0
-61.0
-4.0
-16.0
5.0
14.0
18.0
10.0
-7.0
-17.0
-33.0
-20.0
9.0
20.0
-7.0
-33.0
-20.0
-23.0
-13.0
16.0
-23.0
-4.0
5.0
53.0
111.0
138.0
145.0
166.0
193.0
214.0
220.0
227.0
228.0
250.0
232.0
267.0
272.0
253.0
208.0
172.0
180.0
142.0
118.0
91.0
54.0
26.0
48.0
41.0
-19.0
-39.0
-78.0
-81.0
-92.0
-95.0
-113.0
-116.0
-118.0
-127.0
-94.0
-103.0
-121.0
-130.0
-134.0
-190.0
-183.0
-177.0
-173.0
-162.0
-162.0
-155.0
-151.0
-163.0
-168.0
-154.0
-124.0
-133.0
-127.0
-128.0
-127.0
-127.0
-130.0
-111.0
-109.0
-116.0
-103.0
-97.0
-86.0
-88.0
-101.0
-88.0
-59.0
-58.0
-51.0
-65.0
-63.0
-42.0
-26.0
-16.0
15.0
-3.0
25.0
20.0
18.0
30.0
29.0
-10.0
-17.0
-31.0
-31.0
-12.0
16.0
31.0
21.0
14.0
34.0
41.0
16.0
-4.0
-3.0
-18.0
-50.0
-31.0
-19.0
-11.0
-35.0
-17.0
-20.0
-14.0
10.0
-18.0
-29.0
-42.0
24.0
22.0
17.0
-42.0
-16.0
-37.0
-53.0
-42.0
-50.0
-55.0
-66.0
-17.0
-22.0
-29.0
-10.0
-35.0
-41.0
-50.0
-71.0
-45.0
-25.0
-3.0
-18.0
19.0
7.0
-16.0
-16.0
-30.0
3.0
-20.0
-22.0
-59.0
-33.0
-10.0
-3.0
-33.0
-66.0
-48.0
-27.0
7.0
14.0
-11.0
-18.0
-44.0
-43.0
-4.0
-51.0
-49.0
-80.0
-64.0
-44.0
-30.0
3.0
-2.0
-17.0
14.0
34.0
36.0
24.0
1.0
-11.0
-1.0
-3.0
-37.0
-31.0
-47.0
-18.0
-15.0
-22.0
-42.0
-29.0
-14.0
-22.0
-19.0
-35.0
-52.0
-50.0
-31.0
-37.0
-72.0
-74.0
-45.0
-14.0
12.0
23.0
5.0
-26.0
-13.0
4.0
6.0
-40.0
-85.0
-65.0
-77.0
-56.0
-37.0
-40.0
-23.0
-1.0
-18.0
-15.0
-40.0
-21.0
-15.0
-44.0
-30.0
5.0
12.0
18.0
27.0
47.0
42.0
17.0
7.0
37.0
54.0
58.0
84.0
85.0
93.0
98.0
92.0
93.0
92.0
97.0
58.0
42.0
41.0
33.0
39.0
16.0
10.0
6.0
23.0
33.0
11.0
14.0
27.0
7.0
-18.0
-17.0
-3.0
28.0
33.0
20.0
35.0
59.0
67.0
30.0
-7.0
-43.0
-49.0
-4.0
-25.0
-40.0
-26.0
6.0
19.0
1.0
-24.0
-13.0
-27.0
8.0
-12.0
-6.0
-15.0
-24.0
-32.0
10.0
4.0
-23.0
-18.0
-40.0
-25.0
-22.0
-16.0
-57.0
-23.0
-10.0
-14.0
-15.0
-24.0
-7.0
-21.0
-39.0
-59.0
-25.0
-25.0
-13.0
17.0
-5.0
17.0
1.0
27.0
3.0
7.0
30.0
30.0
42.0
3.0
12.0
40.0
25.0
17.0
-20.0
7.0
-4.0
16.0
-14.0
-12.0
-7.0
9.0
8.0
-3.0
20.0
29.0
44.0
13.0
-14.0
10.0
27.0
-3.0
-15.0
1.0
14.0
12.0
32.0
29.0
49.0
70.0
41.0
26.0
44.0
41.0
17.0
-3.0
6.0
45.0
37.0
24.0
24.0
-4.0
29.0
14.0
-10.0
-45.0
-58.0
-42.0
-59.0
-35.0
-45.0
-62.0
-53.0
-49.0
-33.0
-48.0
-54.0
-53.0
-10.0
-15.0
-14.0
-17.0
-23.0
-16.0
-17.0
-23.0
-45.0
-41.0
-10.0
10.0
-1.0
30.0
22.0
2.0
14.0
-16.0
-6.0
20.0
33.0
26.0
16.0
62.0
60.0
51.0
20.0
11.0
11.0
14.0
23.0
41.0
14.0
-5.0
12.0
0.0
-26.0
-49.0
-54.0
-66.0
-34.0
-17.0
11.0
16.0
-14.0
-25.0
-56.0
-32.0
-47.0
-45.0
-63.0
-65.0
-24.0
4.0
39.0
8.0
9.0
38.0
48.0
49.0
14.0
41.0
34.0
-9.0
17.0
29.0
46.0
51.0
18.0
26.0
30.0
43.0
10.0
-26.0
-22.0
-1.0
5.0
-6.0
-23.0
-22.0
10.0
32.0
27.0
39.0
22.0
45.0
49.0
67.0
36.0
95.0
24.0
11.0
-11.0
-13.0
16.0
11.0
-30.0
-19.0
-27.0
14.0
10.0
-36.0
-24.0
-29.0
-14.0
7.0
-11.0
-34.0
-37.0
-56.0
0.0
3.0
-9.0
-10.0
16.0
24.0
11.0
40.0
26.0
11.0
17.0
1.0
24.0
26.0
46.0
48.0
61.0
49.0
64.0
28.0
11.0
33.0
55.0
74.0
32.0
22.0
16.0
56.0
39.0
27.0
11.0
38.0
30.0
27.0
5.0
-7.0
19.0
43.0
44.0
13.0
9.0
28.0
40.0
41.0
29.0
3.0
39.0
41.0
25.0
31.0
21.0
-6.0
8.0
19.0
13.0
18.0
-2.0
-24.0
-10.0
22.0
7.0
21.0
32.0
-21.0
-38.0
-11.0
-5.0
-18.0
-40.0
-12.0
26.0
5.0
-42.0
-38.0
-21.0
5.0
-6.0
16.0
-1.0
18.0
30.0
50.0
44.0
7.0
-22.0
-24.0
-17.0
-17.0
-48.0
-70.0
-52.0
-40.0
-5.0
36.0
36.0
45.0
61.0
86.0
89.0
139.0
126.0
133.0
135.0
132.0
167.0
149.0
170.0
182.0
180.0
182.0
188.0
201.0
229.0
220.0
188.0
162.0
168.0
140.0
148.0
127.0
124.0
127.0
92.0
105.0
80.0
73.0
25.0
-3.0
-10.0
-56.0
-72.0
-72.0
-86.0
-76.0
-93.0
-126.0
-142.0
-124.0
-118.0
-125.0
-142.0
-181.0
-138.0
-129.0
-149.0
-180.0
-182.0
-179.0
-181.0
-195.0
-199.0
-188.0
-195.0
-171.0
-172.0
-162.0
-149.0
-136.0
-157.0
-149.0
-169.0
-132.0
-126.0
-132.0
-111.0
-111.0
-93.0
-105.0
-124.0
-106.0
-70.0
-79.0
-105.0
-117.0
-120.0
-136.0
-121.0
-122.0
-128.0
-118.0
-91.0
-89.0
-80.0
-98.0
-86.0
-79.0
-92.0
-88.0
-71.0
-98.0
-102.0
-90.0
-72.0
-67.0
-70.0
-73.0
-54.0
-42.0
-46.0
-38.0
-5.0
-18.0
-11.0
-39.0
-50.0
-10.0
-11.0
-16.0
-43.0
-47.0
-23.0
-29.0
-46.0
-46.0
-23.0
-19.0
3.0
-18.0
-42.0
-41.0
-33.0
17.0
14.0
-17.0
-14.0
1.0
-5.0
4.0
12.0
12.0
-3.0
1.0
-16.0
-3.0
9.0
-3.0
-4.0
11.0
35.0
-7.0
-2.0
-31.0
-11.0
-15.0
-39.0
-77.0
-80.0
-56.0
-49.0
-6.0
5.0
26.0
14.0
41.0
41.0
13.0
2.0
-44.0
-40.0
-19.0
-11.0
-22.0
-4.0
-8.0
-27.0
-12.0
-22.0
-54.0
-67.0
-63.0
-53.0
-75.0
-59.0
-47.0
-26.0
-10.0
-21.0
-48.0
-11.0
-15.0
-2.0
2.0
-17.0
-16.0
-35.0
-22.0
11.0
-36.0
-57.0
-72.0
-35.0
-1.0
-23.0
-11.0
-18.0
-12.0
-17.0
20.0
21.0
24.0
39.0
-6.0
10.0
18.0
1.0
2.0
-5.0
-3.0
43.0
33.0
33.0
20.0
19.0
18.0
27.0
18.0
-8.0
1.0
5.0
17.0
16.0
16.0
33.0
25.0
13.0
39.0
46.0
31.0
27.0
47.0
37.0
49.0
62.0
20.0
-11.0
-25.0
-13.0
12.0
17.0
33.0
34.0
29.0
35.0
33.0
32.0
8.0
-13.0
-1.0
-24.0
-45.0
-58.0
-43.0
-14.0
-10.0
-5.0
-23.0
-32.0
-13.0
-3.0
-7.0
12.0
7.0
7.0
20.0
35.0
25.0
7.0
-7.0
-3.0
15.0
36.0
8.0
8.0
35.0
36.0
20.0
-12.0
-3.0
1.0
2.0
-2.0
1.0
-25.0
6.0
0.0
-8.0
-9.0
-2.0
-18.0
-27.0
-13.0
7.0
16.0
15.0
10.0
8.0
-10.0
-41.0
-50.0
-42.0
-52.0
-51.0
-51.0
-26.0
-5.0
28.0
21.0
-7.0
-2.0
-4.0
-32.0
-3.0
3.0
14.0
-20.0
-13.0
-7.0
20.0
26.0
-16.0
-25.0
-30.0
-20.0
-28.0
-24.0
-29.0
11.0
8.0
-7.0
-42.0
-46.0
-22.0
-34.0
-24.0
-4.0
11.0
11.0
12.0
22.0
-7.0
-14.0
-4.0
3.0
15.0
20.0
3.0
0.0
11.0
39.0
44.0
30.0
39.0
8.0
11.0
-37.0
-14.0
-18.0
-31.0
-42.0
-29.0
-37.0
-29.0
-24.0
-17.0
-22.0
-43.0
-52.0
-55.0
-40.0
-45.0
-62.0
-45.0
-63.0
-72.0
-67.0
-17.0
-47.0
-48.0
-31.0
-59.0
-14.0
-1.0
-17.0
-11.0
-52.0
-12.0
2.0
-7.0
-29.0
6.0
7.0
0.0
14.0
-18.0
20.0
20.0
23.0
-27.0
-13.0
-17.0
-7.0
15.0
-2.0
11.0
-16.0
-20.0
-7.0
-20.0
-8.0
-35.0
-45.0
-37.0
-28.0
-49.0
-30.0
-14.0
1.0
7.0
14.0
26.0
10.0
-11.0
20.0
13.0
5.0
-7.0
-17.0
22.0
-2.0
1.0
17.0
6.0
48.0
-8.0
7.0
31.0
21.0
10.0
65.0
74.0
77.0
66.0
17.0
7.0
21.0
20.0
-56.0
-26.0
-21.0
-11.0
-14.0
-4.0
10.0
20.0
-18.0
-5.0
-30.0
-13.0
-11.0
-50.0
-53.0
-35.0
-2.0
27.0
31.0
44.0
43.0
-3.0
11.0
-7.0
23.0
36.0
27.0
10.0
31.0
17.0
6.0
12.0
-6.0
7.0
2.0
-15.0
-31.0
-10.0
12.0
40.0
46.0
32.0
42.0
16.0
-4.0
2.0
16.0
63.0
117.0
95.0
134.0
164.0
176.0
205.0
215.0
222.0
223.0
214.0
158.0
134.0
121.0
109.0
139.0
158.0
118.0
76.0
67.0
29.0
-21.0
-55.0
-70.0
-52.0
-54.0
-72.0
-67.0
-51.0
-68.0
-76.0
-84.0
-119.0
-111.0
-120.0
-106.0
-150.0
-134.0
-116.0
-101.0
-103.0
-97.0
-74.0
-101.0
-142.0
-110.0
-122.0
-149.0
-114.0
-91.0
-80.0
-76.0
-76.0
-95.0
-74.0
-90.0
-90.0
-58.0
-78.0
-66.0
-74.0
-55.0
-45.0
-45.0
-53.0
-69.0
-70.0
-71.0
-45.0
-66.0
-63.0
-73.0
-65.0
-45.0
-42.0
-26.0
3.0
-35.0
-48.0
0.0
-36.0
-18.0
-8.0
-3.0
-13.0
7.0
23.0
-10.0
-51.0
-29.0
-32.0
-33.0
-55.0
-36.0
-40.0
7.0
7.0
16.0
23.0
6.0
6.0
-18.0
-23.0
-15.0
-33.0
-29.0
3.0
43.0
41.0
14.0
1.0
-6.0
-4.0
-35.0
-54.0
-39.0
-10.0
-36.0
-33.0
-23.0
-78.0
-91.0
-79.0
-53.0
-60.0
-36.0
-15.0
26.0
25.0
30.0
17.0
25.0
36.0
21.0
-6.0
-3.0
-20.0
-5.0
-1.0
-35.0
-55.0
-29.0
-26.0
-54.0
-54.0
-54.0
-32.0
-7.0
3.0
-6.0
-5.0
-28.0
-26.0
-41.0
-58.0
-33.0
-31.0
-33.0
-37.0
-18.0
-23.0
-88.0
-95.0
-63.0
-44.0
-64.0
-41.0
-35.0
-44.0
-33.0
-42.0
-42.0
-62.0
-62.0
-70.0
-42.0
-33.0
-38.0
-20.0
-20.0
-14.0
-6.0
-17.0
-14.0
-49.0
-27.0
-24.0
-41.0
-32.0
-1.0
25.0
27.0
3.0
18.0
23.0
19.0
39.0
29.0
55.0
55.0
43.0
14.0
29.0
10.0
24.0
-10.0
-30.0
-56.0
-24.0
12.0
-5.0
-12.0
-12.0
10.0
-1.0
0.0
11.0
-13.0
-15.0
-30.0
-23.0
-18.0
-53.0
-33.0
-12.0
2.0
-22.0
-7.0
7.0
-22.0
-16.0
-20.0
-2.0
-1.0
-4.0
-15.0
24.0
14.0
14.0
-5.0
-31.0
-14.0
16.0
14.0
-26.0
-7.0
26.0
31.0
-20.0
-27.0
-33.0
-8.0
-4.0
-6.0
-18.0
31.0
43.0
40.0
36.0
-20.0
-2.0
27.0
57.0
73.0
105.0
59.0
122.0
92.0
68.0
74.0
-5.0
5.0
8.0
15.0
30.0
18.0
-3.0
-7.0
0.0
1.0
-22.0
-46.0
-82.0
-80.0
-59.0
-63.0
-56.0
-31.0
-37.0
-52.0
-41.0
-24.0
-64.0
-72.0
-76.0
-91.0
-73.0
-88.0
-61.0
-64.0
-36.0
-35.0
-49.0
5.0
-15.0
-54.0
-21.0
-11.0
-11.0
-6.0
-17.0
14.0
50.0
48.0
25.0
-9.0
-27.0
-28.0
-32.0
-12.0
-13.0
-27.0
6.0
36.0
12.0
-12.0
-39.0
-43.0
-20.0
-22.0
-6.0
-26.0
-2.0
-21.0
-22.0
-6.0
-7.0
-67.0
-92.0
-79.0
-50.0
-40.0
-25.0
-8.0
-18.0
-2.0
4.0
25.0
-6.0
30.0
45.0
32.0
-7.0
-40.0
6.0
24.0
35.0
10.0
21.0
34.0
63.0
59.0
76.0
73.0
78.0
69.0
79.0
75.0
50.0
7.0
18.0
26.0
48.0
49.0
51.0
58.0
90.0
135.0
163.0
147.0
87.0
56.0
-4.0
41.0
52.0
34.0
64.0
50.0
71.0
63.0
63.0
50.0
39.0
19.0
6.0
31.0
33.0
70.0
76.0
127.0
126.0
130.0
90.0
73.0
56.0
30.0
6.0
-6.0
-14.0
22.0
4.0
30.0
42.0
51.0
55.0
38.0
51.0
62.0
62.0
72.0
63.0
56.0
62.0
35.0
-23.0
-9.0
-24.0
-26.0
-58.0
-59.0
-33.0
-34.0
-25.0
-8.0
-18.0
-31.0
-67.0
-52.0
-71.0
-63.0
-99.0
-69.0
-74.0
-52.0
-49.0
-27.0
-18.0
-24.0
-65.0
-56.0
-30.0
2.0
-26.0
-36.0
-49.0
-43.0
0.0
-34.0
-29.0
-31.0
-11.0
8.0
-16.0
-3.0
-19.0
-8.0
21.0
30.0
11.0
16.0
-18.0
-31.0
-54.0
-9.0
-14.0
1.0
-1.0
-15.0
-37.0
-22.0
-16.0
-31.0
-40.0
-31.0
-37.0
-37.0
-15.0
-24.0
-29.0
-17.0
-40.0
-28.0
-29.0
-25.0
-21.0
-37.0
-31.0
-15.0
4.0
-12.0
-31.0
-40.0
-35.0
13.0
37.0
0.0
-68.0
-54.0
-29.0
12.0
-31.0
-63.0
-57.0
-19.0
-14.0
-10.0
-16.0
-43.0
-37.0
-10.0
-5.0
-50.0
-61.0
-28.0
-9.0
-39.0
-33.0
-45.0
-41.0
-18.0
-55.0
-43.0
5.0
17.0
-12.0
-68.0
-72.0
-36.0
-12.0
2.0
-54.0
-44.0
8.0
12.0
12.0
-45.0
-30.0
-24.0
-19.0
-14.0
27.0
77.0
60.0
39.0
11.0
-32.0
-6.0
-1.0
-49.0
-47.0
-59.0
-15.0
32.0
25.0
5.0
-18.0
-4.0
30.0
33.0
37.0
-1.0
-2.0
12.0
-9.0
-33.0
-39.0
-20.0
-7.0
-10.0
-22.0
-37.0
-66.0
-72.0
-60.0
-4.0
-18.0
-10.0
-32.0
-26.0
-6.0
27.0
24.0
8.0
-5.0
14.0
26.0
2.0
16.0
20.0
4.0
6.0
24.0
10.0
-6.0
-23.0
-30.0
-30.0
-65.0
-63.0
-51.0
-34.0
-16.0
-18.0
1.0
14.0
20.0
9.0
-25.0
-16.0
-32.0
-40.0
-36.0
-34.0
-44.0
-48.0
-46.0
-43.0
-31.0
-44.0
-44.0
-13.0
-12.0
-17.0
3.0
19.0
0.0
-16.0
-24.0
-37.0
-12.0
-16.0
-47.0
-54.0
-46.0
-42.0
-21.0
-28.0
-30.0
-57.0
-39.0
-29.0
-32.0
-18.0
-2.0
-23.0
-6.0
-34.0
-26.0
-29.0
10.0
-49.0
-26.0
-46.0
-59.0
-45.0
-26.0
-31.0
-44.0
-30.0
-12.0
-13.0
-15.0
-42.0
-37.0
-29.0
-30.0
4.0
-12.0
-17.0
-27.0
-36.0
-79.0
-58.0
-46.0
-51.0
-50.0
-63.0
-63.0
-34.0
-17.0
-45.0
-59.0
-68.0
-73.0
-91.0
-96.0
-84.0
-58.0
-55.0
-13.0
-4.0
-6.0
-33.0
-51.0
-76.0
-79.0
-47.0
-67.0
-55.0
-44.0
-55.0
-53.0
-29.0
-20.0
10.0
-1.0
-16.0
-22.0
-43.0
-9.0
-29.0
-34.0
8.0
7.0
20.0
-6.0
24.0
43.0
37.0
12.0
10.0
25.0
14.0
-3.0
8.0
32.0
32.0
55.0
69.0
64.0
69.0
67.0
40.0
32.0
18.0
51.0
51.0
43.0
80.0
61.0
72.0
40.0
-5.0
-4.0
4.0
-2.0
-9.0
-23.0
2.0
12.0
-15.0
-28.0
5.0
-7.0
8.0
2.0
-22.0
-22.0
-11.0
21.0
23.0
9.0
9.0
23.0
33.0
42.0
24.0
-12.0
-36.0
-34.0
0.0
-31.0
-27.0
33.0
58.0
45.0
49.0
59.0
50.0
80.0
60.0
30.0
17.0
17.0
15.0
28.0
41.0
-3.0
-47.0
-97.0
-86.0
-19.0
-5.0
16.0
29.0
79.0
128.0
124.0
131.0
137.0
116.0
118.0
144.0
166.0
157.0
158.0
180.0
181.0
200.0
230.0
194.0
141.0
132.0
156.0
138.0
129.0
84.0
111.0
119.0
103.0
130.0
97.0
58.0
24.0
44.0
12.0
-41.0
-97.0
-23.0
-27.0
-15.0
-79.0
-91.0
-88.0
-108.0
-88.0
-135.0
-148.0
-155.0
-165.0
-172.0
-185.0
-225.0
-188.0
-203.0
-202.0
-186.0
-171.0
-173.0
-177.0
-172.0
-158.0
-122.0
-106.0
-85.0
-101.0
-88.0
-53.0
-31.0
-49.0
-44.0
-49.0
-56.0
-77.0
-72.0
-84.0
-93.0
-94.0
-91.0
-99.0
-115.0
-88.0
-77.0
-73.0
-67.0
-71.0
-87.0
-115.0
-62.0
-56.0
-25.0
-2.0
-70.0
-65.0
-55.0
-2.0
-38.0
-14.0
-16.0
-30.0
-19.0
-16.0
-3.0
2.0
-3.0
-25.0
-33.0
-7.0
-27.0
-24.0
-26.0
-29.0
-30.0
-28.0
-63.0
-102.0
-142.0
-183.0
-131.0
-99.0
-55.0
-68.0
-37.0
-13.0
-39.0
-62.0
-70.0
-65.0
-61.0
-67.0
-64.0
-2.0
34.0
43.0
35.0
30.0
-6.0
16.0
19.0
16.0
3.0
26.0
18.0
40.0
77.0
102.0
80.0
72.0
61.0
39.0
25.0
35.0
27.0
15.0
-3.0
15.0
16.0
18.0
34.0
41.0
27.0
1.0
-29.0
-39.0
-31.0
-46.0
-39.0
-36.0
-10.0
27.0
-1.0
-6.0
-14.0
-23.0
2.0
-29.0
-76.0
-97.0
-78.0
-28.0
-18.0
39.0
39.0
44.0
34.0
18.0
22.0
-5.0
14.0
-16.0
-15.0
13.0
53.0
86.0
85.0
44.0
28.0
23.0
52.0
25.0
24.0
31.0
20.0
-10.0
-25.0
-21.0
-16.0
-34.0
-27.0
-5.0
20.0
-3.0
26.0
5.0
0.0
-27.0
-13.0
-22.0
-33.0
-15.0
-69.0
-30.0
7.0
-5.0
-29.0
-40.0
-18.0
-17.0
-7.0
-39.0
-23.0
-23.0
8.0
30.0
31.0
25.0
-13.0
21.0
-31.0
2.0
-26.0
-32.0
-55.0
-43.0
-23.0
5.0
-8.0
-20.0
3.0
-10.0
-17.0
22.0
21.0
35.0
39.0
35.0
44.0
26.0
36.0
44.0
75.0
45.0
60.0
76.0
75.0
40.0
41.0
50.0
-12.0
-24.0
-16.0
26.0
8.0
46.0
-15.0
7.0
17.0
27.0
25.0
10.0
-1.0
-3.0
-31.0
-9.0
-20.0
4.0
19.0
11.0
27.0
-5.0
-20.0
-39.0
16.0
-26.0
-22.0
-16.0
-13.0
-37.0
-65.0
-30.0
-29.0
-29.0
-62.0
-43.0
-22.0
-9.0
-22.0
0.0
-17.0
10.0
-3.0
26.0
24.0
-13.0
-30.0
-25.0
-13.0
-42.0
3.0
-51.0
-9.0
8.0
-26.0
-22.0
-18.0
-47.0
-14.0
-12.0
-8.0
-5.0
-29.0
-4.0
-7.0
2.0
10.0
3.0
68.0
74.0
26.0
44.0
90.0
50.0
32.0
66.0
25.0
8.0
11.0
-3.0
26.0
48.0
12.0
24.0
4.0
-15.0
10.0
9.0
32.0
67.0
38.0
41.0
61.0
40.0
79.0
59.0
53.0
52.0
-2.0
33.0
29.0
27.0
17.0
44.0
53.0
56.0
52.0
48.0
32.0
16.0
-9.0
-49.0
-52.0
-73.0
-53.0
-56.0
-35.0
-22.0
39.0
27.0
25.0
-22.0
-26.0
-72.0
-72.0
-86.0
-98.0
-60.0
-101.0
-63.0
-63.0
-10.0
-2.0
-11.0
-6.0
-35.0
-59.0
-35.0
-47.0
-31.0
-20.0
-42.0
-8.0
34.0
23.0
63.0
38.0
50.0
11.0
5.0
-14.0
-18.0
-16.0
-39.0
-89.0
-52.0
-52.0
-2.0
-4.0
20.0
18.0
1.0
43.0
15.0
56.0
25.0
-24.0
-42.0
-52.0
-51.0
-58.0
3.0
2.0
7.0
-20.0
27.0
20.0
41.0
24.0
16.0
-25.0
-18.0
-5.0
-24.0
22.0
-8.0
-31.0
-27.0
-10.0
-21.0
11.0
-36.0
-61.0
-56.0
-88.0
-84.0
-54.0
-8.0
-70.0
11.0
-48.0
-41.0
-13.0
8.0
6.0
16.0
-18.0
24.0
46.0
72.0
99.0
59.0
74.0
86.0
98.0
91.0
73.0
70.0
46.0
-23.0
-5.0
-5.0
-6.0
-45.0
-55.0
-35.0
-8.0
34.0
1.0
18.0
16.0
3.0
12.0
-4.0
-32.0
-16.0
-49.0
-13.0
24.0
-15.0
-3.0
-2.0
-1.0
-20.0
-30.0
-65.0
-50.0
-74.0
-51.0
-51.0
-44.0
-21.0
8.0
-8.0
8.0
-14.0
-18.0
-34.0
-87.0
-46.0
-47.0
-38.0
-44.0
-66.0
-16.0
-31.0
0.0
-31.0
-40.0
14.0
-13.0
23.0
33.0
12.0
-6.0
-3.0
-16.0
-30.0
-58.0
-60.0
-56.0
-22.0
-14.0
-14.0
4.0
-11.0
-20.0
-46.0
-89.0
-93.0
-118.0
-144.0
-102.0
-88.0
-78.0
-79.0
-79.0
-93.0
-105.0
-95.0
-66.0
-68.0
-95.0
-98.0
-108.0
-97.0
-98.0
-83.0
-98.0
-93.0
-69.0
2.0
-33.0
-22.0
-24.0
-25.0
9.0
-2.0
13.0
64.0
71.0
54.0
66.0
87.0
74.0
20.0
55.0
46.0
50.0
86.0
102.0
122.0
134.0
162.0
196.0
234.0
186.0
240.0
260.0
251.0
263.0
244.0
218.0
235.0
152.0
126.0
100.0
78.0
56.0
32.0
3.0
-10.0
-33.0
-43.0
-52.0
-60.0
-102.0
-59.0
-77.0
-92.0
-96.0
-106.0
-72.0
-107.0
-152.0
-139.0
-158.0
-180.0
-145.0
-118.0
-101.0
-149.0
-99.0
-65.0
-41.0
-90.0
-116.0
-87.0
-65.0
-105.0
-78.0
-95.0
-92.0
-82.0
-69.0
-43.0
-93.0
-55.0
-72.0
-50.0
-45.0
-12.0
-24.0
-10.0
-1.0
-10.0
-32.0
-37.0
-59.0
-64.0
-72.0
-103.0
-101.0
-83.0
-36.0
-61.0
-91.0
-86.0
-72.0
-75.0
-57.0
-68.0
-50.0
-78.0
-68.0
-54.0
-57.0
-22.0
-52.0
-43.0
-65.0
-24.0
-74.0
-31.0
-42.0
-43.0
-22.0
-42.0
13.0
5.0
22.0
20.0
8.0
6.0
21.0
0.0
-1.0
-43.0
-54.0
-68.0
-93.0
-82.0
-70.0
-77.0
-64.0
-100.0
-80.0
-72.0
-107.0
-67.0
-50.0
-83.0
-61.0
-24.0
-36.0
4.0
23.0
26.0
13.0
23.0
4.0
13.0
59.0
35.0
13.0
7.0
37.0
32.0
20.0
-11.0
-83.0
-35.0
-49.0
-27.0
-47.0
-43.0
-37.0
-3.0
-49.0
-44.0
-16.0
-26.0
-54.0
-103.0
-80.0
-15.0
15.0
26.0
-5.0
40.0
27.0
42.0
-5.0
-26.0
-40.0
-15.0
-26.0
-56.0
2.0
6.0
-1.0
-4.0
28.0
-10.0
18.0
-6.0
6.0
12.0
-7.0
-1.0
-20.0
1.0
8.0
-13.0
-25.0
-17.0
-3.0
-28.0
6.0
-31.0
-61.0
-67.0
-47.0
-10.0
-33.0
-26.0
-42.0
-39.0
-13.0
-13.0
-12.0
-14.0
-41.0
-52.0
-93.0
-81.0
-48.0
-35.0
-13.0
-13.0
1.0
-15.0
-13.0
-12.0
-6.0
-18.0
3.0
-12.0
-11.0
32.0
24.0
56.0
25.0
34.0
3.0
42.0
7.0
13.0
33.0
22.0
42.0
11.0
50.0
64.0
46.0
70.0
39.0
55.0
42.0
45.0
50.0
5.0
-12.0
-4.0
2.0
59.0
26.0
30.0
20.0
-9.0
-52.0
-15.0
-33.0
-5.0
-23.0
-7.0
7.0
37.0
37.0
-54.0
-54.0
-11.0
18.0
-2.0
-68.0
-77.0
-18.0
-27.0
-8.0
-35.0
-16.0
-24.0
-31.0
-68.0
-67.0
-87.0
-71.0
-72.0
-42.0
-50.0
-65.0
-56.0
-32.0
-27.0
-40.0
-79.0
-44.0
5.0
-16.0
-11.0
-10.0
14.0
37.0
12.0
7.0
21.0
-8.0
-3.0
-6.0
30.0
77.0
51.0
49.0
39.0
46.0
53.0
14.0
-45.0
14.0
13.0
14.0
42.0
26.0
3.0
44.0
29.0
17.0
6.0
-17.0
-33.0
7.0
-25.0
-56.0
-54.0
-26.0
-46.0
-25.0
-18.0
-21.0
24.0
21.0
-4.0
4.0
-13.0
4.0
-4.0
-2.0
29.0
-1.0
6.0
7.0
48.0
35.0
17.0
-3.0
-5.0
10.0
-4.0
2.0
22.0
17.0
-29.0
-9.0
-21.0
-24.0
-43.0
-55.0
-3.0
-72.0
-28.0
-7.0
-58.0
-37.0
-49.0
-37.0
-51.0
-11.0
-21.0
16.0
-34.0
22.0
40.0
29.0
25.0
12.0
-3.0
51.0
37.0
-5.0
29.0
-11.0
0.0
13.0
6.0
-9.0
-20.0
-34.0
-14.0
-37.0
-15.0
-29.0
-6.0
-7.0
1.0
27.0
-19.0
-3.0
12.0
-19.0
-47.0
-13.0
-29.0
-13.0
-8.0
-24.0
-7.0
-3.0
-2.0
-8.0
-25.0
6.0
-10.0
-42.0
-8.0
39.0
-12.0
21.0
-35.0
-59.0
-42.0
-63.0
-76.0
-51.0
-66.0
-49.0
-56.0
-40.0
-29.0
-30.0
-6.0
-48.0
-79.0
-103.0
-86.0
-29.0
-64.0
-56.0
-53.0
-65.0
-33.0
-27.0
-18.0
-43.0
-27.0
-46.0
-65.0
-58.0
-32.0
-8.0
-45.0
-2.0
8.0
29.0
-11.0
14.0
53.0
7.0
12.0
-10.0
-41.0
-5.0
6.0
-1.0
-12.0
21.0
59.0
47.0
72.0
45.0
35.0
13.0
42.0
32.0
50.0
35.0
64.0
84.0
58.0
20.0
44.0
52.0
59.0
40.0
8.0
13.0
-11.0
-16.0
-44.0
18.0
28.0
39.0
8.0
-3.0
6.0
-22.0
-43.0
-55.0
-22.0
10.0
15.0
11.0
47.0
25.0
30.0
27.0
36.0
45.0
38.0
17.0
-14.0
25.0
13.0
-9.0
39.0
12.0
36.0
55.0
62.0
-4.0
33.0
36.0
28.0
-3.0
4.0
80.0
71.0
28.0
14.0
33.0
48.0
65.0
67.0
60.0
61.0
73.0
64.0
56.0
18.0
-10.0
-2.0
3.0
-6.0
-6.0
10.0
17.0
19.0
32.0
22.0
22.0
-5.0
3.0
23.0
41.0
26.0
31.0
25.0
40.0
26.0
-11.0
-30.0
1.0
3.0
23.0
3.0
23.0
72.0
49.0
31.0
33.0
32.0
39.0
6.0
-12.0
40.0
57.0
52.0
33.0
54.0
81.0
68.0
60.0
7.0
17.0
15.0
8.0
-40.0
-10.0
12.0
34.0
6.0
19.0
5.0
-18.0
-12.0
-26.0
-50.0
-77.0
-36.0
-47.0
-7.0
-33.0
-46.0
-29.0
-3.0
-27.0
-102.0
-88.0
-109.0
-54.0
-40.0
-59.0
-66.0
-34.0
0.0
-12.0
-45.0
-89.0
-106.0
-85.0
-65.0
-102.0
-97.0
-51.0
-46.0
-51.0
-101.0
-63.0
-60.0
-84.0
-99.0
-71.0
-11.0
-11.0
-42.0
-16.0
-7.0
-1.0
-32.0
-34.0
-55.0
-52.0
-29.0
-55.0
-8.0
-10.0
-32.0
-14.0
1.0
40.0
-3.0
-3.0
-1.0
-26.0
-1.0
16.0
1.0
18.0
51.0
30.0
21.0
-8.0
16.0
0.0
-15.0
-22.0
-54.0
-15.0
-8.0
-10.0
20.0
33.0
50.0
17.0
1.0
-63.0
-53.0
-22.0
11.0
-3.0
-15.0
24.0
-2.0
3.0
1.0
-10.0
-48.0
-18.0
-20.0
1.0
25.0
37.0
22.0
38.0
15.0
-34.0
-26.0
23.0
18.0
-22.0
-46.0
5.0
29.0
64.0
83.0
85.0
148.0
148.0
101.0
106.0
90.0
101.0
52.0
20.0
5.0
3.0
6.0
-7.0
40.0
25.0
77.0
139.0
192.0
182.0
177.0
237.0
255.0
203.0
207.0
206.0
196.0
168.0
164.0
143.0
156.0
230.0
217.0
164.0
154.0
87.0
81.0
52.0
27.0
12.0
42.0
14.0
-6.0
30.0
6.0
-23.0
-51.0
-92.0
-90.0
-98.0
-106.0
-110.0
-136.0
-140.0
-139.0
-141.0
-146.0
-204.0
-208.0
-243.0
-186.0
-193.0
-172.0
-157.0
-151.0
-154.0
-164.0
-148.0
-165.0
-153.0
-147.0
-190.0
-180.0
-136.0
-130.0
-119.0
-120.0
-102.0
-95.0
-90.0
-69.0
-55.0
-54.0
-68.0
-74.0
-88.0
-70.0
-74.0
-69.0
-14.0
-35.0
-9.0
-5.0
-5.0
-18.0
-40.0
-36.0
-51.0
-35.0
-50.0
-24.0
4.0
-26.0
5.0
-3.0
-7.0
-32.0
-5.0
-39.0
27.0
-58.0
23.0
15.0
40.0
8.0
49.0
-9.0
-70.0
-4.0
-22.0
8.0
2.0
-77.0
-78.0
-51.0
-52.0
-45.0
-72.0
-59.0
-72.0
-56.0
-43.0
-6.0
36.0
-17.0
-29.0
-48.0
-78.0
-59.0
-42.0
-35.0
-22.0
-78.0
-66.0
-40.0
21.0
-32.0
-13.0
35.0
-31.0
-50.0
-37.0
-27.0
-34.0
-44.0
46.0
21.0
37.0
-2.0
-11.0
10.0
-54.0
-18.0
-33.0
1.0
50.0
72.0
138.0
18.0
154.0
102.0
95.0
105.0
143.0
101.0
128.0
121.0
86.0
115.0
176.0
61.0
111.0
35.0
88.0
-2.0
36.0
-2.0
57.0
81.0
-25.0
40.0
-11.0
106.0
27.0
91.0
3.0
72.0
158.0
-66.0
1.0
86.0
-82.0
30.0
-67.0
53.0
-42.0
55.0
-47.0
44.0
94.0
73.0
21.0
-29.0
91.0
43.0
36.0
131.0
35.0
76.0
81.0
43.0
-7.0
72.0
-35.0
-73.0
-13.0
-77.0
87.0
63.0
-82.0
-141.0
115.0
-134.0
21.0
-1.0
189.0
122.0
-54.0
-14.0
-30.0
-69.0
53.0
-229.0
-50.0
-13.0
-81.0
21.0
33.0
57.0
146.0
-193.0
42.0
-31.0
-53.0
-72.0
208.0
-147.0
-227.0
98.0
211.0
-119.0
-127.0
-93.0
-54.0
-107.0
115.0
-188.0
-72.0
-111.0
-35.0
23.0
-156.0
56.0
-29.0
21.0
-8.0
-100.0
189.0
-129.0
2.0
-44.0
41.0
65.0
99.0
-23.0
-20.0
17.0
140.0
-40.0
-93.0
12.0
35.0
-154.0
105.0
2.0
164.0
-60.0
30.0
72.0
90.0
155.0
-117.0
132.0
-39.0
206.0
-131.0
186.0
-5.0
61.0
74.0
1.0
39.0
100.0
-1.0
77.0
5.0
25.0
221.0
-158.0
-51.0
162.0
-67.0
59.0
48.0
-51.0
14.0
91.0
1.0
116.0
-288.0
-38.0
-8.0
-52.0
-77.0
84.0
-34.0
-1.0
-115.0
71.0
67.0
133.0
-23.0
-32.0
73.0
-43.0
196.0
-181.0
94.0
-27.0
-188.0
184.0
-29.0
-69.0
-31.0
83.0
159.0
103.0
8.0
79.0
83.0
247.0
39.0
138.0
149.0
266.0
119.0
154.0
106.0
42.0
234.0
-49.0
39.0
56.0
-105.0
67.0
-105.0
-40.0
-159.0
-37.0
-115.0
-221.0
-44.0
-1.0
-248.0
-75.0
-214.0
-61.0
-50.0
-119.0
-52.0
-109.0
140.0
-130.0
11.0
100.0
-44.0
97.0
31.0
-178.0
117.0
-11.0
67.0
15.0
55.0
-1.0
81.0
4.0
-8.0
-8.0
-28.0
-43.0
119.0
-14.0
-25.0
249.0
5.0
-11.0
93.0
-30.0
105.0
4.0
66.0
122.0
-2.0
177.0
164.0
-24.0
117.0
-37.0
33.0
65.0
-12.0
255.0
-58.0
96.0
60.0
107.0
96.0
-25.0
52.0
21.0
74.0
93.0
4.0
79.0
117.0
184.0
24.0
163.0
-35.0
67.0
168.0
4.0
57.0
-18.0
17.0
30.0
-4.0
-34.0
32.0
-120.0
33.0
-53.0
52.0
5.0
-82.0
46.0
92.0
4.0
91.0
192.0
74.0
98.0
148.0
237.0
51.0
102.0
96.0
1.0
152.0
-26.0
18.0
137.0
97.0
32.0
134.0
138.0
43.0
96.0
139.0
129.0
100.0
33.0
167.0
-60.0
62.0
35.0
76.0
-40.0
98.0
45.0
112.0
42.0
118.0
0.0
16.0
167.0
11.0
53.0
-37.0
-36.0
-1.0
62.0
-63.0
-48.0
-49.0
-1.0
96.0
-40.0
83.0
21.0
20.0
-33.0
-32.0
-42.0
-12.0
-37.0
13.0
37.0
65.0
17.0
62.0
-18.0
54.0
48.0
45.0
37.0
-24.0
105.0
-79.0
-6.0
15.0
16.0
41.0
121.0
-7.0
7.0
93.0
-54.0
83.0
-53.0
-31.0
51.0
61.0
36.0
-13.0
88.0
63.0
64.0
-55.0
-53.0
60.0
-69.0
-86.0
-68.0
-39.0
-1.0
-3.0
-34.0
-69.0
37.0
-23.0
-53.0
-67.0
-30.0
32.0
54.0
98.0
61.0
55.0
37.0
76.0
16.0
-16.0
-6.0
15.0
-2.0
-2.0
20.0
12.0
23.0
60.0
52.0
40.0
45.0
52.0
61.0
69.0
12.0
-8.0
48.0
-2.0
19.0
27.0
23.0
46.0
65.0
43.0
20.0
8.0
12.0
-4.0
67.0
26.0
39.0
20.0
-5.0
44.0
25.0
41.0
41.0
67.0
42.0
46.0
54.0
12.0
61.0
83.0
89.0
112.0
128.0
93.0
95.0
81.0
102.0
43.0
52.0
54.0
11.0
67.0
71.0
47.0
62.0
49.0
17.0
6.0
0.0
21.0
2.0
31.0
51.0
-18.0
-28.0
-21.0
-25.0
-53.0
-47.0
-84.0
-37.0
-31.0
9.0
-14.0
-15.0
68.0
112.0
130.0
89.0
95.0
72.0
78.0
77.0
48.0
49.0
75.0
54.0
46.0
-39.0
-54.0
-71.0
-94.0
-93.0
-82.0
-64.0
-36.0
-41.0
-42.0
-60.0
-77.0
-90.0
-79.0
-70.0
-64.0
-77.0
-60.0
-16.0
-34.0
-36.0
-45.0
-28.0
-26.0
-22.0
25.0
-19.0
-40.0
-50.0
-2.0
25.0
60.0
17.0
37.0
20.0
6.0
-10.0
-29.0
-51.0
-67.0
-50.0
-44.0
-43.0
-60.0
8.0
11.0
96.0
134.0
146.0
207.0
171.0
143.0
150.0
171.0
188.0
216.0
266.0
245.0
180.0
165.0
156.0
166.0
191.0
184.0
132.0
104.0
53.0
55.0
73.0
54.0
32.0
16.0
-11.0
0.0
15.0
-35.0
-50.0
-72.0
-82.0
-108.0
-122.0
-165.0
-152.0
-140.0
-164.0
-151.0
-176.0
-174.0
-163.0
-147.0
-133.0
-129.0
-120.0
-122.0
-107.0
-89.0
-109.0
-105.0
-86.0
-71.0
-50.0
-42.0
-52.0
-49.0
-58.0
-17.0
7.0
-7.0
-30.0
-31.0
4.0
-18.0
-5.0
-25.0
-20.0
-70.0
1.0
22.0
12.0
-27.0
-23.0
-22.0
-4.0
-50.0
-73.0
-63.0
-63.0
-62.0
-64.0
-27.0
-34.0
-40.0
-39.0
-34.0
-31.0
-34.0
-33.0
-59.0
-71.0
-63.0
-33.0
-17.0
-10.0
25.0
41.0
37.0
1.0
0.0
11.0
28.0
3.0
-13.0
-26.0
-17.0
-21.0
-39.0
-45.0
-5.0
3.0
6.0
1.0
27.0
6.0
17.0
-14.0
0.0
-14.0
-12.0
-25.0
5.0
-14.0
23.0
31.0
40.0
30.0
21.0
6.0
-35.0
-31.0
-25.0
-8.0
-11.0
5.0
-9.0
-25.0
-35.0
-37.0
-14.0
10.0
18.0
0.0
11.0
10.0
-29.0
-6.0
7.0
58.0
63.0
38.0
65.0
34.0
33.0
32.0
5.0
24.0
7.0
-7.0
1.0
32.0
50.0
24.0
34.0
29.0
34.0
50.0
20.0
33.0
31.0
-37.0
14.0
-13.0
-27.0
-12.0
-14.0
1.0
-7.0
-6.0
5.0
16.0
15.0
31.0
-11.0
-1.0
12.0
13.0
-4.0
-14.0
-44.0
9.0
-1.0
-4.0
-3.0
-20.0
-46.0
-37.0
-39.0
-41.0
-44.0
-34.0
-52.0
15.0
33.0
56.0
33.0
42.0
18.0
27.0
19.0
20.0
-10.0
-12.0
21.0
-6.0
31.0
58.0
39.0
6.0
24.0
30.0
21.0
15.0
19.0
19.0
2.0
40.0
30.0
35.0
4.0
18.0
24.0
29.0
-17.0
18.0
40.0
7.0
-11.0
-14.0
-6.0
-2.0
7.0
4.0
6.0
11.0
22.0
6.0
23.0
-5.0
-19.0
-37.0
-18.0
-1.0
7.0
-12.0
7.0
-2.0
14.0
64.0
15.0
2.0
-2.0
20.0
25.0
-14.0
-23.0
14.0
-20.0
-56.0
-47.0
-18.0
-22.0
-18.0
-3.0
10.0
30.0
28.0
34.0
58.0
25.0
12.0
25.0
8.0
8.0
5.0
6.0
11.0
12.0
46.0
20.0
22.0
27.0
18.0
-9.0
-5.0
10.0
57.0
35.0
15.0
43.0
56.0
76.0
78.0
77.0
44.0
76.0
96.0
81.0
37.0
69.0
55.0
34.0
29.0
31.0
20.0
36.0
41.0
8.0
-6.0
14.0
20.0
1.0
11.0
-2.0
15.0
2.0
-14.0
-30.0
-18.0
-32.0
-17.0
0.0
-8.0
12.0
-21.0
6.0
-4.0
4.0
-12.0
-20.0
-31.0
-60.0
-40.0
-12.0
-4.0
-12.0
-39.0
-21.0
-4.0
33.0
26.0
62.0
45.0
33.0
36.0
-2.0
14.0
1.0
21.0
31.0
23.0
22.0
24.0
-7.0
37.0
43.0
52.0
54.0
31.0
27.0
4.0
6.0
-23.0
8.0
10.0
2.0
8.0
3.0
14.0
-24.0
2.0
-22.0
-20.0
-14.0
-18.0
-47.0
-6.0
-16.0
-18.0
-22.0
-42.0
-17.0
-20.0
-20.0
-30.0
-4.0
25.0
23.0
1.0
-6.0
14.0
19.0
-17.0
25.0
17.0
-3.0
-2.0
-19.0
-16.0
-7.0
11.0
-5.0
-6.0
-5.0
-29.0
-11.0
-10.0
-16.0
-12.0
-35.0
-83.0
-55.0
-38.0
-35.0
-13.0
35.0
17.0
-4.0
-40.0
-11.0
3.0
-6.0
-13.0
-9.0
11.0
14.0
13.0
14.0
-19.0
-20.0
-29.0
31.0
56.0
10.0
-10.0
-37.0
-25.0
-30.0
5.0
24.0
11.0
-2.0
-43.0
-34.0
-2.0
12.0
19.0
31.0
36.0
45.0
26.0
-5.0
-2.0
-24.0
1.0
-21.0
-7.0
-15.0
-11.0
7.0
-7.0
4.0
-14.0
-48.0
-59.0
-66.0
-77.0
-60.0
-24.0
-40.0
-8.0
12.0
13.0
-6.0
-31.0
2.0
-2.0
12.0
-43.0
-68.0
-54.0
-30.0
-3.0
-22.0
-24.0
-31.0
11.0
21.0
24.0
22.0
24.0
2.0
22.0
-2.0
-33.0
-51.0
-23.0
-22.0
2.0
10.0
-22.0
-29.0
-26.0
-5.0
48.0
35.0
6.0
4.0
3.0
17.0
23.0
56.0
81.0
88.0
118.0
147.0
192.0
228.0
228.0
237.0
281.0
254.0
247.0
280.0
251.0
220.0
165.0
104.0
92.0
96.0
56.0
20.0
-21.0
-43.0
-5.0
-62.0
-62.0
-47.0
-48.0
-50.0
-55.0
-70.0
-102.0
-120.0
-150.0
-116.0
-124.0
-124.0
-125.0
-108.0
-110.0
-127.0
-177.0
-122.0
-63.0
-68.0
-98.0
-87.0
-48.0
-87.0
-68.0
-84.0
-111.0
-86.0
-85.0
-54.0
-70.0
-85.0
-99.0
-68.0
-55.0
-44.0
-45.0
-33.0
-54.0
-44.0
-30.0
8.0
-4.0
-7.0
-12.0
-7.0
-20.0
-36.0
-44.0
-35.0
-61.0
-35.0
-58.0
-45.0
-31.0
-21.0
-4.0
-14.0
-11.0
-31.0
-27.0
-25.0
-31.0
-14.0
-35.0
-17.0
-5.0
5.0
16.0
26.0
-1.0
-19.0
-27.0
6.0
8.0
11.0
-20.0
8.0
9.0
-4.0
0.0
21.0
-4.0
-3.0
-10.0
-15.0
-34.0
-13.0
-37.0
-36.0
-27.0
-20.0
6.0
-27.0
5.0
8.0
-20.0
-30.0
-29.0
-36.0
-35.0
-42.0
-19.0
-73.0
-63.0
-39.0
-8.0
-22.0
-46.0
-48.0
-67.0
-51.0
-12.0
22.0
-27.0
-16.0
8.0
32.0
32.0
5.0
34.0
17.0
31.0
16.0
4.0
-3.0
-14.0
3.0
34.0
7.0
-7.0
36.0
31.0
21.0
17.0
-53.0
-1.0
-10.0
5.0
22.0
19.0
5.0
-34.0
-5.0
16.0
2.0
-13.0
6.0
14.0
22.0
-1.0
-47.0
-33.0
-21.0
7.0
19.0
-11.0
-25.0
12.0
-22.0
7.0
-6.0
-29.0
-46.0
-52.0
10.0
27.0
7.0
-29.0
-64.0
-55.0
-33.0
-53.0
-75.0
-44.0
-27.0
-16.0
-10.0
-13.0
-16.0
-12.0
-12.0
1.0
-2.0
-46.0
-39.0
-49.0
-47.0
-14.0
-37.0
-5.0
-12.0
-30.0
-44.0
-8.0
-18.0
23.0
35.0
23.0
12.0
-24.0
21.0
3.0
-8.0
-53.0
-52.0
-74.0
-57.0
-80.0
-71.0
-61.0
-50.0
-32.0
-45.0
-60.0
-67.0
-37.0
-39.0
-42.0
-34.0
-33.0
-29.0
-14.0
-20.0
-23.0
-31.0
-17.0
-29.0
15.0
29.0
-16.0
25.0
6.0
-8.0
11.0
4.0
-12.0
-44.0
-58.0
-13.0
-20.0
39.0
15.0
37.0
32.0
24.0
17.0
5.0
6.0
12.0
28.0
24.0
22.0
16.0
20.0
2.0
1.0
-16.0
-2.0
-43.0
-54.0
-21.0
11.0
16.0
7.0
21.0
8.0
-28.0
-20.0
-17.0
-78.0
-24.0
-27.0
-48.0
-42.0
-32.0
-28.0
-24.0
25.0
-9.0
-30.0
-38.0
-33.0
2.0
-20.0
5.0
25.0
27.0
32.0
6.0
-17.0
-14.0
-15.0
-8.0
16.0
-19.0
0.0
10.0
10.0
-13.0
11.0
48.0
4.0
5.0
13.0
-4.0
-54.0
-44.0
-48.0
-48.0
8.0
-32.0
-8.0
-1.0
-23.0
-8.0
14.0
-23.0
-8.0
-17.0
13.0
-54.0
-38.0
-22.0
32.0
-15.0
30.0
-13.0
-2.0
-12.0
22.0
13.0
1.0
-2.0
-67.0
-16.0
-50.0
-10.0
-38.0
-15.0
49.0
-8.0
33.0
-9.0
15.0
10.0
41.0
17.0
12.0
34.0
-4.0
-27.0
-18.0
44.0
37.0
36.0
-24.0
-64.0
-27.0
-24.0
-34.0
-2.0
33.0
42.0
53.0
79.0
76.0
92.0
97.0
131.0
172.0
183.0
208.0
271.0
307.0
304.0
290.0
268.0
266.0
201.0
203.0
187.0
171.0
136.0
89.0
87.0
100.0
63.0
-17.0
-4.0
-41.0
-21.0
-107.0
-147.0
-139.0
-143.0
-119.0
-86.0
-189.0
-199.0
-184.0
-150.0
-163.0
-191.0
-170.0
-177.0
-159.0
-134.0
-154.0
-177.0
-201.0
-186.0
-163.0
-170.0
-134.0
-135.0
-143.0
-136.0
-60.0
-76.0
-36.0
-68.0
-49.0
-21.0
-31.0
-42.0
-23.0
-20.0
-25.0
-31.0
-36.0
-36.0
-45.0
-37.0
-30.0
-14.0
-32.0
-29.0
-30.0
-30.0
-37.0
-22.0
-7.0
-10.0
-36.0
-32.0
-2.0
6.0
15.0
-14.0
16.0
8.0
-30.0
-20.0
-8.0
-10.0
-55.0
-60.0
-78.0
-41.0
-54.0
-54.0
-56.0
-68.0
-32.0
-27.0
7.0
34.0
29.0
-6.0
-6.0
21.0
22.0
-6.0
-7.0
-51.0
-15.0
-5.0
-17.0
-21.0
-12.0
-13.0
-48.0
-43.0
-27.0
-14.0
-55.0
-39.0
-62.0
-53.0
-39.0
-51.0
-62.0
-45.0
-13.0
-33.0
-13.0
-41.0
-53.0
-51.0
-61.0
-85.0
-98.0
-60.0
-65.0
-77.0
-91.0
-96.0
-40.0
-45.0
-7.0
-16.0
-4.0
5.0
10.0
55.0
29.0
15.0
-15.0
-40.0
-55.0
-32.0
-2.0
4.0
-12.0
5.0
6.0
2.0
-16.0
-26.0
-27.0
-22.0
-48.0
-14.0
2.0
-21.0
-14.0
15.0
-24.0
-43.0
-21.0
-23.0
-13.0
-11.0
22.0
16.0
39.0
24.0
35.0
23.0
10.0
40.0
31.0
17.0
14.0
6.0
19.0
29.0
4.0
43.0
39.0
13.0
3.0
22.0
11.0
6.0
29.0
1.0
-7.0
-3.0
17.0
-3.0
9.0
-39.0
-46.0
-31.0
-35.0
-17.0
-38.0
-22.0
-44.0
-13.0
-4.0
-20.0
-1.0
2.0
-16.0
-48.0
-29.0
-37.0
-52.0
-72.0
-49.0
-25.0
-12.0
-28.0
-30.0
-9.0
-25.0
5.0
-3.0
-14.0
-13.0
-16.0
-6.0
-4.0
-10.0
2.0
-28.0
-61.0
-74.0
-63.0
-46.0
-32.0
8.0
8.0
-21.0
-19.0
6.0
37.0
33.0
71.0
63.0
49.0
34.0
3.0
-16.0
5.0
-7.0
10.0
-29.0
7.0
-14.0
2.0
36.0
-15.0
3.0
6.0
13.0
35.0
-1.0
-24.0
-14.0
-21.0
-30.0
6.0
10.0
-7.0
-27.0
-4.0
0.0
-22.0
-33.0
-57.0
-77.0
-74.0
-81.0
-76.0
-52.0
-34.0
-43.0
-30.0
-35.0
-29.0
-19.0
-12.0
-34.0
-41.0
-8.0
-8.0
-10.0
-2.0
-10.0
2.0
16.0
-31.0
-14.0
3.0
15.0
-2.0
-27.0
-14.0
-39.0
-39.0
-25.0
-20.0
-45.0
-96.0
-105.0
-82.0
-93.0
-70.0
-15.0
26.0
71.0
119.0
139.0
150.0
138.0
144.0
129.0
144.0
146.0
147.0
115.0
89.0
87.0
39.0
19.0
4.0
25.0
5.0
4.0
-35.0
-9.0
4.0
3.0
20.0
-21.0
-23.0
-45.0
-23.0
-23.0
-2.0
-20.0
-13.0
-41.0
-22.0
3.0
12.0
24.0
-32.0
-32.0
-41.0
-32.0
-36.0
-31.0
-29.0
1.0
15.0
22.0
9.0
22.0
46.0
49.0
25.0
25.0
31.0
18.0
13.0
-25.0
-16.0
-43.0
-24.0
-29.0
-40.0
-40.0
-27.0
-22.0
-49.0
-67.0
-53.0
-11.0
7.0
7.0
18.0
17.0
18.0
5.0
8.0
25.0
2.0
23.0
-18.0
17.0
-1.0
0.0
-33.0
4.0
-22.0
0.0
1.0
11.0
23.0
34.0
23.0
13.0
45.0
46.0
46.0
3.0
22.0
28.0
37.0
16.0
-6.0
-14.0
1.0
-15.0
-43.0
-14.0
-26.0
44.0
25.0
13.0
15.0
43.0
5.0
-28.0
20.0
2.0
27.0
16.0
7.0
-23.0
8.0
11.0
-28.0
-21.0
-36.0
-40.0
-68.0
-64.0
-42.0
-25.0
-7.0
-16.0
-40.0
-15.0
-25.0
-2.0
-6.0
-7.0
-25.0
18.0
36.0
11.0
10.0
24.0
32.0
18.0
48.0
50.0
51.0
32.0
45.0
24.0
33.0
53.0
54.0
25.0
19.0
10.0
1.0
4.0
-43.0
-29.0
-6.0
12.0
-17.0
-48.0
-82.0
-33.0
-19.0
-23.0
-71.0
-70.0
-27.0
0.0
11.0
-9.0
-4.0
9.0
-1.0
-4.0
11.0
-24.0
-48.0
-84.0
-55.0
-33.0
-7.0
-7.0
-10.0
-15.0
-13.0
-4.0
-22.0
-30.0
-24.0
-5.0
-14.0
-15.0
-28.0
-4.0
10.0
14.0
30.0
43.0
-26.0
-27.0
14.0
5.0
4.0
-13.0
-4.0
-10.0
-26.0
-34.0
-70.0
-80.0
-80.0
-58.0
-43.0
-65.0
-72.0
-38.0
-5.0
22.0
6.0
-18.0
-3.0
-25.0
-10.0
29.0
9.0
26.0
24.0
48.0
55.0
21.0
20.0
36.0
21.0
6.0
-13.0
-47.0
-41.0
-31.0
-26.0
-23.0
0.0
-2.0
9.0
-37.0
-32.0
-27.0
-40.0
-28.0
-27.0
-38.0
-36.0
-6.0
-23.0
-13.0
-38.0
-42.0
-43.0
-31.0
-50.0
-37.0
-34.0
-37.0
-30.0
-39.0
-23.0
-20.0
-7.0
-16.0
14.0
32.0
38.0
32.0
61.0
21.0
57.0
60.0
56.0
31.0
40.0
48.0
36.0
15.0
13.0
-6.0
-56.0
-56.0
-39.0
-40.0
-32.0
-33.0
-28.0
-17.0
-26.0
-6.0
-10.0
2.0
-4.0
-35.0
-62.0
-61.0
-7.0
-32.0
-66.0
-51.0
4.0
36.0
2.0
-3.0
-44.0
-31.0
-34.0
-81.0
-99.0
-101.0
-71.0
-29.0
-8.0
-2.0
-24.0
-32.0
-39.0
-43.0
-24.0
-35.0
-48.0
-4.0
2.0
-33.0
31.0
28.0
7.0
35.0
22.0
21.0
-16.0
-6.0
5.0
9.0
19.0
-11.0
-14.0
-48.0
-42.0
-88.0
-62.0
-22.0
-44.0
-35.0
-26.0
-10.0
5.0
-14.0
-44.0
-28.0
-37.0
-45.0
-30.0
-51.0
-28.0
-13.0
-8.0
-2.0
39.0
-5.0
-18.0
-3.0
19.0
-9.0
-8.0
-26.0
3.0
26.0
10.0
22.0
16.0
25.0
28.0
25.0
12.0
7.0
-1.0
22.0
8.0
6.0
20.0
48.0
33.0
16.0
17.0
56.0
35.0
32.0
36.0
31.0
13.0
6.0
-11.0
-11.0
-35.0
-12.0
-15.0
-41.0
-39.0
-26.0
11.0
16.0
35.0
4.0
-43.0
-51.0
-60.0
-36.0
-32.0
-23.0
-62.0
-26.0
-13.0
29.0
8.0
16.0
-14.0
1.0
-18.0
27.0
27.0
5.0
17.0
15.0
20.0
32.0
15.0
31.0
2.0
28.0
32.0
69.0
95.0
148.0
231.0
239.0
276.0
270.0
286.0
287.0
260.0
209.0
203.0
244.0
215.0
260.0
228.0
168.0
154.0
141.0
82.0
49.0
-2.0
-29.0
-38.0
-40.0
-78.0
-80.0
-60.0
-68.0
-74.0
-87.0
-75.0
-113.0
-95.0
-121.0
-131.0
-143.0
-158.0
-127.0
-145.0
-140.0
-178.0
-155.0
-106.0
-78.0
-93.0
-113.0
-88.0
-81.0
-99.0
-129.0
-115.0
-125.0
-107.0
-126.0
-70.0
-83.0
-106.0
-73.0
-80.0
-76.0
-86.0
-79.0
-62.0
-63.0
-68.0
-74.0
-55.0
-47.0
-28.0
-5.0
-8.0
-53.0
-79.0
-98.0
-116.0
-72.0
-102.0
-109.0
-113.0
-103.0
-98.0
-65.0
-58.0
-20.0
-14.0
11.0
11.0
-23.0
-29.0
-33.0
-26.0
-41.0
-4.0
-35.0
-64.0
-77.0
-30.0
-82.0
-65.0
-64.0
-25.0
20.0
-14.0
-5.0
-1.0
15.0
-5.0
-27.0
-81.0
-83.0
-70.0
-46.0
-32.0
-3.0
22.0
13.0
11.0
-17.0
27.0
-30.0
-46.0
-45.0
-33.0
-11.0
-3.0
14.0
61.0
26.0
16.0
7.0
-31.0
-61.0
-67.0
-58.0
-47.0
-28.0
-25.0
-14.0
-8.0
6.0
-2.0
6.0
-29.0
-35.0
-11.0
-12.0
-47.0
-9.0
-35.0
-30.0
-26.0
-8.0
-40.0
-62.0
-51.0
-43.0
-69.0
-49.0
-43.0
-31.0
-32.0
-32.0
-36.0
-7.0
-5.0
8.0
19.0
14.0
-8.0
-11.0
13.0
20.0
-20.0
9.0
-22.0
-7.0
-55.0
-84.0
-107.0
-99.0
-86.0
-68.0
-48.0
-41.0
14.0
7.0
13.0
25.0
30.0
24.0
23.0
34.0
16.0
53.0
17.0
-1.0
17.0
11.0
8.0
-9.0
-17.0
5.0
6.0
-19.0
-9.0
-75.0
-59.0
-25.0
-26.0
-50.0
-60.0
-39.0
-1.0
26.0
4.0
-3.0
55.0
16.0
0.0
-27.0
-32.0
-44.0
-25.0
-20.0
-36.0
-2.0
12.0
-17.0
-17.0
-22.0
-54.0
-42.0
-40.0
-11.0
-49.0
2.0
16.0
22.0
32.0
13.0
46.0
34.0
-15.0
-32.0
-22.0
-11.0
-20.0
-25.0
-10.0
-7.0
31.0
32.0
3.0
10.0
25.0
56.0
89.0
64.0
81.0
111.0
136.0
154.0
163.0
192.0
192.0
191.0
240.0
229.0
252.0
262.0
218.0
213.0
204.0
157.0
190.0
147.0
120.0
68.0
74.0
56.0
33.0
-17.0
-27.0
-17.0
-16.0
-64.0
-140.0
-166.0
-139.0
-114.0
-163.0
-171.0
-160.0
-135.0
-153.0
-167.0
-174.0
-121.0
-122.0
-143.0
-167.0
-178.0
-140.0
-121.0
-144.0
-165.0
-182.0
-138.0
-128.0
-144.0
-127.0
-135.0
-120.0
-76.0
-86.0
-118.0
-125.0
-98.0
-112.0
-114.0
-113.0
-115.0
-84.0
-59.0
-66.0
-96.0
-78.0
-88.0
-64.0
-100.0
-111.0
-93.0
-99.0
-72.0
-91.0
-88.0
-64.0
-93.0
-48.0
-33.0
-58.0
-50.0
-23.0
-24.0
-28.0
-44.0
-11.0
18.0
21.0
-26.0
-29.0
-4.0
-2.0
-12.0
22.0
-10.0
-56.0
-30.0
-14.0
1.0
-24.0
-13.0
-29.0
-30.0
-18.0
-12.0
-9.0
-5.0
-22.0
-17.0
20.0
22.0
2.0
-2.0
-12.0
3.0
12.0
-18.0
-11.0
29.0
27.0
4.0
29.0
-50.0
-100.0
-90.0
-67.0
-73.0
-49.0
-44.0
-14.0
-21.0
-7.0
27.0
54.0
-15.0
-43.0
-63.0
-87.0
-72.0
-93.0
-76.0
-76.0
-36.0
-19.0
6.0
21.0
-29.0
-41.0
-53.0
-50.0
-62.0
-49.0
-2.0
-30.0
-26.0
20.0
37.0
19.0
8.0
5.0
-12.0
-3.0
-4.0
-5.0
4.0
-33.0
37.0
-15.0
-7.0
7.0
17.0
13.0
-4.0
-4.0
39.0
-24.0
-44.0
-9.0
27.0
11.0
-21.0
-2.0
-8.0
-5.0
-32.0
-24.0
-15.0
2.0
-29.0
-3.0
-10.0
-2.0
11.0
-15.0
-11.0
-11.0
37.0
-5.0
5.0
-3.0
8.0
-16.0
-1.0
-11.0
7.0
5.0
-11.0
24.0
42.0
38.0
74.0
57.0
27.0
31.0
13.0
6.0
17.0
-11.0
1.0
21.0
-7.0
33.0
49.0
80.0
52.0
47.0
50.0
70.0
89.0
40.0
28.0
17.0
-5.0
1.0
7.0
-12.0
-3.0
-17.0
11.0
27.0
52.0
45.0
5.0
-13.0
10.0
4.0
3.0
-27.0
-15.0
-19.0
6.0
-10.0
-25.0
-76.0
-34.0
-63.0
-97.0
-74.0
-52.0
-60.0
-34.0
-22.0
-26.0
-21.0
-5.0
-10.0
-11.0
-3.0
-42.0
-28.0
-18.0
-13.0
-21.0
-22.0
-6.0
2.0
1.0
38.0
-1.0
6.0
12.0
4.0
-29.0
-14.0
6.0
-10.0
6.0
54.0
7.0
-20.0
15.0
-16.0
-15.0
-39.0
-17.0
13.0
-7.0
23.0
4.0
-7.0
-6.0
-5.0
-53.0
-27.0
-29.0
-5.0
7.0
-13.0
17.0
24.0
24.0
-23.0
-16.0
-18.0
9.0
-4.0
-8.0
18.0
18.0
20.0
34.0
50.0
46.0
35.0
42.0
10.0
10.0
46.0
33.0
18.0
5.0
-35.0
-11.0
-18.0
-48.0
-30.0
-2.0
-1.0
-7.0
6.0
-19.0
-1.0
-5.0
-24.0
-48.0
-33.0
-57.0
-63.0
-52.0
-30.0
-4.0
-37.0
-20.0
13.0
-33.0
-11.0
-17.0
-18.0
26.0
37.0
36.0
21.0
33.0
59.0
-5.0
-48.0
-12.0
5.0
23.0
47.0
8.0
-3.0
2.0
13.0
5.0
17.0
-2.0
14.0
-22.0
-4.0
-2.0
-45.0
-15.0
-23.0
14.0
10.0
-5.0
-28.0
-29.0
-35.0
-47.0
-38.0
-16.0
1.0
-2.0
37.0
15.0
35.0
27.0
48.0
10.0
-36.0
-18.0
-51.0
-14.0
-47.0
-44.0
-12.0
5.0
39.0
25.0
25.0
-41.0
-40.0
-20.0
-1.0
-8.0
-8.0
-11.0
-20.0
-58.0
-35.0
-8.0
-23.0
-43.0
-32.0
-27.0
-15.0
-42.0
-42.0
-24.0
-16.0
19.0
49.0
4.0
42.0
5.0
39.0
-1.0
3.0
62.0
61.0
106.0
175.0
203.0
218.0
234.0
261.0
216.0
223.0
229.0
222.0
205.0
171.0
139.0
117.0
133.0
81.0
43.0
54.0
40.0
36.0
11.0
2.0
-21.0
-65.0
-93.0
-92.0
-147.0
-127.0
-139.0
-115.0
-146.0
-136.0
-145.0
-122.0
-139.0
-164.0
-192.0
-188.0
-188.0
-176.0
-186.0
-209.0
-180.0
-159.0
-157.0
-137.0
-87.0
-60.0
-62.0
-58.0
-44.0
-98.0
-62.0
-45.0
-52.0
-73.0
-93.0
-90.0
-99.0
-112.0
-115.0
-100.0
-107.0
-97.0
-63.0
-24.0
-3.0
-33.0
-50.0
-37.0
-34.0
-94.0
-91.0
-96.0
-55.0
-39.0
-67.0
-38.0
-33.0
40.0
10.0
12.0
-16.0
-53.0
-62.0
-71.0
-37.0
-25.0
-35.0
14.0
40.0
28.0
57.0
49.0
64.0
12.0
32.0
43.0
32.0
46.0
79.0
35.0
34.0
40.0
64.0
46.0
4.0
-30.0
29.0
13.0
37.0
40.0
29.0
0.0
-31.0
0.0
-32.0
-36.0
-17.0
-21.0
-33.0
-12.0
17.0
-11.0
-23.0
-24.0
-10.0
-12.0
-45.0
21.0
17.0
-5.0
35.0
8.0
-23.0
-41.0
-49.0
-64.0
-55.0
-33.0
-12.0
-5.0
-42.0
-99.0
-106.0
-85.0
-87.0
-79.0
-80.0
-48.0
-54.0
-2.0
5.0
-27.0
-35.0
-34.0
-76.0
-95.0
-71.0
-15.0
-3.0
-8.0
-15.0
-43.0
-74.0
-72.0
-36.0
-56.0
-43.0
-1.0
24.0
31.0
62.0
72.0
59.0
27.0
53.0
35.0
40.0
24.0
58.0
108.0
84.0
93.0
35.0
25.0
16.0
9.0
25.0
76.0
136.0
206.0
187.0
221.0
266.0
268.0
220.0
202.0
215.0
248.0
303.0
331.0
329.0
334.0
369.0
374.0
313.0
312.0
257.0
211.0
147.0
144.0
128.0
120.0
93.0
94.0
45.0
22.0
-10.0
-21.0
-48.0
-48.0
-79.0
-103.0
-127.0
-131.0
-154.0
-138.0
-180.0
-197.0
-197.0
-233.0
-230.0
-256.0
-228.0
-229.0
-210.0
-238.0
-178.0
-171.0
-183.0
-200.0
-155.0
-118.0
-112.0
-100.0
-108.0
-99.0
-111.0
-105.0
-144.0
-135.0
-127.0
-124.0
-127.0
-157.0
-129.0
-102.0
-82.0
-96.0
-89.0
-106.0
-92.0
-109.0
-97.0
-127.0
-114.0
-119.0
-124.0
-110.0
-133.0
-155.0
-139.0
-121.0
-114.0
-95.0
-128.0
-100.0
-73.0
-64.0
-69.0
-89.0
-94.0
-119.0
-128.0
-91.0
-49.0
-21.0
-34.0
-62.0
-20.0
1.0
-26.0
-19.0
-45.0
-39.0
1.0
14.0
21.0
20.0
56.0
83.0
54.0
56.0
-17.0
6.0
16.0
10.0
8.0
1.0
4.0
23.0
21.0
12.0
17.0
10.0
-5.0
8.0
-43.0
-11.0
-34.0
-27.0
33.0
43.0
36.0
51.0
8.0
25.0
15.0
-24.0
11.0
-10.0
-37.0
-80.0
-78.0
-65.0
-59.0
-32.0
-86.0
-86.0
-53.0
-52.0
-47.0
4.0
-50.0
-33.0
-27.0
5.0
19.0
11.0
-18.0
-70.0
-98.0
-112.0
-18.0
-37.0
-64.0
-29.0
-19.0
-39.0
-23.0
0.0
-17.0
28.0
48.0
58.0
54.0
39.0
22.0
19.0
10.0
-13.0
-26.0
-40.0
-29.0
-18.0
11.0
17.0
-7.0
23.0
37.0
36.0
19.0
13.0
9.0
0.0
30.0
98.0
30.0
8.0
5.0
-3.0
-15.0
-16.0
-81.0
-106.0
-130.0
-117.0
-96.0
-110.0
-76.0
-40.0
-52.0
-72.0
-64.0
-54.0
-44.0
-60.0
-37.0
-3.0
-6.0
2.0
-15.0
-13.0
-52.0
-37.0
-23.0
-51.0
-12.0
16.0
38.0
13.0
14.0
2.0
29.0
20.0
27.0
24.0
46.0
30.0
49.0
26.0
11.0
-3.0
2.0
-11.0
-5.0
-25.0
-3.0
-53.0
-24.0
-44.0
-39.0
-50.0
-61.0
-45.0
-11.0
-10.0
-61.0
-37.0
-8.0
31.0
9.0
-17.0
-32.0
2.0
60.0
59.0
55.0
23.0
25.0
-7.0
-15.0
-39.0
-44.0
-79.0
-110.0
-71.0
-57.0
-22.0
-52.0
-41.0
-26.0
-14.0
-30.0
6.0
17.0
29.0
61.0
43.0
-29.0
-37.0
12.0
15.0
4.0
-20.0
-50.0
-14.0
13.0
-4.0
16.0
-53.0
4.0
12.0
-15.0
-20.0
-60.0
-27.0
15.0
-12.0
-12.0
-14.0
-11.0
38.0
25.0
30.0
-4.0
3.0
8.0
11.0
23.0
41.0
12.0
36.0
-17.0
2.0
1.0
29.0
9.0
-27.0
-25.0
-1.0
8.0
14.0
-29.0
-82.0
-51.0
-35.0
-30.0
-40.0
-24.0
-7.0
15.0
-13.0
-37.0
-19.0
27.0
4.0
-41.0
-69.0
-55.0
-43.0
-22.0
-51.0
-23.0
11.0
0.0
-10.0
-13.0
-37.0
6.0
-18.0
3.0
6.0
10.0
30.0
20.0
47.0
55.0
30.0
12.0
19.0
43.0
41.0
-7.0
26.0
-28.0
15.0
4.0
7.0
-25.0
-29.0
-36.0
-49.0
-17.0
4.0
3.0
-19.0
4.0
14.0
19.0
-45.0
-41.0
-34.0
-26.0
-14.0
-12.0
-13.0
-7.0
-27.0
3.0
-22.0
9.0
21.0
-3.0
-60.0
-60.0
-58.0
-41.0
-45.0
-24.0
-28.0
-12.0
20.0
29.0
22.0
-14.0
13.0
-31.0
-40.0
-42.0
-55.0
-42.0
-37.0
-27.0
-30.0
-23.0
-34.0
-19.0
-14.0
2.0
-4.0
-10.0
24.0
-1.0
-4.0
-5.0
5.0
19.0
-7.0
-11.0
-5.0
-46.0
5.0
-11.0
-6.0
-17.0
10.0
-4.0
-17.0
-20.0
-25.0
-35.0
-30.0
-51.0
-40.0
-19.0
-33.0
-23.0
-44.0
-16.0
-8.0
-3.0
15.0
2.0
4.0
31.0
1.0
-14.0
-17.0
-11.0
-43.0
-26.0
32.0
4.0
15.0
37.0
-9.0
40.0
16.0
-9.0
6.0
-8.0
-19.0
-5.0
4.0
12.0
13.0
10.0
23.0
41.0
23.0
48.0
-1.0
-21.0
-15.0
-21.0
-5.0
-2.0
2.0
-2.0
-2.0
-5.0
8.0
0.0
1.0
-12.0
-1.0
-12.0
-14.0
-9.0
1.0
-20.0
-23.0
-2.0
7.0
-26.0
-31.0
-31.0
-40.0
-32.0
-30.0
0.0
10.0
2.0
-26.0
-15.0
-26.0
-32.0
-74.0
-65.0
-36.0
-32.0
-12.0
-11.0
-29.0
-31.0
-50.0
-53.0
7.0
-13.0
-23.0
17.0
61.0
73.0
128.0
139.0
156.0
135.0
140.0
179.0
216.0
223.0
221.0
279.0
249.0
229.0
182.0
164.0
115.0
82.0
88.0
110.0
65.0
32.0
5.0
8.0
-7.0
-65.0
-103.0
-127.0
-137.0
-128.0
-107.0
-124.0
-147.0
-144.0
-145.0
-152.0
-146.0
-157.0
-169.0
-145.0
-122.0
-102.0
-95.0
-97.0
-48.0
-51.0
-34.0
-49.0
-63.0
-49.0
-103.0
-109.0
-101.0
-105.0
-64.0
-111.0
-107.0
-91.0
-67.0
-92.0
-31.0
-41.0
-28.0
-41.0
-46.0
-45.0
-49.0
-30.0
-24.0
-21.0
-58.0
-65.0
-67.0
-57.0
-32.0
-47.0
-47.0
-37.0
-42.0
-42.0
-48.0
-26.0
-46.0
-29.0
-7.0
-42.0
-32.0
-50.0
-58.0
-76.0
-64.0
-24.0
-36.0
-56.0
-42.0
-17.0
6.0
18.0
40.0
56.0
63.0
48.0
34.0
34.0
29.0
20.0
1.0
2.0
-1.0
-10.0
-42.0
-25.0
2.0
-22.0
-54.0
-53.0
-70.0
-68.0
-42.0
-52.0
-24.0
-59.0
-15.0
8.0
-22.0
-7.0
-33.0
-53.0
-17.0
5.0
56.0
62.0
98.0
96.0
103.0
112.0
84.0
120.0
143.0
113.0
100.0
107.0
146.0
201.0
153.0
115.0
80.0
49.0
100.0
26.0
49.0
36.0
36.0
84.0
117.0
62.0
18.0
-12.0
-21.0
-57.0
-90.0
-75.0
-57.0
-98.0
-118.0
-150.0
-149.0
-128.0
-139.0
-94.0
-129.0
-122.0
-109.0
-105.0
-125.0
-155.0
-180.0
-152.0
-124.0
-120.0
-108.0
-113.0
-118.0
-143.0
-134.0
-137.0
-119.0
-140.0
-109.0
-99.0
-71.0
-60.0
-27.0
-51.0
-86.0
-77.0
-83.0
-55.0
-54.0
-61.0
-41.0
-55.0
-33.0
-22.0
-43.0
-19.0
-31.0
-24.0
-12.0
-32.0
-60.0
-37.0
-26.0
21.0
13.0
-8.0
-2.0
-63.0
-77.0
-54.0
-56.0
-41.0
-26.0
-3.0
13.0
10.0
-5.0
-12.0
-40.0
-16.0
-52.0
-82.0
-84.0
-68.0
-22.0
-23.0
22.0
55.0
58.0
-2.0
-12.0
4.0
-32.0
-22.0
-41.0
-22.0
-14.0
-25.0
-36.0
-20.0
-50.0
-27.0
-27.0
-39.0
3.0
43.0
7.0
-3.0
-11.0
-17.0
-8.0
-26.0
-56.0
-37.0
-52.0
-42.0
-39.0
-53.0
-53.0
-36.0
-8.0
-46.0
-37.0
-34.0
-27.0
-11.0
11.0
1.0
1.0
-10.0
-2.0
-8.0
0.0
-33.0
-37.0
-40.0
-1.0
-4.0
-11.0
-2.0
-23.0
-21.0
-50.0
-31.0
-39.0
-33.0
-31.0
-22.0
-14.0
-16.0
-25.0
1.0
7.0
10.0
15.0
33.0
2.0
45.0
52.0
29.0
45.0
49.0
48.0
44.0
51.0
37.0
38.0
7.0
-1.0
14.0
6.0
8.0
-31.0
-2.0
-16.0
-14.0
-8.0
-29.0
-14.0
-1.0
-4.0
15.0
3.0
-6.0
11.0
-15.0
-34.0
-13.0
-26.0
-27.0
10.0
11.0
5.0
43.0
43.0
32.0
35.0
20.0
14.0
12.0
16.0
40.0
52.0
45.0
30.0
52.0
39.0
-7.0
-34.0
-61.0
-61.0
-27.0
-9.0
-22.0
-45.0
-48.0
5.0
-13.0
-27.0
-30.0
-13.0
-23.0
-10.0
-2.0
11.0
25.0
6.0
56.0
51.0
29.0
25.0
-4.0
-11.0
9.0
-25.0
-51.0
-66.0
-64.0
-28.0
-15.0
6.0
34.0
14.0
3.0
-17.0
-2.0
-4.0
-18.0
-44.0
-20.0
-18.0
-22.0
-15.0
-17.0
-43.0
-38.0
-52.0
-35.0
-58.0
-53.0
1.0
-5.0
-9.0
-5.0
-16.0
10.0
1.0
-34.0
-3.0
11.0
29.0
9.0
-14.0
6.0
6.0
-26.0
-22.0
-16.0
-35.0
4.0
8.0
14.0
10.0
43.0
46.0
71.0
59.0
-3.0
-10.0
-34.0
-66.0
-70.0
-67.0
-10.0
-4.0
-10.0
-2.0
-18.0
6.0
18.0
16.0
-16.0
1.0
-27.0
-65.0
-45.0
-42.0
2.0
23.0
3.0
-27.0
-8.0
-39.0
18.0
17.0
25.0
5.0
10.0
4.0
16.0
28.0
-37.0
-34.0
-48.0
-6.0
-48.0
-37.0
-47.0
-29.0
-16.0
-3.0
-37.0
-29.0
-51.0
-43.0
-39.0
-57.0
-16.0
-27.0
-1.0
-33.0
-39.0
-59.0
-45.0
-42.0
-64.0
-88.0
-79.0
-63.0
-36.0
-41.0
-15.0
7.0
-28.0
-23.0
-42.0
-1.0
10.0
5.0
-22.0
-2.0
-18.0
-8.0
-12.0
-23.0
-6.0
-30.0
-21.0
-14.0
31.0
-4.0
-2.0
24.0
4.0
2.0
-12.0
-1.0
-13.0
-19.0
-47.0
-32.0
-32.0
-1.0
19.0
13.0
14.0
45.0
17.0
18.0
-27.0
-5.0
3.0
7.0
2.0
3.0
8.0
35.0
22.0
31.0
26.0
-4.0
26.0
7.0
24.0
15.0
14.0
25.0
20.0
56.0
57.0
36.0
20.0
39.0
49.0
17.0
24.0
6.0
34.0
9.0
21.0
56.0
51.0
3.0
-11.0
32.0
15.0
22.0
43.0
52.0
24.0
43.0
49.0
40.0
13.0
24.0
51.0
55.0
33.0
33.0
37.0
44.0
59.0
40.0
43.0
29.0
-4.0
-22.0
7.0
-40.0
-28.0
-13.0
34.0
16.0
-11.0
35.0
24.0
-9.0
-2.0
-4.0
-22.0
-16.0
36.0
26.0
-10.0
-3.0
-11.0
24.0
62.0
50.0
32.0
8.0
23.0
38.0
21.0
8.0
-1.0
-2.0
4.0
19.0
19.0
-12.0
-22.0
1.0
-5.0
-11.0
-2.0
-9.0
21.0
15.0
-11.0
4.0
-11.0
-41.0
-29.0
1.0
64.0
7.0
-5.0
15.0
31.0
22.0
-10.0
-30.0
-32.0
-17.0
-33.0
-5.0
2.0
-3.0
20.0
-36.0
-46.0
-27.0
-40.0
-58.0
-42.0
-28.0
-18.0
1.0
15.0
-14.0
-10.0
-35.0
-25.0
-2.0
-22.0
-34.0
-21.0
-17.0
-31.0
-30.0
-32.0
-44.0
-58.0
-33.0
-58.0
-35.0
-37.0
-54.0
-48.0
-33.0
2.0
-7.0
-15.0
-39.0
-33.0
-46.0
-48.0
-50.0
-50.0
-62.0
-48.0
-36.0
-55.0
2.0
13.0
49.0
40.0
72.0
68.0
62.0
36.0
36.0
26.0
25.0
56.0
11.0
54.0
64.0
50.0
70.0
71.0
49.0
55.0
76.0
75.0
67.0
57.0
86.0
78.0
37.0
1.0
-15.0
-38.0
-6.0
-69.0
-98.0
-86.0
-58.0
-30.0
-6.0
-20.0
2.0
32.0
55.0
77.0
-42.0
-65.0
-72.0
-34.0
-7.0
-25.0
-12.0
-30.0
-71.0
-107.0
-80.0
-84.0
-72.0
-78.0
-96.0
-101.0
-79.0
-115.0
-91.0
-85.0
-76.0
-82.0
-58.0
-38.0
-84.0
-81.0
-80.0
-75.0
-59.0
-77.0
-54.0
-33.0
-26.0
-41.0
-77.0
-46.0
-68.0
-55.0
-60.0
-27.0
-36.0
-40.0
-31.0
-31.0
-42.0
3.0
-27.0
-27.0
22.0
-1.0
-23.0
-23.0
-10.0
32.0
-7.0
22.0
-1.0
11.0
-53.0
-34.0
-59.0
-15.0
-41.0
-8.0
-42.0
13.0
6.0
-25.0
17.0
-7.0
-9.0
-30.0
-14.0
-25.0
4.0
-39.0
-47.0
-96.0
-58.0
-51.0
-21.0
-17.0
-10.0
-14.0
-26.0
-30.0
-37.0
-35.0
-37.0
-49.0
11.0
19.0
10.0
17.0
25.0
22.0
15.0
45.0
39.0
25.0
13.0
39.0
24.0
42.0
53.0
62.0
26.0
20.0
29.0
33.0
37.0
-26.0
-22.0
-39.0
-22.0
6.0
34.0
-3.0
-6.0
-20.0
-46.0
-35.0
-45.0
-55.0
-42.0
-36.0
-24.0
14.0
13.0
7.0
43.0
23.0
37.0
23.0
2.0
-43.0
-69.0
-62.0
-65.0
-76.0
-24.0
-10.0
-16.0
27.0
51.0
49.0
53.0
-25.0
10.0
33.0
-9.0
-20.0
14.0
-4.0
14.0
10.0
18.0
14.0
-2.0
35.0
23.0
-13.0
-42.0
-41.0
22.0
14.0
16.0
37.0
63.0
68.0
61.0
76.0
54.0
33.0
37.0
10.0
-13.0
-14.0
12.0
25.0
28.0
13.0
66.0
37.0
53.0
59.0
65.0
26.0
-10.0
6.0
18.0
-10.0
-34.0
22.0
-1.0
-7.0
-35.0
-47.0
-10.0
-1.0
10.0
12.0
52.0
31.0
39.0
20.0
-1.0
5.0
19.0
26.0
3.0
-14.0
45.0
6.0
-10.0
21.0
0.0
21.0
-14.0
-8.0
5.0
-9.0
3.0
6.0
54.0
31.0
22.0
22.0
54.0
20.0
50.0
25.0
21.0
-4.0
3.0
-9.0
-13.0
-11.0
-5.0
3.0
9.0
8.0
12.0
13.0
48.0
6.0
-12.0
-23.0
-11.0
12.0
-12.0
-26.0
-64.0
-10.0
-6.0
-43.0
-35.0
22.0
31.0
46.0
43.0
49.0
60.0
80.0
37.0
8.0
-18.0
-46.0
-5.0
-12.0
-39.0
-22.0
0.0
-4.0
7.0
2.0
-1.0
-46.0
-60.0
-60.0
-73.0
-32.0
-78.0
-63.0
-47.0
-66.0
-10.0
-23.0
-11.0
18.0
-38.0
-56.0
-24.0
9.0
-32.0
-42.0
-27.0
10.0
30.0
-1.0
21.0
32.0
18.0
-3.0
-10.0
49.0
40.0
34.0
12.0
30.0
23.0
13.0
1.0
-2.0
31.0
49.0
76.0
19.0
4.0
-15.0
-7.0
16.0
-16.0
-26.0
-27.0
-58.0
-74.0
-26.0
-6.0
-30.0
4.0
29.0
25.0
3.0
15.0
22.0
12.0
23.0
-41.0
-30.0
-33.0
-10.0
-19.0
-31.0
-23.0
14.0
-12.0
-22.0
-45.0
-11.0
-11.0
13.0
1.0
32.0
23.0
12.0
26.0
28.0
6.0
1.0
3.0
-12.0
-16.0
-48.0
-62.0
-16.0
-26.0
-40.0
-43.0
-43.0
8.0
-37.0
-12.0
23.0
19.0
69.0
58.0
43.0
70.0
56.0
35.0
-4.0
-15.0
-6.0
41.0
29.0
14.0
16.0
29.0
-13.0
7.0
30.0
-16.0
-11.0
-2.0
-1.0
-10.0
-23.0
-21.0
-6.0
2.0
12.0
-2.0
-5.0
9.0
13.0
18.0
9.0
19.0
2.0
21.0
2.0
23.0
36.0
20.0
5.0
41.0
23.0
29.0
34.0
-5.0
21.0
17.0
18.0
-25.0
-38.0
-35.0
-68.0
-41.0
-72.0
-68.0
-65.0
-9.0
20.0
6.0
-2.0
14.0
-18.0
-5.0
7.0
-8.0
-7.0
-35.0
6.0
-2.0
-13.0
-16.0
-18.0
-55.0
-43.0
-55.0
-62.0
-51.0
-40.0
-44.0
-23.0
-31.0
-30.0
-45.0
-27.0
1.0
-28.0
-35.0
-22.0
-10.0
-7.0
-3.0
-20.0
0.0
-30.0
-16.0
-37.0
-44.0
-17.0
-22.0
22.0
-21.0
20.0
17.0
33.0
17.0
4.0
-11.0
20.0
-5.0
25.0
26.0
33.0
48.0
1.0
-26.0
-11.0
16.0
-3.0
-15.0
-24.0
-14.0
-21.0
-15.0
-15.0
1.0
19.0
-7.0
5.0
-18.0
29.0
24.0
20.0
34.0
25.0
8.0
16.0
32.0
37.0
37.0
17.0
37.0
14.0
-22.0
11.0
30.0
3.0
-24.0
-9.0
-14.0
-12.0
23.0
27.0
-5.0
-4.0
13.0
-33.0
-49.0
-43.0
-25.0
39.0
34.0
33.0
-14.0
-17.0
-21.0
-7.0
-20.0
-31.0
-56.0
-37.0
-51.0
-27.0
-63.0
-60.0
-59.0
-43.0
-45.0
13.0
-30.0
-60.0
-51.0
-42.0
-34.0
-52.0
-41.0
-47.0
-27.0
-51.0
-45.0
-39.0
-37.0
-50.0
-54.0
-36.0
-33.0
-52.0
-54.0
-43.0
-71.0
-46.0
-57.0
-4.0
16.0
59.0
34.0
19.0
50.0
25.0
29.0
5.0
-7.0
-5.0
14.0
26.0
21.0
11.0
39.0
5.0
-18.0
13.0
22.0
18.0
56.0
29.0
13.0
16.0
37.0
12.0
1.0
46.0
17.0
22.0
16.0
19.0
16.0
44.0
54.0
51.0
65.0
65.0
77.0
95.0
114.0
180.0
200.0
188.0
183.0
204.0
254.0
286.0
275.0
237.0
249.0
270.0
218.0
156.0
96.0
78.0
29.0
22.0
6.0
-33.0
-102.0
-100.0
-105.0
-116.0
-110.0
-146.0
-109.0
-114.0
-100.0
-119.0
-114.0
-122.0
-95.0
-138.0
-129.0
-138.0
-164.0
-144.0
-175.0
-156.0
-120.0
-83.0
-108.0
-128.0
-175.0
-144.0
-100.0
-97.0
-95.0
-116.0
-33.0
-15.0
-31.0
-10.0
-47.0
-63.0
-56.0
-63.0
11.0
-34.0
-18.0
2.0
31.0
-40.0
-23.0
-27.0
-46.0
-49.0
-47.0
-48.0
-51.0
-97.0
-101.0
-71.0
-45.0
-77.0
-128.0
-139.0
-131.0
-103.0
-90.0
-69.0
-63.0
-33.0
-31.0
10.0
-6.0
18.0
23.0
-27.0
-15.0
-3.0
11.0
26.0
16.0
32.0
53.0
53.0
61.0
36.0
-9.0
-24.0
13.0
23.0
28.0
-26.0
-30.0
-4.0
11.0
-10.0
-59.0
-63.0
-59.0
-52.0
-45.0
-24.0
-12.0
-8.0
2.0
2.0
-19.0
-8.0
-35.0
-41.0
-35.0
-18.0
-39.0
-6.0
10.0
44.0
16.0
3.0
1.0
-26.0
-21.0
-15.0
13.0
-29.0
-11.0
-12.0
-7.0
-14.0
-12.0
18.0
10.0
4.0
-23.0
22.0
4.0
12.0
12.0
4.0
-27.0
-66.0
-52.0
-16.0
-43.0
-27.0
-7.0
-43.0
-31.0
-48.0
-3.0
17.0
-16.0
-53.0
-53.0
-44.0
-29.0
-24.0
2.0
-6.0
-15.0
6.0
13.0
3.0
15.0
40.0
3.0
-23.0
-21.0
-3.0
-11.0
-3.0
-37.0
-23.0
-39.0
14.0
24.0
-21.0
-21.0
-56.0
-73.0
-20.0
-29.0
-28.0
-32.0
-43.0
-17.0
-12.0
28.0
13.0
-17.0
-42.0
-59.0
-68.0
-48.0
-54.0
-15.0
-34.0
-61.0
-58.0
-54.0
-38.0
-85.0
-65.0
-59.0
-25.0
-91.0
-69.0
-96.0
-100.0
-89.0
-88.0
-70.0
-97.0
-127.0
-124.0
-120.0
-70.0
-64.0
-33.0
-14.0
-19.0
-24.0
-44.0
-67.0
-74.0
-32.0
-48.0
-71.0
-52.0
-76.0
-69.0
-80.0
-62.0
-41.0
-44.0
-36.0
-48.0
-45.0
-15.0
-30.0
-63.0
-43.0
-45.0
-29.0
-6.0
31.0
34.0
40.0
15.0
31.0
23.0
-19.0
-46.0
-25.0
20.0
11.0
-31.0
-45.0
-26.0
-16.0
-25.0
-21.0
-14.0
-34.0
-24.0
-39.0
-41.0
-51.0
-29.0
-12.0
5.0
-18.0
-43.0
8.0
67.0
109.0
67.0
71.0
37.0
53.0
33.0
13.0
-21.0
3.0
-45.0
-24.0
-44.0
1.0
26.0
-8.0
-18.0
-12.0
41.0
46.0
25.0
-22.0
-37.0
-47.0
-35.0
-14.0
-26.0
-22.0
-15.0
24.0
49.0
22.0
-23.0
-1.0
2.0
-17.0
-22.0
18.0
14.0
6.0
-20.0
-8.0
-32.0
-24.0
4.0
33.0
40.0
45.0
48.0
45.0
18.0
-17.0
-16.0
1.0
26.0
2.0
-21.0
-3.0
8.0
8.0
18.0
29.0
-8.0
25.0
21.0
5.0
-8.0
-4.0
-5.0
-14.0
-2.0
-16.0
-21.0
-32.0
-33.0
-13.0
9.0
17.0
39.0
28.0
41.0
32.0
30.0
40.0
37.0
63.0
48.0
22.0
25.0
39.0
24.0
4.0
-29.0
-18.0
-7.0
12.0
34.0
10.0
43.0
29.0
12.0
-21.0
-35.0
-6.0
-35.0
-21.0
-36.0
-5.0
14.0
-12.0
-7.0
6.0
-12.0
-27.0
-2.0
-26.0
6.0
0.0
11.0
27.0
24.0
36.0
17.0
5.0
8.0
-41.0
-28.0
-8.0
-12.0
-11.0
-14.0
23.0
-6.0
3.0
4.0
-5.0
-21.0
-37.0
-33.0
-32.0
-66.0
-68.0
-44.0
-32.0
-18.0
-42.0
-4.0
-2.0
-3.0
10.0
22.0
36.0
21.0
3.0
3.0
14.0
12.0
3.0
-1.0
3.0
-3.0
19.0
-10.0
37.0
13.0
-6.0
3.0
2.0
37.0
23.0
-12.0
41.0
23.0
32.0
31.0
-5.0
-22.0
-20.0
6.0
-4.0
17.0
-26.0
-50.0
-44.0
-20.0
-20.0
-12.0
-34.0
-29.0
-55.0
-63.0
-71.0
-45.0
-32.0
-49.0
-37.0
-24.0
-14.0
-1.0
-22.0
-36.0
-60.0
-58.0
-49.0
-34.0
-27.0
-7.0
-8.0
-7.0
-50.0
-14.0
-17.0
3.0
6.0
-10.0
-15.0
-21.0
-7.0
-4.0
8.0
-18.0
-3.0
10.0
16.0
60.0
15.0
7.0
3.0
-36.0
-3.0
-12.0
13.0
-11.0
-45.0
1.0
0.0
-14.0
-24.0
-18.0
-25.0
-27.0
-10.0
-15.0
10.0
-23.0
-35.0
-33.0
18.0
11.0
-7.0
10.0
-4.0
36.0
43.0
42.0
33.0
34.0
-2.0
-36.0
-41.0
-45.0
10.0
-43.0
-48.0
-89.0
-101.0
-53.0
-75.0
-98.0
-97.0
-58.0
-25.0
-13.0
15.0
-5.0
25.0
5.0
-13.0
-10.0
1.0
-28.0
-27.0
-22.0
-12.0
4.0
-6.0
-22.0
21.0
-3.0
-6.0
-11.0
-40.0
-34.0
-52.0
-31.0
-45.0
-62.0
-54.0
-56.0
-65.0
-24.0
4.0
13.0
-2.0
-53.0
-52.0
-25.0
-43.0
-10.0
-51.0
-69.0
-70.0
-65.0
-20.0
-32.0
-25.0
13.0
-7.0
-10.0
-26.0
-37.0
11.0
25.0
44.0
52.0
72.0
78.0
48.0
50.0
42.0
6.0
7.0
35.0
12.0
36.0
64.0
55.0
76.0
62.0
61.0
91.0
70.0
35.0
2.0
-27.0
-34.0
-16.0
8.0
-13.0
-52.0
-47.0
-43.0
-67.0
-54.0
-32.0
-13.0
-7.0
-11.0
-39.0
-48.0
-24.0
-33.0
-35.0
-62.0
-42.0
-34.0
-12.0
-23.0
-8.0
3.0
15.0
14.0
-7.0
-57.0
-24.0
-16.0
-23.0
-27.0
-15.0
-44.0
-31.0
-13.0
-26.0
-10.0
-23.0
-42.0
1.0
22.0
8.0
-4.0
22.0
22.0
10.0
-7.0
-7.0
-32.0
-31.0
-59.0
-34.0
-42.0
-53.0
-64.0
-66.0
-39.0
-63.0
-42.0
19.0
31.0
16.0
42.0
51.0
65.0
57.0
34.0
58.0
73.0
49.0
26.0
-13.0
-29.0
-58.0
-64.0
-35.0
-31.0
14.0
47.0
100.0
133.0
107.0
121.0
136.0
108.0
105.0
106.0
146.0
165.0
128.0
150.0
103.0
76.0
61.0
46.0
32.0
20.0
-3.0
-33.0
-62.0
-80.0
-115.0
-142.0
-122.0
-126.0
-114.0
-124.0
-122.0
-105.0
-111.0
-143.0
-226.0
-240.0
-226.0
-233.0
-223.0
-212.0
-219.0
-210.0
-191.0
-168.0
-168.0
-188.0
-142.0
-162.0
-154.0
-136.0
-152.0
-133.0
-121.0
-117.0
-103.0
-112.0
-86.0
-61.0
-35.0
-37.0
-76.0
-74.0
-110.0
-63.0
-73.0
-96.0
-58.0
-16.0
-12.0
-19.0
-12.0
14.0
13.0
14.0
1.0
-34.0
-35.0
-49.0
-52.0
-13.0
-8.0
-49.0
-15.0
22.0
17.0
-18.0
-4.0
-30.0
-21.0
19.0
64.0
4.0
-9.0
-4.0
11.0
40.0
59.0
25.0
39.0
42.0
17.0
-10.0
-8.0
-7.0
-21.0
21.0
33.0
12.0
3.0
-13.0
-16.0
-1.0
-12.0
0.0
23.0
1.0
3.0
-11.0
21.0
39.0
42.0
48.0
39.0
56.0
20.0
36.0
41.0
36.0
7.0
-10.0
-22.0
-12.0
4.0
-15.0
-6.0
-14.0
8.0
-2.0
4.0
22.0
-10.0
4.0
-15.0
-30.0
10.0
35.0
16.0
-16.0
-27.0
-16.0
-26.0
6.0
-27.0
-48.0
-38.0
-54.0
2.0
4.0
-7.0
-14.0
11.0
17.0
-6.0
16.0
-13.0
-19.0
-2.0
-32.0
-16.0
-30.0
-26.0
-32.0
-43.0
-23.0
20.0
14.0
-12.0
-1.0
35.0
31.0
4.0
-27.0
-9.0
-22.0
-21.0
-27.0
7.0
-14.0
-26.0
5.0
10.0
44.0
36.0
56.0
72.0
39.0
-6.0
17.0
37.0
39.0
65.0
32.0
71.0
58.0
25.0
32.0
3.0
17.0
35.0
18.0
16.0
-17.0
-10.0
33.0
26.0
21.0
34.0
8.0
26.0
49.0
34.0
38.0
27.0
49.0
36.0
10.0
35.0
45.0
67.0
94.0
60.0
61.0
89.0
71.0
81.0
78.0
67.0
47.0
50.0
39.0
15.0
43.0
20.0
41.0
21.0
17.0
-18.0
-21.0
7.0
8.0
-18.0
8.0
10.0
1.0
-29.0
-7.0
-21.0
-25.0
-31.0
14.0
25.0
-4.0
7.0
-17.0
-4.0
20.0
36.0
54.0
21.0
-30.0
-14.0
-39.0
-42.0
-52.0
-25.0
-9.0
-17.0
-1.0
-22.0
-23.0
-29.0
-44.0
-46.0
-16.0
-24.0
-55.0
-26.0
45.0
12.0
10.0
31.0
15.0
-5.0
-55.0
25.0
37.0
52.0
17.0
25.0
16.0
45.0
41.0
18.0
8.0
20.0
24.0
10.0
2.0
37.0
90.0
84.0
15.0
27.0
36.0
-21.0
-24.0
-4.0
36.0
15.0
47.0
33.0
61.0
62.0
33.0
-4.0
-8.0
-11.0
-18.0
7.0
-11.0
2.0
22.0
39.0
37.0
49.0
56.0
56.0
43.0
15.0
8.0
-10.0
14.0
19.0
21.0
-14.0
1.0
20.0
58.0
61.0
49.0
-6.0
-43.0
-4.0
-5.0
20.0
6.0
5.0
-4.0
5.0
6.0
24.0
20.0
60.0
48.0
3.0
-8.0
-14.0
-8.0
-37.0
-46.0
-26.0
-16.0
-3.0
15.0
63.0
95.0
109.0
142.0
206.0
251.0
209.0
211.0
193.0
220.0
193.0
200.0
157.0
168.0
149.0
72.0
51.0
48.0
50.0
26.0
-14.0
-2.0
-4.0
-36.0
-41.0
-64.0
-61.0
-96.0
-136.0
-115.0
-93.0
-80.0
-97.0
-83.0
-50.0
-39.0
-53.0
-102.0
-108.0
-120.0
-115.0
-91.0
-81.0
-79.0
-39.0
-37.0
-41.0
-44.0
-48.0
-59.0
-26.0
-53.0
-59.0
-36.0
-31.0
-14.0
-30.0
31.0
-10.0
-14.0
-17.0
-6.0
11.0
1.0
-24.0
-48.0
-18.0
-10.0
-36.0
-19.0
-4.0
-31.0
-22.0
-22.0
-23.0
-2.0
-15.0
-18.0
-13.0
1.0
-14.0
-17.0
-39.0
-51.0
-30.0
-15.0
4.0
4.0
44.0
32.0
28.0
28.0
6.0
-7.0
-33.0
-33.0
-35.0
-56.0
-63.0
-45.0
-30.0
-41.0
-58.0
-42.0
-23.0
-13.0
-8.0
-46.0
-5.0
-16.0
-24.0
-29.0
-13.0
-32.0
-31.0
-55.0
-60.0
-42.0
-94.0
-55.0
-56.0
-42.0
-39.0
11.0
43.0
54.0
33.0
30.0
-1.0
-13.0
-29.0
-26.0
-15.0
-12.0
-21.0
-26.0
-21.0
-16.0
-31.0
-58.0
-20.0
8.0
-18.0
-12.0
-8.0
-29.0
-28.0
-62.0
-58.0
-54.0
1.0
8.0
5.0
-19.0
15.0
8.0
5.0
-1.0
-54.0
-50.0
-61.0
-63.0
-74.0
-56.0
-31.0
-9.0
12.0
-18.0
-2.0
-32.0
-5.0
-3.0
21.0
39.0
11.0
0.0
-31.0
-25.0
-8.0
-6.0
-16.0
-15.0
-22.0
-38.0
-26.0
4.0
-15.0
-48.0
-41.0
-12.0
-17.0
-16.0
-2.0
47.0
51.0
41.0
39.0
80.0
37.0
64.0
-11.0
-13.0
-45.0
-65.0
-42.0
-12.0
-14.0
-33.0
-30.0
-4.0
38.0
14.0
3.0
3.0
7.0
-6.0
23.0
44.0
25.0
18.0
-5.0
3.0
22.0
48.0
-13.0
7.0
13.0
16.0
4.0
-31.0
27.0
21.0
36.0
18.0
59.0
64.0
48.0
50.0
69.0
35.0
21.0
27.0
32.0
-19.0
5.0
26.0
-14.0
49.0
48.0
32.0
5.0
39.0
34.0
27.0
-5.0
-26.0
-13.0
-14.0
13.0
6.0
-7.0
-12.0
-6.0
-28.0
-8.0
-27.0
-38.0
-16.0
12.0
14.0
17.0
34.0
69.0
66.0
61.0
56.0
65.0
105.0
84.0
35.0
17.0
53.0
84.0
51.0
7.0
15.0
34.0
72.0
44.0
49.0
59.0
86.0
38.0
50.0
69.0
40.0
37.0
41.0
31.0
-7.0
-10.0
-20.0
-20.0
1.0
46.0
31.0
2.0
27.0
51.0
64.0
90.0
50.0
74.0
36.0
46.0
17.0
10.0
5.0
5.0
39.0
19.0
13.0
-21.0
-46.0
-50.0
-64.0
-91.0
-112.0
-113.0
-95.0
-107.0
-104.0
-98.0
-67.0
-15.0
-22.0
-32.0
-31.0
-21.0
-31.0
-16.0
-31.0
-70.0
-80.0
-41.0
33.0
127.0
143.0
211.0
228.0
252.0
273.0
275.0
288.0
251.0
212.0
178.0
183.0
193.0
191.0
155.0
93.0
81.0
92.0
72.0
35.0
-51.0
-77.0
-92.0
-77.0
-44.0
-54.0
-90.0
-178.0
-196.0
-220.0
-152.0
-119.0
-103.0
-131.0
-135.0
-129.0
-133.0
-153.0
-152.0
-137.0
-146.0
-149.0
-164.0
-165.0
-93.0
-100.0
-89.0
-73.0
-111.0
-121.0
-100.0
-111.0
-117.0
-100.0
-114.0
-152.0
-112.0
-91.0
-56.0
-71.0
-96.0
-46.0
-31.0
-44.0
-67.0
-91.0
-98.0
-73.0
-88.0
-81.0
-65.0
-34.0
-62.0
-25.0
-13.0
-6.0
-22.0
-63.0
-59.0
-63.0
-73.0
-79.0
-82.0
-50.0
-52.0
-42.0
-69.0
-53.0
-45.0
-2.0
-6.0
-43.0
-32.0
-7.0
13.0
6.0
13.0
-27.0
-17.0
-50.0
-30.0
2.0
-43.0
-30.0
-2.0
11.0
-2.0
-10.0
-27.0
-12.0
-43.0
-35.0
-29.0
-83.0
-40.0
-14.0
-17.0
-29.0
-31.0
-21.0
8.0
3.0
-24.0
-22.0
-6.0
-3.0
-53.0
-62.0
-12.0
-46.0
-32.0
-49.0
-26.0
-19.0
-4.0
-10.0
-23.0
-15.0
-13.0
15.0
-27.0
-43.0
-65.0
-36.0
-29.0
-53.0
-88.0
-92.0
-15.0
-30.0
-39.0
-17.0
-12.0
-22.0
3.0
-23.0
-17.0
-5.0
-28.0
4.0
36.0
20.0
-6.0
-24.0
-10.0
-14.0
-54.0
-27.0
-34.0
-35.0
-2.0
18.0
17.0
11.0
16.0
13.0
6.0
13.0
15.0
18.0
10.0
-6.0
26.0
13.0
31.0
20.0
3.0
13.0
11.0
-5.0
-41.0
-21.0
52.0
44.0
55.0
23.0
-8.0
9.0
-11.0
-20.0
-52.0
-43.0
-42.0
-12.0
-11.0
-26.0
-8.0
-17.0
-6.0
-48.0
-20.0
11.0
23.0
4.0
-45.0
-25.0
-25.0
-26.0
7.0
-24.0
7.0
-30.0
-16.0
-13.0
-16.0
-2.0
-6.0
15.0
40.0
38.0
17.0
10.0
40.0
3.0
-13.0
-51.0
-51.0
-45.0
-32.0
-25.0
-51.0
-74.0
-51.0
-49.0
-30.0
-13.0
-43.0
-17.0
-32.0
-63.0
-56.0
-75.0
-53.0
-56.0
-22.0
-24.0
-17.0
-22.0
-34.0
22.0
2.0
-18.0
-22.0
21.0
18.0
-7.0
-21.0
-22.0
-48.0
-26.0
-8.0
-42.0
-58.0
-33.0
-24.0
-59.0
-60.0
-78.0
-64.0
-57.0
-41.0
-58.0
-65.0
-47.0
-11.0
-21.0
-16.0
-32.0
-58.0
-33.0
-50.0
-33.0
-81.0
-95.0
-44.0
-41.0
-38.0
13.0
16.0
-23.0
-38.0
-42.0
-14.0
-1.0
11.0
19.0
15.0
12.0
7.0
7.0
25.0
25.0
-8.0
-31.0
-41.0
-11.0
-20.0
-49.0
-51.0
-31.0
-6.0
-11.0
-39.0
-63.0
-31.0
-26.0
-38.0
-56.0
-55.0
-32.0
-34.0
-83.0
-100.0
-61.0
-41.0
-36.0
-45.0
-25.0
-55.0
-43.0
-15.0
3.0
25.0
-4.0
-25.0
-9.0
13.0
12.0
13.0
3.0
22.0
33.0
2.0
-3.0
0.0
-22.0
-23.0
5.0
-29.0
-23.0
1.0
8.0
4.0
-27.0
-43.0
-2.0
-39.0
-55.0
-74.0
-41.0
-15.0
-21.0
23.0
24.0
64.0
14.0
-11.0
-10.0
-29.0
-55.0
-41.0
-30.0
5.0
30.0
4.0
30.0
-13.0
-29.0
-49.0
-51.0
-37.0
-1.0
-11.0
-2.0
-11.0
0.0
27.0
13.0
14.0
23.0
92.0
153.0
192.0
188.0
260.0
243.0
313.0
296.0
300.0
253.0
190.0
132.0
110.0
62.0
35.0
17.0
1.0
32.0
4.0
2.0
-7.0
-42.0
-96.0
-119.0
-99.0
-117.0
-108.0
-140.0
-143.0
-66.0
-95.0
-117.0
-123.0
-158.0
-125.0
-121.0
-105.0
-165.0
-159.0
-156.0
-135.0
-115.0
-121.0
-95.0
-109.0
-130.0
-73.0
-102.0
-103.0
-98.0
-101.0
-87.0
-74.0
-88.0
-72.0
-74.0
-70.0
-78.0
-68.0
-102.0
-107.0
-128.0
-112.0
-105.0
-87.0
-119.0
-97.0
-107.0
-123.0
-68.0
-81.0
-61.0
-50.0
-42.0
-43.0
-74.0
-53.0
-68.0
-50.0
-18.0
-25.0
-15.0
-61.0
-31.0
-21.0
-2.0
-36.0
-25.0
-15.0
-35.0
-41.0
-43.0
-18.0
-49.0
-35.0
-31.0
23.0
29.0
26.0
18.0
23.0
9.0
18.0
30.0
16.0
18.0
-11.0
-13.0
8.0
4.0
14.0
33.0
-25.0
-34.0
-48.0
-10.0
14.0
21.0
12.0
4.0
34.0
-15.0
-8.0
5.0
-20.0
-23.0
-31.0
-43.0
-12.0
-32.0
-28.0
-47.0
-41.0
-85.0
-82.0
-39.0
-37.0
-14.0
-9.0
-46.0
-14.0
4.0
29.0
24.0
-48.0
-73.0
-55.0
-34.0
-48.0
-60.0
-39.0
-29.0
-34.0
-41.0
-59.0
-69.0
-49.0
-10.0
15.0
27.0
10.0
16.0
-5.0
-13.0
-15.0
-52.0
-34.0
-42.0
-46.0
-34.0
-55.0
-64.0
-50.0
-14.0
-16.0
-45.0
1.0
29.0
53.0
33.0
12.0
15.0
6.0
22.0
-2.0
-60.0
-46.0
-34.0
-37.0
-72.0
-102.0
-96.0
-97.0
-73.0
-71.0
-76.0
-31.0
-50.0
-49.0
-64.0
-62.0
-72.0
-80.0
-65.0
-29.0
18.0
53.0
113.0
147.0
176.0
213.0
257.0
331.0
331.0
386.0
392.0
388.0
393.0
378.0
395.0
376.0
344.0
313.0
272.0
201.0
154.0
141.0
86.0
41.0
-10.0
11.0
-18.0
-31.0
-45.0
-44.0
-63.0
-90.0
-82.0
-125.0
-100.0
-128.0
-116.0
-118.0
-153.0
-130.0
-137.0
-152.0
-129.0
-116.0
-106.0
-92.0
-93.0
-131.0
-130.0
-116.0
-124.0
-110.0
-144.0
-173.0
-161.0
-129.0
-110.0
-95.0
-128.0
-130.0
-133.0
-136.0
-118.0
-117.0
-80.0
-117.0
-107.0
-101.0
-101.0
-107.0
-117.0
-112.0
-109.0
-134.0
-123.0
-123.0
-114.0
-119.0
-93.0
-81.0
-95.0
-134.0
-140.0
-102.0
-77.0
-81.0
-77.0
-69.0
-105.0
-90.0
-51.0
-13.0
-37.0
-65.0
-60.0
-60.0
-53.0
-80.0
-68.0
-104.0
-96.0
-107.0
-103.0
-97.0
-86.0
-107.0
-72.0
-50.0
-27.0
-11.0
-42.0
-44.0
-83.0
-49.0
-17.0
4.0
-10.0
-7.0
1.0
17.0
5.0
26.0
28.0
48.0
26.0
13.0
33.0
11.0
-3.0
-18.0
-20.0
-1.0
-12.0
-1.0
18.0
11.0
20.0
-4.0
-26.0
-48.0
-42.0
-58.0
-54.0
-37.0
-59.0
-62.0
-50.0
-40.0
-27.0
-34.0
-16.0
-2.0
7.0
-5.0
19.0
12.0
-16.0
-15.0
-6.0
-4.0
-20.0
-36.0
-16.0
-17.0
-40.0
-11.0
-24.0
-23.0
-24.0
-42.0
-55.0
-38.0
-13.0
-47.0
-34.0
-20.0
-31.0
-48.0
-41.0
-12.0
-20.0
30.0
24.0
-5.0
3.0
-24.0
-18.0
-34.0
-69.0
-51.0
-63.0
-24.0
-37.0
10.0
15.0
-24.0
-74.0
-53.0
-37.0
-64.0
-55.0
-70.0
-53.0
-15.0
-20.0
-45.0
-8.0
-52.0
-91.0
-79.0
-91.0
-52.0
-55.0
-41.0
-69.0
-65.0
-36.0
-8.0
0.0
-25.0
-13.0
7.0
32.0
10.0
4.0
-17.0
1.0
-11.0
-24.0
-28.0
12.0
12.0
-2.0
-2.0
-1.0
1.0
-39.0
-26.0
-23.0
-51.0
-61.0
-51.0
-52.0
-46.0
-63.0
-24.0
-11.0
-26.0
-47.0
-12.0
-30.0
5.0
18.0
2.0
13.0
9.0
51.0
41.0
20.0
46.0
11.0
-1.0
13.0
21.0
1.0
3.0
-8.0
10.0
-41.0
-53.0
-50.0
-8.0
-26.0
-15.0
1.0
8.0
-12.0
2.0
-29.0
-12.0
-45.0
-35.0
-38.0
-49.0
-74.0
-52.0
-42.0
-37.0
-31.0
-60.0
-49.0
-46.0
-10.0
-32.0
-20.0
-21.0
-6.0
12.0
-10.0
-15.0
-18.0
-15.0
-11.0
18.0
2.0
10.0
-27.0
-32.0
-49.0
-57.0
-24.0
-76.0
-98.0
-73.0
-43.0
2.0
-21.0
7.0
20.0
27.0
49.0
31.0
14.0
-49.0
-35.0
-53.0
-62.0
-70.0
-25.0
10.0
14.0
22.0
9.0
-23.0
-20.0
-49.0
-74.0
-30.0
-44.0
-44.0
-29.0
20.0
17.0
17.0
14.0
-16.0
-24.0
-18.0
-11.0
-72.0
-22.0
-4.0
10.0
-11.0
21.0
66.0
34.0
-17.0
-44.0
-14.0
-13.0
15.0
15.0
-4.0
25.0
-17.0
-44.0
-35.0
-59.0
-70.0
-76.0
-84.0
-67.0
-56.0
-19.0
-10.0
-3.0
23.0
63.0
48.0
-7.0
-58.0
-44.0
-25.0
-21.0
-52.0
-34.0
-75.0
-21.0
6.0
20.0
2.0
16.0
16.0
25.0
5.0
-16.0
-65.0
-83.0
-53.0
-26.0
-16.0
-26.0
-42.0
-25.0
-30.0
-21.0
22.0
13.0
13.0
21.0
7.0
7.0
36.0
48.0
20.0
11.0
-9.0
22.0
69.0
53.0
57.0
40.0
18.0
1.0
-7.0
-2.0
17.0
4.0
-16.0
32.0
25.0
29.0
22.0
29.0
42.0
16.0
3.0
-34.0
-43.0
-12.0
36.0
5.0
3.0
-5.0
2.0
20.0
-11.0
-38.0
-48.0
-48.0
-40.0
-66.0
-78.0
-46.0
-35.0
-34.0
-14.0
-22.0
18.0
19.0
-37.0
-76.0
-71.0
-72.0
-76.0
-96.0
-75.0
-48.0
-20.0
-32.0
-40.0
-42.0
-29.0
6.0
17.0
-13.0
-39.0
-67.0
-60.0
-40.0
11.0
70.0
116.0
172.0
178.0
197.0
202.0
195.0
197.0
217.0
222.0
136.0
132.0
163.0
143.0
93.0
82.0
106.0
119.0
107.0
113.0
109.0
120.0
95.0
87.0
83.0
11.0
1.0
0.0
-17.0
34.0
-32.0
-56.0
-48.0
-53.0
-64.0
-53.0
-54.0
-84.0
-111.0
-103.0
-115.0
-136.0
-157.0
-153.0
-163.0
-109.0
-64.0
-50.0
-31.0
-65.0
-82.0
-69.0
-96.0
-128.0
-146.0
-157.0
-167.0
-167.0
-190.0
-154.0
-153.0
-171.0
-142.0
-133.0
-98.0
-92.0
-96.0
-117.0
-81.0
-89.0
-60.0
-71.0
-89.0
-105.0
-98.0
-108.0
-92.0
-77.0
-59.0
-32.0
-32.0
-48.0
-59.0
-63.0
-81.0
-80.0
-113.0
-87.0
-96.0
-47.0
-50.0
-64.0
-74.0
-83.0
-52.0
-93.0
-63.0
-77.0
-61.0
-68.0
-18.0
-5.0
43.0
75.0
41.0
22.0
3.0
25.0
14.0
31.0
36.0
15.0
2.0
-22.0
-10.0
-51.0
-58.0
-70.0
-48.0
-46.0
-19.0
-5.0
-50.0
-31.0
3.0
-26.0
-23.0
-61.0
-63.0
-60.0
-24.0
-47.0
-36.0
-26.0
3.0
2.0
3.0
18.0
24.0
38.0
30.0
19.0
43.0
60.0
32.0
11.0
-4.0
-7.0
-21.0
-21.0
-18.0
-17.0
1.0
-24.0
-16.0
-25.0
-32.0
-64.0
-40.0
-74.0
-71.0
-69.0
-21.0
-1.0
-1.0
6.0
3.0
0.0
7.0
-3.0
-40.0
-101.0
-89.0
-149.0
-145.0
-102.0
-77.0
-49.0
-58.0
-93.0
-54.0
-23.0
15.0
-33.0
-31.0
-40.0
-28.0
-8.0
-49.0
-30.0
-83.0
-97.0
-91.0
-77.0
-43.0
-88.0
-82.0
-71.0
-67.0
-39.0
-58.0
-55.0
-68.0
-21.0
12.0
10.0
-11.0
-33.0
-49.0
-21.0
-22.0
-51.0
-44.0
-29.0
-54.0
-38.0
-42.0
-56.0
-72.0
-42.0
-52.0
-20.0
-31.0
-29.0
-31.0
-35.0
-12.0
-31.0
-113.0
-115.0
-127.0
-88.0
-91.0
-54.0
-75.0
-40.0
-13.0
27.0
34.0
17.0
-18.0
-4.0
-29.0
-34.0
-44.0
-34.0
-40.0
0.0
33.0
82.0
79.0
96.0
74.0
37.0
39.0
7.0
35.0
12.0
2.0
-5.0
37.0
50.0
-1.0
-11.0
-4.0
-2.0
-29.0
-15.0
8.0
2.0
16.0
24.0
38.0
56.0
45.0
14.0
-36.0
-80.0
-75.0
-71.0
-45.0
-50.0
-36.0
-12.0
-28.0
-30.0
2.0
-59.0
-59.0
-20.0
3.0
22.0
8.0
43.0
36.0
35.0
29.0
-5.0
-18.0
-22.0
-6.0
-29.0
-12.0
-34.0
2.0
1.0
18.0
-27.0
-62.0
-69.0
-74.0
-61.0
-41.0
-9.0
-14.0
6.0
-24.0
-26.0
-15.0
-6.0
12.0
-6.0
47.0
93.0
128.0
135.0
136.0
112.0
89.0
72.0
82.0
53.0
58.0
69.0
43.0
55.0
54.0
37.0
43.0
19.0
42.0
60.0
49.0
45.0
64.0
37.0
33.0
74.0
54.0
59.0
83.0
50.0
45.0
-2.0
-7.0
-19.0
-26.0
12.0
21.0
32.0
51.0
42.0
69.0
67.0
55.0
39.0
83.0
115.0
97.0
106.0
125.0
189.0
218.0
242.0
214.0
256.0
218.0
205.0
253.0
254.0
235.0
185.0
208.0
138.0
130.0
102.0
97.0
86.0
55.0
74.0
42.0
29.0
3.0
23.0
6.0
1.0
-12.0
-26.0
-44.0
-52.0
-73.0
-107.0
-115.0
-118.0
-98.0
-102.0
-110.0
-129.0
-193.0
-201.0
-213.0
-193.0
-225.0
-216.0
-166.0
-164.0
-139.0
-86.0
-114.0
-140.0
-115.0
-81.0
-84.0
-89.0
-105.0
-90.0
-79.0
-86.0
-83.0
-89.0
-83.0
-66.0
-62.0
-45.0
-41.0
-17.0
-28.0
-25.0
-30.0
-24.0
-36.0
-14.0
-6.0
-25.0
-38.0
-47.0
-50.0
-67.0
-47.0
-37.0
-35.0
-66.0
-26.0
-15.0
-13.0
10.0
-26.0
-17.0
-10.0
-5.0
-17.0
-8.0
-46.0
-48.0
-36.0
-18.0
-14.0
-63.0
-46.0
-41.0
-60.0
-68.0
-56.0
-61.0
-44.0
-30.0
-20.0
-27.0
-49.0
-63.0
-40.0
-29.0
-4.0
-1.0
-3.0
-11.0
-10.0
14.0
62.0
60.0
31.0
26.0
55.0
31.0
8.0
8.0
-46.0
-29.0
-66.0
-60.0
-43.0
-17.0
-12.0
0.0
-6.0
2.0
-24.0
-24.0
-32.0
9.0
15.0
29.0
22.0
24.0
25.0
15.0
-7.0
-17.0
-4.0
12.0
-18.0
-15.0
-29.0
7.0
-16.0
1.0
-18.0
4.0
22.0
34.0
33.0
17.0
33.0
23.0
64.0
84.0
36.0
61.0
43.0
29.0
25.0
25.0
40.0
31.0
3.0
-7.0
-1.0
-24.0
-55.0
-60.0
-34.0
2.0
-8.0
3.0
15.0
36.0
44.0
42.0
36.0
22.0
-42.0
-43.0
-27.0
1.0
-11.0
1.0
-34.0
-23.0
-1.0
-8.0
-12.0
-24.0
-33.0
-43.0
-32.0
-28.0
-21.0
-35.0
-8.0
-15.0
20.0
4.0
-29.0
-58.0
-13.0
-26.0
-24.0
-12.0
-10.0
27.0
31.0
45.0
17.0
-17.0
-5.0
-3.0
7.0
3.0
6.0
-11.0
4.0
12.0
37.0
7.0
3.0
1.0
69.0
82.0
76.0
41.0
34.0
75.0
79.0
81.0
49.0
59.0
44.0
41.0
25.0
49.0
15.0
14.0
52.0
4.0
-7.0
-40.0
-57.0
-78.0
-63.0
-25.0
-37.0
-62.0
-50.0
-30.0
-14.0
-35.0
-20.0
-12.0
-32.0
-54.0
-107.0
-95.0
-65.0
-108.0
-78.0
-52.0
-45.0
-28.0
-37.0
-58.0
-12.0
23.0
-16.0
-22.0
-22.0
2.0
-33.0
-7.0
-29.0
-26.0
-43.0
-31.0
15.0
12.0
-51.0
-77.0
-74.0
-65.0
-52.0
-54.0
-49.0
-27.0
-30.0
-68.0
-59.0
-30.0
-21.0
-42.0
-42.0
-62.0
-40.0
-27.0
-38.0
-49.0
-25.0
0.0
-21.0
-18.0
-40.0
-6.0
11.0
2.0
-46.0
-10.0
1.0
-24.0
-40.0
-39.0
-13.0
-35.0
-24.0
-16.0
4.0
-7.0
-2.0
42.0
40.0
23.0
62.0
80.0
74.0
88.0
69.0
67.0
121.0
73.0
68.0
59.0
45.0
54.0
27.0
18.0
50.0
40.0
53.0
67.0
66.0
37.0
34.0
26.0
32.0
44.0
20.0
13.0
32.0
40.0
40.0
80.0
96.0
80.0
71.0
56.0
77.0
100.0
98.0
97.0
79.0
107.0
40.0
31.0
-8.0
-12.0
-40.0
-29.0
-41.0
-22.0
20.0
-6.0
-21.0
-4.0
-39.0
-62.0
-50.0
-37.0
-31.0
-19.0
-5.0
9.0
30.0
44.0
20.0
6.0
1.0
4.0
-19.0
-10.0
-28.0
-20.0
10.0
49.0
4.0
-16.0
-39.0
15.0
-2.0
-37.0
-39.0
-14.0
-14.0
-20.0
-25.0
-56.0
-17.0
10.0
-31.0
-31.0
-42.0
-54.0
-13.0
-9.0
37.0
36.0
54.0
47.0
68.0
73.0
62.0
71.0
43.0
32.0
-7.0
-7.0
-30.0
-39.0
-24.0
12.0
11.0
27.0
59.0
60.0
82.0
102.0
155.0
181.0
215.0
250.0
272.0
270.0
316.0
328.0
305.0
271.0
279.0
241.0
164.0
115.0
109.0
82.0
48.0
8.0
-39.0
-68.0
-72.0
-101.0
-105.0
-97.0
-98.0
-88.0
-128.0
-135.0
-131.0
-115.0
-178.0
-147.0
-158.0
-139.0
-162.0
-174.0
-121.0
-105.0
-133.0
-133.0
-156.0
-180.0
-205.0
-199.0
-151.0
-168.0
-178.0
-155.0
-153.0
-139.0
-123.0
-107.0
-72.0
-60.0
-89.0
-111.0
-127.0
-102.0
-99.0
-127.0
-128.0
-114.0
-126.0
-157.0
-129.0
-133.0
-121.0
-151.0
-113.0
-119.0
-92.0
-102.0
-83.0
-64.0
-65.0
-53.0
-66.0
-56.0
-55.0
-16.0
-25.0
-38.0
-49.0
-41.0
-59.0
-50.0
-75.0
-46.0
-31.0
-51.0
-30.0
-30.0
-29.0
-59.0
-52.0
-36.0
-57.0
-41.0
-48.0
-33.0
-22.0
-27.0
-31.0
-16.0
-7.0
-23.0
-14.0
-49.0
-24.0
11.0
3.0
-5.0
-13.0
35.0
44.0
24.0
-14.0
-17.0
22.0
-8.0
-44.0
-6.0
-14.0
-13.0
3.0
-14.0
-9.0
29.0
13.0
-25.0
-35.0
-40.0
9.0
14.0
-37.0
-41.0
-39.0
-59.0
-33.0
-43.0
-30.0
-24.0
-33.0
-47.0
-45.0
-19.0
-34.0
-10.0
14.0
6.0
-10.0
1.0
10.0
41.0
33.0
31.0
25.0
54.0
42.0
28.0
32.0
-7.0
21.0
16.0
-4.0
-7.0
-20.0
-6.0
-24.0
-2.0
17.0
-10.0
0.0
1.0
24.0
39.0
46.0
24.0
13.0
43.0
1.0
-10.0
-34.0
-32.0
-22.0
-14.0
5.0
-12.0
1.0
-12.0
-10.0
-11.0
1.0
-8.0
-20.0
-19.0
-12.0
-17.0
-29.0
-49.0
-39.0
-47.0
-55.0
-68.0
-60.0
-62.0
-34.0
-40.0
-35.0
-35.0
-46.0
-42.0
-36.0
-38.0
-67.0
-72.0
-46.0
-34.0
-15.0
7.0
-5.0
26.0
32.0
-13.0
-50.0
-67.0
-82.0
-54.0
-16.0
-16.0
-1.0
-11.0
38.0
33.0
17.0
25.0
0.0
-1.0
36.0
8.0
17.0
34.0
35.0
11.0
-20.0
-46.0
-52.0
-13.0
-10.0
-22.0
-42.0
-7.0
17.0
71.0
4.0
-25.0
4.0
25.0
54.0
-21.0
-11.0
-20.0
27.0
45.0
-4.0
8.0
13.0
5.0
-27.0
-66.0
-33.0
6.0
-1.0
23.0
-44.0
-23.0
17.0
26.0
32.0
-1.0
-6.0
28.0
19.0
-3.0
-18.0
-31.0
-37.0
-54.0
-41.0
-53.0
-38.0
-86.0
-79.0
-40.0
-53.0
-32.0
-46.0
15.0
-18.0
2.0
4.0
8.0
1.0
-5.0
0.0
-23.0
-41.0
-29.0
-52.0
-26.0
7.0
-2.0
-14.0
-38.0
-50.0
-8.0
-31.0
-65.0
-75.0
-82.0
-73.0
-77.0
-69.0
-20.0
-26.0
-25.0
-12.0
-7.0
-30.0
-32.0
-47.0
-40.0
-71.0
-50.0
-71.0
-46.0
-24.0
4.0
5.0
-32.0
-34.0
-31.0
-40.0
-26.0
3.0
-8.0
1.0
11.0
17.0
19.0
16.0
2.0
18.0
27.0
23.0
-18.0
-13.0
-5.0
-2.0
4.0
13.0
-21.0
-13.0
-23.0
-13.0
-13.0
-39.0
15.0
3.0
5.0
-14.0
-24.0
-26.0
4.0
6.0
31.0
11.0
5.0
37.0
42.0
0.0
2.0
-14.0
16.0
-7.0
-26.0
-21.0
-69.0
-72.0
-43.0
-35.0
3.0
-18.0
-47.0
-42.0
16.0
29.0
-7.0
-1.0
-8.0
15.0
36.0
-32.0
-8.0
-36.0
-50.0
-37.0
-65.0
-50.0
-51.0
-79.0
-24.0
-22.0
-7.0
1.0
-21.0
-31.0
-7.0
-2.0
-35.0
-23.0
-11.0
-16.0
-38.0
-30.0
-16.0
10.0
-27.0
-27.0
-5.0
-22.0
1.0
-43.0
-60.0
-61.0
-31.0
-45.0
-22.0
-77.0
-68.0
-36.0
-19.0
1.0
-10.0
18.0
-17.0
-47.0
-11.0
-18.0
-15.0
-17.0
-56.0
-31.0
-35.0
35.0
20.0
-22.0
1.0
28.0
30.0
-18.0
15.0
-34.0
-2.0
11.0
7.0
-10.0
18.0
9.0
29.0
14.0
41.0
-34.0
-41.0
-61.0
-26.0
-1.0
-49.0
-34.0
-51.0
-41.0
-41.0
-58.0
-43.0
-97.0
-95.0
-46.0
-24.0
-55.0
-59.0
-2.0
5.0
16.0
9.0
17.0
16.0
-52.0
-21.0
-10.0
17.0
1.0
-18.0
16.0
7.0
14.0
0.0
-54.0
-32.0
6.0
14.0
-10.0
-16.0
-5.0
8.0
-14.0
9.0
11.0
37.0
22.0
15.0
-6.0
23.0
2.0
-17.0
-26.0
-29.0
-10.0
14.0
46.0
16.0
21.0
58.0
15.0
38.0
1.0
-13.0
-18.0
-4.0
-30.0
-17.0
-41.0
8.0
53.0
-24.0
-6.0
14.0
62.0
39.0
25.0
-27.0
-26.0
-36.0
-18.0
-31.0
-21.0
-41.0
0.0
-16.0
-7.0
-40.0
-20.0
-16.0
-59.0
-48.0
-42.0
-3.0
-57.0
-51.0
-37.0
-2.0
17.0
17.0
27.0
-1.0
22.0
-4.0
-12.0
-35.0
-59.0
-46.0
-49.0
0.0
49.0
4.0
-24.0
10.0
2.0
7.0
13.0
0.0
-7.0
3.0
12.0
25.0
-20.0
21.0
37.0
30.0
-37.0
-19.0
26.0
45.0
51.0
46.0
55.0
114.0
102.0
51.0
27.0
-52.0
-45.0
-30.0
-4.0
-26.0
-57.0
-18.0
5.0
18.0
28.0
52.0
42.0
-29.0
-30.0
-61.0
-39.0
-32.0
-54.0
-18.0
34.0
101.0
146.0
136.0
206.0
224.0
276.0
285.0
307.0
313.0
324.0
334.0
295.0
266.0
242.0
203.0
158.0
109.0
105.0
53.0
16.0
-31.0
-54.0
-65.0
-84.0
-127.0
-149.0
-184.0
-166.0
-160.0
-170.0
-152.0
-179.0
-178.0
-185.0
-175.0
-174.0
-148.0
-159.0
-178.0
-167.0
-164.0
-139.0
-116.0
-120.0
-80.0
-67.0
-66.0
-128.0
-138.0
-111.0
-129.0
-136.0
-129.0
-156.0
-161.0
-134.0
-140.0
-95.0
-71.0
-92.0
-45.0
-55.0
-46.0
-53.0
-48.0
-27.0
-61.0
-59.0
-83.0
-64.0
-79.0
-95.0
-77.0
-63.0
-35.0
-15.0
-29.0
-5.0
-9.0
5.0
-23.0
-46.0
-19.0
-32.0
-46.0
-51.0
-51.0
-54.0
-73.0
-62.0
-23.0
-29.0
25.0
-4.0
8.0
28.0
32.0
36.0
-18.0
-35.0
-36.0
-48.0
-16.0
-5.0
24.0
-34.0
-38.0
-26.0
-51.0
-33.0
-33.0
6.0
17.0
26.0
13.0
-7.0
-21.0
-1.0
-7.0
-7.0
-12.0
-17.0
-23.0
-59.0
-35.0
-42.0
-41.0
-29.0
-46.0
-48.0
-50.0
-68.0
-63.0
-44.0
-53.0
-43.0
-44.0
-1.0
-11.0
-12.0
-12.0
1.0
11.0
-28.0
-27.0
-13.0
-45.0
-33.0
10.0
45.0
21.0
8.0
24.0
4.0
15.0
-2.0
-6.0
-7.0
-11.0
-1.0
8.0
-17.0
-15.0
-22.0
-16.0
-4.0
-26.0
-30.0
-41.0
-28.0
-14.0
9.0
-1.0
40.0
1.0
16.0
-20.0
-13.0
-18.0
32.0
30.0
48.0
52.0
52.0
69.0
29.0
13.0
8.0
-16.0
-25.0
-6.0
42.0
16.0
-40.0
7.0
-13.0
0.0
32.0
3.0
-21.0
-54.0
-27.0
-7.0
-67.0
-83.0
-77.0
-87.0
-64.0
-84.0
-81.0
-88.0
-84.0
-108.0
-88.0
-90.0
-62.0
-76.0
-82.0
-58.0
-3.0
-22.0
-44.0
-82.0
-85.0
-65.0
-73.0
-56.0
-23.0
-26.0
3.0
6.0
-25.0
-9.0
25.0
-11.0
-39.0
-65.0
-35.0
-39.0
-10.0
-13.0
18.0
-1.0
-28.0
-47.0
-54.0
-40.0
-21.0
-12.0
-45.0
-13.0
-13.0
-20.0
-26.0
12.0
45.0
34.0
16.0
70.0
96.0
153.0
236.0
284.0
284.0
274.0
306.0
261.0
289.0
296.0
278.0
257.0
230.0
204.0
120.0
72.0
55.0
-2.0
-13.0
-4.0
-81.0
-90.0
-87.0
-37.0
-89.0
-69.0
-79.0
-117.0
-147.0
-158.0
-168.0
-148.0
-149.0
-174.0
-141.0
-115.0
-91.0
-121.0
-114.0
-115.0
-84.0
-107.0
-135.0
-139.0
-152.0
-125.0
-104.0
-103.0
-95.0
-104.0
-95.0
-101.0
-76.0
-91.0
-131.0
-125.0
-72.0
-64.0
-73.0
-69.0
-81.0
-41.0
16.0
11.0
11.0
-37.0
-5.0
-34.0
-13.0
-13.0
2.0
28.0
14.0
27.0
60.0
79.0
103.0
70.0
48.0
46.0
20.0
81.0
36.0
22.0
34.0
52.0
43.0
30.0
10.0
-10.0
-1.0
-9.0
7.0
-14.0
-3.0
16.0
7.0
20.0
67.0
12.0
1.0
-24.0
-26.0
-43.0
-34.0
-38.0
-35.0
-14.0
-6.0
-10.0
-10.0
-52.0
-48.0
-24.0
-25.0
-14.0
-41.0
2.0
21.0
-1.0
8.0
11.0
45.0
43.0
6.0
17.0
20.0
-6.0
-18.0
-25.0
2.0
35.0
18.0
-7.0
21.0
-38.0
-55.0
-77.0
-87.0
-88.0
-52.0
-60.0
-26.0
-16.0
-8.0
-2.0
10.0
-41.0
-32.0
-22.0
-53.0
-53.0
-60.0
-22.0
-20.0
5.0
43.0
39.0
44.0
40.0
14.0
-25.0
-25.0
-28.0
-39.0
-51.0
-27.0
-26.0
-23.0
-9.0
-17.0
-44.0
-61.0
-71.0
-48.0
-48.0
-39.0
-15.0
-6.0
25.0
16.0
-17.0
-47.0
-25.0
-39.0
-18.0
-54.0
-46.0
-6.0
39.0
68.0
64.0
67.0
34.0
25.0
-6.0
-35.0
-65.0
-58.0
-57.0
-63.0
-63.0
-64.0
-27.0
-15.0
10.0
-20.0
-17.0
-8.0
6.0
-18.0
-44.0
-32.0
-39.0
-27.0
-15.0
-23.0
-45.0
-18.0
2.0
37.0
78.0
75.0
91.0
46.0
48.0
33.0
48.0
24.0
58.0
58.0
70.0
76.0
57.0
53.0
24.0
11.0
-2.0
52.0
-13.0
-8.0
5.0
22.0
27.0
22.0
10.0
15.0
54.0
30.0
31.0
15.0
22.0
13.0
-26.0
-29.0
-31.0
-4.0
14.0
11.0
8.0
13.0
-13.0
-11.0
1.0
-5.0
15.0
29.0
21.0
-10.0
-39.0
-27.0
-15.0
-29.0
-44.0
-25.0
-2.0
14.0
55.0
75.0
134.0
135.0
205.0
253.0
278.0
256.0
282.0
235.0
208.0
177.0
152.0
125.0
112.0
48.0
12.0
-1.0
12.0
-89.0
-98.0
-121.0
-135.0
-138.0
-128.0
-115.0
-86.0
-128.0
-174.0
-165.0
-135.0
-162.0
-203.0
-233.0
-219.0
-245.0
-267.0
-230.0
-175.0
-140.0
-174.0
-165.0
-146.0
-138.0
-131.0
-144.0
-87.0
-97.0
-123.0
-89.0
-90.0
-82.0
-106.0
-99.0
-96.0
-38.0
-33.0
-7.0
-12.0
-3.0
-4.0
-14.0
-20.0
-24.0
-53.0
-56.0
-80.0
-76.0
-91.0
-96.0
-66.0
-90.0
-61.0
-25.0
-23.0
-26.0
-53.0
-88.0
-90.0
-101.0
-31.0
-24.0
-37.0
-19.0
-17.0
56.0
-1.0
-37.0
-22.0
-11.0
-37.0
-65.0
-71.0
-72.0
-28.0
-29.0
0.0
1.0
21.0
-23.0
-25.0
-44.0
-10.0
-31.0
-34.0
-42.0
-67.0
-26.0
-34.0
-15.0
-52.0
-27.0
-83.0
-39.0
-10.0
-34.0
-33.0
-24.0
43.0
18.0
32.0
12.0
-8.0
-48.0
-92.0
-77.0
-90.0
-82.0
-45.0
-13.0
24.0
56.0
62.0
51.0
24.0
26.0
36.0
50.0
14.0
-6.0
20.0
72.0
111.0
87.0
58.0
65.0
61.0
32.0
-17.0
-21.0
-45.0
-27.0
-64.0
-52.0
-48.0
-36.0
-32.0
-57.0
-73.0
-93.0
-127.0
-128.0
-109.0
-88.0
-73.0
-79.0
-103.0
-104.0
-66.0
-39.0
-43.0
-8.0
-65.0
-79.0
-124.0
-92.0
-57.0
-73.0
-69.0
-93.0
-36.0
4.0
-35.0
-64.0
-62.0
-85.0
-108.0
-122.0
-63.0
-29.0
-35.0
-29.0
-11.0
-21.0
14.0
-18.0
63.0
80.0
122.0
149.0
176.0
205.0
172.0
216.0
219.0
235.0
226.0
148.0
200.0
203.0
168.0
130.0
95.0
71.0
91.0
55.0
-4.0
-44.0
-50.0
-57.0
-54.0
-79.0
-87.0
-104.0
-111.0
-67.0
-72.0
-106.0
-88.0
-77.0
-85.0
-86.0
-65.0
-96.0
-82.0
-75.0
-100.0
-78.0
-75.0
-53.0
-28.0
-26.0
-58.0
-70.0
-46.0
-5.0
-25.0
-39.0
-45.0
-50.0
-50.0
-34.0
-53.0
-51.0
-15.0
-25.0
-79.0
-64.0
-31.0
-59.0
-68.0
-69.0
-61.0
-24.0
-22.0
-53.0
-47.0
-2.0
-23.0
-30.0
-26.0
7.0
-7.0
-4.0
11.0
-1.0
-14.0
3.0
40.0
14.0
31.0
11.0
-5.0
-28.0
-4.0
-33.0
-44.0
-12.0
-11.0
-31.0
-10.0
-9.0
12.0
27.0
-7.0
20.0
-26.0
20.0
23.0
32.0
20.0
44.0
41.0
31.0
-5.0
-49.0
-68.0
-25.0
-19.0
-33.0
-25.0
-53.0
-20.0
-25.0
-22.0
-24.0
-12.0
17.0
3.0
-20.0
-14.0
-18.0
-27.0
-15.0
24.0
3.0
-23.0
-29.0
-31.0
-18.0
-33.0
-41.0
-60.0
-39.0
-35.0
-3.0
-39.0
0.0
-12.0
16.0
24.0
-30.0
-49.0
-61.0
-35.0
-45.0
-44.0
-67.0
-58.0
-48.0
-12.0
-11.0
-44.0
11.0
17.0
-7.0
-8.0
-8.0
12.0
9.0
-23.0
-13.0
-1.0
35.0
44.0
33.0
32.0
52.0
59.0
58.0
44.0
46.0
18.0
25.0
12.0
-2.0
-5.0
-22.0
-3.0
0.0
39.0
41.0
22.0
-5.0
19.0
-4.0
-5.0
-8.0
-51.0
-22.0
-6.0
-6.0
16.0
30.0
-14.0
31.0
12.0
7.0
24.0
37.0
20.0
32.0
39.0
35.0
26.0
-2.0
10.0
15.0
38.0
34.0
24.0
9.0
24.0
39.0
-22.0
-54.0
-37.0
-7.0
-16.0
-24.0
-62.0
-40.0
11.0
84.0
68.0
37.0
3.0
-20.0
1.0
41.0
29.0
15.0
-12.0
14.0
-30.0
-39.0
-10.0
52.0
12.0
19.0
1.0
26.0
3.0
29.0
7.0
12.0
-30.0
-7.0
-3.0
-18.0
-23.0
-27.0
2.0
-22.0
-26.0
-13.0
4.0
24.0
-57.0
-23.0
4.0
35.0
66.0
23.0
49.0
44.0
-16.0
11.0
17.0
-36.0
23.0
13.0
8.0
-4.0
15.0
21.0
1.0
8.0
24.0
-15.0
1.0
3.0
13.0
-17.0
-13.0
-40.0
-12.0
24.0
53.0
8.0
-11.0
1.0
-8.0
-29.0
-6.0
-11.0
-33.0
-20.0
-37.0
-69.0
-53.0
-46.0
-22.0
-43.0
-52.0
-32.0
-39.0
-31.0
-48.0
-50.0
-79.0
-75.0
-49.0
-46.0
-12.0
-19.0
24.0
-4.0
-14.0
20.0
24.0
67.0
-20.0
-40.0
-35.0
-32.0
-61.0
-67.0
-78.0
-54.0
-26.0
-4.0
-23.0
15.0
-14.0
-6.0
23.0
-7.0
-8.0
15.0
2.0
-6.0
-41.0
-28.0
3.0
-26.0
-6.0
9.0
-36.0
-23.0
-62.0
-51.0
-30.0
-41.0
-42.0
-22.0
-61.0
-52.0
-4.0
25.0
33.0
20.0
42.0
-44.0
-30.0
-22.0
-10.0
0.0
-20.0
21.0
30.0
34.0
34.0
24.0
42.0
6.0
27.0
53.0
63.0
58.0
52.0
21.0
1.0
12.0
18.0
-19.0
21.0
20.0
50.0
26.0
24.0
31.0
83.0
23.0
35.0
25.0
64.0
51.0
30.0
46.0
43.0
30.0
40.0
2.0
12.0
-22.0
-64.0
-64.0
-41.0
-61.0
-75.0
-55.0
-62.0
-30.0
-3.0
-26.0
15.0
-1.0
22.0
5.0
1.0
6.0
-32.0
-3.0
-32.0
-11.0
-18.0
-16.0
-27.0
-66.0
-48.0
-34.0
30.0
-5.0
-4.0
1.0
-11.0
-8.0
14.0
5.0
10.0
10.0
-40.0
-97.0
-55.0
-6.0
-12.0
-6.0
-50.0
-10.0
37.0
1.0
25.0
25.0
52.0
86.0
-2.0
3.0
-26.0
-29.0
-16.0
-61.0
-51.0
-54.0
-55.0
-36.0
-47.0
-41.0
-36.0
-22.0
-7.0
-15.0
-29.0
3.0
-10.0
-19.0
-46.0
-23.0
-13.0
-16.0
-24.0
-26.0
-38.0
23.0
12.0
16.0
-12.0
-3.0
-24.0
-30.0
8.0
4.0
-24.0
-62.0
-49.0
-21.0
0.0
1.0
-27.0
-49.0
-34.0
-5.0
-25.0
-36.0
-60.0
-30.0
4.0
10.0
-42.0
-11.0
2.0
-8.0
-2.0
5.0
-1.0
13.0
16.0
24.0
15.0
5.0
17.0
16.0
-24.0
13.0
-13.0
26.0
8.0
20.0
29.0
-9.0
1.0
15.0
-6.0
-6.0
-6.0
-2.0
46.0
-18.0
-42.0
-33.0
-8.0
-45.0
-36.0
-48.0
-95.0
-52.0
-42.0
