4 0.711984
5 0.739624
7 0.791721
9 0.832672
11 0.861348
13 0.881148
16 0.900908
20 0.917360
23 0.925635
28 0.935203
33 0.941780
38 0.946615
45 0.951516
52 0.954970
60 0.957700
69 0.959642
79 0.960837
91 0.961404
104 0.961346
119 0.960721
135 0.959588
154 0.957754
174 0.955457
198 0.952516
223 0.949502
252 0.946287
285 0.943066
321 0.939883
362 0.936426
407 0.932740
457 0.928872
513 0.925079
575 0.921470
645 0.917812
723 0.914322
809 0.910923
905 0.907160
1011 0.902590
1130 0.896987
1261 0.890677
1407 0.883854
1570 0.876395
1750 0.869203
