4 0.464586
5 0.450649
7 0.447740
9 0.463816
11 0.487818
13 0.512747
16 0.545146
20 0.578803
23 0.599095
28 0.624911
33 0.643238
38 0.656697
45 0.670174
52 0.679521
60 0.687150
69 0.693805
79 0.700457
91 0.708585
104 0.717735
119 0.727872
135 0.737478
154 0.746618
174 0.753716
198 0.759846
223 0.764429
252 0.768431
285 0.772122
321 0.775301
362 0.777268
407 0.777378
457 0.775633
513 0.771682
575 0.764781
645 0.753574
723 0.737136
809 0.714698
905 0.685159
1011 0.648418
1130 0.605226
1261 0.560911
1407 0.518439
1570 0.481164
1750 0.456536
