4 0.470026
5 0.488882
7 0.538567
9 0.591921
11 0.642754
13 0.686915
16 0.738280
20 0.784640
23 0.808102
28 0.834061
33 0.849870
38 0.859703
45 0.867603
52 0.871530
60 0.873124
69 0.872671
79 0.870754
91 0.867779
104 0.864452
119 0.860540
135 0.856204
154 0.850789
174 0.844961
198 0.838338
223 0.832094
252 0.825815
285 0.820005
321 0.815023
362 0.810471
407 0.806032
457 0.801061
513 0.795069
575 0.788032
645 0.779682
723 0.769752
809 0.757380
905 0.741504
1011 0.722745
1130 0.701075
1261 0.678382
1407 0.654745
1570 0.629318
1750 0.607032
