4 0.428724
5 0.409037
7 0.393326
9 0.391783
11 0.395563
13 0.401122
16 0.409434
20 0.418942
23 0.425255
28 0.432588
33 0.434265
38 0.431378
45 0.423383
52 0.413124
60 0.399460
69 0.382286
79 0.362795
91 0.341485
104 0.322867
119 0.306791
135 0.294119
154 0.283048
174 0.274224
198 0.266303
223 0.260382
252 0.256352
285 0.254994
321 0.256316
362 0.260674
407 0.267297
457 0.275403
513 0.284516
575 0.293373
645 0.301229
723 0.307255
809 0.311583
905 0.315619
1011 0.319621
1130 0.322420
1261 0.324033
1407 0.325433
1570 0.323929
1750 0.319189
