4 0.588765
5 0.591547
7 0.598897
9 0.601337
11 0.599186
13 0.594264
16 0.584923
20 0.572180
23 0.563147
28 0.548990
33 0.535037
38 0.521216
45 0.504081
52 0.491843
60 0.482913
69 0.478217
79 0.477384
91 0.479104
104 0.482891
119 0.488741
135 0.495353
154 0.503333
174 0.511916
198 0.523129
223 0.536142
252 0.552032
285 0.569682
321 0.587943
362 0.606948
407 0.625025
457 0.641009
513 0.654305
575 0.665420
645 0.675710
723 0.685876
809 0.695881
905 0.705512
1011 0.713815
1130 0.719025
1261 0.718805
1407 0.713200
1570 0.705599
