4 0.488053
5 0.504601
7 0.531102
9 0.551725
11 0.567408
13 0.578807
16 0.590007
20 0.598548
23 0.602858
28 0.611084
33 0.623373
38 0.637362
45 0.655027
52 0.669660
60 0.682681
69 0.693223
79 0.702276
91 0.711521
104 0.720718
119 0.730919
135 0.741382
154 0.752746
174 0.763221
198 0.773898
223 0.783025
252 0.791358
285 0.798864
321 0.805534
362 0.811960
407 0.818151
457 0.824195
513 0.830041
575 0.835453
645 0.841318
723 0.848805
809 0.857378
905 0.866145
1011 0.874431
1130 0.881699
1261 0.887264
1407 0.890602
1570 0.891094
