4 0.737372
5 0.714683
7 0.674459
9 0.652942
11 0.640744
13 0.634371
16 0.632771
20 0.636005
23 0.639513
28 0.644838
33 0.648921
38 0.651817
45 0.653666
52 0.652918
60 0.649476
69 0.642485
79 0.631351
91 0.614461
104 0.593272
119 0.566621
135 0.536905
154 0.501253
174 0.464591
198 0.423047
223 0.383776
252 0.344711
285 0.308447
321 0.277055
362 0.249482
407 0.226223
457 0.206473
513 0.189835
575 0.176119
645 0.164776
723 0.154985
809 0.145724
905 0.136597
1011 0.128222
1130 0.121717
1261 0.118040
1407 0.117100
1570 0.118137
