4 0.169363
5 0.156399
7 0.138318
9 0.130816
11 0.132335
13 0.141452
16 0.166595
20 0.215304
23 0.258862
28 0.334199
33 0.401757
38 0.456169
45 0.510848
52 0.545895
60 0.569642
69 0.583048
79 0.587373
91 0.583237
104 0.571885
119 0.553946
135 0.531911
154 0.503163
174 0.471401
198 0.433840
223 0.397173
252 0.358919
285 0.321661
321 0.288580
362 0.259570
407 0.235076
457 0.213036
513 0.191957
575 0.172820
645 0.157019
723 0.145017
809 0.137327
905 0.134695
1011 0.139854
1130 0.153848
1261 0.169978
1407 0.183885
1570 0.190615
