4 0.708924
5 0.748840
7 0.810022
9 0.849772
11 0.875042
13 0.891454
16 0.907286
20 0.920082
23 0.926458
28 0.933599
33 0.937808
38 0.939880
45 0.940185
52 0.938590
60 0.935807
69 0.932529
79 0.928933
91 0.924220
104 0.918473
119 0.911388
135 0.903720
154 0.894981
174 0.886467
198 0.877207
223 0.868761
252 0.860581
285 0.853371
321 0.847785
362 0.843605
407 0.840575
457 0.838394
513 0.837437
575 0.838227
645 0.840916
723 0.845159
809 0.850227
905 0.854728
1011 0.857568
1130 0.859859
1261 0.861126
1407 0.859722
1570 0.852481
1750 0.838904
