4 0.836450
5 0.862703
7 0.896378
9 0.915855
11 0.928118
13 0.936678
16 0.945953
20 0.954642
23 0.959306
28 0.964604
33 0.967842
38 0.969810
45 0.971149
52 0.971383
60 0.970864
69 0.969725
79 0.968098
91 0.965902
104 0.963356
119 0.960272
135 0.956877
154 0.952696
174 0.948074
198 0.942107
223 0.935350
252 0.927012
285 0.916699
321 0.904277
362 0.889092
407 0.872186
457 0.854436
513 0.836903
575 0.820376
645 0.805271
723 0.792369
809 0.781840
905 0.772866
1011 0.765356
1130 0.759841
1261 0.756293
1407 0.754409
1570 0.751910
1750 0.749434
