4 0.928921
5 0.904749
7 0.846879
9 0.798996
11 0.758973
13 0.725306
16 0.691392
20 0.667523
23 0.660277
28 0.657913
33 0.662201
38 0.670352
45 0.683900
52 0.697183
60 0.710506
69 0.722411
79 0.732179
91 0.740263
104 0.746363
119 0.752499
135 0.761237
154 0.771784
174 0.779407
198 0.783485
223 0.783359
252 0.780068
285 0.774759
321 0.768980
362 0.763449
407 0.758258
457 0.752586
513 0.746164
575 0.738960
645 0.730792
723 0.721307
809 0.710337
905 0.698473
1011 0.687396
1130 0.677156
1261 0.666848
1407 0.656764
1570 0.649347
1750 0.645011
