4 0.554625
5 0.586934
7 0.642278
9 0.688831
11 0.729079
13 0.762515
16 0.799532
20 0.830353
23 0.844644
28 0.858776
33 0.865984
38 0.869370
45 0.870610
52 0.869641
60 0.866986
69 0.862683
79 0.856767
91 0.848827
104 0.840139
119 0.830913
135 0.822308
154 0.813394
174 0.804961
198 0.795418
223 0.785952
252 0.775542
285 0.764281
321 0.753255
362 0.742859
407 0.733997
457 0.726872
513 0.721329
575 0.717555
645 0.715344
723 0.714710
809 0.716278
905 0.719691
1011 0.724551
1130 0.730410
1261 0.735906
1407 0.739072
1570 0.738269
