4 0.511756
5 0.543427
7 0.613674
9 0.678101
11 0.731347
13 0.772485
16 0.815674
20 0.852034
23 0.870489
28 0.891650
33 0.905378
38 0.914405
45 0.922055
52 0.926049
60 0.928017
69 0.928304
79 0.927122
91 0.924371
104 0.920393
119 0.915097
135 0.908961
154 0.901305
174 0.893017
198 0.882861
223 0.872030
252 0.859516
285 0.845737
321 0.831587
362 0.816686
407 0.801602
457 0.786274
513 0.771050
575 0.756499
645 0.742031
723 0.727605
809 0.713359
905 0.698686
1011 0.682354
1130 0.663250
1261 0.641611
1407 0.617199
1570 0.590210
1750 0.562537
