4 0.515850
5 0.540001
7 0.584321
9 0.620633
11 0.647909
13 0.667085
16 0.685689
20 0.700458
23 0.708124
28 0.718391
33 0.726377
38 0.731552
45 0.734308
52 0.733270
60 0.729196
69 0.722720
79 0.714783
91 0.705669
104 0.697436
119 0.690966
135 0.687829
154 0.688178
174 0.691150
198 0.695251
223 0.697727
252 0.695265
285 0.684482
321 0.664575
362 0.632909
407 0.591432
457 0.544320
513 0.495821
575 0.449503
645 0.406734
723 0.370050
809 0.343240
905 0.327096
1011 0.319743
1130 0.318839
1261 0.322501
1407 0.330321
1570 0.335085
1750 0.332011
