4 0.268383
5 0.303408
7 0.382129
9 0.457224
11 0.526976
13 0.589718
16 0.667280
20 0.744688
23 0.789242
28 0.842570
33 0.875801
38 0.896647
45 0.914888
52 0.926129
60 0.934289
69 0.940214
79 0.944460
91 0.947708
104 0.949785
119 0.950904
135 0.951107
154 0.950576
174 0.949615
198 0.948449
223 0.947549
252 0.946920
285 0.946546
321 0.946454
362 0.946624
407 0.946793
457 0.946567
513 0.945654
575 0.943918
645 0.941051
723 0.937110
809 0.932787
905 0.929280
1011 0.927815
1130 0.928521
1261 0.930051
1407 0.931065
1570 0.931408
1750 0.930704
