4 0.407902
5 0.411337
7 0.420743
9 0.431793
11 0.445390
13 0.462212
16 0.494379
20 0.549105
23 0.593712
28 0.659545
33 0.711588
38 0.756097
45 0.804826
52 0.839380
60 0.867984
69 0.890271
79 0.907488
91 0.921335
104 0.931125
119 0.938412
135 0.943542
154 0.947853
174 0.951516
198 0.955444
223 0.959133
252 0.962824
285 0.966161
321 0.968917
362 0.971255
407 0.973034
457 0.974185
513 0.974649
575 0.974302
645 0.973026
723 0.970625
809 0.967065
905 0.962780
1011 0.958806
1130 0.955706
1261 0.953101
1407 0.949934
1570 0.945624
