4 0.823130
5 0.813159
7 0.805149
9 0.809618
11 0.817209
13 0.822971
16 0.828458
20 0.833958
23 0.838441
28 0.846977
33 0.855826
38 0.863540
45 0.872139
52 0.878395
60 0.883359
69 0.887124
79 0.889838
91 0.891854
104 0.893119
119 0.893938
135 0.894317
154 0.894196
174 0.893616
198 0.892696
223 0.891640
252 0.890323
285 0.888737
321 0.886698
362 0.883865
407 0.880308
457 0.875977
513 0.870657
575 0.864191
645 0.856343
723 0.846782
809 0.834846
905 0.819275
1011 0.799577
1130 0.775244
1261 0.749201
1407 0.723258
1570 0.697773
1750 0.673835
