4 0.305214
5 0.332141
7 0.385123
9 0.432883
11 0.473921
13 0.506502
16 0.543764
20 0.581661
23 0.604437
28 0.633798
33 0.654388
38 0.668475
45 0.680117
52 0.685360
60 0.686851
69 0.685113
79 0.680936
91 0.674231
104 0.665496
119 0.652679
135 0.636623
154 0.616843
174 0.595851
198 0.570411
223 0.543640
252 0.513080
285 0.480073
321 0.446912
362 0.412523
407 0.378573
457 0.345065
513 0.311548
575 0.277469
645 0.239799
723 0.202729
809 0.168787
905 0.139882
1011 0.116299
1130 0.097297
1261 0.083202
1407 0.073722
1570 0.068992
