4 0.992631
5 0.991723
7 0.992103
9 0.993660
11 0.995128
13 0.996262
16 0.997337
20 0.998143
23 0.998499
28 0.998866
33 0.999075
38 0.999195
45 0.999282
52 0.999316
60 0.999321
69 0.999304
79 0.999270
91 0.999223
104 0.999170
119 0.999112
135 0.999057
154 0.999003
174 0.998957
198 0.998913
223 0.998880
252 0.998851
285 0.998827
321 0.998807
362 0.998788
407 0.998770
457 0.998756
513 0.998744
575 0.998736
645 0.998732
723 0.998731
809 0.998735
905 0.998739
1011 0.998745
1130 0.998750
1261 0.998752
1407 0.998745
1570 0.998719
