4 0.664519
5 0.600981
7 0.498388
9 0.454225
11 0.432756
13 0.420352
16 0.417723
20 0.426467
23 0.435960
28 0.450980
33 0.463549
38 0.474490
45 0.488069
52 0.498640
60 0.506107
69 0.509854
79 0.510030
91 0.506662
104 0.501079
119 0.494773
135 0.489406
154 0.484587
174 0.480322
198 0.474406
223 0.466596
252 0.456138
285 0.443763
321 0.429680
362 0.411445
407 0.388837
457 0.362814
513 0.334952
575 0.308322
645 0.284183
723 0.262401
809 0.243026
905 0.225271
1011 0.208913
1130 0.196728
1261 0.189846
1407 0.185988
1570 0.182922
1750 0.177835
