4 0.352689
5 0.419445
7 0.534605
9 0.625116
11 0.688225
13 0.729060
16 0.765747
20 0.790609
23 0.800630
28 0.811100
33 0.818957
38 0.825293
45 0.831057
52 0.833953
60 0.835288
69 0.835312
79 0.834301
91 0.832500
104 0.830458
119 0.828241
135 0.826179
154 0.824255
174 0.822866
198 0.821952
223 0.821788
252 0.822397
285 0.823953
321 0.826629
362 0.830881
407 0.836340
457 0.842127
513 0.847068
575 0.849850
645 0.849931
723 0.847456
809 0.843075
905 0.836707
1011 0.828816
1130 0.820665
1261 0.815112
1407 0.813274
1570 0.813355
1750 0.812850
