4 0.515311
5 0.544336
7 0.606501
9 0.666354
11 0.718938
13 0.762383
16 0.811352
20 0.854247
23 0.875485
28 0.898579
33 0.912454
38 0.921079
45 0.927980
52 0.931182
60 0.932082
69 0.931032
79 0.928347
91 0.923781
104 0.917778
119 0.910177
135 0.901712
154 0.891264
174 0.879880
198 0.865803
223 0.850826
252 0.833385
285 0.813850
321 0.793367
362 0.771796
407 0.751185
457 0.731917
513 0.712979
575 0.693348
645 0.672266
723 0.650747
809 0.628567
905 0.603205
1011 0.574357
1130 0.542458
1261 0.508683
1407 0.473499
1570 0.437363
