4 0.632562
5 0.618594
7 0.590140
9 0.565852
11 0.548247
13 0.537238
16 0.528337
20 0.523103
23 0.521489
28 0.520656
33 0.522877
38 0.530235
45 0.547380
52 0.567757
60 0.591993
69 0.617567
79 0.641767
91 0.664284
104 0.681561
119 0.693814
135 0.699680
154 0.699896
174 0.695481
198 0.688220
223 0.682638
252 0.681241
285 0.684508
321 0.689933
362 0.695554
407 0.700209
457 0.703149
513 0.703621
575 0.700862
645 0.694467
723 0.683384
809 0.666961
905 0.646638
1011 0.625196
1130 0.605316
1261 0.591584
1407 0.586687
1570 0.588559
