4 0.418719
5 0.462807
7 0.554634
9 0.631884
11 0.686754
13 0.725920
16 0.768075
20 0.807345
23 0.829056
28 0.854674
33 0.871490
38 0.883408
45 0.894643
52 0.901716
60 0.906655
69 0.909688
79 0.911126
91 0.911245
104 0.910211
119 0.908169
135 0.905498
154 0.902167
174 0.898636
198 0.894243
223 0.889254
252 0.882857
285 0.874858
321 0.865495
362 0.854717
407 0.843033
457 0.830403
513 0.816873
575 0.802733
645 0.788178
723 0.774444
809 0.762017
905 0.750261
1011 0.737591
1130 0.722526
1261 0.708592
1407 0.697242
1570 0.685639
