4 0.238367
5 0.309184
7 0.466942
9 0.607380
11 0.707770
13 0.775409
16 0.839515
20 0.887620
23 0.909254
28 0.931213
33 0.943889
38 0.951830
45 0.958831
52 0.963299
60 0.966803
69 0.969646
79 0.972041
91 0.974235
104 0.975986
119 0.977410
135 0.978412
154 0.979053
174 0.979173
198 0.978701
223 0.977729
252 0.976390
285 0.975148
321 0.974417
362 0.974039
407 0.973725
457 0.973485
513 0.973230
575 0.972655
645 0.971864
723 0.970636
809 0.968840
905 0.966560
1011 0.963665
1130 0.959939
1261 0.955474
1407 0.950735
1570 0.946705
1750 0.944189
