4 0.223924
5 0.242449
7 0.280047
9 0.310195
11 0.334192
13 0.355676
16 0.388775
20 0.435154
23 0.467222
28 0.512850
33 0.549973
38 0.578194
45 0.606908
52 0.627876
60 0.646829
69 0.664049
79 0.679519
91 0.694495
104 0.708013
119 0.720842
135 0.731042
154 0.739031
174 0.743835
198 0.746092
223 0.744810
252 0.739264
285 0.729611
321 0.716574
362 0.699558
407 0.678218
457 0.651820
513 0.618465
575 0.579703
645 0.538003
723 0.496454
809 0.457205
905 0.421556
1011 0.389301
1130 0.361187
1261 0.341484
1407 0.331690
1570 0.329969
