4 0.119118
5 0.171074
7 0.316072
9 0.478072
11 0.611544
13 0.708103
16 0.800450
20 0.867497
23 0.896165
28 0.923747
33 0.938589
38 0.947231
45 0.954066
52 0.957732
60 0.959903
69 0.960967
79 0.961306
91 0.961137
104 0.960478
119 0.959278
135 0.957690
154 0.955650
174 0.953479
198 0.951051
223 0.948928
252 0.947045
285 0.945454
321 0.943906
362 0.941822
407 0.939012
457 0.935235
513 0.930392
575 0.924370
645 0.916517
723 0.907095
809 0.896530
905 0.885456
1011 0.873731
1130 0.860592
1261 0.847021
1407 0.833506
1570 0.817411
1750 0.797606
