4 0.518089
5 0.509289
7 0.506848
9 0.512365
11 0.517966
13 0.520977
16 0.520950
20 0.516179
23 0.511641
28 0.504883
33 0.498427
38 0.490831
45 0.478173
52 0.464988
60 0.451430
69 0.439629
79 0.431454
91 0.428488
104 0.432671
119 0.444617
135 0.462580
154 0.487554
174 0.515839
198 0.549899
223 0.583027
252 0.616573
285 0.647671
321 0.673721
362 0.695729
407 0.713212
457 0.727188
513 0.738324
575 0.746463
645 0.751936
723 0.755255
809 0.757583
905 0.760260
1011 0.764177
1130 0.769264
1261 0.775123
1407 0.782566
1570 0.789549
