4 0.534201
5 0.561074
7 0.613189
9 0.656333
11 0.689320
13 0.714695
16 0.744125
20 0.774059
23 0.790391
28 0.808355
33 0.821603
38 0.832962
45 0.844312
52 0.852518
60 0.859508
69 0.865658
79 0.871030
91 0.876079
104 0.880364
119 0.884471
135 0.888266
154 0.891997
174 0.894787
198 0.896430
223 0.896493
252 0.895108
285 0.892087
321 0.887393
362 0.880998
407 0.873458
457 0.865257
513 0.856411
575 0.846555
645 0.834672
723 0.820352
809 0.804817
905 0.788285
1011 0.771894
1130 0.756555
1261 0.743398
1407 0.733860
1570 0.727723
