4 0.634280
5 0.647683
7 0.677847
9 0.704175
11 0.724014
13 0.738753
16 0.754958
20 0.770399
23 0.778990
28 0.789347
33 0.796493
38 0.801505
45 0.805555
52 0.807028
60 0.806689
69 0.804694
79 0.801122
91 0.795532
104 0.788456
119 0.779557
135 0.769468
154 0.756943
174 0.743448
198 0.727388
223 0.711202
252 0.692891
285 0.672725
321 0.652518
362 0.632318
407 0.613863
457 0.596363
513 0.581000
575 0.569265
645 0.560452
723 0.553661
809 0.546513
905 0.537001
1011 0.524618
1130 0.512283
1261 0.503335
1407 0.497737
1570 0.496314
