4 0.639928
5 0.635669
7 0.632304
9 0.634426
11 0.640542
13 0.648756
16 0.661890
20 0.678527
23 0.690074
28 0.705481
33 0.716847
38 0.725733
45 0.734816
52 0.739976
60 0.741656
69 0.739759
79 0.734509
91 0.726598
104 0.718589
119 0.711330
135 0.705575
154 0.699566
174 0.693248
198 0.686340
223 0.679776
252 0.673291
285 0.668167
321 0.665745
362 0.665273
407 0.664443
457 0.662710
513 0.660659
575 0.658987
645 0.657522
723 0.654642
809 0.649856
905 0.645168
1011 0.639658
1130 0.633499
1261 0.629957
1407 0.631299
1570 0.635028
1750 0.640114
