30.0
30.0
28.0
-13.0
7.0
-45.0
3.0
-12.0
2.0
-7.0
0.0
-48.0
-18.0
-27.0
-37.0
13.0
-32.0
-18.0
-35.0
-88.0
23.0
-26.0
-4.0
15.0
-6.0
-8.0
10.0
-21.0
16.0
13.0
9.0
15.0
-20.0
-1.0
-8.0
-25.0
29.0
-17.0
-10.0
-5.0
21.0
-37.0
13.0
-36.0
-14.0
5.0
37.0
19.0
27.0
-26.0
101.0
50.0
24.0
54.0
23.0
4.0
48.0
50.0
41.0
26.0
12.0
-56.0
24.0
75.0
42.0
48.0
29.0
58.0
25.0
62.0
48.0
1.0
8.0
44.0
48.0
15.0
22.0
20.0
9.0
29.0
51.0
41.0
-1.0
61.0
61.0
50.0
65.0
68.0
31.0
73.0
48.0
73.0
80.0
47.0
55.0
60.0
76.0
41.0
3.0
7.0
36.0
-1.0
25.0
59.0
58.0
70.0
39.0
22.0
43.0
-15.0
34.0
18.0
-14.0
1.0
32.0
23.0
35.0
41.0
23.0
68.0
67.0
40.0
48.0
34.0
13.0
86.0
84.0
98.0
88.0
112.0
20.0
2.0
24.0
-17.0
10.0
-16.0
48.0
14.0
73.0
51.0
78.0
44.0
67.0
67.0
93.0
119.0
158.0
192.0
237.0
307.0
267.0
325.0
353.0
407.0
351.0
321.0
449.0
350.0
310.0
299.0
310.0
277.0
214.0
250.0
221.0
197.0
231.0
162.0
185.0
180.0
189.0
172.0
114.0
102.0
113.0
124.0
94.0
90.0
41.0
84.0
-5.0
41.0
84.0
64.0
-22.0
15.0
46.0
34.0
18.0
36.0
48.0
-36.0
-39.0
-17.0
-38.0
-13.0
-33.0
-35.0
-42.0
-57.0
-49.0
-18.0
-25.0
-27.0
-59.0
-21.0
-51.0
-42.0
-32.0
-41.0
-5.0
40.0
-54.0
-51.0
-11.0
-69.0
-78.0
0.0
-74.0
-39.0
-3.0
-69.0
-81.0
-46.0
-21.0
-39.0
-41.0
-13.0
-45.0
-52.0
11.0
-44.0
-52.0
-83.0
-72.0
-53.0
-11.0
12.0
-69.0
-39.0
8.0
2.0
-13.0
-19.0
-69.0
-24.0
-53.0
-51.0
-54.0
-61.0
9.0
-82.0
-49.0
-25.0
-62.0
-28.0
-18.0
-54.0
-23.0
-58.0
-58.0
-59.0
-79.0
-99.0
-46.0
-138.0
-30.0
-72.0
-78.0
-114.0
-78.0
-58.0
-42.0
-3.0
-34.0
-27.0
-69.0
-70.0
-78.0
-86.0
-32.0
-49.0
-61.0
-68.0
-62.0
-19.0
-48.0
-74.0
-21.0
-34.0
6.0
-33.0
-13.0
-27.0
-17.0
5.0
-35.0
-33.0
29.0
-11.0
-64.0
-89.0
-80.0
-39.0
-69.0
-72.0
-70.0
-40.0
-11.0
6.0
-2.0
-21.0
-8.0
-65.0
-49.0
-18.0
-32.0
-49.0
-34.0
-16.0
-53.0
-58.0
-122.0
-57.0
24.0
-3.0
-42.0
-55.0
-56.0
-80.0
-65.0
-91.0
-29.0
-40.0
-43.0
-21.0
-53.0
-87.0
-80.0
-80.0
-49.0
-2.0
-27.0
-74.0
-99.0
-121.0
-74.0
-69.0
-88.0
-68.0
-4.0
-50.0
41.0
-1.0
-5.0
-17.0
-8.0
-41.0
-50.0
-80.0
-97.0
-98.0
-84.0
-42.0
-103.0
-107.0
-126.0
-65.0
-54.0
-60.0
-53.0
-39.0
-54.0
-49.0
-41.0
-97.0
-10.0
-32.0
-50.0
-76.0
-4.0
-42.0
-75.0
-54.0
-13.0
-32.0
-3.0
-55.0
-6.0
-63.0
-26.0
17.0
-22.0
7.0
8.0
-65.0
10.0
-15.0
-36.0
-31.0
-41.0
-23.0
-7.0
-72.0
-91.0
-85.0
-1.0
-25.0
-119.0
4.0
-92.0
-83.0
-43.0
-36.0
-46.0
-11.0
-70.0
-97.0
-100.0
-64.0
17.0
-39.0
-29.0
-92.0
-67.0
-24.0
-7.0
-25.0
-22.0
-21.0
-47.0
-70.0
-89.0
-45.0
-148.0
-65.0
-57.0
-21.0
-52.0
-101.0
-112.0
-41.0
-107.0
-59.0
-66.0
-58.0
-56.0
-96.0
-42.0
-85.0
-69.0
-143.0
-105.0
-73.0
-62.0
-21.0
-82.0
-55.0
-38.0
-26.0
-48.0
-27.0
-52.0
-74.0
-82.0
-62.0
-61.0
-130.0
-57.0
-76.0
-43.0
-48.0
-112.0
-59.0
-71.0
-89.0
-50.0
-36.0
4.0
-18.0
-113.0
-125.0
-95.0
-74.0
-108.0
-30.0
-100.0
-18.0
-12.0
-16.0
-37.0
-68.0
-73.0
-98.0
-52.0
-55.0
-42.0
-33.0
-3.0
-21.0
5.0
-10.0
-5.0
8.0
-1.0
8.0
-2.0
-43.0
-5.0
13.0
-2.0
-78.0
-52.0
-15.0
-31.0
-34.0
3.0
-26.0
5.0
-44.0
5.0
38.0
50.0
-15.0
39.0
31.0
35.0
39.0
-3.0
-72.0
13.0
29.0
3.0
10.0
-17.0
2.0
20.0
56.0
49.0
-47.0
3.0
-28.0
-17.0
-44.0
-22.0
-30.0
-46.0
-46.0
-33.0
13.0
-39.0
-8.0
-84.0
16.0
-43.0
-96.0
-44.0
-31.0
-33.0
-32.0
-20.0
-16.0
-37.0
-105.0
32.0
-25.0
-14.0
-21.0
-53.0
-23.0
-74.0
-54.0
18.0
16.0
-15.0
-10.0
2.0
-13.0
-33.0
-1.0
-25.0
-37.0
35.0
4.0
-74.0
11.0
-80.0
-62.0
-12.0
-31.0
-12.0
-31.0
-42.0
24.0
-43.0
-15.0
-19.0
2.0
-18.0
-30.0
31.0
20.0
20.0
-32.0
-50.0
-22.0
-6.0
-79.0
-57.0
-60.0
-60.0
-78.0
-69.0
-56.0
-5.0
-82.0
-1.0
-35.0
-10.0
-24.0
-56.0
-85.0
-66.0
-52.0
-33.0
-71.0
-33.0
-38.0
-46.0
-66.0
-61.0
-16.0
-61.0
35.0
-21.0
24.0
5.0
-20.0
-38.0
-40.0
-29.0
-34.0
-39.0
-39.0
5.0
-18.0
-38.0
-36.0
-26.0
-27.0
-102.0
-6.0
-7.0
10.0
-60.0
-34.0
-74.0
-28.0
11.0
-18.0
-2.0
-58.0
-58.0
1.0
-10.0
-22.0
-15.0
-43.0
-21.0
-56.0
5.0
-26.0
-36.0
-5.0
3.0
-45.0
6.0
-30.0
-42.0
-59.0
2.0
-1.0
1.0
-4.0
12.0
45.0
29.0
4.0
1.0
3.0
-8.0
-29.0
-11.0
-31.0
51.0
5.0
4.0
17.0
0.0
-5.0
23.0
6.0
-7.0
-23.0
-45.0
-4.0
-3.0
-2.0
-13.0
-13.0
-8.0
-34.0
34.0
25.0
16.0
-72.0
-1.0
-4.0
-9.0
-16.0
15.0
-52.0
-30.0
-71.0
-23.0
-69.0
-29.0
-37.0
-46.0
-78.0
-87.0
-67.0
-32.0
-35.0
-36.0
-65.0
-99.0
-33.0
-60.0
-70.0
-89.0
-42.0
-24.0
10.0
-61.0
24.0
7.0
-16.0
-56.0
-6.0
-29.0
-33.0
-17.0
-4.0
-16.0
-14.0
-17.0
-39.0
9.0
-12.0
-46.0
-4.0
7.0
-10.0
3.0
-20.0
-25.0
-34.0
-48.0
-42.0
-45.0
-42.0
-31.0
34.0
3.0
-21.0
14.0
-43.0
-16.0
23.0
-5.0
23.0
37.0
-5.0
14.0
17.0
-2.0
-44.0
-60.0
53.0
30.0
17.0
25.0
44.0
32.0
-25.0
-13.0
-4.0
17.0
34.0
-8.0
27.0
-23.0
-52.0
10.0
4.0
54.0
48.0
16.0
23.0
25.0
-12.0
-2.0
-34.0
16.0
13.0
11.0
17.0
-21.0
-12.0
25.0
12.0
2.0
16.0
16.0
-61.0
-29.0
-13.0
-2.0
-30.0
-29.0
-42.0
-32.0
14.0
17.0
21.0
14.0
-10.0
-3.0
26.0
1.0
40.0
31.0
-9.0
-109.0
-22.0
8.0
-6.0
-33.0
-7.0
-57.0
-44.0
-37.0
-82.0
-17.0
-36.0
-34.0
-22.0
-29.0
-62.0
-23.0
-59.0
-44.0
-31.0
20.0
43.0
-45.0
-64.0
-30.0
-30.0
24.0
4.0
-6.0
-26.0
-4.0
-24.0
-5.0
-10.0
11.0
-79.0
3.0
-8.0
-13.0
-62.0
-37.0
-84.0
-89.0
-3.0
-59.0
-44.0
-53.0
-60.0
-36.0
-60.0
-62.0
-77.0
-60.0
-103.0
-72.0
-23.0
-60.0
-56.0
-52.0
-60.0
-26.0
-20.0
-55.0
-19.0
-43.0
-25.0
-19.0
-7.0
2.0
16.0
21.0
8.0
-22.0
-66.0
-60.0
-38.0
-55.0
-54.0
13.0
-83.0
-35.0
-59.0
-39.0
4.0
7.0
11.0
2.0
-27.0
-3.0
5.0
7.0
8.0
48.0
41.0
44.0
27.0
51.0
4.0
-10.0
16.0
-48.0
17.0
28.0
12.0
24.0
13.0
4.0
3.0
11.0
5.0
-3.0
13.0
111.0
103.0
96.0
65.0
4.0
16.0
10.0
-19.0
10.0
-41.0
-43.0
-32.0
-11.0
2.0
-51.0
-54.0
-26.0
-41.0
-17.0
0.0
-15.0
-51.0
-51.0
-61.0
-87.0
-21.0
-59.0
-48.0
-24.0
-96.0
-78.0
-79.0
-78.0
-129.0
3.0
15.0
-19.0
12.0
-21.0
-11.0
-21.0
21.0
-37.0
3.0
15.0
25.0
3.0
42.0
11.0
-7.0
32.0
20.0
34.0
61.0
-13.0
15.0
6.0
-45.0
24.0
25.0
-61.0
17.0
4.0
-19.0
11.0
-11.0
13.0
-21.0
4.0
4.0
22.0
56.0
36.0
51.0
66.0
84.0
56.0
69.0
89.0
49.0
53.0
52.0
43.0
11.0
43.0
65.0
-12.0
17.0
43.0
-35.0
2.0
0.0
14.0
-13.0
-39.0
-32.0
45.0
69.0
24.0
11.0
23.0
30.0
23.0
7.0
33.0
-22.0
10.0
-23.0
-9.0
47.0
24.0
58.0
72.0
92.0
92.0
105.0
131.0
80.0
69.0
-35.0
12.0
-26.0
30.0
23.0
42.0
21.0
23.0
58.0
89.0
60.0
98.0
11.0
72.0
97.0
42.0
30.0
34.0
35.0
1.0
30.0
37.0
-11.0
41.0
6.0
58.0
27.0
35.0
-2.0
-6.0
2.0
-3.0
-27.0
39.0
23.0
-18.0
26.0
-19.0
-5.0
-25.0
23.0
6.0
35.0
78.0
-1.0
42.0
37.0
27.0
37.0
-7.0
-20.0
51.0
-1.0
6.0
8.0
37.0
16.0
-5.0
38.0
48.0
32.0
29.0
44.0
53.0
4.0
51.0
42.0
15.0
-4.0
-12.0
-3.0
-76.0
38.0
13.0
4.0
12.0
23.0
28.0
-2.0
21.0
4.0
3.0
23.0
27.0
20.0
43.0
8.0
58.0
43.0
59.0
37.0
74.0
4.0
22.0
44.0
-20.0
4.0
37.0
26.0
51.0
31.0
30.0
35.0
26.0
26.0
41.0
18.0
48.0
43.0
30.0
72.0
-4.0
24.0
17.0
-26.0
-5.0
-13.0
1.0
59.0
58.0
80.0
65.0
17.0
48.0
62.0
63.0
50.0
0.0
13.0
7.0
-21.0
-35.0
-7.0
12.0
34.0
-23.0
23.0
-1.0
-6.0
9.0
22.0
6.0
-15.0
-52.0
-31.0
-1.0
-30.0
-3.0
-27.0
12.0
3.0
-6.0
-33.0
19.0
-53.0
6.0
-17.0
-42.0
7.0
-8.0
16.0
0.0
15.0
-60.0
-1.0
-23.0
34.0
-35.0
-20.0
-64.0
-19.0
13.0
-31.0
-32.0
-15.0
-78.0
-49.0
-23.0
-6.0
-14.0
-24.0
-10.0
-4.0
0.0
-5.0
-16.0
22.0
2.0
15.0
-31.0
41.0
-5.0
17.0
53.0
-7.0
16.0
-7.0
60.0
31.0
58.0
24.0
7.0
-3.0
58.0
31.0
29.0
16.0
-5.0
7.0
38.0
24.0
51.0
27.0
-2.0
42.0
50.0
30.0
41.0
56.0
87.0
97.0
44.0
45.0
26.0
28.0
15.0
17.0
21.0
61.0
63.0
45.0
37.0
30.0
32.0
90.0
39.0
43.0
51.0
27.0
19.0
41.0
0.0
-22.0
7.0
16.0
-52.0
42.0
8.0
2.0
46.0
69.0
22.0
60.0
20.0
59.0
66.0
26.0
28.0
9.0
2.0
71.0
24.0
45.0
41.0
24.0
7.0
31.0
-7.0
23.0
69.0
21.0
17.0
24.0
52.0
22.0
42.0
-3.0
21.0
60.0
-9.0
58.0
54.0
60.0
74.0
10.0
52.0
-6.0
36.0
62.0
86.0
52.0
59.0
45.0
24.0
-14.0
14.0
17.0
44.0
41.0
50.0
29.0
14.0
70.0
20.0
-13.0
39.0
-15.0
20.0
6.0
27.0
36.0
22.0
33.0
31.0
62.0
78.0
66.0
79.0
39.0
31.0
3.0
-41.0
-2.0
24.0
8.0
39.0
-12.0
23.0
6.0
13.0
-2.0
5.0
37.0
-35.0
-14.0
-16.0
-40.0
5.0
-6.0
-36.0
-5.0
12.0
-36.0
-25.0
47.0
48.0
12.0
58.0
21.0
33.0
46.0
44.0
-8.0
37.0
75.0
51.0
56.0
2.0
-2.0
31.0
-9.0
1.0
-18.0
-3.0
-7.0
23.0
-32.0
-6.0
33.0
3.0
-13.0
40.0
61.0
1.0
-21.0
59.0
22.0
72.0
19.0
25.0
31.0
6.0
15.0
-11.0
60.0
20.0
26.0
34.0
-12.0
41.0
40.0
-1.0
39.0
80.0
34.0
77.0
93.0
56.0
35.0
96.0
8.0
17.0
29.0
38.0
84.0
-10.0
37.0
-4.0
28.0
106.0
49.0
22.0
84.0
76.0
70.0
118.0
84.0
132.0
62.0
159.0
106.0
90.0
73.0
121.0
106.0
94.0
67.0
84.0
38.0
52.0
22.0
63.0
-4.0
90.0
44.0
42.0
46.0
53.0
50.0
22.0
-17.0
100.0
54.0
135.0
117.0
136.0
103.0
54.0
61.0
34.0
86.0
95.0
120.0
107.0
193.0
174.0
212.0
237.0
237.0
247.0
316.0
324.0
369.0
394.0
355.0
400.0
469.0
431.0
401.0
454.0
409.0
393.0
373.0
355.0
376.0
388.0
366.0
356.0
315.0
342.0
301.0
282.0
183.0
298.0
267.0
216.0
192.0
181.0
148.0
139.0
78.0
40.0
77.0
63.0
5.0
-32.0
-12.0
-40.0
-43.0
-83.0
-112.0
-83.0
-106.0
-72.0
-59.0
-93.0
-40.0
-41.0
-79.0
-108.0
-121.0
-126.0
-144.0
-118.0
-140.0
-102.0
-138.0
-121.0
-148.0
-129.0
-142.0
-131.0
-169.0
-131.0
-154.0
-135.0
-182.0
-145.0
-163.0
-151.0
-158.0
-180.0
-175.0
-192.0
-170.0
-178.0
-192.0
-147.0
-162.0
-154.0
-174.0
-158.0
-161.0
-104.0
-82.0
-126.0
-146.0
-129.0
-144.0
-130.0
-115.0
-102.0
-109.0
-128.0
-174.0
-139.0
-161.0
-112.0
-158.0
-135.0
-123.0
-89.0
-87.0
-178.0
-144.0
-126.0
-96.0
-87.0
-95.0
-92.0
-139.0
-119.0
-107.0
-92.0
-87.0
-60.0
-76.0
-99.0
-110.0
-57.0
-70.0
-54.0
-64.0
-90.0
-72.0
-69.0
-121.0
-134.0
-79.0
-72.0
-63.0
-73.0
-69.0
-106.0
-105.0
-47.0
-114.0
-92.0
-129.0
-181.0
-202.0
-161.0
-166.0
-214.0
-264.0
-266.0
-188.0
-246.0
-232.0
-232.0
-259.0
-249.0
-221.0
-242.0
-208.0
-152.0
-192.0
-195.0
-163.0
-157.0
-149.0
-136.0
-153.0
-120.0
-169.0
-145.0
-125.0
-195.0
-148.0
-216.0
-170.0
-199.0
-193.0
-182.0
-192.0
-186.0
-181.0
-162.0
-119.0
-221.0
-162.0
-119.0
-159.0
-178.0
-163.0
-141.0
-96.0
-160.0
-154.0
-100.0
-136.0
-122.0
-103.0
-139.0
-177.0
-127.0
-207.0
-129.0
-102.0
-112.0
-130.0
-102.0
-124.0
-120.0
-125.0
-104.0
-93.0
-130.0
-63.0
-168.0
-97.0
-111.0
-117.0
-100.0
-75.0
-129.0
-81.0
-165.0
-203.0
-204.0
-117.0
-166.0
-187.0
-181.0
-133.0
-169.0
-147.0
-125.0
-109.0
-95.0
-124.0
-142.0
-115.0
-178.0
-158.0
-167.0
-194.0
-154.0
-112.0
-149.0
-119.0
-142.0
-132.0
-162.0
-80.0
-48.0
-72.0
-16.0
-7.0
-36.0
-12.0
-12.0
-37.0
7.0
-27.0
-41.0
35.0
-48.0
-26.0
-41.0
15.0
44.0
21.0
-15.0
-22.0
-46.0
-40.0
-46.0
-63.0
-56.0
-87.0
-104.0
-73.0
-44.0
-25.0
-69.0
36.0
79.0
62.0
56.0
53.0
36.0
82.0
114.0
120.0
124.0
82.0
76.0
75.0
27.0
21.0
-17.0
-7.0
58.0
76.0
37.0
48.0
12.0
-12.0
-54.0
-39.0
-18.0
32.0
-14.0
64.0
39.0
2.0
48.0
21.0
73.0
60.0
40.0
16.0
27.0
31.0
13.0
16.0
35.0
28.0
-11.0
24.0
-8.0
50.0
80.0
23.0
39.0
104.0
82.0
65.0
60.0
39.0
19.0
22.0
0.0
6.0
-35.0
-58.0
-51.0
-65.0
-2.0
-74.0
-43.0
-40.0
-56.0
-43.0
-32.0
-26.0
-35.0
15.0
-29.0
-42.0
-53.0
-21.0
-26.0
-25.0
39.0
31.0
27.0
32.0
8.0
36.0
13.0
-4.0
16.0
-24.0
1.0
-22.0
-24.0
-20.0
-36.0
3.0
41.0
-4.0
-33.0
-61.0
-10.0
-15.0
-146.0
-67.0
-78.0
-126.0
-125.0
-39.0
-99.0
-95.0
-30.0
-61.0
9.0
-18.0
-44.0
-12.0
-109.0
-28.0
-53.0
-70.0
-65.0
-93.0
-57.0
-11.0
-41.0
-78.0
-49.0
-43.0
-78.0
-141.0
-65.0
-111.0
-72.0
-58.0
-81.0
-88.0
-91.0
-150.0
-99.0
-36.0
-101.0
-100.0
-81.0
-108.0
-88.0
-93.0
-55.0
-75.0
-116.0
-46.0
-97.0
-63.0
-62.0
-29.0
49.0
-12.0
-8.0
27.0
15.0
-16.0
-33.0
-5.0
-27.0
-21.0
18.0
-5.0
13.0
45.0
32.0
-41.0
-57.0
-51.0
-50.0
-83.0
-63.0
-26.0
-42.0
-59.0
-31.0
-54.0
-44.0
-4.0
-8.0
-42.0
33.0
-12.0
-14.0
-86.0
-80.0
-40.0
-30.0
10.0
0.0
10.0
1.0
-29.0
-38.0
8.0
-39.0
-11.0
-8.0
21.0
23.0
27.0
-1.0
-26.0
-4.0
6.0
14.0
15.0
11.0
18.0
62.0
49.0
44.0
52.0
76.0
14.0
44.0
70.0
14.0
26.0
-22.0
11.0
-45.0
-51.0
-11.0
-3.0
-45.0
14.0
-9.0
18.0
-56.0
24.0
13.0
-20.0
-9.0
-23.0
-31.0
-5.0
22.0
-18.0
37.0
6.0
-16.0
-6.0
10.0
-39.0
-33.0
15.0
23.0
41.0
3.0
8.0
27.0
15.0
-1.0
-22.0
22.0
-21.0
20.0
43.0
43.0
20.0
28.0
0.0
-3.0
-18.0
3.0
-3.0
-28.0
-14.0
-7.0
-45.0
-80.0
7.0
-7.0
-31.0
-17.0
-58.0
-72.0
-54.0
-6.0
-74.0
-36.0
-18.0
-3.0
7.0
-7.0
50.0
50.0
43.0
-15.0
-42.0
-18.0
-18.0
-26.0
-10.0
7.0
-11.0
-4.0
-39.0
-39.0
-18.0
-6.0
0.0
-2.0
14.0
-18.0
36.0
-2.0
31.0
13.0
8.0
-8.0
24.0
7.0
60.0
72.0
51.0
37.0
5.0
5.0
54.0
46.0
8.0
21.0
42.0
30.0
13.0
39.0
-6.0
45.0
30.0
15.0
71.0
52.0
15.0
43.0
-8.0
34.0
26.0
-11.0
54.0
71.0
47.0
23.0
16.0
25.0
19.0
22.0
61.0
48.0
-4.0
31.0
17.0
-36.0
5.0
-5.0
18.0
44.0
25.0
20.0
10.0
21.0
-5.0
37.0
31.0
26.0
-7.0
4.0
-18.0
10.0
-41.0
13.0
25.0
44.0
29.0
1.0
25.0
28.0
65.0
12.0
27.0
26.0
-16.0
-33.0
-20.0
-56.0
28.0
-52.0
-22.0
-31.0
-53.0
-70.0
-79.0
-65.0
-82.0
-74.0
-60.0
-50.0
-54.0
-4.0
-45.0
-54.0
-41.0
-84.0
-18.0
-34.0
-2.0
-14.0
-15.0
-56.0
-31.0
4.0
-25.0
-24.0
-43.0
16.0
19.0
-31.0
6.0
-28.0
16.0
-9.0
-17.0
2.0
-16.0
15.0
-13.0
-29.0
-15.0
-13.0
34.0
1.0
-10.0
-25.0
35.0
-42.0
22.0
-28.0
-38.0
-5.0
-44.0
24.0
-3.0
-7.0
-10.0
4.0
7.0
2.0
33.0
25.0
44.0
41.0
35.0
20.0
38.0
43.0
-7.0
-2.0
14.0
-57.0
41.0
31.0
-11.0
-24.0
-48.0
-43.0
-6.0
-6.0
-31.0
-14.0
-21.0
-25.0
-26.0
-43.0
-1.0
3.0
-55.0
-15.0
-41.0
-39.0
-17.0
-50.0
-13.0
-10.0
-21.0
-77.0
-7.0
-24.0
-26.0
-18.0
8.0
-25.0
6.0
6.0
18.0
7.0
17.0
41.0
31.0
27.0
-35.0
-19.0
-24.0
-7.0
-18.0
-3.0
7.0
13.0
10.0
1.0
-71.0
-41.0
-45.0
20.0
-5.0
14.0
11.0
4.0
-10.0
29.0
21.0
36.0
22.0
41.0
1.0
-5.0
50.0
31.0
-1.0
24.0
-7.0
8.0
23.0
30.0
-15.0
18.0
9.0
6.0
-32.0
17.0
-5.0
36.0
8.0
35.0
6.0
-25.0
4.0
-15.0
-21.0
-75.0
10.0
12.0
-26.0
40.0
1.0
-24.0
-13.0
24.0
-2.0
24.0
56.0
34.0
6.0
-5.0
54.0
55.0
43.0
5.0
-4.0
30.0
46.0
-9.0
12.0
24.0
17.0
-41.0
-53.0
-32.0
4.0
22.0
28.0
16.0
8.0
-22.0
-40.0
-20.0
18.0
30.0
-16.0
-15.0
-28.0
-23.0
-10.0
2.0
-41.0
-45.0
-21.0
-38.0
-51.0
-11.0
-40.0
-37.0
-18.0
-5.0
25.0
67.0
-3.0
29.0
44.0
-2.0
39.0
20.0
31.0
5.0
22.0
-55.0
-12.0
-10.0
-1.0
13.0
15.0
58.0
14.0
40.0
12.0
-30.0
70.0
43.0
77.0
60.0
53.0
50.0
61.0
17.0
25.0
40.0
36.0
44.0
35.0
44.0
52.0
70.0
118.0
96.0
67.0
121.0
103.0
134.0
139.0
132.0
124.0
120.0
79.0
131.0
98.0
104.0
118.0
127.0
137.0
148.0
165.0
231.0
181.0
183.0
214.0
160.0
244.0
221.0
227.0
188.0
189.0
243.0
207.0
176.0
175.0
204.0
197.0
222.0
143.0
213.0
216.0
187.0
219.0
234.0
237.0
238.0
191.0
225.0
197.0
217.0
244.0
224.0
213.0
235.0
244.0
201.0
249.0
228.0
205.0
223.0
254.0
247.0
227.0
220.0
231.0
252.0
233.0
275.0
250.0
274.0
265.0
262.0
222.0
221.0
199.0
243.0
243.0
267.0
288.0
258.0
238.0
217.0
237.0
200.0
189.0
243.0
158.0
140.0
160.0
143.0
131.0
145.0
135.0
115.0
147.0
178.0
193.0
220.0
168.0
117.0
142.0
129.0
161.0
102.0
108.0
100.0
107.0
90.0
67.0
117.0
83.0
77.0
170.0
129.0
149.0
152.0
131.0
128.0
102.0
74.0
85.0
77.0
85.0
20.0
12.0
67.0
24.0
-1.0
25.0
-22.0
-18.0
11.0
-41.0
-26.0
-12.0
37.0
34.0
62.0
46.0
14.0
25.0
-31.0
-14.0
-5.0
-4.0
6.0
0.0
-12.0
11.0
-15.0
31.0
51.0
33.0
102.0
68.0
74.0
57.0
127.0
90.0
71.0
109.0
84.0
64.0
16.0
100.0
117.0
81.0
96.0
104.0
105.0
74.0
93.0
112.0
186.0
128.0
146.0
130.0
105.0
157.0
90.0
51.0
97.0
100.0
111.0
125.0
131.0
145.0
197.0
182.0
211.0
227.0
307.0
351.0
416.0
431.0
413.0
417.0
454.0
412.0
376.0
413.0
336.0
366.0
305.0
357.0
346.0
348.0
320.0
347.0
244.0
195.0
202.0
199.0
243.0
172.0
184.0
239.0
231.0
143.0
162.0
133.0
133.0
144.0
67.0
55.0
53.0
42.0
23.0
44.0
60.0
91.0
31.0
46.0
-33.0
-10.0
3.0
-80.0
-13.0
-10.0
2.0
25.0
-6.0
-34.0
-54.0
-39.0
-31.0
-35.0
-73.0
-46.0
-72.0
-121.0
-106.0
-106.0
-96.0
-75.0
-155.0
-201.0
-192.0
-175.0
-180.0
-185.0
-94.0
-147.0
-136.0
-161.0
-118.0
-140.0
-152.0
-111.0
-117.0
-119.0
-138.0
-120.0
-133.0
-121.0
-188.0
-168.0
-228.0
-188.0
-187.0
-203.0
-240.0
-165.0
-223.0
-187.0
-148.0
-196.0
-211.0
-175.0
-133.0
-122.0
-98.0
-71.0
-40.0
-1.0
74.0
60.0
117.0
183.0
182.0
204.0
202.0
251.0
285.0
256.0
212.0
256.0
212.0
283.0
215.0
241.0
224.0
191.0
190.0
212.0
169.0
202.0
184.0
172.0
218.0
229.0
147.0
200.0
90.0
103.0
89.0
95.0
41.0
115.0
65.0
121.0
87.0
60.0
53.0
34.0
-14.0
73.0
88.0
40.0
94.0
63.0
72.0
37.0
48.0
121.0
97.0
115.0
20.0
134.0
89.0
91.0
31.0
88.0
72.0
42.0
68.0
49.0
45.0
37.0
95.0
45.0
35.0
24.0
15.0
-10.0
3.0
-40.0
-20.0
-82.0
-101.0
-99.0
-119.0
-129.0
-86.0
-80.0
-73.0
-104.0
-128.0
-152.0
-246.0
-253.0
-139.0
-196.0
-206.0
-206.0
-224.0
-262.0
-262.0
-244.0
-244.0
-261.0
-288.0
-333.0
-341.0
-339.0
-327.0
-272.0
-328.0
-360.0
-299.0
-375.0
-406.0
-372.0
-371.0
-392.0
-392.0
-336.0
-335.0
-394.0
-430.0
-386.0
-464.0
-341.0
-370.0
-414.0
-428.0
-362.0
-371.0
-369.0
-367.0
-370.0
-428.0
-398.0
-411.0
-398.0
-365.0
-381.0
-372.0
-339.0
-376.0
-370.0
-385.0
-409.0
-394.0
-310.0
-305.0
-354.0
-340.0
-362.0
-411.0
-396.0
-378.0
-332.0
-331.0
-323.0
-271.0
-311.0
-309.0
-320.0
-309.0
-237.0
-281.0
-296.0
-255.0
-242.0
-224.0
-258.0
-226.0
-262.0
-257.0
-289.0
-260.0
-255.0
-250.0
-280.0
-239.0
-195.0
-172.0
-195.0
-180.0
-229.0
-163.0
-218.0
-199.0
-180.0
-221.0
-225.0
-198.0
-214.0
-236.0
-211.0
-161.0
-197.0
-238.0
-221.0
-233.0
-253.0
-284.0
-206.0
-224.0
-319.0
-306.0
-222.0
-265.0
-290.0
-251.0
-230.0
-239.0
-258.0
-188.0
-202.0
-191.0
-248.0
-211.0
-200.0
-212.0
-211.0
-189.0
-194.0
-172.0
-206.0
-176.0
-181.0
-139.0
-137.0
-149.0
-147.0
-161.0
-179.0
-178.0
-199.0
-158.0
-150.0
-164.0
-220.0
-191.0
-238.0
-206.0
-188.0
-188.0
-193.0
-131.0
-169.0
-164.0
-193.0
-169.0
-256.0
-156.0
-153.0
-96.0
-133.0
-166.0
-184.0
-208.0
-195.0
-147.0
-139.0
-168.0
-137.0
-184.0
-183.0
-196.0
-169.0
-147.0
-138.0
-130.0
-152.0
-204.0
-241.0
-145.0
-118.0
-140.0
-153.0
-137.0
-179.0
-141.0
-190.0
-214.0
-139.0
-114.0
-152.0
-143.0
-139.0
-135.0
-150.0
-169.0
-146.0
-113.0
-120.0
-131.0
-133.0
-197.0
-82.0
-110.0
-116.0
-112.0
-110.0
-117.0
-109.0
-48.0
-88.0
-28.0
-62.0
-55.0
-51.0
-62.0
-94.0
-72.0
-22.0
-100.0
-41.0
-92.0
-22.0
-89.0
-158.0
-101.0
-143.0
-108.0
-56.0
-84.0
-65.0
-87.0
-103.0
-66.0
-53.0
-92.0
-70.0
-28.0
-64.0
-33.0
-45.0
-106.0
-54.0
-54.0
-124.0
-20.0
-76.0
-35.0
-33.0
-22.0
-60.0
-79.0
-108.0
-71.0
1.0
-17.0
-54.0
-19.0
-22.0
-20.0
-22.0
-50.0
-18.0
-1.0
-33.0
-14.0
-27.0
-31.0
-10.0
-70.0
-41.0
-29.0
-25.0
-24.0
-73.0
-40.0
-64.0
-16.0
-28.0
9.0
-4.0
-13.0
4.0
-59.0
29.0
-11.0
25.0
22.0
-36.0
22.0
83.0
4.0
3.0
63.0
-29.0
7.0
-4.0
6.0
3.0
-26.0
16.0
-22.0
11.0
11.0
48.0
1.0
4.0
45.0
25.0
-1.0
39.0
86.0
48.0
9.0
13.0
16.0
22.0
-9.0
11.0
78.0
0.0
47.0
30.0
-53.0
93.0
95.0
77.0
103.0
69.0
94.0
170.0
118.0
100.0
161.0
158.0
183.0
162.0
165.0
196.0
161.0
213.0
201.0
263.0
310.0
303.0
269.0
301.0
265.0
299.0
293.0
313.0
322.0
318.0
376.0
337.0
340.0
336.0
356.0
331.0
342.0
366.0
346.0
355.0
289.0
229.0
277.0
296.0
182.0
202.0
161.0
205.0
244.0
215.0
219.0
163.0
126.0
161.0
175.0
163.0
146.0
132.0
43.0
96.0
95.0
41.0
66.0
63.0
21.0
13.0
-69.0
-26.0
-70.0
-10.0
-11.0
5.0
-18.0
11.0
-22.0
-97.0
-114.0
-64.0
-48.0
-105.0
-101.0
-7.0
-62.0
-72.0
-65.0
-107.0
-87.0
-61.0
-105.0
-95.0
-110.0
-159.0
-151.0
-142.0
-168.0
-151.0
-162.0
-208.0
-171.0
-178.0
-164.0
-227.0
-215.0
-240.0
-204.0
-204.0
-184.0
-155.0
-249.0
-121.0
-108.0
-125.0
-119.0
-149.0
-110.0
-102.0
-161.0
-156.0
-78.0
-133.0
-97.0
-90.0
-150.0
-145.0
-145.0
-165.0
-165.0
-148.0
-147.0
-141.0
-112.0
-162.0
-166.0
-155.0
-130.0
-194.0
-121.0
-142.0
-171.0
-190.0
-215.0
-165.0
-153.0
-145.0
-190.0
-260.0
-207.0
-199.0
-185.0
-223.0
-148.0
-192.0
-145.0
-124.0
-173.0
-163.0
-162.0
-138.0
-101.0
-80.0
-58.0
-59.0
-89.0
-62.0
-82.0
-34.0
-79.0
-67.0
2.0
-58.0
-34.0
-58.0
-65.0
-64.0
-75.0
-97.0
-79.0
-126.0
-107.0
-101.0
-92.0
-67.0
-39.0
-109.0
-89.0
10.0
-78.0
-73.0
-58.0
-93.0
-88.0
-163.0
-162.0
-120.0
-124.0
-108.0
-129.0
-130.0
-89.0
-93.0
-102.0
-123.0
-167.0
-142.0
-109.0
-256.0
-128.0
-108.0
-99.0
-161.0
-91.0
-167.0
-61.0
-111.0
-106.0
-159.0
-178.0
-119.0
-162.0
-206.0
-216.0
-138.0
-109.0
-53.0
-39.0
-42.0
-47.0
-51.0
-26.0
-96.0
-45.0
-103.0
-59.0
-37.0
-53.0
-118.0
6.0
-33.0
-18.0
-14.0
45.0
-39.0
-60.0
-65.0
16.0
-25.0
-33.0
-42.0
12.0
-31.0
-79.0
-2.0
10.0
-2.0
-9.0
-10.0
23.0
41.0
-4.0
-17.0
-7.0
-34.0
-10.0
-46.0
-34.0
1.0
-46.0
-30.0
-12.0
-33.0
40.0
20.0
46.0
19.0
53.0
40.0
41.0
-6.0
-1.0
39.0
17.0
32.0
56.0
20.0
15.0
37.0
-15.0
15.0
53.0
62.0
20.0
23.0
63.0
114.0
71.0
41.0
27.0
43.0
30.0
65.0
23.0
26.0
71.0
88.0
35.0
57.0
39.0
-63.0
-1.0
2.0
66.0
61.0
43.0
20.0
64.0
59.0
72.0
37.0
54.0
39.0
81.0
72.0
118.0
108.0
96.0
52.0
100.0
64.0
119.0
129.0
78.0
93.0
105.0
92.0
61.0
37.0
114.0
120.0
76.0
144.0
125.0
210.0
124.0
130.0
128.0
130.0
137.0
109.0
196.0
136.0
120.0
143.0
136.0
103.0
80.0
113.0
96.0
43.0
75.0
83.0
72.0
111.0
94.0
106.0
74.0
92.0
106.0
115.0
57.0
88.0
53.0
60.0
115.0
90.0
108.0
88.0
90.0
138.0
93.0
79.0
58.0
35.0
42.0
50.0
15.0
-14.0
-33.0
-14.0
39.0
6.0
-26.0
-39.0
22.0
3.0
22.0
10.0
66.0
-6.0
-12.0
68.0
57.0
31.0
2.0
-9.0
-19.0
40.0
-22.0
-26.0
-20.0
-7.0
-25.0
0.0
-20.0
-18.0
-7.0
-31.0
24.0
-23.0
-11.0
21.0
54.0
-20.0
-49.0
-84.0
18.0
30.0
-5.0
-5.0
23.0
-34.0
5.0
15.0
-12.0
34.0
-14.0
7.0
11.0
21.0
4.0
0.0
52.0
-21.0
60.0
57.0
16.0
19.0
50.0
33.0
17.0
51.0
87.0
55.0
93.0
58.0
56.0
69.0
103.0
77.0
11.0
7.0
51.0
66.0
61.0
74.0
65.0
106.0
81.0
79.0
87.0
87.0
12.0
103.0
95.0
89.0
77.0
45.0
47.0
80.0
3.0
52.0
87.0
81.0
79.0
29.0
61.0
57.0
77.0
84.0
115.0
121.0
18.0
70.0
117.0
79.0
55.0
125.0
124.0
95.0
128.0
125.0
138.0
35.0
128.0
135.0
129.0
167.0
119.0
156.0
125.0
93.0
79.0
96.0
114.0
138.0
42.0
150.0
120.0
90.0
122.0
121.0
121.0
40.0
57.0
81.0
120.0
115.0
176.0
155.0
158.0
131.0
174.0
110.0
74.0
130.0
165.0
165.0
202.0
177.0
157.0
195.0
200.0
178.0
177.0
170.0
180.0
251.0
231.0
223.0
158.0
196.0
192.0
186.0
206.0
185.0
167.0
206.0
180.0
182.0
174.0
191.0
201.0
219.0
232.0
195.0
159.0
244.0
260.0
164.0
183.0
252.0
220.0
240.0
269.0
241.0
272.0
234.0
268.0
186.0
244.0
275.0
247.0
230.0
166.0
206.0
186.0
196.0
204.0
229.0
221.0
237.0
199.0
235.0
212.0
231.0
237.0
196.0
243.0
259.0
253.0
243.0
224.0
291.0
277.0
239.0
211.0
270.0
255.0
260.0
300.0
278.0
277.0
306.0
271.0
231.0
232.0
238.0
322.0
268.0
287.0
266.0
269.0
267.0
289.0
295.0
230.0
239.0
296.0
284.0
265.0
269.0
287.0
250.0
254.0
294.0
254.0
269.0
326.0
306.0
311.0
274.0
238.0
310.0
283.0
260.0
224.0
270.0
325.0
298.0
286.0
244.0
250.0
225.0
209.0
202.0
143.0
214.0
221.0
176.0
130.0
184.0
173.0
177.0
188.0
147.0
183.0
168.0
168.0
200.0
198.0
197.0
234.0
178.0
198.0
177.0
179.0
172.0
168.0
183.0
134.0
185.0
144.0
187.0
133.0
162.0
189.0
141.0
116.0
149.0
177.0
215.0
176.0
177.0
159.0
113.0
143.0
143.0
127.0
111.0
162.0
115.0
162.0
107.0
99.0
113.0
94.0
93.0
79.0
50.0
76.0
78.0
63.0
89.0
113.0
85.0
81.0
46.0
32.0
78.0
106.0
69.0
65.0
61.0
44.0
42.0
59.0
50.0
62.0
59.0
66.0
82.0
55.0
64.0
49.0
50.0
37.0
105.0
97.0
40.0
15.0
57.0
62.0
81.0
56.0
22.0
26.0
77.0
61.0
48.0
74.0
76.0
66.0
20.0
-62.0
86.0
62.0
-15.0
28.0
40.0
3.0
9.0
36.0
9.0
-7.0
34.0
40.0
13.0
35.0
29.0
29.0
18.0
33.0
21.0
7.0
-1.0
1.0
25.0
25.0
19.0
80.0
8.0
-33.0
22.0
-29.0
12.0
-25.0
2.0
-32.0
28.0
16.0
19.0
-24.0
-5.0
45.0
-8.0
-16.0
-5.0
23.0
6.0
5.0
-11.0
14.0
11.0
-7.0
10.0
21.0
0.0
-39.0
-26.0
-10.0
-10.0
18.0
4.0
23.0
-12.0
6.0
1.0
-1.0
-17.0
11.0
34.0
32.0
-15.0
22.0
65.0
39.0
105.0
107.0
99.0
98.0
76.0
122.0
31.0
98.0
105.0
42.0
64.0
51.0
108.0
79.0
69.0
7.0
114.0
47.0
44.0
41.0
51.0
126.0
86.0
59.0
124.0
58.0
76.0
114.0
93.0
118.0
32.0
78.0
83.0
78.0
51.0
11.0
28.0
62.0
76.0
91.0
109.0
83.0
33.0
95.0
78.0
56.0
72.0
63.0
50.0
86.0
32.0
117.0
24.0
32.0
27.0
45.0
33.0
34.0
93.0
86.0
59.0
68.0
104.0
85.0
107.0
97.0
93.0
77.0
92.0
60.0
74.0
49.0
81.0
92.0
80.0
4.0
51.0
109.0
96.0
46.0
17.0
75.0
51.0
20.0
41.0
64.0
43.0
57.0
79.0
101.0
78.0
75.0
101.0
77.0
64.0
48.0
41.0
59.0
24.0
63.0
54.0
53.0
48.0
97.0
112.0
79.0
68.0
74.0
36.0
55.0
53.0
71.0
45.0
51.0
34.0
14.0
11.0
14.0
51.0
13.0
71.0
4.0
5.0
67.0
55.0
53.0
67.0
55.0
65.0
67.0
77.0
120.0
37.0
91.0
108.0
77.0
90.0
91.0
109.0
99.0
113.0
150.0
129.0
40.0
125.0
154.0
79.0
153.0
106.0
95.0
102.0
77.0
99.0
66.0
49.0
51.0
73.0
83.0
111.0
80.0
99.0
20.0
54.0
24.0
-15.0
19.0
3.0
27.0
43.0
54.0
37.0
31.0
37.0
41.0
70.0
79.0
144.0
146.0
146.0
133.0
112.0
152.0
124.0
103.0
65.0
118.0
144.0
61.0
61.0
51.0
120.0
77.0
84.0
41.0
86.0
88.0
49.0
32.0
-6.0
22.0
93.0
52.0
29.0
32.0
37.0
9.0
-2.0
12.0
74.0
-8.0
-54.0
-50.0
-17.0
-6.0
14.0
1.0
3.0
-24.0
-51.0
-22.0
-16.0
-14.0
-1.0
-51.0
-5.0
-17.0
-74.0
-83.0
-81.0
-78.0
-71.0
-92.0
-111.0
-72.0
-126.0
-47.0
-78.0
-82.0
-70.0
-119.0
-188.0
-107.0
-176.0
-167.0
-183.0
-193.0
-175.0
-149.0
-202.0
-154.0
-197.0
-152.0
-194.0
-190.0
-176.0
-163.0
-216.0
-177.0
-180.0
-216.0
-264.0
-243.0
-200.0
-247.0
-251.0
-208.0
-253.0
-251.0
-242.0
-170.0
-187.0
-177.0
-191.0
-162.0
-231.0
-212.0
-197.0
-186.0
-252.0
-233.0
-274.0
-201.0
-160.0
-266.0
-298.0
-303.0
-222.0
-255.0
-279.0
-233.0
-241.0
-277.0
-258.0
-274.0
-305.0
-219.0
-262.0
-265.0
-304.0
-257.0
-334.0
-259.0
-255.0
-279.0
-254.0
-214.0
-248.0
-213.0
-237.0
-262.0
-215.0
-247.0
-259.0
-234.0
-283.0
-265.0
-227.0
-219.0
-246.0
-241.0
-232.0
-232.0
-241.0
-202.0
-282.0
-310.0
-314.0
-274.0
-283.0
-326.0
-290.0
-305.0
-283.0
-329.0
-301.0
-330.0
-313.0
-329.0
-275.0
-277.0
-291.0
-297.0
-306.0
-298.0
-277.0
-295.0
-243.0
-256.0
-256.0
-272.0
-274.0
-305.0
-262.0
-252.0
-279.0
-272.0
-246.0
-234.0
-258.0
-282.0
-225.0
-291.0
-235.0
-271.0
-246.0
-230.0
-261.0
-204.0
-254.0
-305.0
-253.0
-225.0
-252.0
-249.0
-199.0
-270.0
-251.0
-231.0
-258.0
-258.0
-255.0
-232.0
-201.0
-201.0
-171.0
-157.0
-212.0
-196.0
-230.0
-216.0
-174.0
-176.0
-224.0
-210.0
-164.0
-180.0
-210.0
-251.0
-154.0
-199.0
-168.0
-170.0
-176.0
-171.0
-228.0
-195.0
-188.0
-152.0
-169.0
-194.0
-229.0
-194.0
-195.0
-190.0
-220.0
-237.0
-164.0
-163.0
-158.0
-222.0
-193.0
-175.0
-173.0
-194.0
-171.0
-162.0
-157.0
-145.0
-166.0
-187.0
-188.0
-221.0
-180.0
-170.0
-161.0
-214.0
-188.0
-140.0
-173.0
-189.0
-216.0
-180.0
-197.0
-190.0
-210.0
-166.0
-193.0
-227.0
-159.0
-177.0
-158.0
-194.0
-175.0
-205.0
-165.0
-162.0
-143.0
-170.0
-116.0
-145.0
-198.0
-172.0
-188.0
-207.0
-169.0
-210.0
-172.0
-184.0
-213.0
-217.0
-180.0
-206.0
-186.0
-155.0
-175.0
-155.0
-193.0
-212.0
-197.0
-219.0
-158.0
-169.0
-121.0
-115.0
-146.0
-111.0
-125.0
-134.0
-126.0
-95.0
-107.0
-117.0
-152.0
-131.0
-135.0
-76.0
-123.0
-119.0
-108.0
-161.0
-174.0
-100.0
-124.0
-155.0
-203.0
-118.0
-135.0
-97.0
-144.0
-95.0
-123.0
-147.0
-90.0
-88.0
-57.0
-102.0
-114.0
-97.0
-77.0
-62.0
-93.0
-90.0
-69.0
-90.0
-109.0
-78.0
-119.0
-130.0
-106.0
-130.0
-138.0
-208.0
-223.0
-258.0
-237.0
-166.0
-153.0
-135.0
-161.0
-158.0
-188.0
-173.0
-184.0
-142.0
-168.0
-145.0
-148.0
-116.0
-107.0
-99.0
-114.0
-173.0
-117.0
-118.0
-156.0
-127.0
-105.0
-97.0
-85.0
-73.0
-73.0
-117.0
-107.0
-69.0
-60.0
-95.0
-43.0
-41.0
-52.0
-84.0
-64.0
-33.0
-46.0
3.0
41.0
11.0
-16.0
26.0
5.0
34.0
40.0
51.0
37.0
27.0
44.0
44.0
53.0
35.0
0.0
71.0
80.0
51.0
105.0
79.0
69.0
67.0
36.0
74.0
129.0
109.0
114.0
79.0
62.0
43.0
47.0
72.0
64.0
62.0
37.0
93.0
80.0
65.0
118.0
94.0
5.0
40.0
63.0
23.0
31.0
113.0
85.0
64.0
41.0
-10.0
47.0
50.0
22.0
103.0
60.0
75.0
93.0
80.0
86.0
108.0
69.0
84.0
71.0
45.0
32.0
-8.0
36.0
79.0
11.0
27.0
89.0
34.0
0.0
-24.0
7.0
-4.0
8.0
31.0
-2.0
52.0
65.0
84.0
74.0
92.0
59.0
71.0
55.0
10.0
-12.0
11.0
-3.0
-3.0
-23.0
2.0
-39.0
-32.0
-69.0
-23.0
18.0
35.0
15.0
3.0
24.0
-53.0
30.0
-3.0
4.0
31.0
13.0
-34.0
23.0
18.0
45.0
49.0
-1.0
-4.0
-40.0
-33.0
-41.0
-27.0
-12.0
-39.0
-12.0
-16.0
-29.0
-33.0
-32.0
-11.0
-56.0
-31.0
-65.0
-91.0
-112.0
-113.0
-123.0
-103.0
-97.0
-109.0
-112.0
-88.0
-78.0
-109.0
-110.0
-123.0
-84.0
-115.0
-119.0
-126.0
-90.0
-97.0
-132.0
-141.0
-152.0
-131.0
-96.0
-57.0
-56.0
-97.0
-134.0
-92.0
-129.0
-171.0
-178.0
-202.0
-157.0
-114.0
-116.0
-96.0
-83.0
-119.0
-101.0
-156.0
-199.0
-150.0
-167.0
-223.0
-191.0
-234.0
-251.0
-174.0
-158.0
-144.0
-143.0
-151.0
-81.0
-84.0
-108.0
-187.0
-188.0
-180.0
-164.0
-174.0
-180.0
-176.0
-170.0
-222.0
-235.0
-195.0
-215.0
-140.0
-146.0
-154.0
-90.0
-128.0
-122.0
-97.0
-124.0
-146.0
-84.0
-144.0
-147.0
-157.0
-120.0
-159.0
-138.0
-122.0
-125.0
-146.0
-130.0
-124.0
-178.0
-129.0
-118.0
-136.0
-176.0
-232.0
-119.0
-170.0
-140.0
-165.0
-148.0
-171.0
-147.0
-142.0
-134.0
-122.0
-181.0
-81.0
-88.0
-111.0
-111.0
-102.0
-136.0
-107.0
-114.0
-128.0
-163.0
-174.0
-102.0
-144.0
-169.0
-169.0
-154.0
-89.0
-106.0
-158.0
-117.0
-121.0
-127.0
-126.0
-116.0
-62.0
-101.0
-98.0
-107.0
-74.0
-87.0
-87.0
-93.0
-96.0
-130.0
-67.0
-73.0
-129.0
-128.0
-116.0
-81.0
-125.0
-139.0
-144.0
-135.0
-79.0
-57.0
-97.0
-47.0
-20.0
-46.0
-50.0
-77.0
-90.0
-135.0
-91.0
-64.0
-82.0
-49.0
-73.0
-33.0
-46.0
-96.0
-87.0
-74.0
-81.0
-52.0
-52.0
-18.0
-37.0
-31.0
-71.0
-85.0
-26.0
-36.0
-88.0
-101.0
-101.0
-98.0
-48.0
-100.0
-136.0
-83.0
-60.0
-82.0
-103.0
-65.0
-54.0
-96.0
-64.0
-113.0
-84.0
-60.0
-52.0
-63.0
-59.0
-90.0
-41.0
-71.0
-136.0
-127.0
-149.0
-174.0
-125.0
-147.0
-108.0
-133.0
-108.0
-69.0
-115.0
-121.0
-40.0
-3.0
-33.0
-82.0
-32.0
-79.0
-82.0
-59.0
-58.0
-88.0
-52.0
-74.0
-77.0
-82.0
-133.0
-67.0
-75.0
-89.0
-84.0
-30.0
-67.0
5.0
-41.0
-9.0
-6.0
-91.0
-80.0
-67.0
-70.0
-37.0
-82.0
-62.0
-50.0
-81.0
-45.0
-50.0
-79.0
-85.0
-88.0
-37.0
-42.0
-58.0
-54.0
-56.0
-55.0
-22.0
-24.0
-12.0
-16.0
24.0
41.0
6.0
18.0
-24.0
13.0
-51.0
34.0
21.0
22.0
25.0
48.0
-22.0
45.0
63.0
-6.0
48.0
53.0
38.0
50.0
84.0
55.0
64.0
90.0
50.0
41.0
65.0
78.0
51.0
71.0
1.0
34.0
33.0
43.0
24.0
64.0
72.0
24.0
-1.0
19.0
49.0
35.0
-1.0
74.0
77.0
73.0
73.0
0.0
64.0
55.0
30.0
20.0
29.0
20.0
11.0
26.0
70.0
41.0
29.0
27.0
-15.0
-4.0
-19.0
2.0
4.0
21.0
10.0
44.0
54.0
-25.0
16.0
7.0
-14.0
28.0
6.0
4.0
-3.0
30.0
-16.0
-25.0
4.0
1.0
0.0
36.0
30.0
42.0
49.0
34.0
-12.0
14.0
49.0
-21.0
40.0
29.0
52.0
14.0
68.0
64.0
69.0
60.0
96.0
53.0
125.0
177.0
137.0
150.0
143.0
139.0
119.0
149.0
142.0
98.0
146.0
201.0
161.0
158.0
122.0
117.0
86.0
171.0
152.0
180.0
162.0
142.0
175.0
120.0
155.0
177.0
184.0
175.0
182.0
131.0
210.0
177.0
207.0
192.0
167.0
206.0
221.0
226.0
222.0
223.0
249.0
241.0
206.0
215.0
214.0
248.0
253.0
253.0
230.0
250.0
281.0
243.0
323.0
262.0
278.0
241.0
274.0
204.0
230.0
246.0
256.0
244.0
220.0
166.0
264.0
267.0
247.0
258.0
241.0
265.0
248.0
245.0
289.0
343.0
244.0
218.0
267.0
282.0
265.0
221.0
251.0
272.0
254.0
256.0
303.0
307.0
274.0
242.0
283.0
281.0
249.0
329.0
291.0
241.0
289.0
259.0
253.0
269.0
265.0
253.0
254.0
242.0
237.0
271.0
246.0
259.0
290.0
338.0
236.0
229.0
231.0
193.0
204.0
197.0
189.0
252.0
198.0
184.0
170.0
223.0
129.0
161.0
202.0
193.0
176.0
170.0
141.0
142.0
117.0
145.0
150.0
159.0
158.0
143.0
135.0
138.0
140.0
78.0
78.0
112.0
46.0
76.0
117.0
158.0
101.0
100.0
131.0
143.0
124.0
119.0
109.0
59.0
111.0
107.0
80.0
69.0
99.0
81.0
107.0
42.0
61.0
93.0
79.0
109.0
92.0
98.0
126.0
46.0
102.0
83.0
42.0
33.0
59.0
77.0
-20.0
28.0
6.0
37.0
-1.0
-5.0
52.0
37.0
57.0
54.0
21.0
12.0
55.0
2.0
-20.0
2.0
26.0
-11.0
59.0
19.0
-11.0
29.0
-55.0
-11.0
40.0
7.0
36.0
1.0
-9.0
-25.0
-55.0
-23.0
-25.0
-20.0
-32.0
-1.0
-35.0
-22.0
-1.0
-13.0
-21.0
18.0
-31.0
-15.0
-63.0
14.0
-33.0
-27.0
-47.0
-77.0
-74.0
-101.0
-62.0
-25.0
-28.0
-32.0
-86.0
-67.0
-59.0
-40.0
-26.0
-40.0
-22.0
-8.0
-5.0
-74.0
-103.0
-128.0
-89.0
-118.0
-61.0
-112.0
-51.0
-82.0
-77.0
-70.0
-114.0
-95.0
-128.0
-115.0
-140.0
-124.0
-112.0
-133.0
-108.0
-149.0
-132.0
-117.0
-93.0
-194.0
-109.0
-118.0
-96.0
-110.0
-121.0
-118.0
-114.0
-107.0
-71.0
-57.0
-131.0
-91.0
-90.0
-99.0
-101.0
-111.0
-61.0
-90.0
-119.0
-94.0
-90.0
-131.0
-155.0
-137.0
-163.0
-76.0
-125.0
-82.0
-121.0
-128.0
-153.0
-167.0
-102.0
-148.0
-114.0
-104.0
-133.0
-176.0
-126.0
-140.0
-165.0
-125.0
-190.0
-167.0
-125.0
-157.0
-119.0
-171.0
-132.0
-130.0
-121.0
-124.0
-177.0
-140.0
-152.0
-148.0
-147.0
-128.0
-165.0
-149.0
-117.0
-169.0
-146.0
-106.0
-96.0
-145.0
-117.0
-122.0
-183.0
-182.0
-136.0
-199.0
-182.0
-176.0
-181.0
-187.0
-208.0
-152.0
-114.0
-110.0
-211.0
-124.0
-144.0
-146.0
-164.0
-134.0
-145.0
-166.0
-170.0
-197.0
-177.0
-130.0
-184.0
-169.0
-146.0
-124.0
-150.0
-151.0
-149.0
-189.0
-200.0
-142.0
-142.0
-108.0
-137.0
-160.0
-153.0
-139.0
-147.0
-172.0
-159.0
-138.0
-157.0
-126.0
-179.0
-149.0
-158.0
-95.0
-136.0
-68.0
-76.0
-106.0
-125.0
-120.0
-127.0
-148.0
-169.0
-125.0
-163.0
-149.0
-168.0
-209.0
-202.0
-176.0
-146.0
-197.0
-186.0
-183.0
-140.0
-131.0
-153.0
-139.0
-148.0
-152.0
-146.0
-168.0
-200.0
-146.0
-124.0
-164.0
-156.0
-136.0
-148.0
-168.0
-141.0
-112.0
-114.0
-118.0
-118.0
-118.0
-144.0
-73.0
-142.0
-139.0
-111.0
-157.0
-160.0
-130.0
-123.0
-89.0
-121.0
-97.0
-88.0
-111.0
-120.0
-159.0
-151.0
-115.0
-92.0
-78.0
-70.0
-62.0
-84.0
-120.0
-77.0
-91.0
-140.0
-57.0
-40.0
-18.0
-59.0
-7.0
-16.0
-102.0
-83.0
-86.0
-78.0
-36.0
-83.0
-99.0
-64.0
-37.0
-62.0
-78.0
-97.0
-95.0
-86.0
-118.0
-102.0
-58.0
-69.0
-101.0
-58.0
-83.0
-83.0
-118.0
-105.0
-107.0
-89.0
-88.0
-147.0
-147.0
-61.0
-109.0
-98.0
-37.0
-79.0
-80.0
-73.0
-73.0
-91.0
-95.0
-101.0
-137.0
-40.0
-40.0
-67.0
-104.0
-52.0
-48.0
-66.0
-68.0
-63.0
-8.0
-97.0
-93.0
-79.0
-40.0
-57.0
-63.0
-114.0
-76.0
-29.0
-50.0
-35.0
-30.0
-10.0
-44.0
-54.0
-59.0
-26.0
-89.0
-25.0
-86.0
-89.0
-27.0
-74.0
-16.0
-50.0
-106.0
-37.0
-4.0
-18.0
-31.0
-27.0
-20.0
29.0
-23.0
-5.0
35.0
-11.0
34.0
-49.0
-5.0
-40.0
-23.0
-24.0
-38.0
-9.0
17.0
44.0
-8.0
17.0
7.0
0.0
51.0
-31.0
62.0
14.0
27.0
-32.0
-15.0
-42.0
-18.0
34.0
38.0
42.0
24.0
16.0
13.0
43.0
-19.0
64.0
66.0
44.0
27.0
33.0
71.0
37.0
23.0
50.0
5.0
12.0
38.0
17.0
23.0
-4.0
-13.0
14.0
31.0
10.0
-35.0
73.0
40.0
54.0
6.0
-58.0
31.0
20.0
46.0
49.0
35.0
64.0
22.0
5.0
46.0
49.0
20.0
37.0
5.0
57.0
16.0
11.0
86.0
36.0
62.0
25.0
-6.0
61.0
86.0
48.0
35.0
-13.0
122.0
68.0
83.0
73.0
36.0
109.0
98.0
67.0
56.0
48.0
70.0
96.0
73.0
83.0
84.0
39.0
65.0
42.0
16.0
29.0
52.0
55.0
46.0
29.0
102.0
108.0
101.0
95.0
121.0
83.0
100.0
124.0
127.0
130.0
120.0
154.0
125.0
130.0
167.0
202.0
183.0
185.0
145.0
203.0
184.0
112.0
152.0
114.0
99.0
169.0
152.0
156.0
196.0
142.0
196.0
217.0
159.0
191.0
187.0
165.0
204.0
213.0
206.0
183.0
213.0
211.0
242.0
234.0
248.0
223.0
206.0
238.0
257.0
215.0
160.0
268.0
256.0
166.0
154.0
181.0
171.0
160.0
163.0
198.0
222.0
202.0
183.0
186.0
180.0
175.0
205.0
167.0
189.0
155.0
148.0
133.0
156.0
137.0
162.0
183.0
154.0
180.0
192.0
159.0
172.0
253.0
215.0
197.0
239.0
227.0
242.0
206.0
142.0
159.0
210.0
223.0
212.0
192.0
219.0
147.0
229.0
257.0
245.0
241.0
225.0
216.0
233.0
265.0
267.0
257.0
165.0
230.0
210.0
184.0
197.0
187.0
185.0
187.0
155.0
171.0
169.0
144.0
225.0
140.0
175.0
155.0
150.0
125.0
118.0
150.0
139.0
182.0
205.0
173.0
107.0
204.0
208.0
208.0
50.0
181.0
156.0
205.0
167.0
161.0
148.0
182.0
132.0
123.0
128.0
89.0
108.0
127.0
97.0
43.0
59.0
18.0
54.0
106.0
107.0
90.0
142.0
139.0
88.0
112.0
72.0
133.0
95.0
103.0
117.0
79.0
110.0
135.0
142.0
153.0
142.0
137.0
129.0
182.0
127.0
108.0
108.0
102.0
129.0
111.0
142.0
135.0
51.0
59.0
92.0
112.0
88.0
96.0
115.0
42.0
131.0
111.0
103.0
86.0
13.0
43.0
81.0
79.0
83.0
95.0
51.0
44.0
-18.0
90.0
65.0
52.0
17.0
6.0
15.0
27.0
-37.0
-61.0
-30.0
-97.0
6.0
7.0
-3.0
-25.0
-37.0
-40.0
-30.0
-45.0
6.0
-25.0
-86.0
-24.0
-14.0
1.0
-23.0
-31.0
-30.0
-45.0
-46.0
-33.0
13.0
-20.0
-27.0
-55.0
-39.0
-103.0
-16.0
16.0
-7.0
32.0
58.0
39.0
62.0
64.0
87.0
78.0
23.0
42.0
14.0
20.0
30.0
-31.0
11.0
31.0
33.0
2.0
8.0
8.0
-13.0
17.0
6.0
8.0
-10.0
-10.0
-39.0
-2.0
-10.0
39.0
-6.0
20.0
-52.0
-41.0
9.0
-40.0
-74.0
-39.0
-23.0
-62.0
-36.0
-23.0
-68.0
-36.0
-41.0
-73.0
-110.0
-66.0
-87.0
-165.0
-63.0
-41.0
-51.0
-34.0
-55.0
-33.0
-72.0
-45.0
-51.0
-78.0
-81.0
-71.0
-56.0
-87.0
-103.0
-68.0
-46.0
-45.0
-46.0
-19.0
-47.0
-70.0
-80.0
-49.0
-53.0
-81.0
-78.0
-157.0
-94.0
-94.0
-84.0
-53.0
-67.0
-67.0
-69.0
-89.0
-130.0
-65.0
-108.0
-38.0
-111.0
-74.0
-90.0
-124.0
-106.0
-144.0
-57.0
-99.0
-126.0
-162.0
-90.0
-80.0
-69.0
-116.0
-90.0
-79.0
-91.0
-155.0
-167.0
-98.0
-99.0
-119.0
-142.0
-183.0
-140.0
-154.0
-150.0
-177.0
-143.0
-196.0
-235.0
-146.0
-156.0
-151.0
-164.0
-170.0
-187.0
-201.0
-163.0
-167.0
-139.0
-130.0
-175.0
-170.0
-134.0
-161.0
-173.0
-167.0
-178.0
-118.0
-102.0
-176.0
-120.0
-77.0
-133.0
-88.0
-59.0
-93.0
-107.0
-93.0
-143.0
-109.0
-133.0
-102.0
-138.0
-114.0
-73.0
-166.0
-112.0
-116.0
-93.0
-76.0
-79.0
-105.0
-69.0
-87.0
-116.0
-128.0
-175.0
-90.0
-110.0
-105.0
-109.0
-118.0
-101.0
-96.0
-135.0
-101.0
-122.0
-122.0
-130.0
-91.0
-86.0
-82.0
-84.0
-67.0
-84.0
-108.0
-155.0
-96.0
-74.0
-66.0
-114.0
-133.0
-96.0
-88.0
-35.0
-88.0
-114.0
-1.0
-9.0
-44.0
-29.0
-52.0
-90.0
-96.0
-63.0
-37.0
-64.0
-8.0
-1.0
-51.0
-31.0
-60.0
-6.0
-28.0
-40.0
-31.0
-91.0
-33.0
-7.0
-77.0
-65.0
-46.0
-11.0
-20.0
-27.0
-48.0
-63.0
-114.0
-74.0
-15.0
-22.0
-48.0
-8.0
-18.0
-26.0
-63.0
-64.0
-45.0
-64.0
-63.0
-36.0
-60.0
-52.0
-42.0
-50.0
-84.0
-90.0
-43.0
-56.0
-98.0
-20.0
-40.0
-81.0
-64.0
-64.0
-42.0
-18.0
-57.0
-67.0
-125.0
-5.0
-11.0
13.0
25.0
-27.0
-18.0
-71.0
-23.0
1.0
3.0
39.0
34.0
-15.0
-39.0
-18.0
3.0
7.0
7.0
-27.0
-56.0
-32.0
-36.0
-15.0
-42.0
8.0
-84.0
-35.0
32.0
13.0
-18.0
-4.0
-2.0
13.0
4.0
12.0
2.0
17.0
-44.0
5.0
-55.0
-15.0
28.0
-40.0
1.0
-18.0
-5.0
-42.0
-5.0
16.0
43.0
25.0
5.0
74.0
46.0
32.0
51.0
91.0
33.0
89.0
67.0
49.0
6.0
15.0
46.0
20.0
69.0
63.0
5.0
31.0
85.0
36.0
98.0
69.0
53.0
25.0
46.0
46.0
56.0
100.0
80.0
79.0
103.0
75.0
78.0
82.0
115.0
53.0
87.0
96.0
118.0
56.0
59.0
99.0
87.0
100.0
65.0
136.0
86.0
119.0
114.0
74.0
45.0
58.0
28.0
7.0
53.0
112.0
107.0
120.0
79.0
130.0
88.0
163.0
120.0
88.0
150.0
152.0
130.0
116.0
102.0
139.0
88.0
74.0
93.0
177.0
149.0
180.0
154.0
161.0
111.0
135.0
93.0
69.0
128.0
127.0
80.0
117.0
119.0
153.0
205.0
175.0
172.0
158.0
173.0
220.0
197.0
204.0
205.0
195.0
154.0
143.0
149.0
139.0
177.0
201.0
208.0
228.0
212.0
268.0
248.0
259.0
184.0
175.0
120.0
139.0
116.0
92.0
74.0
78.0
123.0
74.0
129.0
109.0
71.0
131.0
127.0
146.0
127.0
190.0
227.0
196.0
188.0
184.0
206.0
125.0
134.0
102.0
164.0
207.0
143.0
164.0
219.0
138.0
171.0
182.0
171.0
163.0
208.0
213.0
178.0
205.0
184.0
194.0
226.0
219.0
230.0
270.0
233.0
170.0
209.0
205.0
202.0
180.0
166.0
200.0
146.0
221.0
165.0
196.0
176.0
190.0
217.0
215.0
211.0
200.0
234.0
211.0
221.0
200.0
169.0
202.0
155.0
131.0
112.0
92.0
56.0
68.0
76.0
80.0
81.0
81.0
90.0
78.0
59.0
90.0
100.0
106.0
120.0
113.0
90.0
93.0
110.0
103.0
85.0
22.0
62.0
93.0
74.0
54.0
42.0
98.0
53.0
114.0
12.0
54.0
80.0
102.0
87.0
77.0
57.0
55.0
19.0
-36.0
56.0
65.0
72.0
84.0
59.0
48.0
55.0
107.0
74.0
48.0
90.0
88.0
98.0
110.0
109.0
124.0
101.0
101.0
84.0
67.0
34.0
19.0
101.0
111.0
153.0
107.0
79.0
110.0
73.0
76.0
54.0
92.0
40.0
43.0
70.0
95.0
99.0
70.0
59.0
55.0
70.0
49.0
56.0
56.0
43.0
15.0
69.0
62.0
36.0
65.0
91.0
97.0
96.0
121.0
102.0
146.0
139.0
145.0
208.0
192.0
180.0
187.0
167.0
172.0
158.0
165.0
165.0
163.0
126.0
183.0
136.0
112.0
164.0
167.0
177.0
158.0
138.0
129.0
190.0
162.0
159.0
166.0
229.0
222.0
195.0
146.0
153.0
162.0
168.0
178.0
131.0
215.0
142.0
186.0
158.0
205.0
133.0
145.0
171.0
142.0
131.0
151.0
117.0
183.0
124.0
102.0
116.0
114.0
124.0
126.0
98.0
121.0
95.0
46.0
106.0
121.0
135.0
159.0
118.0
156.0
155.0
163.0
119.0
116.0
168.0
142.0
155.0
148.0
144.0
143.0
110.0
152.0
126.0
120.0
111.0
45.0
95.0
89.0
87.0
65.0
76.0
55.0
26.0
-2.0
15.0
7.0
20.0
76.0
103.0
83.0
74.0
107.0
97.0
89.0
125.0
131.0
88.0
72.0
126.0
140.0
68.0
118.0
74.0
122.0
55.0
122.0
37.0
122.0
113.0
89.0
99.0
169.0
148.0
93.0
85.0
114.0
86.0
88.0
44.0
34.0
136.0
140.0
105.0
99.0
92.0
136.0
65.0
50.0
106.0
92.0
77.0
70.0
110.0
37.0
40.0
28.0
46.0
86.0
101.0
65.0
27.0
-4.0
18.0
3.0
5.0
52.0
22.0
-22.0
20.0
23.0
9.0
-3.0
2.0
-34.0
23.0
20.0
3.0
13.0
34.0
30.0
-43.0
31.0
4.0
9.0
-7.0
7.0
57.0
3.0
-17.0
20.0
-4.0
-15.0
-7.0
2.0
22.0
-8.0
8.0
8.0
-91.0
5.0
8.0
15.0
52.0
91.0
58.0
97.0
105.0
88.0
62.0
69.0
119.0
102.0
58.0
39.0
48.0
70.0
93.0
68.0
20.0
139.0
94.0
131.0
93.0
69.0
29.0
80.0
81.0
82.0
52.0
115.0
72.0
34.0
38.0
22.0
-15.0
-19.0
-58.0
-56.0
-87.0
-52.0
-84.0
-67.0
-86.0
-44.0
-98.0
-77.0
-103.0
-97.0
-52.0
-51.0
-132.0
-148.0
-112.0
-109.0
-100.0
-66.0
-104.0
-122.0
-135.0
-121.0
-154.0
-161.0
-140.0
-117.0
-93.0
-177.0
-158.0
-121.0
-146.0
-112.0
-166.0
-178.0
-93.0
-184.0
-152.0
-199.0
-135.0
-131.0
-174.0
-220.0
-204.0
-243.0
-172.0
-157.0
-191.0
-227.0
-200.0
-238.0
-201.0
-210.0
-195.0
-199.0
-256.0
-225.0
-227.0
-237.0
-217.0
-248.0
-263.0
-208.0
-267.0
-251.0
-251.0
-220.0
-239.0
-211.0
-240.0
-192.0
-180.0
-214.0
-210.0
-201.0
-181.0
-246.0
-166.0
-197.0
-242.0
-313.0
-258.0
-169.0
-192.0
-198.0
-218.0
-245.0
-240.0
-200.0
-185.0
-166.0
-204.0
-169.0
-183.0
-189.0
-230.0
-176.0
-191.0
-229.0
-192.0
-198.0
-246.0
-186.0
-227.0
-221.0
-212.0
-178.0
-220.0
-230.0
-155.0
-195.0
-184.0
-111.0
-113.0
-108.0
-150.0
-155.0
-137.0
-129.0
-173.0
-175.0
-130.0
-139.0
-154.0
-192.0
-126.0
-210.0
-176.0
-146.0
-179.0
-145.0
-167.0
-204.0
-184.0
-220.0
-175.0
-119.0
-204.0
-157.0
-150.0
-139.0
-117.0
-99.0
-83.0
-37.0
-44.0
-21.0
50.0
144.0
176.0
243.0
242.0
248.0
348.0
396.0
381.0
348.0
355.0
341.0
317.0
354.0
362.0
345.0
326.0
258.0
267.0
232.0
219.0
172.0
105.0
125.0
144.0
119.0
109.0
78.0
-23.0
10.0
-13.0
-21.0
-30.0
-74.0
-84.0
-80.0
-101.0
-72.0
-184.0
-150.0
-137.0
-107.0
-129.0
-138.0
-136.0
-181.0
-124.0
-119.0
-172.0
-177.0
-187.0
-200.0
-223.0
-233.0
-170.0
-230.0
-203.0
-200.0
-146.0
-172.0
-170.0
-168.0
-175.0
-184.0
-153.0
-182.0
-107.0
-161.0
-140.0
-143.0
-149.0
-193.0
-145.0
-152.0
-184.0
-124.0
-144.0
-105.0
-140.0
-121.0
-100.0
-173.0
-79.0
-95.0
-97.0
-61.0
-103.0
-91.0
-105.0
-134.0
-111.0
-117.0
-110.0
-109.0
-137.0
-86.0
-103.0
-86.0
-77.0
-109.0
-91.0
-122.0
-128.0
-38.0
-81.0
-37.0
-33.0
-80.0
-66.0
-72.0
-93.0
-32.0
-6.0
-78.0
-43.0
-31.0
-66.0
-41.0
-41.0
-52.0
-66.0
-72.0
-12.0
-44.0
-24.0
-22.0
-40.0
-114.0
-62.0
-54.0
-93.0
-107.0
-56.0
-92.0
-78.0
-86.0
-22.0
-52.0
-42.0
-65.0
-79.0
-76.0
-134.0
-35.0
-90.0
8.0
-2.0
1.0
-10.0
-41.0
12.0
-4.0
-42.0
-16.0
-20.0
-4.0
-27.0
34.0
-46.0
-72.0
-10.0
-35.0
-14.0
12.0
12.0
16.0
13.0
17.0
-51.0
-24.0
-2.0
-40.0
-16.0
-32.0
4.0
-13.0
-23.0
-23.0
-33.0
15.0
3.0
23.0
-12.0
10.0
19.0
-27.0
-20.0
14.0
34.0
-5.0
10.0
40.0
-35.0
-33.0
7.0
-11.0
16.0
20.0
5.0
47.0
-6.0
-29.0
25.0
15.0
-34.0
-6.0
-7.0
-48.0
-39.0
-75.0
-80.0
-66.0
-32.0
-29.0
-18.0
-6.0
-25.0
-14.0
1.0
0.0
23.0
-39.0
-4.0
30.0
39.0
-24.0
16.0
-56.0
-41.0
-36.0
-41.0
-98.0
-54.0
-88.0
-92.0
-59.0
-79.0
-29.0
-43.0
-71.0
-61.0
-43.0
-11.0
-17.0
-52.0
-14.0
-18.0
2.0
-41.0
-83.0
-18.0
-4.0
-8.0
-5.0
-34.0
17.0
35.0
39.0
27.0
62.0
-14.0
61.0
4.0
20.0
33.0
54.0
60.0
52.0
29.0
-22.0
-59.0
40.0
-2.0
8.0
3.0
-7.0
-46.0
22.0
-41.0
29.0
45.0
-17.0
-53.0
-2.0
-26.0
-14.0
-25.0
13.0
-1.0
-17.0
-15.0
17.0
-19.0
-29.0
-10.0
-29.0
15.0
-57.0
-10.0
83.0
46.0
11.0
15.0
28.0
8.0
18.0
74.0
13.0
21.0
42.0
4.0
-41.0
-2.0
-16.0
-30.0
-30.0
-89.0
-73.0
-7.0
-96.0
-49.0
-46.0
-71.0
-62.0
-99.0
-62.0
-63.0
-40.0
-97.0
-96.0
-56.0
-26.0
0.0
-3.0
-3.0
-42.0
-33.0
2.0
-61.0
-37.0
-86.0
-50.0
-7.0
-33.0
-15.0
39.0
16.0
-5.0
-15.0
-49.0
-34.0
-93.0
-24.0
-37.0
-49.0
-22.0
-72.0
-95.0
-130.0
-102.0
-106.0
-75.0
-121.0
-80.0
-95.0
-116.0
-65.0
-112.0
-131.0
-181.0
-106.0
-83.0
-110.0
-60.0
-63.0
-113.0
-137.0
-72.0
-54.0
-49.0
-108.0
-78.0
-80.0
-102.0
-125.0
-98.0
-69.0
-65.0
-114.0
-92.0
-126.0
-101.0
-65.0
-50.0
-120.0
-40.0
-16.0
-27.0
-91.0
-51.0
-76.0
-20.0
-24.0
6.0
16.0
11.0
0.0
33.0
47.0
13.0
10.0
12.0
8.0
64.0
56.0
49.0
48.0
71.0
74.0
74.0
41.0
34.0
3.0
-2.0
-16.0
-41.0
-62.0
-5.0
-35.0
-21.0
-17.0
36.0
42.0
-11.0
49.0
-10.0
36.0
54.0
64.0
33.0
51.0
49.0
-10.0
31.0
51.0
18.0
30.0
25.0
13.0
-46.0
72.0
62.0
74.0
83.0
94.0
62.0
53.0
33.0
34.0
32.0
39.0
54.0
62.0
18.0
48.0
70.0
62.0
61.0
57.0
96.0
37.0
67.0
111.0
76.0
83.0
91.0
53.0
89.0
120.0
105.0
110.0
82.0
34.0
87.0
58.0
10.0
-5.0
6.0
-2.0
-30.0
-31.0
10.0
-15.0
24.0
74.0
18.0
36.0
88.0
101.0
95.0
40.0
-3.0
8.0
-5.0
58.0
14.0
-18.0
25.0
30.0
52.0
90.0
93.0
140.0
115.0
33.0
80.0
75.0
34.0
18.0
-2.0
11.0
27.0
64.0
93.0
63.0
88.0
72.0
46.0
85.0
143.0
106.0
125.0
112.0
92.0
52.0
21.0
-6.0
-30.0
64.0
50.0
31.0
20.0
25.0
-11.0
-3.0
16.0
69.0
121.0
35.0
88.0
90.0
50.0
50.0
120.0
69.0
76.0
124.0
116.0
29.0
48.0
54.0
115.0
43.0
34.0
36.0
49.0
41.0
-41.0
42.0
122.0
67.0
58.0
23.0
11.0
43.0
31.0
30.0
52.0
98.0
77.0
33.0
5.0
20.0
39.0
64.0
22.0
134.0
143.0
126.0
110.0
80.0
155.0
210.0
231.0
232.0
217.0
136.0
117.0
122.0
105.0
130.0
168.0
271.0
351.0
467.0
456.0
476.0
478.0
474.0
470.0
506.0
512.0
517.0
496.0
471.0
393.0
417.0
384.0
388.0
340.0
333.0
336.0
323.0
217.0
219.0
173.0
120.0
87.0
112.0
66.0
73.0
35.0
11.0
-61.0
-83.0
-32.0
22.0
2.0
-5.0
-6.0
40.0
48.0
46.0
69.0
-21.0
-4.0
-43.0
-63.0
-44.0
-93.0
-155.0
-164.0
-139.0
-235.0
-242.0
-227.0
-258.0
-252.0
-206.0
-196.0
-186.0
-211.0
-238.0
-244.0
-141.0
-108.0
-116.0
-131.0
-164.0
-159.0
-235.0
-171.0
-230.0
-267.0
-179.0
-246.0
-237.0
-233.0
-213.0
-227.0
-241.0
-214.0
-200.0
-239.0
-232.0
-196.0
-172.0
-221.0
-126.0
-163.0
-190.0
-181.0
-166.0
-182.0
-211.0
-138.0
-162.0
-196.0
-193.0
-190.0
-186.0
-204.0
-162.0
-172.0
-114.0
-92.0
-107.0
-41.0
-61.0
-85.0
-71.0
-116.0
-84.0
-82.0
-79.0
-79.0
-66.0
-56.0
-110.0
-68.0
-125.0
-98.0
-137.0
-102.0
-133.0
-150.0
-157.0
-178.0
-190.0
-210.0
-186.0
-182.0
-214.0
-163.0
-182.0
-144.0
-205.0
-211.0
-200.0
-202.0
-187.0
-186.0
-125.0
-120.0
-150.0
-106.0
-117.0
-159.0
-169.0
-121.0
-105.0
-143.0
-129.0
-52.0
-82.0
-120.0
-108.0
-76.0
-104.0
-106.0
-132.0
-133.0
-89.0
-125.0
-64.0
-89.0
-138.0
-119.0
-119.0
-167.0
-151.0
-148.0
-115.0
-137.0
-120.0
-176.0
-192.0
-108.0
-195.0
-138.0
-135.0
-196.0
-118.0
-197.0
-163.0
-144.0
-192.0
-127.0
-146.0
-166.0
-142.0
-175.0
-140.0
-175.0
-130.0
-101.0
-165.0
-128.0
-98.0
-174.0
-157.0
-143.0
-109.0
-141.0
-129.0
-134.0
-150.0
-78.0
-67.0
-61.0
-67.0
-78.0
-106.0
-58.0
-51.0
-26.0
-91.0
-92.0
-98.0
-59.0
-78.0
-95.0
-109.0
-130.0
-35.0
-64.0
-93.0
-78.0
-115.0
-112.0
-78.0
-101.0
-41.0
-103.0
-124.0
-72.0
-101.0
-101.0
-73.0
-39.0
-61.0
-56.0
-59.0
-52.0
-16.0
-85.0
-49.0
-33.0
-34.0
-19.0
-59.0
-36.0
-58.0
-53.0
-40.0
-53.0
-29.0
-18.0
-74.0
-82.0
-22.0
-43.0
-50.0
-38.0
-29.0
-44.0
-50.0
-49.0
-73.0
-84.0
-95.0
-116.0
-77.0
-106.0
-82.0
-48.0
-86.0
-138.0
-118.0
-52.0
-87.0
-108.0
-178.0
-154.0
-149.0
-97.0
-122.0
-130.0
-71.0
-69.0
-94.0
-67.0
-109.0
-87.0
-91.0
-95.0
-138.0
-124.0
-112.0
-86.0
-83.0
-3.0
-50.0
-37.0
-31.0
-33.0
-32.0
-20.0
-112.0
-105.0
-22.0
-14.0
-22.0
39.0
-20.0
-10.0
-3.0
-39.0
1.0
-26.0
10.0
-4.0
-1.0
121.0
35.0
22.0
7.0
-67.0
14.0
-7.0
-105.0
-24.0
16.0
-11.0
-42.0
-60.0
-39.0
-37.0
-94.0
-54.0
-64.0
-48.0
-53.0
-58.0
-33.0
-53.0
-32.0
-39.0
-13.0
-29.0
17.0
-12.0
17.0
17.0
-8.0
2.0
5.0
8.0
-35.0
-9.0
-36.0
12.0
-46.0
-54.0
-3.0
-4.0
23.0
7.0
-29.0
4.0
11.0
20.0
-27.0
17.0
36.0
-25.0
26.0
24.0
-61.0
-81.0
-26.0
-47.0
-30.0
-44.0
13.0
55.0
30.0
45.0
-18.0
68.0
24.0
25.0
-30.0
14.0
-15.0
15.0
-14.0
54.0
8.0
49.0
68.0
-6.0
3.0
25.0
-51.0
-33.0
39.0
69.0
13.0
20.0
69.0
16.0
35.0
3.0
32.0
45.0
42.0
-2.0
2.0
-31.0
-82.0
22.0
28.0
-20.0
10.0
-23.0
5.0
5.0
-24.0
20.0
25.0
9.0
14.0
-45.0
-17.0
-96.0
-81.0
-48.0
-17.0
-90.0
-55.0
-93.0
-67.0
-32.0
-58.0
-15.0
5.0
19.0
32.0
-57.0
-10.0
33.0
20.0
1.0
29.0
-12.0
36.0
2.0
37.0
-4.0
13.0
59.0
27.0
11.0
60.0
-20.0
-16.0
24.0
14.0
-13.0
-5.0
11.0
15.0
-40.0
18.0
3.0
28.0
29.0
49.0
5.0
-15.0
-4.0
-17.0
39.0
56.0
55.0
35.0
-3.0
-37.0
46.0
78.0
37.0
-36.0
-4.0
-11.0
-55.0
-66.0
-1.0
56.0
37.0
50.0
-5.0
51.0
20.0
15.0
39.0
31.0
60.0
52.0
34.0
29.0
-8.0
80.0
64.0
46.0
31.0
41.0
65.0
31.0
36.0
56.0
69.0
60.0
10.0
44.0
43.0
31.0
45.0
36.0
0.0
74.0
2.0
4.0
69.0
70.0
62.0
86.0
111.0
64.0
119.0
142.0
161.0
105.0
70.0
77.0
71.0
41.0
51.0
63.0
55.0
39.0
31.0
41.0
80.0
43.0
104.0
67.0
97.0
199.0
248.0
381.0
347.0
401.0
459.0
489.0
428.0
422.0
455.0
478.0
409.0
402.0
393.0
395.0
312.0
298.0
353.0
304.0
301.0
280.0
285.0
228.0
263.0
287.0
274.0
233.0
244.0
222.0
236.0
208.0
244.0
254.0
259.0
366.0
397.0
385.0
460.0
422.0
439.0
464.0
372.0
444.0
365.0
366.0
370.0
339.0
363.0
444.0
285.0
334.0
284.0
240.0
242.0
170.0
189.0
190.0
135.0
54.0
73.0
68.0
-2.0
2.0
-10.0
-55.0
-102.0
-99.0
-160.0
-128.0
-235.0
-250.0
-193.0
-204.0
-250.0
-276.0
-288.0
-346.0
-242.0
-287.0
-346.0
-307.0
-320.0
-309.0
-335.0
-368.0
-347.0
-388.0
-333.0
-362.0
-323.0
-313.0
-312.0
-284.0
-292.0
-304.0
-306.0
-353.0
-292.0
-310.0
-285.0
-235.0
-290.0
-269.0
-272.0
-274.0
-277.0
-262.0
-282.0
-295.0
-334.0
-303.0
-260.0
-243.0
-308.0
-265.0
-265.0
-277.0
-227.0
-254.0
-251.0
-260.0
-293.0
-276.0
-263.0
-253.0
-259.0
-247.0
-288.0
-232.0
-195.0
-180.0
-232.0
-207.0
-214.0
-231.0
-199.0
-188.0
-254.0
-291.0
-258.0
-213.0
-196.0
-190.0
-202.0
-200.0
-241.0
-240.0
-208.0
-230.0
-176.0
-235.0
-154.0
-153.0
-215.0
-189.0
-156.0
-219.0
-238.0
-224.0
-251.0
-190.0
-208.0
-183.0
-171.0
-174.0
-147.0
-225.0
-167.0
-177.0
-205.0
-144.0
-151.0
-121.0
-129.0
-117.0
-138.0
-63.0
-100.0
-89.0
-103.0
-73.0
-50.0
-58.0
-58.0
-12.0
-24.0
-21.0
-59.0
-64.0
-23.0
-26.0
-17.0
-8.0
-24.0
17.0
15.0
39.0
19.0
15.0
54.0
124.0
76.0
65.0
107.0
78.0
118.0
79.0
110.0
153.0
148.0
165.0
150.0
152.0
119.0
158.0
163.0
163.0
179.0
202.0
241.0
220.0
224.0
253.0
233.0
210.0
211.0
246.0
252.0
248.0
266.0
230.0
186.0
230.0
239.0
286.0
238.0
221.0
233.0
216.0
220.0
248.0
211.0
315.0
271.0
265.0
274.0
282.0
274.0
241.0
197.0
208.0
187.0
175.0
237.0
249.0
268.0
228.0
224.0
177.0
205.0
164.0
157.0
184.0
211.0
193.0
165.0
177.0
173.0
148.0
151.0
110.0
172.0
193.0
118.0
177.0
134.0
145.0
165.0
185.0
99.0
130.0
161.0
152.0
115.0
161.0
182.0
164.0
118.0
157.0
171.0
171.0
174.0
124.0
132.0
163.0
142.0
184.0
167.0
153.0
90.0
135.0
127.0
167.0
187.0
161.0
106.0
129.0
134.0
99.0
152.0
124.0
86.0
67.0
114.0
121.0
90.0
112.0
105.0
115.0
79.0
61.0
86.0
88.0
128.0
107.0
83.0
105.0
66.0
73.0
70.0
83.0
81.0
14.0
37.0
27.0
11.0
20.0
5.0
56.0
77.0
36.0
51.0
36.0
40.0
91.0
81.0
48.0
64.0
68.0
35.0
20.0
1.0
32.0
-7.0
13.0
-1.0
-10.0
20.0
21.0
0.0
-23.0
-14.0
-1.0
-16.0
-6.0
-6.0
-4.0
-14.0
-2.0
-8.0
-67.0
-60.0
-60.0
-43.0
-40.0
-41.0
-64.0
-43.0
-53.0
-13.0
-40.0
-64.0
-43.0
-59.0
-55.0
-19.0
-17.0
-28.0
-46.0
-28.0
-26.0
-55.0
-56.0
-45.0
-51.0
-39.0
-54.0
-27.0
-55.0
-53.0
-44.0
-79.0
-45.0
-67.0
-46.0
-7.0
-25.0
-59.0
-78.0
-102.0
-63.0
-126.0
-108.0
-88.0
-78.0
-107.0
-94.0
-91.0
-93.0
-78.0
-82.0
-33.0
-56.0
-64.0
-33.0
-73.0
-80.0
-119.0
-81.0
-145.0
-139.0
-146.0
-133.0
-101.0
-88.0
-96.0
-53.0
-53.0
-105.0
-86.0
-90.0
-102.0
-128.0
-120.0
-69.0
-86.0
-111.0
-119.0
-37.0
-97.0
-77.0
-58.0
-72.0
-47.0
-29.0
-92.0
-38.0
-88.0
-99.0
-93.0
-68.0
-62.0
-81.0
-109.0
-45.0
-15.0
-26.0
-57.0
-10.0
-56.0
-68.0
-96.0
-110.0
-121.0
-114.0
-94.0
-98.0
-154.0
-169.0
-144.0
-145.0
-191.0
-138.0
-117.0
-178.0
-218.0
-187.0
-190.0
-238.0
-225.0
-255.0
-221.0
-246.0
-233.0
-291.0
-264.0
-250.0
-213.0
-195.0
-201.0
-146.0
-163.0
-182.0
-156.0
-145.0
-104.0
-162.0
-146.0
-209.0
-167.0
-150.0
-173.0
-268.0
-227.0
-258.0
-293.0
-331.0
-255.0
-293.0
-302.0
-244.0
-275.0
-249.0
-256.0
-227.0
-271.0
-224.0
-212.0
-200.0
-192.0
-244.0
-168.0
-220.0
-216.0
-273.0
-246.0
-247.0
-241.0
-218.0
-228.0
-262.0
-210.0
-219.0
-208.0
-201.0
-197.0
-237.0
-205.0
-149.0
-169.0
-219.0
-193.0
-205.0
-270.0
-238.0
-268.0
-273.0
-261.0
-244.0
-265.0
-241.0
-248.0
-193.0
-201.0
-239.0
-238.0
-281.0
-325.0
-269.0
-285.0
-349.0
-334.0
-324.0
-280.0
-292.0
-308.0
-301.0
-277.0
-313.0
-294.0
-280.0
-300.0
-301.0
-277.0
-279.0
-287.0
-282.0
-277.0
-265.0
-317.0
-312.0
-288.0
-272.0
-318.0
-257.0
-275.0
-241.0
-232.0
-279.0
-259.0
-203.0
-160.0
-206.0
-162.0
-204.0
-183.0
-170.0
-203.0
-228.0
-202.0
-216.0
-192.0
-172.0
-195.0
-201.0
-218.0
-154.0
-175.0
-143.0
-135.0
-185.0
-200.0
-199.0
-201.0
-238.0
-182.0
-206.0
-218.0
-213.0
-203.0
-205.0
-196.0
-191.0
-122.0
-167.0
-149.0
-173.0
-154.0
-188.0
-156.0
-180.0
-218.0
-194.0
-230.0
-153.0
-181.0
-211.0
-239.0
-158.0
-153.0
-171.0
-130.0
-172.0
-143.0
-118.0
-128.0
-124.0
-122.0
-122.0
-91.0
-115.0
-147.0
-156.0
-166.0
-150.0
-198.0
-165.0
-182.0
-188.0
-181.0
-149.0
-229.0
-174.0
-201.0
-154.0
-180.0
-164.0
-163.0
-169.0
-226.0
-199.0
-224.0
-139.0
-180.0
-168.0
-145.0
-136.0
-161.0
-172.0
-133.0
-134.0
-133.0
-182.0
-167.0
-244.0
-261.0
-159.0
-184.0
-194.0
-155.0
-150.0
-182.0
-187.0
-161.0
-115.0
-148.0
-144.0
-176.0
-192.0
-108.0
-178.0
-188.0
-144.0
-105.0
-125.0
-120.0
-120.0
-127.0
-111.0
-108.0
-108.0
-76.0
-108.0
-126.0
-108.0
-125.0
-144.0
-168.0
-65.0
-50.0
-17.0
-15.0
-43.0
-49.0
-56.0
-124.0
-108.0
-78.0
-108.0
-87.0
-114.0
-123.0
-102.0
-94.0
-92.0
-63.0
-47.0
-93.0
-86.0
-43.0
-22.0
-55.0
-67.0
-54.0
-57.0
-68.0
-9.0
-58.0
-60.0
-51.0
-12.0
-58.0
-51.0
-25.0
-59.0
-83.0
-2.0
-36.0
-64.0
-42.0
-23.0
-34.0
-19.0
2.0
2.0
-9.0
-31.0
-69.0
-18.0
30.0
41.0
5.0
-8.0
-2.0
10.0
-23.0
-8.0
13.0
32.0
33.0
1.0
-18.0
-30.0
19.0
-10.0
32.0
-57.0
26.0
31.0
3.0
-3.0
-8.0
-13.0
-19.0
25.0
40.0
13.0
-36.0
48.0
30.0
41.0
37.0
-1.0
46.0
63.0
35.0
27.0
-30.0
146.0
70.0
49.0
58.0
30.0
25.0
59.0
25.0
58.0
68.0
22.0
42.0
80.0
38.0
20.0
13.0
40.0
101.0
68.0
76.0
34.0
79.0
68.0
76.0
49.0
90.0
38.0
69.0
76.0
60.0
54.0
14.0
-3.0
27.0
-8.0
78.0
35.0
42.0
70.0
8.0
51.0
11.0
2.0
53.0
36.0
77.0
33.0
-5.0
53.0
88.0
55.0
22.0
72.0
23.0
72.0
41.0
53.0
68.0
34.0
-16.0
86.0
58.0
83.0
94.0
98.0
27.0
39.0
33.0
5.0
67.0
2.0
67.0
72.0
60.0
54.0
48.0
6.0
-7.0
46.0
7.0
34.0
21.0
36.0
48.0
27.0
39.0
59.0
53.0
17.0
38.0
85.0
45.0
55.0
52.0
54.0
86.0
57.0
34.0
8.0
-3.0
-22.0
-41.0
-70.0
-37.0
-35.0
-30.0
-51.0
17.0
-21.0
-21.0
-29.0
4.0
-21.0
-57.0
-10.0
-36.0
-51.0
-70.0
2.0
-21.0
-55.0
-31.0
-68.0
-59.0
-51.0
-59.0
-71.0
-32.0
-59.0
-59.0
-58.0
-35.0
-48.0
-91.0
-12.0
-58.0
-44.0
-51.0
-73.0
-62.0
-75.0
-86.0
-30.0
-24.0
-57.0
-12.0
-47.0
-11.0
52.0
58.0
-31.0
-42.0
4.0
-45.0
-16.0
-13.0
75.0
77.0
46.0
62.0
48.0
55.0
34.0
37.0
24.0
87.0
85.0
80.0
79.0
86.0
80.0
77.0
130.0
83.0
80.0
42.0
138.0
131.0
110.0
140.0
101.0
97.0
130.0
153.0
91.0
166.0
158.0
161.0
150.0
159.0
190.0
177.0
205.0
159.0
193.0
174.0
237.0
202.0
199.0
177.0
171.0
147.0
185.0
216.0
190.0
149.0
243.0
239.0
266.0
216.0
223.0
169.0
209.0
168.0
244.0
233.0
198.0
265.0
219.0
162.0
235.0
224.0
246.0
232.0
258.0
229.0
218.0
190.0
208.0
225.0
208.0
218.0
179.0
218.0
215.0
229.0
241.0
248.0
188.0
220.0
158.0
174.0
129.0
193.0
182.0
161.0
177.0
145.0
130.0
172.0
190.0
130.0
158.0
162.0
170.0
127.0
172.0
160.0
171.0
173.0
182.0
159.0
133.0
187.0
180.0
193.0
284.0
217.0
300.0
345.0
340.0
302.0
207.0
268.0
250.0
258.0
225.0
275.0
250.0
254.0
196.0
263.0
192.0
206.0
231.0
151.0
171.0
174.0
232.0
251.0
199.0
181.0
174.0
226.0
214.0
185.0
233.0
182.0
192.0
173.0
196.0
127.0
163.0
144.0
97.0
165.0
148.0
174.0
157.0
115.0
159.0
117.0
153.0
146.0
112.0
91.0
104.0
114.0
134.0
133.0
69.0
151.0
97.0
90.0
57.0
71.0
76.0
83.0
92.0
46.0
21.0
53.0
49.0
25.0
13.0
36.0
44.0
37.0
37.0
18.0
13.0
64.0
92.0
36.0
38.0
54.0
16.0
56.0
11.0
36.0
52.0
64.0
17.0
10.0
24.0
21.0
1.0
37.0
40.0
17.0
8.0
37.0
-7.0
38.0
-12.0
26.0
40.0
-27.0
29.0
-35.0
-28.0
-39.0
-2.0
-54.0
29.0
-4.0
45.0
4.0
11.0
-13.0
13.0
46.0
-46.0
-56.0
15.0
-18.0
-11.0
-47.0
22.0
-8.0
-17.0
-41.0
-22.0
-23.0
-5.0
-48.0
-61.0
-18.0
-72.0
1.0
11.0
14.0
-49.0
-31.0
-78.0
-27.0
-73.0
-60.0
-27.0
14.0
-5.0
10.0
34.0
-12.0
-18.0
-15.0
-52.0
11.0
-12.0
-35.0
-25.0
-13.0
-13.0
-4.0
-55.0
-4.0
-36.0
-19.0
-21.0
22.0
-35.0
-53.0
10.0
29.0
-21.0
-9.0
-54.0
-18.0
-60.0
-48.0
-15.0
1.0
-53.0
26.0
-41.0
-38.0
-56.0
-59.0
-30.0
-6.0
34.0
62.0
51.0
15.0
44.0
12.0
31.0
7.0
17.0
-22.0
-68.0
-26.0
18.0
22.0
-6.0
-22.0
42.0
36.0
34.0
35.0
0.0
9.0
32.0
44.0
-33.0
54.0
33.0
26.0
7.0
-17.0
-42.0
-25.0
-17.0
2.0
-55.0
-9.0
18.0
-18.0
6.0
-20.0
-4.0
-17.0
-5.0
-10.0
-30.0
24.0
-71.0
1.0
39.0
5.0
38.0
-12.0
39.0
17.0
7.0
30.0
36.0
-6.0
-21.0
16.0
-35.0
4.0
-9.0
18.0
-3.0
23.0
21.0
-10.0
-8.0
-56.0
-33.0
18.0
-26.0
-52.0
-1.0
49.0
-18.0
-13.0
-34.0
-51.0
-32.0
36.0
58.0
51.0
3.0
16.0
3.0
27.0
13.0
4.0
-26.0
-23.0
17.0
11.0
17.0
17.0
-7.0
-12.0
7.0
-33.0
-37.0
-8.0
-18.0
-11.0
2.0
12.0
-6.0
-63.0
-44.0
-18.0
6.0
14.0
-73.0
-61.0
-67.0
-31.0
-28.0
-67.0
-69.0
-52.0
-51.0
-74.0
-54.0
-81.0
-29.0
-87.0
-34.0
-57.0
-47.0
-64.0
-42.0
-40.0
-36.0
-62.0
-15.0
-85.0
-90.0
-42.0
-111.0
-92.0
-80.0
-111.0
-74.0
-63.0
-45.0
-77.0
-47.0
-25.0
-57.0
-165.0
-60.0
-62.0
-118.0
-95.0
-134.0
-125.0
-91.0
-105.0
-104.0
-88.0
-88.0
-117.0
-153.0
-101.0
-148.0
-98.0
-144.0
-98.0
-118.0
-136.0
-95.0
-167.0
-169.0
-151.0
-178.0
-215.0
-208.0
-193.0
-157.0
-149.0
-179.0
-176.0
-174.0
-194.0
-133.0
-129.0
-153.0
-168.0
-178.0
-163.0
-163.0
-142.0
-168.0
-137.0
-196.0
-159.0
-189.0
-180.0
-121.0
-139.0
-128.0
-129.0
-168.0
-141.0
-137.0
-173.0
-159.0
-133.0
-166.0
-165.0
-155.0
-163.0
-140.0
-169.0
-190.0
-168.0
-144.0
-127.0
-169.0
-186.0
-216.0
-194.0
-209.0
-231.0
-188.0
-193.0
-176.0
-132.0
-143.0
-138.0
-180.0
-153.0
-221.0
-147.0
-146.0
-153.0
-112.0
-147.0
-100.0
-157.0
-129.0
-110.0
-97.0
-114.0
-138.0
-89.0
-94.0
-105.0
-128.0
-130.0
-69.0
-109.0
-34.0
-45.0
-27.0
-54.0
-52.0
-54.0
-46.0
-21.0
-35.0
-20.0
-9.0
-8.0
-15.0
-25.0
3.0
-8.0
45.0
30.0
32.0
56.0
5.0
12.0
52.0
48.0
106.0
10.0
21.0
72.0
16.0
77.0
101.0
73.0
38.0
69.0
68.0
83.0
59.0
58.0
104.0
61.0
88.0
81.0
107.0
32.0
92.0
55.0
101.0
91.0
69.0
84.0
117.0
114.0
96.0
82.0
68.0
90.0
85.0
54.0
56.0
61.0
62.0
75.0
78.0
89.0
102.0
79.0
91.0
80.0
97.0
80.0
98.0
96.0
87.0
83.0
105.0
92.0
88.0
94.0
46.0
61.0
104.0
98.0
86.0
83.0
80.0
53.0
100.0
29.0
66.0
22.0
29.0
29.0
-10.0
48.0
5.0
73.0
49.0
51.0
-15.0
39.0
-21.0
51.0
40.0
19.0
25.0
-23.0
34.0
9.0
-6.0
31.0
22.0
29.0
12.0
13.0
39.0
-8.0
23.0
58.0
71.0
40.0
56.0
37.0
-28.0
29.0
-38.0
6.0
29.0
57.0
72.0
52.0
22.0
-7.0
24.0
19.0
76.0
40.0
56.0
21.0
39.0
50.0
7.0
64.0
6.0
66.0
71.0
42.0
44.0
61.0
87.0
84.0
113.0
109.0
98.0
69.0
50.0
80.0
67.0
122.0
128.0
42.0
78.0
65.0
46.0
18.0
46.0
63.0
41.0
50.0
78.0
86.0
50.0
38.0
-2.0
34.0
68.0
30.0
70.0
42.0
-5.0
76.0
75.0
55.0
53.0
-32.0
5.0
14.0
25.0
-26.0
-31.0
8.0
-28.0
-10.0
-31.0
-18.0
-12.0
6.0
-42.0
-14.0
10.0
-25.0
31.0
19.0
-4.0
43.0
1.0
27.0
10.0
-14.0
19.0
23.0
-14.0
-39.0
-46.0
-36.0
-17.0
-68.0
-44.0
-27.0
-34.0
-64.0
-20.0
-39.0
-98.0
-41.0
-52.0
-35.0
-41.0
-44.0
-40.0
-52.0
-54.0
-125.0
-68.0
-68.0
-65.0
-4.0
-39.0
-71.0
-87.0
-132.0
-79.0
-149.0
-103.0
-2.0
-38.0
-41.0
-45.0
-55.0
-62.0
-74.0
-98.0
-26.0
-21.0
-22.0
-73.0
-59.0
-44.0
-60.0
-30.0
-23.0
-26.0
-24.0
-23.0
-27.0
-46.0
-81.0
-68.0
-30.0
-96.0
-92.0
-77.0
-79.0
-92.0
-88.0
-97.0
-83.0
-86.0
-102.0
-102.0
-110.0
-77.0
-181.0
-121.0
-114.0
-130.0
-117.0
-135.0
-156.0
-146.0
-148.0
-113.0
-181.0
-102.0
-42.0
-94.0
-110.0
-108.0
-112.0
-163.0
-80.0
-97.0
-126.0
-50.0
-90.0
-63.0
-101.0
-117.0
-74.0
-102.0
-140.0
-190.0
-157.0
-116.0
-106.0
-100.0
-107.0
-127.0
-107.0
-122.0
-127.0
-131.0
-99.0
-136.0
-127.0
-98.0
-106.0
-77.0
-111.0
-120.0
-96.0
-134.0
-90.0
-134.0
-156.0
-151.0
-185.0
-139.0
-136.0
-163.0
-169.0
-171.0
-155.0
-125.0
-122.0
-138.0
-158.0
-176.0
-93.0
-115.0
-98.0
-116.0
-175.0
-111.0
-157.0
-169.0
-152.0
-113.0
-122.0
-188.0
-139.0
-173.0
-168.0
-196.0
-109.0
-131.0
-151.0
-136.0
-109.0
-103.0
-105.0
-142.0
-86.0
-108.0
-120.0
-102.0
-126.0
-151.0
-143.0
-125.0
-170.0
-183.0
-75.0
-116.0
-171.0
-154.0
-189.0
-233.0
-201.0
-173.0
-120.0
-158.0
-139.0
-154.0
-140.0
-161.0
-127.0
-118.0
-147.0
-155.0
-123.0
-114.0
-118.0
-163.0
-134.0
-176.0
-181.0
-143.0
-180.0
-187.0
-142.0
-102.0
-99.0
-122.0
-138.0
-120.0
-161.0
-106.0
-164.0
-154.0
-121.0
-123.0
-146.0
-99.0
-152.0
-128.0
-150.0
-149.0
-105.0
-158.0
-177.0
-115.0
-78.0
-115.0
-61.0
-117.0
-68.0
-65.0
-82.0
-96.0
-113.0
-46.0
-89.0
-64.0
-80.0
-25.0
-42.0
-52.0
-67.0
-63.0
-81.0
-54.0
-62.0
-37.0
-16.0
-31.0
-50.0
-40.0
-52.0
-69.0
-11.0
-101.0
-97.0
-16.0
-44.0
-48.0
-74.0
-72.0
-61.0
-85.0
-33.0
-73.0
-101.0
-43.0
12.0
-10.0
-2.0
-23.0
10.0
4.0
-7.0
-68.0
-26.0
3.0
1.0
16.0
36.0
18.0
15.0
-6.0
10.0
25.0
33.0
29.0
50.0
68.0
50.0
4.0
51.0
75.0
74.0
44.0
77.0
42.0
78.0
63.0
37.0
74.0
100.0
85.0
105.0
66.0
83.0
91.0
39.0
17.0
70.0
63.0
82.0
46.0
55.0
68.0
-8.0
79.0
68.0
39.0
34.0
44.0
106.0
79.0
12.0
-10.0
73.0
55.0
67.0
61.0
-5.0
99.0
42.0
60.0
102.0
59.0
64.0
56.0
40.0
63.0
80.0
92.0
100.0
88.0
62.0
104.0
89.0
51.0
108.0
81.0
58.0
12.0
35.0
32.0
51.0
81.0
-15.0
48.0
72.0
84.0
52.0
33.0
54.0
33.0
-18.0
-34.0
22.0
41.0
44.0
24.0
31.0
16.0
101.0
10.0
34.0
95.0
82.0
70.0
13.0
58.0
17.0
36.0
15.0
26.0
51.0
63.0
26.0
72.0
17.0
3.0
24.0
34.0
43.0
55.0
42.0
-1.0
15.0
-19.0
39.0
7.0
-16.0
7.0
24.0
23.0
32.0
21.0
65.0
85.0
56.0
102.0
49.0
84.0
53.0
26.0
63.0
61.0
36.0
31.0
71.0
60.0
48.0
52.0
55.0
50.0
70.0
109.0
65.0
59.0
6.0
64.0
50.0
53.0
43.0
87.0
20.0
5.0
-1.0
-12.0
32.0
36.0
43.0
24.0
14.0
36.0
34.0
-34.0
-4.0
-8.0
15.0
27.0
29.0
5.0
-27.0
21.0
8.0
46.0
76.0
76.0
41.0
-2.0
5.0
16.0
39.0
37.0
82.0
84.0
81.0
69.0
63.0
61.0
38.0
87.0
81.0
49.0
48.0
76.0
44.0
11.0
30.0
39.0
40.0
30.0
102.0
87.0
113.0
49.0
57.0
108.0
121.0
115.0
87.0
109.0
110.0
98.0
74.0
39.0
29.0
73.0
45.0
70.0
77.0
66.0
61.0
23.0
73.0
35.0
-44.0
43.0
28.0
38.0
67.0
54.0
65.0
36.0
34.0
44.0
21.0
-36.0
23.0
64.0
45.0
-5.0
-2.0
-2.0
-25.0
17.0
-8.0
13.0
1.0
47.0
34.0
50.0
23.0
-8.0
-6.0
47.0
52.0
32.0
4.0
56.0
60.0
66.0
65.0
44.0
9.0
37.0
48.0
8.0
63.0
51.0
67.0
23.0
10.0
37.0
17.0
32.0
25.0
41.0
33.0
7.0
54.0
52.0
16.0
72.0
68.0
22.0
84.0
70.0
-2.0
40.0
19.0
3.0
60.0
41.0
77.0
62.0
24.0
76.0
11.0
63.0
78.0
45.0
81.0
54.0
76.0
67.0
62.0
77.0
47.0
56.0
77.0
66.0
43.0
85.0
12.0
62.0
88.0
65.0
34.0
36.0
52.0
15.0
69.0
59.0
62.0
48.0
41.0
77.0
43.0
77.0
68.0
65.0
37.0
12.0
42.0
44.0
78.0
62.0
8.0
40.0
51.0
70.0
57.0
50.0
30.0
19.0
26.0
34.0
26.0
48.0
52.0
48.0
31.0
-14.0
-11.0
-27.0
12.0
-36.0
4.0
-5.0
-77.0
18.0
29.0
-6.0
40.0
46.0
53.0
-31.0
54.0
120.0
46.0
65.0
70.0
-4.0
7.0
-17.0
-13.0
13.0
-31.0
-35.0
-82.0
-39.0
21.0
-26.0
-6.0
29.0
15.0
-14.0
-37.0
14.0
-12.0
-63.0
-17.0
3.0
-26.0
-19.0
-13.0
-31.0
-22.0
-33.0
-71.0
17.0
-42.0
15.0
15.0
-22.0
-53.0
-50.0
-25.0
-3.0
-16.0
15.0
-7.0
12.0
24.0
74.0
-6.0
36.0
29.0
23.0
-32.0
-45.0
-47.0
-23.0
-35.0
2.0
-23.0
0.0
24.0
36.0
44.0
84.0
15.0
46.0
21.0
33.0
41.0
52.0
84.0
12.0
63.0
62.0
46.0
66.0
15.0
30.0
100.0
41.0
43.0
94.0
62.0
34.0
35.0
40.0
11.0
13.0
17.0
14.0
7.0
52.0
26.0
44.0
-33.0
26.0
31.0
-45.0
-25.0
-13.0
0.0
8.0
38.0
7.0
46.0
61.0
32.0
42.0
68.0
59.0
101.0
97.0
135.0
67.0
46.0
60.0
69.0
52.0
50.0
79.0
52.0
84.0
89.0
37.0
32.0
33.0
22.0
25.0
24.0
61.0
58.0
37.0
9.0
12.0
14.0
14.0
8.0
43.0
19.0
-7.0
57.0
73.0
5.0
27.0
21.0
8.0
52.0
27.0
5.0
27.0
93.0
63.0
32.0
62.0
96.0
109.0
42.0
86.0
89.0
146.0
129.0
74.0
116.0
88.0
76.0
54.0
128.0
72.0
115.0
114.0
93.0
51.0
97.0
95.0
52.0
-11.0
44.0
103.0
81.0
65.0
71.0
37.0
46.0
23.0
32.0
17.0
-15.0
61.0
27.0
63.0
50.0
30.0
54.0
50.0
-3.0
56.0
22.0
8.0
65.0
37.0
6.0
17.0
16.0
13.0
43.0
-29.0
47.0
-14.0
-3.0
45.0
-1.0
23.0
30.0
26.0
-15.0
-6.0
31.0
-12.0
-20.0
43.0
45.0
51.0
26.0
15.0
-34.0
5.0
-42.0
6.0
-8.0
3.0
6.0
29.0
20.0
32.0
20.0
22.0
12.0
40.0
23.0
30.0
34.0
48.0
38.0
26.0
9.0
3.0
24.0
7.0
-13.0
8.0
-7.0
-35.0
-4.0
-24.0
23.0
37.0
5.0
7.0
14.0
-30.0
-18.0
-22.0
-37.0
15.0
-35.0
-33.0
-21.0
-23.0
-10.0
-8.0
-40.0
-27.0
-31.0
-33.0
-88.0
9.0
11.0
1.0
-37.0
-51.0
-5.0
-2.0
-36.0
-50.0
-42.0
-40.0
-28.0
-53.0
-86.0
-16.0
-63.0
-34.0
1.0
-36.0
-43.0
-8.0
-45.0
-35.0
-29.0
-17.0
-16.0
-5.0
-27.0
-84.0
-98.0
-65.0
-56.0
-88.0
-100.0
4.0
24.0
17.0
21.0
-5.0
2.0
-36.0
-44.0
-14.0
23.0
49.0
-41.0
7.0
-20.0
-22.0
5.0
-24.0
-11.0
17.0
30.0
-22.0
-30.0
-71.0
-1.0
13.0
-4.0
4.0
-9.0
5.0
-43.0
40.0
58.0
22.0
50.0
-59.0
-14.0
-20.0
2.0
-19.0
6.0
-11.0
54.0
15.0
17.0
31.0
44.0
29.0
47.0
36.0
27.0
70.0
40.0
-8.0
29.0
24.0
23.0
-5.0
-7.0
70.0
54.0
67.0
2.0
-43.0
-15.0
-22.0
26.0
22.0
-22.0
10.0
-59.0
-39.0
-79.0
-49.0
-30.0
-17.0
21.0
42.0
2.0
-26.0
-10.0
36.0
24.0
-13.0
14.0
-19.0
26.0
67.0
1.0
22.0
40.0
34.0
-2.0
43.0
31.0
16.0
41.0
20.0
33.0
19.0
30.0
46.0
90.0
49.0
-10.0
33.0
29.0
10.0
63.0
-21.0
44.0
38.0
2.0
29.0
46.0
23.0
53.0
0.0
55.0
47.0
-3.0
83.0
114.0
93.0
58.0
105.0
42.0
-29.0
5.0
119.0
59.0
43.0
60.0
107.0
44.0
64.0
33.0
26.0
128.0
117.0
86.0
72.0
123.0
100.0
41.0
63.0
83.0
71.0
44.0
86.0
43.0
67.0
41.0
33.0
36.0
12.0
32.0
16.0
42.0
77.0
59.0
72.0
65.0
61.0
112.0
110.0
73.0
70.0
79.0
69.0
20.0
48.0
117.0
128.0
122.0
123.0
119.0
128.0
193.0
114.0
186.0
191.0
164.0
141.0
155.0
191.0
76.0
120.0
109.0
109.0
35.0
34.0
64.0
92.0
89.0
62.0
115.0
72.0
71.0
60.0
33.0
25.0
108.0
105.0
71.0
34.0
75.0
1.0
89.0
37.0
55.0
42.0
61.0
49.0
14.0
62.0
36.0
-5.0
22.0
34.0
42.0
7.0
43.0
14.0
-32.0
-17.0
22.0
-5.0
-41.0
48.0
72.0
69.0
8.0
-22.0
-70.0
-105.0
-15.0
-12.0
-65.0
2.0
-61.0
-56.0
-42.0
-67.0
-73.0
-52.0
-21.0
-31.0
54.0
3.0
-15.0
19.0
6.0
-26.0
47.0
16.0
9.0
16.0
21.0
34.0
-14.0
-26.0
-23.0
-54.0
-4.0
-23.0
-37.0
-5.0
-31.0
9.0
-10.0
-8.0
6.0
3.0
30.0
-13.0
11.0
62.0
34.0
16.0
10.0
34.0
51.0
68.0
78.0
55.0
-16.0
67.0
59.0
110.0
95.0
58.0
59.0
45.0
14.0
21.0
24.0
53.0
42.0
11.0
20.0
57.0
50.0
46.0
6.0
24.0
19.0
25.0
87.0
61.0
55.0
37.0
24.0
89.0
70.0
30.0
58.0
113.0
87.0
115.0
70.0
98.0
137.0
117.0
78.0
104.0
101.0
77.0
105.0
89.0
113.0
115.0
110.0
85.0
69.0
71.0
84.0
107.0
111.0
102.0
17.0
50.0
106.0
76.0
95.0
101.0
119.0
174.0
145.0
136.0
63.0
160.0
135.0
95.0
174.0
179.0
142.0
181.0
230.0
180.0
272.0
240.0
280.0
262.0
219.0
265.0
269.0
228.0
285.0
247.0
291.0
289.0
186.0
272.0
247.0
222.0
246.0
221.0
212.0
217.0
262.0
221.0
249.0
258.0
223.0
222.0
263.0
258.0
240.0
278.0
249.0
239.0
247.0
294.0
323.0
253.0
230.0
246.0
266.0
267.0
244.0
245.0
261.0
258.0
239.0
238.0
212.0
165.0
191.0
183.0
202.0
214.0
187.0
178.0
176.0
138.0
221.0
161.0
145.0
220.0
196.0
194.0
190.0
181.0
174.0
173.0
175.0
194.0
162.0
234.0
221.0
171.0
215.0
225.0
138.0
150.0
145.0
189.0
156.0
150.0
130.0
125.0
99.0
93.0
100.0
114.0
140.0
193.0
188.0
137.0
87.0
44.0
55.0
76.0
67.0
49.0
90.0
46.0
7.0
-5.0
14.0
-48.0
25.0
-19.0
-29.0
52.0
52.0
-5.0
-8.0
58.0
20.0
12.0
35.0
-7.0
4.0
10.0
-38.0
20.0
0.0
26.0
31.0
26.0
26.0
-24.0
-52.0
-60.0
-30.0
-46.0
-43.0
-97.0
-55.0
-11.0
-35.0
-108.0
-80.0
-106.0
-108.0
-65.0
-76.0
-114.0
-136.0
-139.0
-158.0
-157.0
-140.0
-180.0
-100.0
-90.0
-88.0
-120.0
-57.0
-119.0
-54.0
-103.0
-137.0
-155.0
-154.0
-89.0
-167.0
-131.0
-147.0
-116.0
-100.0
-124.0
-135.0
-91.0
-46.0
-43.0
-66.0
-59.0
-17.0
-65.0
-20.0
-10.0
-90.0
-68.0
-74.0
-15.0
-59.0
-76.0
-67.0
-104.0
-81.0
-93.0
-70.0
-91.0
-77.0
-103.0
-88.0
-87.0
-153.0
-73.0
-95.0
-106.0
-126.0
-129.0
-124.0
-128.0
-50.0
-18.0
-9.0
-23.0
11.0
-80.0
-123.0
-95.0
-65.0
-25.0
-84.0
-107.0
-96.0
-128.0
-136.0
-76.0
-84.0
-84.0
-74.0
-85.0
-71.0
-107.0
-132.0
-128.0
-98.0
-104.0
-118.0
-135.0
-146.0
-183.0
-173.0
-131.0
-166.0
-105.0
-131.0
-74.0
-81.0
-77.0
-87.0
-100.0
-58.0
-83.0
-48.0
-70.0
-70.0
-89.0
-80.0
-109.0
-119.0
-128.0
-125.0
-112.0
-104.0
-129.0
-112.0
-183.0
-88.0
-91.0
-80.0
-109.0
-93.0
-111.0
-119.0
-103.0
-81.0
-134.0
-131.0
-129.0
-94.0
-102.0
-119.0
-145.0
-173.0
-168.0
-143.0
-126.0
-177.0
-127.0
-160.0
-149.0
-168.0
-193.0
-169.0
-236.0
-107.0
-92.0
-156.0
-170.0
-213.0
-127.0
-127.0
-166.0
-122.0
-123.0
-125.0
-139.0
-143.0
-148.0
-134.0
-129.0
-174.0
-132.0
-110.0
-112.0
-137.0
-143.0
-112.0
-159.0
-153.0
-115.0
-106.0
-107.0
-98.0
-150.0
-107.0
-136.0
-193.0
-153.0
-164.0
-158.0
-144.0
-233.0
-157.0
-118.0
-135.0
-183.0
-147.0
-103.0
-147.0
-174.0
-105.0
-117.0
-117.0
-126.0
-128.0
-116.0
-125.0
-121.0
-131.0
-119.0
-115.0
-150.0
-154.0
-127.0
-139.0
-137.0
-119.0
-115.0
-126.0
-127.0
-147.0
-151.0
-140.0
-154.0
-156.0
-172.0
-155.0
-153.0
-182.0
-185.0
-172.0
-138.0
-174.0
-164.0
-151.0
-152.0
-146.0
-151.0
-146.0
-133.0
-148.0
-176.0
-163.0
-162.0
-192.0
-201.0
-201.0
-171.0
-184.0
-166.0
-180.0
-179.0
-190.0
-137.0
-161.0
-240.0
-182.0
-190.0
-144.0
-194.0
-155.0
-165.0
-123.0
-142.0
-135.0
-175.0
-136.0
-89.0
-155.0
-147.0
-178.0
-161.0
-118.0
-176.0
-161.0
-110.0
-234.0
-107.0
-173.0
-167.0
-130.0
-114.0
-120.0
-97.0
-127.0
-163.0
-119.0
-79.0
-108.0
-110.0
-96.0
-88.0
-40.0
-67.0
-111.0
-97.0
-101.0
-128.0
-67.0
-157.0
-92.0
-126.0
-65.0
-102.0
-124.0
-153.0
-90.0
-75.0
-102.0
-141.0
-59.0
-81.0
-42.0
-58.0
-37.0
-97.0
-84.0
-62.0
-96.0
-63.0
-67.0
-63.0
-76.0
-86.0
-128.0
-139.0
-110.0
-105.0
-115.0
-85.0
-98.0
-80.0
-99.0
-120.0
-49.0
-21.0
-45.0
-8.0
-8.0
-25.0
-8.0
-46.0
13.0
-39.0
11.0
-10.0
-6.0
36.0
-16.0
6.0
-8.0
-13.0
-19.0
-32.0
-7.0
-23.0
-12.0
-69.0
-43.0
-46.0
-34.0
-25.0
-10.0
-37.0
-22.0
-65.0
-95.0
-10.0
-33.0
3.0
-51.0
-46.0
-24.0
-36.0
-30.0
-1.0
5.0
-4.0
8.0
-1.0
-5.0
37.0
-32.0
38.0
46.0
6.0
-3.0
-8.0
-4.0
-9.0
3.0
4.0
-34.0
31.0
43.0
48.0
56.0
31.0
23.0
13.0
56.0
13.0
77.0
49.0
-17.0
-46.0
-35.0
6.0
10.0
24.0
-30.0
20.0
61.0
23.0
41.0
29.0
19.0
-69.0
-14.0
7.0
-26.0
45.0
-12.0
-14.0
-8.0
35.0
-10.0
26.0
58.0
63.0
-14.0
90.0
74.0
51.0
12.0
22.0
39.0
84.0
69.0
24.0
31.0
73.0
27.0
82.0
55.0
138.0
86.0
39.0
74.0
37.0
96.0
75.0
48.0
-12.0
16.0
61.0
7.0
0.0
35.0
-36.0
-10.0
-18.0
-16.0
8.0
78.0
36.0
-22.0
12.0
-49.0
-17.0
23.0
-12.0
-12.0
-26.0
-27.0
-15.0
-68.0
-73.0
-39.0
-29.0
-78.0
61.0
25.0
26.0
20.0
23.0
13.0
18.0
66.0
33.0
-5.0
7.0
-22.0
-6.0
53.0
33.0
44.0
72.0
31.0
90.0
59.0
41.0
45.0
54.0
22.0
87.0
68.0
96.0
33.0
50.0
52.0
53.0
65.0
70.0
89.0
47.0
6.0
48.0
40.0
96.0
56.0
39.0
53.0
68.0
61.0
63.0
43.0
82.0
72.0
50.0
75.0
35.0
68.0
56.0
11.0
69.0
12.0
59.0
17.0
34.0
68.0
95.0
75.0
99.0
93.0
77.0
93.0
74.0
80.0
87.0
102.0
116.0
126.0
97.0
60.0
137.0
96.0
79.0
111.0
81.0
112.0
110.0
67.0
88.0
44.0
118.0
76.0
125.0
139.0
114.0
108.0
134.0
112.0
97.0
141.0
137.0
131.0
171.0
164.0
172.0
147.0
103.0
192.0
143.0
126.0
142.0
162.0
140.0
119.0
121.0
107.0
103.0
122.0
81.0
91.0
130.0
114.0
119.0
108.0
97.0
67.0
99.0
107.0
139.0
105.0
127.0
121.0
132.0
92.0
165.0
148.0
150.0
99.0
140.0
127.0
143.0
89.0
86.0
186.0
188.0
157.0
186.0
187.0
121.0
139.0
150.0
152.0
117.0
126.0
160.0
139.0
57.0
124.0
78.0
162.0
133.0
133.0
143.0
95.0
127.0
139.0
110.0
115.0
128.0
95.0
124.0
108.0
129.0
144.0
90.0
49.0
71.0
81.0
79.0
109.0
77.0
74.0
15.0
66.0
111.0
57.0
91.0
109.0
74.0
57.0
4.0
67.0
54.0
65.0
48.0
11.0
16.0
40.0
56.0
42.0
46.0
62.0
74.0
-25.0
6.0
54.0
-5.0
34.0
-3.0
-19.0
-15.0
19.0
-36.0
23.0
30.0
32.0
-8.0
-17.0
29.0
17.0
16.0
24.0
53.0
4.0
-15.0
-24.0
-14.0
32.0
3.0
16.0
-5.0
44.0
11.0
35.0
44.0
44.0
17.0
31.0
45.0
-18.0
61.0
45.0
7.0
32.0
23.0
15.0
-14.0
33.0
63.0
-6.0
50.0
56.0
71.0
60.0
0.0
10.0
58.0
77.0
82.0
42.0
4.0
5.0
29.0
9.0
50.0
43.0
23.0
63.0
33.0
44.0
72.0
65.0
25.0
24.0
62.0
39.0
55.0
52.0
28.0
108.0
57.0
63.0
31.0
36.0
15.0
1.0
39.0
27.0
67.0
12.0
67.0
55.0
13.0
73.0
37.0
39.0
28.0
71.0
45.0
48.0
-27.0
51.0
-4.0
-12.0
17.0
-3.0
36.0
23.0
61.0
67.0
65.0
16.0
-14.0
-12.0
-17.0
8.0
19.0
-39.0
-4.0
-52.0
-50.0
-17.0
-10.0
-5.0
-19.0
42.0
-39.0
28.0
8.0
14.0
35.0
39.0
33.0
59.0
3.0
23.0
-35.0
63.0
8.0
20.0
-44.0
-13.0
-19.0
16.0
-19.0
48.0
-9.0
-70.0
-25.0
-60.0
-21.0
16.0
21.0
-6.0
16.0
-36.0
-35.0
-41.0
-13.0
-22.0
69.0
-22.0
-13.0
-56.0
-56.0
-46.0
20.0
-31.0
-47.0
-56.0
-27.0
-25.0
-33.0
-36.0
-41.0
-12.0
-15.0
15.0
-43.0
11.0
-50.0
-24.0
-51.0
-54.0
-35.0
-20.0
-3.0
16.0
-24.0
-51.0
1.0
-16.0
-69.0
-34.0
-17.0
-5.0
-60.0
-21.0
-35.0
-20.0
-33.0
-40.0
-51.0
-17.0
-8.0
7.0
28.0
-9.0
-21.0
45.0
3.0
-22.0
-44.0
-42.0
-55.0
-59.0
-77.0
-15.0
-11.0
-33.0
-7.0
-24.0
-88.0
-23.0
22.0
-15.0
-43.0
-16.0
-36.0
-25.0
-29.0
20.0
11.0
-7.0
17.0
26.0
27.0
23.0
72.0
103.0
104.0
117.0
192.0
219.0
214.0
295.0
271.0
305.0
390.0
379.0
318.0
338.0
391.0
323.0
326.0
332.0
316.0
319.0
328.0
298.0
293.0
237.0
267.0
277.0
299.0
262.0
246.0
188.0
179.0
144.0
110.0
72.0
88.0
108.0
128.0
118.0
68.0
-6.0
-24.0
-21.0
-19.0
-41.0
-25.0
-89.0
13.0
-35.0
-48.0
-75.0
-68.0
-76.0
-110.0
-156.0
-127.0
-77.0
-100.0
-123.0
-77.0
-96.0
-168.0
-70.0
-100.0
-117.0
-118.0
-142.0
-137.0
-101.0
-100.0
-69.0
-115.0
-119.0
-138.0
-176.0
-102.0
-137.0
-133.0
-117.0
-93.0
-163.0
-145.0
-165.0
-174.0
-169.0
-176.0
-166.0
-145.0
-123.0
-166.0
-182.0
-249.0
-262.0
-223.0
-174.0
-162.0
-190.0
-176.0
-195.0
-145.0
-134.0
-125.0
-112.0
-93.0
-128.0
-174.0
-196.0
-107.0
-126.0
-136.0
-74.0
-138.0
-58.0
-79.0
-124.0
-98.0
-97.0
-71.0
-45.0
-109.0
-51.0
-127.0
-119.0
-137.0
-102.0
-112.0
-105.0
-165.0
-128.0
-102.0
-96.0
-91.0
-74.0
-62.0
-48.0
-65.0
-116.0
-5.0
-21.0
-59.0
-95.0
-89.0
-94.0
-89.0
-83.0
-97.0
-121.0
-124.0
-115.0
-122.0
-70.0
-157.0
-88.0
-70.0
-144.0
-135.0
-139.0
-97.0
-118.0
-74.0
-74.0
-70.0
-88.0
-108.0
-136.0
-60.0
-60.0
-55.0
-21.0
-58.0
-13.0
-44.0
-100.0
-91.0
-94.0
-15.0
-52.0
-27.0
-44.0
-45.0
-61.0
-95.0
-31.0
-51.0
-21.0
22.0
10.0
63.0
61.0
39.0
17.0
63.0
51.0
71.0
103.0
118.0
103.0
56.0
63.0
103.0
128.0
204.0
159.0
133.0
84.0
89.0
114.0
112.0
103.0
73.0
85.0
117.0
81.0
72.0
137.0
155.0
145.0
140.0
175.0
156.0
174.0
210.0
168.0
129.0
223.0
239.0
231.0
275.0
233.0
211.0
270.0
215.0
223.0
163.0
151.0
140.0
162.0
93.0
108.0
122.0
107.0
83.0
115.0
151.0
119.0
158.0
118.0
67.0
103.0
116.0
127.0
147.0
107.0
33.0
115.0
68.0
114.0
62.0
53.0
109.0
57.0
82.0
30.0
56.0
82.0
38.0
54.0
68.0
86.0
84.0
58.0
-10.0
30.0
17.0
33.0
-6.0
-12.0
-12.0
37.0
-24.0
-43.0
-36.0
-78.0
-37.0
-8.0
-46.0
-68.0
-30.0
-44.0
-86.0
-38.0
-16.0
-14.0
-17.0
-75.0
-100.0
-38.0
-32.0
-59.0
-54.0
-67.0
-31.0
-71.0
-61.0
-51.0
-39.0
-70.0
-64.0
-73.0
-51.0
-53.0
-156.0
-101.0
-115.0
-118.0
-99.0
-99.0
-97.0
-144.0
-113.0
-146.0
-168.0
-134.0
-62.0
-100.0
-42.0
-137.0
-147.0
-69.0
-120.0
-92.0
-68.0
-72.0
-98.0
-83.0
-100.0
-69.0
-82.0
-78.0
-87.0
-76.0
-54.0
-36.0
-33.0
0.0
3.0
-10.0
50.0
50.0
25.0
80.0
70.0
18.0
36.0
11.0
63.0
30.0
37.0
-26.0
-61.0
-10.0
-33.0
-62.0
-3.0
9.0
44.0
-7.0
-32.0
22.0
40.0
12.0
20.0
16.0
34.0
8.0
51.0
3.0
1.0
-11.0
-22.0
-6.0
-6.0
15.0
-50.0
-14.0
-3.0
35.0
31.0
35.0
57.0
-1.0
10.0
21.0
22.0
46.0
105.0
36.0
35.0
61.0
-10.0
40.0
30.0
12.0
16.0
-44.0
65.0
35.0
25.0
63.0
95.0
74.0
56.0
42.0
76.0
39.0
54.0
62.0
32.0
-34.0
48.0
59.0
55.0
73.0
22.0
86.0
70.0
81.0
107.0
97.0
87.0
74.0
148.0
127.0
99.0
142.0
137.0
54.0
41.0
55.0
59.0
78.0
37.0
46.0
13.0
21.0
4.0
20.0
37.0
-10.0
13.0
-13.0
43.0
38.0
1.0
41.0
39.0
50.0
17.0
34.0
54.0
32.0
43.0
-21.0
29.0
13.0
-26.0
-45.0
-6.0
-2.0
-44.0
-6.0
-49.0
-33.0
2.0
-32.0
-28.0
-68.0
-49.0
-46.0
-91.0
-28.0
-72.0
-58.0
-91.0
-71.0
-100.0
-76.0
-137.0
-106.0
-93.0
-100.0
-80.0
-133.0
-31.0
-67.0
-122.0
-122.0
-129.0
-136.0
-168.0
-199.0
-147.0
-126.0
-152.0
-164.0
-131.0
-122.0
-123.0
-146.0
-158.0
-134.0
-155.0
-147.0
-84.0
-95.0
-115.0
-173.0
-136.0
-143.0
-207.0
-219.0
-177.0
-157.0
-178.0
-197.0
-175.0
-168.0
-192.0
-225.0
-195.0
-162.0
-205.0
-178.0
-192.0
-225.0
-210.0
-213.0
-208.0
-260.0
-231.0
-230.0
-245.0
-214.0
-228.0
-210.0
-259.0
-228.0
-196.0
-234.0
-220.0
-231.0
-248.0
-244.0
-204.0
-161.0
-241.0
-200.0
-221.0
-241.0
-274.0
-248.0
-245.0
-252.0
-204.0
-254.0
-256.0
-285.0
-278.0
-269.0
-249.0
-249.0
-266.0
-243.0
-239.0
-213.0
-231.0
-258.0
-241.0
-251.0
-239.0
-274.0
-265.0
-244.0
-283.0
-260.0
-259.0
-243.0
-247.0
-231.0
-232.0
-205.0
-202.0
-221.0
-227.0
-272.0
-225.0
-185.0
-225.0
-164.0
-190.0
-219.0
-201.0
-178.0
-186.0
-182.0
-199.0
-216.0
-210.0
-239.0
-224.0
-148.0
-152.0
-170.0
-177.0
-194.0
-228.0
-151.0
-157.0
-188.0
-191.0
-193.0
-168.0
-181.0
-181.0
-215.0
-205.0
-194.0
-103.0
-121.0
-137.0
-144.0
-173.0
-194.0
-209.0
-162.0
-143.0
-204.0
-159.0
-165.0
-201.0
-162.0
-179.0
-175.0
-194.0
-169.0
-156.0
-186.0
-208.0
-108.0
-112.0
-178.0
-127.0
-159.0
-127.0
-109.0
-104.0
-163.0
-147.0
-148.0
-122.0
-121.0
-106.0
-113.0
-84.0
-115.0
-119.0
-105.0
-114.0
-116.0
-111.0
-50.0
-107.0
-63.0
-150.0
-130.0
-42.0
-80.0
-64.0
-39.0
-59.0
-58.0
-39.0
-12.0
29.0
-50.0
-39.0
-13.0
-41.0
-38.0
35.0
-84.0
-14.0
-41.0
-27.0
-59.0
-121.0
-113.0
-110.0
-61.0
-5.0
-37.0
-74.0
-61.0
-44.0
-44.0
-36.0
-77.0
11.0
-20.0
-73.0
-52.0
-44.0
22.0
12.0
16.0
-36.0
-18.0
-16.0
-2.0
-10.0
-29.0
-49.0
6.0
-12.0
-13.0
20.0
32.0
60.0
27.0
46.0
3.0
56.0
55.0
59.0
74.0
46.0
19.0
5.0
42.0
36.0
35.0
34.0
83.0
12.0
99.0
70.0
35.0
100.0
114.0
50.0
106.0
104.0
97.0
67.0
74.0
29.0
-41.0
54.0
49.0
65.0
60.0
74.0
21.0
33.0
6.0
15.0
-18.0
29.0
13.0
-3.0
46.0
-20.0
81.0
57.0
22.0
-12.0
67.0
45.0
-16.0
50.0
43.0
102.0
73.0
14.0
-12.0
26.0
40.0
55.0
91.0
110.0
122.0
47.0
-11.0
51.0
84.0
106.0
80.0
97.0
83.0
72.0
60.0
90.0
53.0
130.0
93.0
55.0
44.0
78.0
46.0
77.0
2.0
64.0
68.0
17.0
-21.0
49.0
78.0
77.0
55.0
95.0
87.0
76.0
19.0
-17.0
8.0
52.0
55.0
18.0
36.0
34.0
56.0
89.0
43.0
14.0
11.0
39.0
15.0
-9.0
51.0
92.0
16.0
-7.0
8.0
-4.0
31.0
31.0
58.0
24.0
20.0
76.0
83.0
27.0
49.0
75.0
31.0
7.0
43.0
16.0
49.0
36.0
-13.0
33.0
59.0
14.0
18.0
-14.0
2.0
53.0
-7.0
0.0
38.0
69.0
29.0
-21.0
-20.0
64.0
64.0
56.0
-15.0
-5.0
12.0
-8.0
-3.0
-1.0
-3.0
27.0
53.0
2.0
29.0
37.0
33.0
36.0
-5.0
63.0
69.0
42.0
49.0
14.0
-37.0
60.0
65.0
9.0
46.0
5.0
27.0
-23.0
67.0
63.0
44.0
99.0
96.0
28.0
62.0
62.0
93.0
100.0
62.0
53.0
97.0
57.0
-18.0
46.0
37.0
5.0
-4.0
60.0
28.0
43.0
32.0
60.0
100.0
40.0
45.0
15.0
21.0
46.0
-1.0
34.0
48.0
15.0
17.0
-1.0
-10.0
42.0
-32.0
-23.0
43.0
37.0
-31.0
-31.0
12.0
-9.0
-8.0
36.0
-26.0
-45.0
-38.0
-93.0
-13.0
11.0
-12.0
24.0
30.0
12.0
-48.0
-53.0
-20.0
-89.0
-90.0
-81.0
-35.0
-46.0
-13.0
-39.0
-9.0
-11.0
-12.0
0.0
-2.0
2.0
-7.0
-11.0
-18.0
-93.0
-34.0
-50.0
-25.0
7.0
-1.0
6.0
38.0
11.0
-35.0
4.0
14.0
13.0
-16.0
7.0
39.0
-12.0
-12.0
30.0
-21.0
-15.0
39.0
31.0
44.0
-9.0
19.0
5.0
6.0
27.0
42.0
32.0
54.0
69.0
67.0
40.0
12.0
62.0
55.0
58.0
51.0
56.0
17.0
32.0
83.0
46.0
43.0
16.0
7.0
26.0
18.0
83.0
58.0
103.0
108.0
154.0
191.0
141.0
169.0
159.0
146.0
124.0
127.0
145.0
173.0
213.0
232.0
297.0
282.0
293.0
293.0
239.0
279.0
298.0
270.0
256.0
231.0
237.0
201.0
157.0
220.0
224.0
181.0
284.0
265.0
252.0
197.0
182.0
237.0
277.0
236.0
322.0
294.0
240.0
281.0
262.0
280.0
255.0
244.0
225.0
206.0
221.0
171.0
182.0
190.0
178.0
188.0
178.0
178.0
129.0
155.0
176.0
177.0
86.0
103.0
175.0
124.0
101.0
132.0
112.0
140.0
98.0
89.0
150.0
152.0
166.0
164.0
107.0
108.0
139.0
61.0
152.0
129.0
120.0
60.0
128.0
107.0
119.0
87.0
135.0
86.0
136.0
83.0
72.0
83.0
87.0
76.0
98.0
20.0
43.0
50.0
45.0
49.0
73.0
103.0
90.0
102.0
133.0
85.0
73.0
143.0
77.0
106.0
168.0
96.0
147.0
56.0
76.0
94.0
69.0
58.0
67.0
8.0
18.0
30.0
-12.0
-58.0
-58.0
-3.0
-41.0
-39.0
31.0
18.0
-24.0
26.0
22.0
15.0
31.0
-24.0
19.0
39.0
40.0
24.0
23.0
20.0
-36.0
-78.0
1.0
-55.0
-59.0
28.0
-8.0
11.0
12.0
-25.0
42.0
42.0
49.0
3.0
-25.0
-51.0
-37.0
-1.0
-52.0
-31.0
-20.0
-26.0
-47.0
-55.0
-13.0
16.0
4.0
-55.0
-55.0
-32.0
-23.0
15.0
4.0
-43.0
-45.0
-44.0
-39.0
-6.0
-39.0
-56.0
-78.0
-67.0
-65.0
-34.0
-25.0
-42.0
-50.0
-33.0
-21.0
-22.0
2.0
-36.0
-24.0
-57.0
-46.0
-52.0
-61.0
-48.0
-26.0
-61.0
-56.0
-19.0
-40.0
-40.0
-42.0
-67.0
-81.0
-42.0
-59.0
-41.0
-86.0
-46.0
-67.0
-35.0
-40.0
-25.0
-67.0
-93.0
29.0
-23.0
-15.0
-87.0
-69.0
-91.0
-120.0
-129.0
-35.0
-52.0
12.0
3.0
-12.0
-57.0
-83.0
-92.0
-46.0
12.0
-33.0
-15.0
-39.0
16.0
12.0
-5.0
-42.0
7.0
13.0
-24.0
-3.0
23.0
-56.0
-29.0
-48.0
-67.0
18.0
5.0
-20.0
15.0
-31.0
-45.0
-23.0
6.0
49.0
6.0
10.0
4.0
0.0
44.0
50.0
8.0
2.0
-43.0
-32.0
-11.0
-27.0
-39.0
-33.0
5.0
-37.0
-31.0
-40.0
-72.0
-88.0
-27.0
-60.0
-13.0
26.0
-32.0
6.0
-29.0
-4.0
-26.0
11.0
-29.0
-6.0
18.0
7.0
-33.0
-3.0
-7.0
-23.0
6.0
-4.0
-21.0
-14.0
47.0
-105.0
-10.0
-12.0
-7.0
-16.0
-39.0
40.0
-29.0
-26.0
-34.0
-17.0
-43.0
-32.0
-46.0
4.0
-42.0
14.0
-3.0
-31.0
45.0
-5.0
-70.0
-30.0
44.0
-40.0
-4.0
11.0
11.0
27.0
11.0
-20.0
-23.0
-16.0
-14.0
-34.0
-55.0
-37.0
-18.0
-11.0
2.0
32.0
8.0
1.0
51.0
-2.0
7.0
79.0
35.0
18.0
40.0
95.0
3.0
21.0
-15.0
40.0
42.0
-20.0
46.0
46.0
50.0
11.0
20.0
10.0
65.0
45.0
73.0
-6.0
11.0
-40.0
-48.0
37.0
18.0
22.0
2.0
65.0
71.0
54.0
39.0
37.0
54.0
24.0
45.0
-40.0
-26.0
6.0
28.0
-40.0
-15.0
-10.0
22.0
-26.0
-15.0
-21.0
7.0
-33.0
-7.0
-82.0
-3.0
-2.0
-11.0
21.0
-4.0
2.0
51.0
-12.0
74.0
69.0
90.0
95.0
91.0
67.0
49.0
6.0
14.0
52.0
58.0
15.0
36.0
49.0
18.0
-3.0
42.0
4.0
28.0
61.0
45.0
26.0
4.0
-8.0
16.0
6.0
-3.0
-40.0
-31.0
-70.0
23.0
-14.0
31.0
-2.0
2.0
-22.0
-11.0
42.0
43.0
22.0
71.0
-4.0
-9.0
32.0
36.0
18.0
28.0
26.0
45.0
46.0
78.0
39.0
16.0
29.0
34.0
79.0
35.0
55.0
56.0
41.0
63.0
-6.0
8.0
50.0
27.0
-31.0
14.0
64.0
49.0
89.0
83.0
81.0
103.0
98.0
36.0
140.0
74.0
52.0
80.0
100.0
123.0
108.0
73.0
152.0
109.0
136.0
129.0
148.0
159.0
198.0
147.0
170.0
186.0
228.0
167.0
172.0
174.0
188.0
225.0
220.0
234.0
144.0
256.0
223.0
275.0
187.0
228.0
210.0
158.0
220.0
185.0
188.0
210.0
237.0
235.0
252.0
288.0
262.0
276.0
243.0
243.0
270.0
326.0
284.0
269.0
262.0
238.0
254.0
271.0
171.0
162.0
251.0
224.0
187.0
231.0
183.0
208.0
258.0
235.0
229.0
228.0
223.0
190.0
194.0
153.0
170.0
224.0
223.0
218.0
152.0
150.0
152.0
167.0
225.0
148.0
196.0
120.0
92.0
83.0
60.0
89.0
106.0
111.0
86.0
105.0
122.0
104.0
83.0
26.0
81.0
65.0
45.0
22.0
100.0
71.0
30.0
26.0
1.0
30.0
0.0
18.0
1.0
12.0
33.0
-6.0
-54.0
-25.0
-8.0
-32.0
-16.0
-23.0
-71.0
-37.0
-68.0
-44.0
-36.0
-69.0
-60.0
-111.0
-24.0
-78.0
-74.0
-36.0
-60.0
-76.0
-73.0
-87.0
-80.0
-94.0
-122.0
-69.0
-56.0
-111.0
-129.0
-94.0
-106.0
-80.0
-106.0
-106.0
-100.0
-122.0
-103.0
-139.0
-131.0
-149.0
-172.0
-149.0
-154.0
-141.0
-166.0
-217.0
-187.0
-209.0
-210.0
-168.0
-181.0
-219.0
-192.0
-202.0
-168.0
-192.0
-193.0
-231.0
-278.0
-174.0
-163.0
-142.0
-162.0
-129.0
-181.0
-195.0
-129.0
-168.0
-134.0
-116.0
-263.0
-206.0
-264.0
-271.0
-178.0
-204.0
-240.0
-157.0
-246.0
-204.0
-201.0
-229.0
-136.0
-191.0
-180.0
-180.0
-229.0
-221.0
-242.0
-188.0
-231.0
-197.0
-219.0
-184.0
-223.0
-206.0
-239.0
-175.0
-152.0
-265.0
-175.0
-179.0
-195.0
-152.0
-201.0
-151.0
-175.0
-157.0
-158.0
-173.0
-162.0
-169.0
-212.0
-204.0
-191.0
-182.0
-182.0
-122.0
-135.0
-130.0
-174.0
-183.0
-164.0
-103.0
-138.0
-184.0
-177.0
-180.0
-168.0
-187.0
-167.0
-173.0
-178.0
-185.0
-222.0
-180.0
-166.0
-200.0
-186.0
-232.0
-206.0
-166.0
-172.0
-158.0
-178.0
-164.0
-205.0
-213.0
-173.0
-216.0
-179.0
-191.0
-176.0
-221.0
-182.0
-210.0
-177.0
-257.0
-196.0
-152.0
-209.0
-207.0
-167.0
-205.0
-201.0
-183.0
-223.0
-211.0
-176.0
-220.0
-116.0
-119.0
-116.0
-109.0
-133.0
-131.0
-145.0
-134.0
-125.0
-122.0
-121.0
-171.0
-121.0
-92.0
-166.0
-135.0
-129.0
-140.0
-148.0
-145.0
-147.0
-98.0
-177.0
-144.0
-89.0
-153.0
-125.0
-91.0
-98.0
-105.0
-199.0
-145.0
-139.0
-126.0
-124.0
-185.0
-191.0
-172.0
-116.0
-117.0
-112.0
-183.0
-100.0
-100.0
-32.0
-99.0
-75.0
-56.0
-141.0
-88.0
-85.0
-111.0
-74.0
-130.0
-124.0
-102.0
-156.0
-93.0
-145.0
-142.0
-111.0
-153.0
-130.0
-145.0
-122.0
-163.0
-143.0
-134.0
-123.0
-140.0
-134.0
-168.0
-149.0
-124.0
-152.0
-153.0
-122.0
-120.0
-127.0
-115.0
-143.0
-79.0
-124.0
-112.0
-81.0
-79.0
-133.0
-118.0
-76.0
-63.0
-17.0
-110.0
-89.0
-96.0
-51.0
-115.0
-76.0
-63.0
-64.0
-32.0
-95.0
-79.0
-135.0
-68.0
-100.0
-19.0
-43.0
-58.0
-60.0
-61.0
-82.0
-80.0
-74.0
-91.0
-41.0
-17.0
-28.0
-30.0
-29.0
-13.0
-45.0
-62.0
-3.0
-13.0
-4.0
15.0
18.0
-41.0
-44.0
-19.0
2.0
-23.0
-65.0
-13.0
-58.0
-35.0
6.0
5.0
0.0
55.0
57.0
-24.0
-35.0
-61.0
20.0
52.0
27.0
30.0
15.0
46.0
8.0
-60.0
-60.0
-7.0
-39.0
-38.0
-54.0
-47.0
-47.0
16.0
15.0
50.0
1.0
-10.0
-29.0
-11.0
30.0
15.0
-31.0
35.0
40.0
46.0
3.0
16.0
22.0
51.0
93.0
75.0
111.0
51.0
60.0
93.0
81.0
50.0
126.0
77.0
101.0
61.0
59.0
81.0
34.0
23.0
76.0
4.0
76.0
105.0
78.0
108.0
74.0
27.0
89.0
50.0
58.0
64.0
15.0
63.0
35.0
32.0
83.0
93.0
89.0
51.0
65.0
76.0
114.0
119.0
107.0
111.0
137.0
122.0
100.0
117.0
125.0
98.0
74.0
101.0
134.0
140.0
129.0
156.0
138.0
125.0
127.0
86.0
137.0
125.0
96.0
115.0
120.0
153.0
116.0
155.0
181.0
147.0
129.0
188.0
179.0
126.0
121.0
149.0
229.0
155.0
136.0
122.0
155.0
167.0
205.0
185.0
183.0
153.0
114.0
193.0
157.0
123.0
174.0
156.0
203.0
221.0
228.0
245.0
203.0
197.0
225.0
243.0
294.0
214.0
297.0
303.0
360.0
345.0
395.0
381.0
410.0
353.0
396.0
412.0
366.0
337.0
381.0
314.0
369.0
299.0
309.0
227.0
280.0
294.0
273.0
246.0
204.0
211.0
125.0
189.0
129.0
143.0
114.0
158.0
152.0
138.0
130.0
143.0
111.0
69.0
97.0
52.0
90.0
77.0
96.0
36.0
55.0
6.0
-21.0
-35.0
-2.0
30.0
4.0
6.0
73.0
63.0
69.0
48.0
45.0
-39.0
-11.0
26.0
-30.0
33.0
17.0
-10.0
42.0
-10.0
-16.0
19.0
-39.0
-23.0
112.0
58.0
61.0
28.0
12.0
6.0
-44.0
-76.0
-61.0
-20.0
-54.0
-48.0
-63.0
-70.0
-93.0
-53.0
-58.0
-109.0
-16.0
-109.0
-43.0
-28.0
-14.0
-7.0
-28.0
-39.0
-19.0
-37.0
-72.0
-96.0
-60.0
-116.0
-30.0
-48.0
-63.0
-26.0
-24.0
-48.0
-51.0
-43.0
-67.0
-116.0
-60.0
-51.0
-10.0
-43.0
3.0
-18.0
-73.0
-118.0
-58.0
-63.0
-141.0
-87.0
-56.0
-74.0
-65.0
-71.0
-81.0
-62.0
-43.0
-29.0
-47.0
-78.0
-58.0
-58.0
-91.0
-33.0
-68.0
-49.0
-81.0
-84.0
-48.0
-76.0
-93.0
-119.0
-49.0
-65.0
-57.0
-66.0
-70.0
-127.0
-167.0
-107.0
-106.0
-98.0
-144.0
-148.0
-142.0
-149.0
-156.0
-214.0
-117.0
-112.0
-69.0
-124.0
-59.0
-16.0
-48.0
-57.0
-71.0
-26.0
-52.0
-163.0
-135.0
-117.0
-183.0
-155.0
-119.0
-98.0
-145.0
-102.0
-91.0
-58.0
-62.0
-32.0
-33.0
-95.0
-10.0
-58.0
-112.0
-91.0
-98.0
-56.0
-91.0
-74.0
-39.0
-74.0
-65.0
-128.0
-68.0
-62.0
-55.0
-67.0
-46.0
-108.0
-100.0
-182.0
-48.0
-67.0
-64.0
-71.0
-133.0
-140.0
-68.0
-107.0
-101.0
-50.0
-26.0
-42.0
-73.0
-17.0
19.0
-48.0
-98.0
-48.0
-46.0
-53.0
-39.0
-20.0
-90.0
-67.0
-59.0
-82.0
-84.0
-72.0
-71.0
-52.0
-8.0
-83.0
-122.0
-93.0
-143.0
-97.0
-51.0
-119.0
-112.0
-58.0
-116.0
-144.0
-91.0
-113.0
-111.0
-52.0
-124.0
-137.0
-91.0
-152.0
-105.0
-55.0
-74.0
-86.0
-79.0
-95.0
-103.0
-105.0
-108.0
-61.0
-80.0
-76.0
-69.0
-19.0
-28.0
-43.0
-82.0
-10.0
-27.0
-72.0
-67.0
-47.0
-86.0
-53.0
-98.0
-136.0
-118.0
-125.0
-108.0
-97.0
-108.0
-75.0
-137.0
-79.0
-14.0
-6.0
-77.0
-74.0
-105.0
-111.0
-50.0
-71.0
-22.0
-102.0
-131.0
-30.0
-81.0
-59.0
-43.0
-66.0
-74.0
-5.0
-7.0
-32.0
-46.0
-6.0
-60.0
20.0
-10.0
-63.0
-5.0
-23.0
-8.0
23.0
-48.0
18.0
13.0
-45.0
-54.0
71.0
45.0
31.0
10.0
11.0
25.0
-33.0
-13.0
42.0
-10.0
-12.0
-41.0
-40.0
-57.0
-58.0
-53.0
-105.0
-88.0
22.0
2.0
27.0
-47.0
-42.0
-17.0
-87.0
-40.0
0.0
-46.0
-43.0
-46.0
-5.0
-76.0
-24.0
-48.0
-49.0
41.0
14.0
18.0
2.0
-6.0
-44.0
-7.0
-40.0
-33.0
-33.0
-77.0
30.0
29.0
8.0
21.0
45.0
-5.0
-2.0
69.0
12.0
-34.0
15.0
56.0
13.0
36.0
22.0
18.0
87.0
88.0
51.0
88.0
52.0
36.0
58.0
75.0
80.0
32.0
98.0
16.0
58.0
74.0
51.0
67.0
130.0
50.0
43.0
87.0
80.0
110.0
81.0
74.0
91.0
122.0
32.0
117.0
69.0
125.0
78.0
37.0
26.0
55.0
43.0
36.0
57.0
54.0
89.0
79.0
7.0
68.0
41.0
91.0
54.0
40.0
3.0
34.0
80.0
62.0
9.0
44.0
68.0
22.0
42.0
45.0
92.0
16.0
94.0
113.0
60.0
107.0
100.0
105.0
100.0
81.0
8.0
21.0
25.0
67.0
102.0
29.0
-21.0
69.0
91.0
19.0
-2.0
30.0
72.0
51.0
33.0
21.0
-8.0
-8.0
-7.0
-1.0
-36.0
-3.0
26.0
-2.0
-2.0
27.0
25.0
-18.0
-50.0
-52.0
-47.0
-23.0
-64.0
-80.0
-70.0
-50.0
-116.0
-81.0
-39.0
-18.0
-89.0
-75.0
-42.0
-75.0
-66.0
-60.0
-81.0
-69.0
-100.0
-116.0
-48.0
-77.0
-68.0
-49.0
-135.0
-103.0
-113.0
-100.0
-85.0
-134.0
-92.0
-160.0
-102.0
-103.0
-102.0
-126.0
-118.0
-161.0
-159.0
-163.0
-147.0
-128.0
-124.0
-188.0
-182.0
-149.0
-127.0
-177.0
-208.0
-172.0
-171.0
-95.0
-129.0
-142.0
-136.0
-98.0
-166.0
-121.0
-99.0
-92.0
-168.0
-116.0
-136.0
-117.0
-139.0
-79.0
-162.0
-111.0
-116.0
-146.0
-80.0
-73.0
-76.0
-46.0
-146.0
-88.0
-72.0
-84.0
-63.0
-36.0
-93.0
-17.0
-50.0
-56.0
-65.0
-39.0
-32.0
-62.0
-81.0
-68.0
-43.0
-92.0
-84.0
-46.0
-22.0
-71.0
-83.0
-88.0
-52.0
-118.0
-74.0
-22.0
-89.0
-111.0
-51.0
-31.0
-60.0
-52.0
-49.0
-70.0
-93.0
-91.0
-35.0
-54.0
-51.0
-35.0
-62.0
-78.0
-23.0
-64.0
-28.0
-58.0
-80.0
-37.0
3.0
-18.0
-35.0
-54.0
-54.0
-97.0
-72.0
-7.0
-5.0
-27.0
-12.0
-33.0
-55.0
2.0
-19.0
-69.0
-8.0
-16.0
-47.0
-11.0
-8.0
52.0
6.0
-4.0
-70.0
19.0
6.0
-4.0
-74.0
8.0
26.0
-6.0
-15.0
1.0
17.0
35.0
3.0
-24.0
-27.0
-8.0
31.0
-45.0
7.0
-7.0
-17.0
-31.0
-30.0
-6.0
-30.0
-39.0
-22.0
-63.0
-59.0
27.0
-20.0
-60.0
-52.0
-54.0
-58.0
-43.0
-111.0
-22.0
-64.0
-83.0
-50.0
-62.0
-116.0
-39.0
-76.0
-89.0
-24.0
-37.0
-42.0
-67.0
-48.0
-30.0
-89.0
-57.0
-53.0
-37.0
-60.0
-44.0
15.0
16.0
-41.0
-14.0
-35.0
-28.0
-8.0
-21.0
-26.0
-49.0
-78.0
-33.0
-62.0
-62.0
-94.0
5.0
-40.0
3.0
-35.0
-22.0
1.0
-50.0
-84.0
35.0
56.0
45.0
17.0
-59.0
4.0
27.0
72.0
-20.0
16.0
60.0
-34.0
71.0
35.0
-11.0
16.0
-10.0
10.0
-53.0
21.0
16.0
23.0
3.0
67.0
34.0
18.0
2.0
6.0
41.0
62.0
27.0
37.0
11.0
86.0
86.0
80.0
103.0
131.0
116.0
119.0
117.0
69.0
103.0
10.0
88.0
98.0
109.0
59.0
96.0
78.0
93.0
52.0
96.0
78.0
101.0
51.0
107.0
170.0
111.0
79.0
109.0
64.0
64.0
101.0
59.0
90.0
74.0
63.0
25.0
86.0
99.0
79.0
77.0
12.0
105.0
76.0
86.0
82.0
15.0
10.0
29.0
27.0
45.0
8.0
-6.0
-22.0
-28.0
-14.0
24.0
44.0
36.0
3.0
-37.0
24.0
14.0
23.0
39.0
54.0
22.0
7.0
-24.0
11.0
26.0
17.0
8.0
67.0
61.0
74.0
102.0
42.0
42.0
77.0
60.0
50.0
102.0
52.0
60.0
71.0
69.0
62.0
107.0
45.0
44.0
138.0
69.0
58.0
89.0
85.0
59.0
128.0
66.0
99.0
99.0
106.0
51.0
89.0
75.0
113.0
119.0
84.0
121.0
119.0
147.0
145.0
92.0
112.0
130.0
149.0
125.0
156.0
147.0
155.0
120.0
154.0
194.0
163.0
155.0
145.0
95.0
110.0
82.0
121.0
86.0
160.0
127.0
182.0
160.0
114.0
188.0
178.0
164.0
127.0
180.0
148.0
167.0
191.0
157.0
163.0
187.0
162.0
116.0
117.0
174.0
200.0
130.0
97.0
133.0
116.0
174.0
99.0
140.0
162.0
180.0
136.0
158.0
118.0
196.0
138.0
148.0
145.0
200.0
235.0
201.0
250.0
195.0
204.0
155.0
169.0
136.0
143.0
229.0
168.0
158.0
149.0
177.0
217.0
202.0
219.0
185.0
165.0
203.0
194.0
188.0
209.0
161.0
157.0
137.0
200.0
183.0
213.0
205.0
191.0
155.0
198.0
204.0
219.0
221.0
183.0
183.0
222.0
184.0
221.0
274.0
237.0
237.0
222.0
205.0
169.0
189.0
212.0
216.0
195.0
207.0
200.0
156.0
159.0
142.0
195.0
200.0
183.0
211.0
203.0
226.0
200.0
232.0
220.0
263.0
250.0
246.0
217.0
196.0
204.0
181.0
193.0
202.0
225.0
193.0
254.0
273.0
182.0
203.0
225.0
250.0
224.0
235.0
198.0
154.0
188.0
177.0
222.0
140.0
203.0
207.0
205.0
148.0
187.0
222.0
211.0
218.0
193.0
276.0
247.0
260.0
235.0
252.0
259.0
266.0
241.0
235.0
267.0
216.0
261.0
249.0
281.0
293.0
211.0
212.0
244.0
257.0
269.0
238.0
212.0
293.0
260.0
243.0
308.0
325.0
319.0
298.0
232.0
290.0
252.0
228.0
180.0
237.0
297.0
251.0
259.0
220.0
212.0
212.0
167.0
187.0
243.0
254.0
167.0
199.0
131.0
175.0
147.0
108.0
146.0
156.0
151.0
126.0
134.0
119.0
72.0
150.0
174.0
129.0
153.0
146.0
194.0
111.0
117.0
112.0
58.0
91.0
50.0
72.0
109.0
36.0
38.0
34.0
54.0
43.0
66.0
22.0
69.0
49.0
13.0
-1.0
63.0
20.0
60.0
-2.0
47.0
-1.0
5.0
-2.0
16.0
-44.0
8.0
-21.0
-6.0
-26.0
-8.0
-9.0
-17.0
-74.0
-18.0
-65.0
-83.0
-129.0
-47.0
-83.0
-121.0
-76.0
-105.0
-120.0
-136.0
-145.0
-105.0
-134.0
-143.0
-186.0
-165.0
-153.0
-135.0
-191.0
-197.0
-201.0
-170.0
-200.0
-250.0
-168.0
-243.0
-251.0
-232.0
-272.0
-295.0
-346.0
-307.0
-297.0
-336.0
-305.0
-314.0
-291.0
-336.0
-384.0
-383.0
-336.0
-359.0
-383.0
-298.0
-367.0
-376.0
-322.0
-301.0
-372.0
-329.0
-305.0
-295.0
-294.0
-307.0
-301.0
-353.0
-291.0
-263.0
-317.0
-324.0
-310.0
-315.0
-274.0
-341.0
-272.0
-318.0
-272.0
-305.0
-332.0
-275.0
-324.0
-331.0
-344.0
-364.0
-336.0
-341.0
-313.0
-369.0
-361.0
-372.0
-394.0
-426.0
-365.0
-328.0
-392.0
-339.0
-370.0
-372.0
-364.0
-373.0
-319.0
-359.0
-353.0
-277.0
-313.0
-357.0
-360.0
-328.0
-330.0
-306.0
-320.0
-325.0
-332.0
-348.0
-353.0
-357.0
-342.0
-337.0
-351.0
-390.0
-356.0
-337.0
-354.0
-322.0
-293.0
-323.0
-351.0
-363.0
-358.0
-314.0
-344.0
-334.0
-346.0
-312.0
-326.0
-297.0
-307.0
-273.0
-284.0
-284.0
-284.0
-268.0
-302.0
-253.0
-248.0
-230.0
-247.0
-304.0
-264.0
-258.0
-219.0
-244.0
-246.0
-214.0
-186.0
-258.0
-241.0
-259.0
-319.0
-247.0
-279.0
-264.0
-287.0
-282.0
-268.0
-269.0
-253.0
-249.0
-223.0
-290.0
-254.0
-250.0
-260.0
-250.0
-285.0
-287.0
-245.0
-229.0
-224.0
-296.0
-291.0
-339.0
-329.0
-241.0
-264.0
-261.0
-243.0
-253.0
-301.0
-286.0
-263.0
-273.0
-274.0
-202.0
-205.0
-258.0
-247.0
-231.0
-262.0
-229.0
-267.0
-247.0
-290.0
-244.0
-232.0
-210.0
-254.0
-241.0
-232.0
-289.0
-274.0
-223.0
-228.0
-223.0
-230.0
-205.0
-213.0
-253.0
-222.0
-308.0
-197.0
-219.0
-249.0
-190.0
-188.0
-211.0
-229.0
-213.0
-203.0
-215.0
-221.0
-115.0
-142.0
-166.0
-210.0
-149.0
-220.0
-144.0
-152.0
-133.0
-163.0
-140.0
-183.0
-150.0
-154.0
-126.0
-136.0
-112.0
-136.0
-149.0
-100.0
-134.0
-85.0
-153.0
-106.0
-102.0
-79.0
-121.0
-92.0
-59.0
-34.0
-23.0
-61.0
-74.0
-90.0
-106.0
-89.0
-65.0
-82.0
-77.0
-87.0
-93.0
-115.0
-54.0
-50.0
-76.0
-120.0
-77.0
-97.0
-135.0
-101.0
-60.0
-37.0
-51.0
-40.0
-80.0
-49.0
-99.0
-46.0
-109.0
-97.0
-79.0
-46.0
-40.0
-48.0
-63.0
-59.0
-55.0
-62.0
-108.0
-57.0
-28.0
-46.0
-64.0
-81.0
-73.0
-51.0
-59.0
-71.0
-3.0
-13.0
-14.0
6.0
-27.0
7.0
-44.0
5.0
20.0
4.0
-6.0
-36.0
-7.0
-14.0
-11.0
4.0
22.0
-33.0
-7.0
-3.0
-43.0
1.0
22.0
-1.0
-39.0
-10.0
42.0
31.0
10.0
78.0
-5.0
-8.0
3.0
46.0
-7.0
-1.0
1.0
7.0
-29.0
-26.0
41.0
19.0
1.0
13.0
46.0
24.0
-17.0
-14.0
-36.0
-50.0
-24.0
-22.0
7.0
-7.0
-1.0
-4.0
19.0
-35.0
44.0
102.0
92.0
36.0
-30.0
40.0
16.0
64.0
16.0
-9.0
5.0
40.0
8.0
45.0
-29.0
21.0
41.0
71.0
62.0
46.0
20.0
76.0
91.0
38.0
80.0
115.0
59.0
68.0
56.0
47.0
116.0
93.0
116.0
89.0
112.0
162.0
118.0
120.0
117.0
88.0
90.0
107.0
73.0
51.0
72.0
116.0
106.0
-2.0
55.0
61.0
