4 0.607350
5 0.612365
7 0.629169
9 0.648423
11 0.666087
13 0.681507
16 0.701816
20 0.725668
23 0.740889
28 0.760651
33 0.775767
38 0.788154
45 0.801255
52 0.810480
60 0.817957
69 0.824217
79 0.829414
91 0.833791
104 0.836454
119 0.837005
135 0.834876
154 0.828824
174 0.818985
198 0.804934
223 0.791362
252 0.779782
285 0.769999
321 0.759334
362 0.747467
407 0.736885
457 0.725486
513 0.713972
575 0.702497
645 0.688142
723 0.669364
809 0.643952
905 0.611861
1011 0.576335
1130 0.541881
1261 0.514118
1407 0.497390
1570 0.488701
1750 0.481475
