4 0.730027
5 0.746914
7 0.775859
9 0.798381
11 0.816277
13 0.831632
16 0.852666
20 0.878377
23 0.894924
28 0.915896
33 0.929584
38 0.938171
45 0.945299
52 0.949322
60 0.951735
69 0.952781
79 0.952704
91 0.951569
104 0.949585
119 0.946697
135 0.943133
154 0.938464
174 0.933182
198 0.926465
223 0.919076
252 0.910036
285 0.899217
321 0.887137
362 0.873478
407 0.858720
457 0.842559
513 0.825367
575 0.808675
645 0.793844
723 0.781744
809 0.771382
905 0.761792
1011 0.753113
1130 0.745297
1261 0.739086
1407 0.734675
1570 0.735079
