4 0.688637
5 0.712252
7 0.745922
9 0.768418
11 0.783580
13 0.794110
16 0.805196
20 0.815039
23 0.819747
28 0.824117
33 0.825766
38 0.825697
45 0.823652
52 0.819892
60 0.814199
69 0.807402
79 0.800828
91 0.794946
104 0.790813
119 0.788255
135 0.787185
154 0.787162
174 0.787744
198 0.788468
223 0.788667
252 0.787902
285 0.786004
321 0.783266
362 0.779892
407 0.776285
457 0.772667
513 0.769604
575 0.767979
645 0.768045
723 0.769123
809 0.770864
905 0.772654
1011 0.774282
1130 0.776008
1261 0.776569
1407 0.774018
1570 0.768960
