4 0.539243
5 0.575352
7 0.645045
9 0.708957
11 0.759952
13 0.797432
16 0.836707
20 0.871164
23 0.888985
28 0.908941
33 0.920599
38 0.927202
45 0.931980
52 0.934079
60 0.934616
69 0.933897
79 0.932272
91 0.929714
104 0.926439
119 0.922148
135 0.916979
154 0.910129
174 0.902454
198 0.893178
223 0.883882
252 0.873748
285 0.862752
321 0.851029
362 0.837847
407 0.823450
457 0.807190
513 0.788243
575 0.766792
645 0.743217
723 0.718611
809 0.694400
905 0.670466
1011 0.647286
1130 0.624877
1261 0.604261
1407 0.586632
1570 0.571833
1750 0.560444
