4 0.618023
5 0.626916
7 0.645742
9 0.665673
11 0.685672
13 0.704275
16 0.728683
20 0.756091
23 0.773115
28 0.793427
33 0.805985
38 0.814214
45 0.821237
52 0.824443
60 0.824757
69 0.822200
79 0.817205
91 0.809410
104 0.800077
119 0.789114
135 0.777655
154 0.764629
174 0.752391
198 0.739551
223 0.727605
252 0.714821
285 0.700966
321 0.686267
362 0.669707
407 0.650773
457 0.628869
513 0.604071
575 0.576989
645 0.548047
723 0.520052
809 0.496097
905 0.477560
1011 0.464495
1130 0.454876
1261 0.445474
1407 0.432569
1570 0.412905
