4 0.606748
5 0.613836
7 0.633874
9 0.655665
11 0.676088
13 0.693657
16 0.715403
20 0.739802
23 0.754843
28 0.772405
33 0.781940
38 0.786117
45 0.787208
52 0.785016
60 0.780302
69 0.774001
79 0.766737
91 0.758193
104 0.748855
119 0.738175
135 0.727177
154 0.714560
174 0.701988
198 0.688193
223 0.675619
252 0.662831
285 0.649116
321 0.634943
362 0.621001
407 0.609888
457 0.602988
513 0.601058
575 0.603979
645 0.611630
723 0.622734
809 0.635877
905 0.650836
1011 0.666999
1130 0.682986
1261 0.696528
1407 0.705795
1570 0.710079
1750 0.710878
