4 0.537828
5 0.527827
7 0.524165
9 0.532653
11 0.547780
13 0.567732
16 0.605514
20 0.666120
23 0.710641
28 0.766221
33 0.801752
38 0.827549
45 0.851221
52 0.865602
60 0.875552
69 0.881619
79 0.884539
91 0.884854
104 0.882745
119 0.878631
135 0.873285
154 0.865905
174 0.857175
198 0.845652
223 0.832470
252 0.815344
285 0.793540
321 0.768564
362 0.740083
407 0.709469
457 0.676212
513 0.638921
575 0.596669
645 0.548527
723 0.495788
809 0.439726
905 0.386626
1011 0.344223
1130 0.311800
1261 0.288729
1407 0.273057
1570 0.262566
