4 0.502817
5 0.555041
7 0.661972
9 0.748154
11 0.807587
13 0.847163
16 0.884380
20 0.912656
23 0.925607
28 0.939223
33 0.947434
38 0.952656
45 0.956998
52 0.959258
60 0.960276
69 0.960114
79 0.958834
91 0.956231
104 0.952418
119 0.946913
135 0.939845
154 0.930090
174 0.918794
198 0.904638
223 0.889648
252 0.872341
285 0.852578
321 0.831445
362 0.809405
407 0.787495
457 0.766780
513 0.748010
575 0.731224
645 0.715161
723 0.699389
809 0.683207
905 0.665926
1011 0.647865
1130 0.629980
1261 0.612550
1407 0.595007
1570 0.576024
