4 0.509588
5 0.528477
7 0.573002
9 0.614260
11 0.647575
13 0.675260
16 0.711439
20 0.751556
23 0.774014
28 0.799251
33 0.817449
38 0.832317
45 0.847437
52 0.857938
60 0.865942
69 0.871711
79 0.875630
91 0.878332
104 0.880163
119 0.881750
135 0.883309
154 0.885246
174 0.887295
198 0.889440
223 0.891056
252 0.892237
285 0.892918
321 0.893056
362 0.892246
407 0.889882
457 0.885924
513 0.880722
575 0.874705
645 0.868084
723 0.860632
809 0.851371
905 0.840411
1011 0.829892
1130 0.820929
1261 0.813777
1407 0.808419
1570 0.804780
1750 0.803324
