4 0.120931
5 0.167338
7 0.259334
9 0.339478
11 0.406428
13 0.457910
16 0.506652
20 0.542751
23 0.564736
28 0.603010
33 0.639882
38 0.671703
45 0.707955
52 0.735180
60 0.757761
69 0.775015
79 0.787424
91 0.796084
104 0.800118
119 0.799442
135 0.793557
154 0.781026
174 0.763620
198 0.741535
223 0.722515
252 0.709519
285 0.704612
321 0.704815
362 0.707884
407 0.714095
457 0.720996
513 0.724822
575 0.724381
645 0.718056
723 0.706800
809 0.691578
905 0.673466
1011 0.654215
1130 0.635678
1261 0.617179
1407 0.595149
1570 0.568019
