4 0.450919
5 0.492658
7 0.557530
9 0.603553
11 0.635302
13 0.656481
16 0.675539
20 0.687377
23 0.691176
28 0.694456
33 0.697921
38 0.702165
45 0.707160
52 0.709947
60 0.711203
69 0.710955
79 0.709685
91 0.708063
104 0.707080
119 0.707353
135 0.709580
154 0.714057
174 0.719323
198 0.724713
223 0.728055
252 0.728122
285 0.724100
321 0.716565
362 0.705860
407 0.692071
457 0.674628
513 0.654697
575 0.634172
645 0.614693
723 0.598717
809 0.586865
905 0.577323
1011 0.568201
1130 0.558560
1261 0.549155
1407 0.541677
1570 0.535560
