4 0.017451
5 0.029684
7 0.073934
9 0.150975
11 0.257951
13 0.375493
16 0.533013
20 0.685325
23 0.761861
28 0.841678
33 0.887003
38 0.914136
45 0.936358
52 0.949108
60 0.957821
69 0.963732
79 0.967731
91 0.970559
104 0.972241
119 0.973137
135 0.973334
154 0.972930
174 0.972075
198 0.970761
223 0.969277
252 0.967437
285 0.965205
321 0.962824
362 0.960314
407 0.957794
457 0.955318
513 0.952849
575 0.950080
645 0.946904
723 0.943512
809 0.939785
905 0.935453
1011 0.930042
1130 0.923484
1261 0.916805
1407 0.910529
1570 0.903860
1750 0.896596
