4 0.299269
5 0.314305
7 0.365195
9 0.428864
11 0.491496
13 0.544963
16 0.605803
20 0.660112
23 0.687863
28 0.720513
33 0.743225
38 0.760588
45 0.779149
52 0.792272
60 0.802478
69 0.809959
79 0.814861
91 0.817952
104 0.819644
119 0.820952
135 0.822247
154 0.823760
174 0.825323
198 0.826606
223 0.826842
252 0.825973
285 0.824406
321 0.822549
362 0.819574
407 0.815085
457 0.809210
513 0.801706
575 0.792797
645 0.781951
723 0.767927
809 0.750463
905 0.729974
1011 0.707911
1130 0.685200
1261 0.663631
1407 0.644239
1570 0.626532
1750 0.606491
