4 0.663587
5 0.661036
7 0.660607
9 0.661875
11 0.666325
13 0.675096
16 0.695200
20 0.723989
23 0.739128
28 0.752088
33 0.760632
38 0.768053
45 0.776689
52 0.784511
60 0.791599
69 0.797729
79 0.802439
91 0.805647
104 0.807160
119 0.807653
135 0.807431
154 0.806614
174 0.805234
198 0.803559
223 0.801878
252 0.799637
285 0.796219
321 0.791308
362 0.784606
407 0.775748
457 0.765259
513 0.755242
575 0.748041
645 0.745822
723 0.749503
809 0.757599
905 0.767345
1011 0.778328
1130 0.791559
1261 0.805239
1407 0.818689
1570 0.830852
