4 0.759559
5 0.761662
7 0.768301
9 0.775317
11 0.783343
13 0.792706
16 0.809035
20 0.829837
23 0.840405
28 0.849399
33 0.855070
38 0.859400
45 0.863318
52 0.866165
60 0.868107
69 0.869285
79 0.869829
91 0.869845
104 0.869464
119 0.868959
135 0.868401
154 0.867644
174 0.866616
198 0.865251
223 0.863550
252 0.860867
285 0.856680
321 0.850854
362 0.842988
407 0.832685
457 0.819882
513 0.805795
575 0.792296
645 0.781287
723 0.774171
809 0.770824
905 0.770381
1011 0.772628
1130 0.778177
1261 0.786109
1407 0.796369
1570 0.807400
