4 0.643567
5 0.680591
7 0.732250
9 0.764772
11 0.787148
13 0.802542
16 0.817497
20 0.829405
23 0.834202
28 0.837211
33 0.838861
38 0.840484
45 0.841941
52 0.842536
60 0.842000
69 0.840474
79 0.838315
91 0.835595
104 0.832614
119 0.829073
135 0.824954
154 0.819540
174 0.813344
198 0.805949
223 0.798939
252 0.791882
285 0.784999
321 0.778137
362 0.770341
407 0.761462
457 0.752252
513 0.744599
575 0.740545
645 0.741921
723 0.748488
809 0.757426
905 0.766480
1011 0.774965
1130 0.783699
1261 0.793308
1407 0.804436
1570 0.815651
