4 0.824801
5 0.823216
7 0.826587
9 0.834151
11 0.843421
13 0.853364
16 0.867760
20 0.883601
23 0.892739
28 0.903788
33 0.911706
38 0.917880
45 0.924903
52 0.930691
60 0.935985
69 0.940640
79 0.944403
91 0.947302
104 0.948997
119 0.949746
135 0.949773
154 0.949259
174 0.948162
198 0.946178
223 0.943601
252 0.940509
285 0.937569
321 0.935236
362 0.933186
407 0.931057
457 0.928949
513 0.927207
575 0.925636
645 0.924436
723 0.923970
809 0.923954
905 0.923893
1011 0.923242
1130 0.921417
1261 0.917790
1407 0.912269
1570 0.905094
