4 0.158766
5 0.200457
7 0.293586
9 0.380457
11 0.454264
13 0.515641
16 0.585522
20 0.647173
23 0.679051
28 0.717853
33 0.746313
38 0.768293
45 0.791067
52 0.806077
60 0.815565
69 0.819420
79 0.818808
91 0.814596
104 0.808244
119 0.800404
135 0.792400
154 0.783610
174 0.774787
198 0.764228
223 0.753156
252 0.740079
285 0.724821
321 0.708169
362 0.689219
407 0.668627
457 0.646973
513 0.625560
575 0.606595
645 0.590962
723 0.579851
809 0.573280
905 0.571148
1011 0.575580
1130 0.587050
1261 0.603585
1407 0.622198
1570 0.639421
