4 0.510564
5 0.546716
7 0.621893
9 0.688321
11 0.738708
13 0.772471
16 0.800315
20 0.813967
23 0.816180
28 0.816654
33 0.819932
38 0.825413
45 0.832469
52 0.838178
60 0.842783
69 0.845280
79 0.845705
91 0.843829
104 0.839946
119 0.834146
135 0.827183
154 0.818565
174 0.809529
198 0.799108
223 0.788457
252 0.775318
285 0.758613
321 0.738746
362 0.715963
407 0.692669
457 0.670385
513 0.651058
575 0.636171
645 0.625603
723 0.618287
809 0.611678
905 0.604869
1011 0.598451
1130 0.591611
1261 0.583010
1407 0.572033
1570 0.559535
