4 0.092136
5 0.143376
7 0.271260
9 0.402799
11 0.510206
13 0.588541
16 0.666586
20 0.728455
23 0.757661
28 0.789536
33 0.809655
38 0.822816
45 0.834235
52 0.840937
60 0.845431
69 0.848087
79 0.849431
91 0.849931
104 0.849501
119 0.847646
135 0.844027
154 0.837767
174 0.829534
198 0.818689
223 0.807522
252 0.795428
285 0.782683
321 0.769601
362 0.755219
407 0.739555
457 0.722613
513 0.704446
575 0.684841
645 0.665161
723 0.647280
809 0.632391
905 0.621438
1011 0.614084
1130 0.610302
1261 0.609699
1407 0.610737
1570 0.612205
