4 0.333688
5 0.365575
7 0.423560
9 0.473144
11 0.515670
13 0.553736
16 0.603347
20 0.654538
23 0.682866
28 0.717660
33 0.742629
38 0.761026
45 0.780250
52 0.795070
60 0.808549
69 0.820723
79 0.832271
91 0.844608
104 0.856211
119 0.866842
135 0.875032
154 0.881560
174 0.885961
198 0.889129
223 0.890409
252 0.889814
285 0.887442
321 0.883166
362 0.876223
407 0.866750
457 0.854936
513 0.840929
575 0.825625
645 0.809519
723 0.793488
809 0.777184
905 0.761854
1011 0.747437
1130 0.734565
1261 0.725629
1407 0.721230
1570 0.720332
