4 0.486130
5 0.481271
7 0.492254
9 0.516548
11 0.544218
13 0.569540
16 0.599810
20 0.631212
23 0.652159
28 0.683162
33 0.708819
38 0.730797
45 0.756627
52 0.776382
60 0.793060
69 0.806080
79 0.815985
91 0.824106
104 0.830149
119 0.835082
135 0.839031
154 0.842914
174 0.846413
198 0.849691
223 0.852239
252 0.854382
285 0.855821
321 0.856037
362 0.854281
407 0.850525
457 0.844700
513 0.837152
575 0.828623
645 0.819362
723 0.809612
809 0.799030
905 0.787820
1011 0.777672
1130 0.769029
1261 0.762711
1407 0.757698
1570 0.755038
