4 0.588277
5 0.605856
7 0.659728
9 0.720083
11 0.773915
13 0.817362
16 0.865298
20 0.906664
23 0.926442
28 0.946818
33 0.958972
38 0.967042
45 0.974472
52 0.979285
60 0.982993
69 0.985833
79 0.988023
91 0.989844
104 0.991197
119 0.992238
135 0.992937
154 0.993389
174 0.993528
198 0.993325
223 0.992771
252 0.991848
285 0.990690
321 0.989614
362 0.988669
407 0.987650
457 0.986558
513 0.985758
575 0.985219
645 0.984628
723 0.984291
809 0.984149
905 0.984261
1011 0.984330
1130 0.984107
1261 0.983349
1407 0.982332
1570 0.981192
1750 0.979724
