4 0.119169
5 0.106523
7 0.104329
9 0.120053
11 0.149444
13 0.189186
16 0.257857
20 0.354574
23 0.426911
28 0.526493
33 0.594258
38 0.643357
45 0.690693
52 0.719688
60 0.740276
69 0.753005
79 0.760032
91 0.762935
104 0.763272
119 0.763163
135 0.763802
154 0.765452
174 0.767114
198 0.768170
223 0.768317
252 0.767026
285 0.763254
321 0.756784
362 0.746629
407 0.732040
457 0.712842
513 0.690015
575 0.665740
645 0.640166
723 0.613562
809 0.584138
905 0.552117
1011 0.520300
1130 0.490462
1261 0.465870
1407 0.448838
1570 0.439835
