4 0.604121
5 0.599945
7 0.616811
9 0.646115
11 0.676955
13 0.705665
16 0.743259
20 0.783998
23 0.807807
28 0.836690
33 0.856294
38 0.870036
45 0.883029
52 0.891556
60 0.897971
69 0.902575
79 0.905673
91 0.907573
104 0.908023
119 0.906956
135 0.904395
154 0.899857
174 0.893854
198 0.886224
223 0.879048
252 0.872264
285 0.866469
321 0.861819
362 0.857242
407 0.851886
457 0.845614
513 0.838679
575 0.831754
645 0.825900
723 0.821930
809 0.818950
905 0.816135
1011 0.814528
1130 0.813576
1261 0.811036
1407 0.806804
1570 0.801712
