4 0.796343
5 0.725115
7 0.607274
9 0.553306
11 0.534390
13 0.532511
16 0.544410
20 0.569830
23 0.591835
28 0.628692
33 0.661294
38 0.688249
45 0.716638
52 0.735888
60 0.750475
69 0.760096
79 0.765930
91 0.769129
104 0.770571
119 0.771697
135 0.773468
154 0.776607
174 0.780305
198 0.783929
223 0.786018
252 0.786862
285 0.786904
321 0.786450
362 0.785452
407 0.784030
457 0.782259
513 0.779372
575 0.775317
645 0.769136
723 0.761193
809 0.752232
905 0.742628
1011 0.734646
1130 0.729880
1261 0.726978
1407 0.726113
1570 0.725833
