4 0.727004
5 0.746887
7 0.779606
9 0.805454
11 0.826953
13 0.845925
16 0.871572
20 0.901333
23 0.919628
28 0.941867
33 0.955951
38 0.965109
45 0.973201
52 0.978118
60 0.981714
69 0.984309
79 0.986194
91 0.987668
104 0.988715
119 0.989534
135 0.990172
154 0.990790
174 0.991374
198 0.992007
223 0.992567
252 0.993082
285 0.993536
321 0.993943
362 0.994342
407 0.994709
457 0.995022
513 0.995276
575 0.995456
645 0.995539
723 0.995504
809 0.995369
905 0.995136
1011 0.994847
1130 0.994570
1261 0.994370
1407 0.994247
1570 0.994159
1750 0.994080
