4 0.851415
5 0.865565
7 0.891632
9 0.913287
11 0.929696
13 0.941421
16 0.953377
20 0.963849
23 0.969238
28 0.975269
33 0.979052
38 0.981573
45 0.983913
52 0.985446
60 0.986614
69 0.987479
79 0.988096
91 0.988544
104 0.988810
119 0.988934
135 0.988920
154 0.988761
174 0.988456
198 0.987937
223 0.987260
252 0.986337
285 0.985127
321 0.983658
362 0.981854
407 0.979800
457 0.977586
513 0.975324
575 0.972948
645 0.970064
723 0.966394
809 0.961981
905 0.956866
1011 0.950902
1130 0.944332
1261 0.937814
1407 0.932140
1570 0.926877
