4 0.364200
5 0.368712
7 0.397201
9 0.439040
11 0.485419
13 0.530965
16 0.593667
20 0.664083
23 0.704672
28 0.752862
33 0.786616
38 0.811483
45 0.835946
52 0.852487
60 0.865322
69 0.874793
79 0.881293
91 0.885625
104 0.887785
119 0.888299
135 0.887143
154 0.883959
174 0.878939
198 0.871173
223 0.861453
252 0.848380
285 0.831791
321 0.812626
362 0.790613
407 0.767493
457 0.743882
513 0.719665
575 0.693789
645 0.663501
723 0.626755
809 0.582662
905 0.530022
1011 0.470523
1130 0.408885
1261 0.350531
1407 0.297223
1570 0.248734
