4 0.584048
5 0.593548
7 0.604048
9 0.610872
11 0.617379
13 0.624523
16 0.635945
20 0.648991
23 0.655706
28 0.664776
33 0.673758
38 0.680362
45 0.683313
52 0.680880
60 0.675431
69 0.668168
79 0.660388
91 0.651052
104 0.639674
119 0.626267
135 0.613176
154 0.598488
174 0.583897
198 0.567055
223 0.549659
252 0.530952
285 0.513537
321 0.499105
362 0.488856
407 0.484059
457 0.484539
513 0.488498
575 0.492867
645 0.495405
723 0.493037
809 0.485519
905 0.477629
1011 0.474768
1130 0.480575
1261 0.491946
1407 0.505138
1570 0.518405
