4 0.412224
5 0.486963
7 0.591227
9 0.643670
11 0.668880
13 0.681186
16 0.687842
20 0.685464
23 0.679641
28 0.670034
33 0.664905
38 0.662566
45 0.660224
52 0.658870
60 0.657807
69 0.656229
79 0.654188
91 0.651533
104 0.648243
119 0.643830
135 0.638639
154 0.631732
174 0.623945
198 0.614677
223 0.605788
252 0.596532
285 0.587671
321 0.579968
362 0.572412
407 0.564214
457 0.553944
513 0.540920
575 0.527600
645 0.516196
723 0.506707
809 0.494422
905 0.478795
1011 0.459951
1130 0.439691
1261 0.420534
1407 0.402042
1570 0.379982
