4 0.372562
5 0.403538
7 0.461121
9 0.511928
11 0.554436
13 0.588942
16 0.628853
20 0.669286
23 0.695511
28 0.734397
33 0.766541
38 0.791167
45 0.814875
52 0.829113
60 0.837920
69 0.841963
79 0.842069
91 0.838764
104 0.832408
119 0.822172
135 0.809450
154 0.793155
174 0.775382
198 0.754216
223 0.732524
252 0.707213
285 0.678061
321 0.646936
362 0.613620
407 0.579802
457 0.546105
513 0.512559
575 0.481649
645 0.451010
723 0.417572
809 0.383379
905 0.348883
1011 0.313666
1130 0.275543
1261 0.237588
1407 0.203612
1570 0.176325
