-36.0
-80.0
-62.0
-60.0
-93.0
-12.0
-40.0
-74.0
-49.0
-122.0
-64.0
-51.0
-61.0
-36.0
-89.0
-126.0
-136.0
-161.0
-83.0
-117.0
-142.0
-151.0
-148.0
-181.0
-126.0
-146.0
-154.0
-170.0
-188.0
-93.0
-98.0
-54.0
-101.0
-86.0
-84.0
-67.0
-76.0
-58.0
-85.0
-157.0
-108.0
-127.0
-56.0
-89.0
-86.0
-135.0
-122.0
-152.0
-33.0
-75.0
-72.0
-111.0
-139.0
-46.0
-98.0
-130.0
-101.0
-87.0
24.0
-190.0
-113.0
-60.0
-139.0
-202.0
-77.0
-178.0
-66.0
-111.0
-118.0
5.0
-75.0
-93.0
3.0
-79.0
3.0
-3.0
-167.0
-55.0
-89.0
-55.0
12.0
-69.0
-80.0
18.0
-115.0
-101.0
-148.0
-88.0
-134.0
-131.0
-89.0
-96.0
-72.0
-46.0
-144.0
-74.0
-78.0
-143.0
-39.0
-96.0
-121.0
2.0
-124.0
-132.0
-48.0
-127.0
-119.0
-225.0
-167.0
-147.0
-203.0
-220.0
-142.0
-158.0
-107.0
-104.0
-201.0
-115.0
-122.0
-180.0
-143.0
-217.0
-76.0
-98.0
-210.0
-124.0
-240.0
-152.0
-148.0
-180.0
-124.0
-80.0
-89.0
-139.0
-145.0
-102.0
-105.0
-213.0
-103.0
-78.0
-107.0
-116.0
-147.0
-99.0
-108.0
-237.0
-148.0
-134.0
-146.0
-130.0
-107.0
-80.0
-117.0
-166.0
-127.0
-79.0
-150.0
-25.0
-246.0
-156.0
-73.0
-98.0
-112.0
-127.0
-118.0
-68.0
-182.0
-196.0
-96.0
-94.0
-73.0
0.0
-67.0
12.0
-83.0
-106.0
-51.0
-43.0
6.0
-19.0
-50.0
2.0
65.0
-34.0
-56.0
-140.0
-55.0
-61.0
-91.0
-122.0
-16.0
-98.0
-3.0
-98.0
-37.0
64.0
-158.0
-5.0
-43.0
-45.0
20.0
-58.0
-27.0
-25.0
-61.0
-3.0
-29.0
-83.0
-14.0
-65.0
-70.0
-49.0
-99.0
-64.0
-89.0
-191.0
-33.0
-131.0
-11.0
-30.0
-31.0
-22.0
-122.0
-164.0
-112.0
-155.0
-112.0
-56.0
-63.0
-157.0
-130.0
-125.0
-112.0
-185.0
-119.0
-105.0
-185.0
-185.0
-143.0
-98.0
-173.0
-165.0
-80.0
-117.0
-223.0
-111.0
-100.0
-97.0
33.0
-78.0
-52.0
-78.0
-99.0
-63.0
-91.0
-88.0
-46.0
-139.0
-50.0
-115.0
-191.0
-99.0
-120.0
-95.0
-42.0
-180.0
-133.0
-192.0
-167.0
-134.0
-114.0
-152.0
-8.0
-21.0
-83.0
-104.0
-54.0
-158.0
-152.0
-262.0
-100.0
-148.0
-107.0
-33.0
-66.0
-130.0
-113.0
-114.0
-75.0
-139.0
-115.0
-73.0
-219.0
-91.0
-75.0
-138.0
-63.0
-145.0
-77.0
-123.0
-108.0
-2.0
-68.0
-100.0
-80.0
-150.0
-121.0
-71.0
-50.0
-19.0
-46.0
-84.0
-118.0
-129.0
-111.0
-2.0
-150.0
-72.0
-132.0
-119.0
-35.0
-108.0
-63.0
-16.0
-178.0
-118.0
-215.0
-199.0
-161.0
-119.0
-31.0
-62.0
-152.0
-135.0
-154.0
-66.0
-113.0
-178.0
-51.0
-44.0
-192.0
-136.0
-191.0
-150.0
-125.0
-117.0
-100.0
-102.0
-133.0
-17.0
-119.0
-147.0
-43.0
-121.0
-44.0
-75.0
-119.0
-100.0
-88.0
-155.0
-15.0
-102.0
-88.0
-48.0
-106.0
-105.0
-134.0
-61.0
-39.0
-120.0
-30.0
-49.0
-53.0
-4.0
-97.0
-100.0
-152.0
-179.0
-109.0
-74.0
-125.0
-3.0
-88.0
-191.0
-56.0
-196.0
-140.0
-96.0
-29.0
-48.0
-92.0
-75.0
-90.0
-213.0
-105.0
-121.0
-93.0
-59.0
-138.0
-80.0
-61.0
-108.0
-67.0
-126.0
-74.0
-129.0
-77.0
-115.0
-11.0
-96.0
-82.0
-83.0
-141.0
-53.0
-120.0
-106.0
24.0
-114.0
-65.0
-121.0
-236.0
-95.0
-183.0
-119.0
-75.0
-107.0
-5.0
-22.0
-96.0
78.0
11.0
42.0
178.0
128.0
149.0
116.0
80.0
135.0
114.0
90.0
95.0
9.0
83.0
-4.0
1.0
68.0
-39.0
-16.0
82.0
-39.0
72.0
21.0
-83.0
90.0
-17.0
54.0
31.0
-99.0
10.0
-17.0
-142.0
-53.0
-82.0
-52.0
-39.0
-81.0
-83.0
-54.0
-72.0
-36.0
-44.0
-78.0
12.0
-71.0
-73.0
50.0
-125.0
-97.0
-75.0
-92.0
-71.0
-164.0
5.0
-50.0
-142.0
-45.0
-87.0
-35.0
13.0
-115.0
-36.0
35.0
-28.0
-37.0
-101.0
-73.0
-49.0
-65.0
-60.0
-97.0
-126.0
-74.0
-122.0
-108.0
-60.0
-120.0
-102.0
-82.0
-64.0
-73.0
-51.0
-43.0
18.0
-26.0
45.0
-10.0
-55.0
-33.0
-42.0
-24.0
10.0
1.0
32.0
-12.0
-48.0
-29.0
-57.0
-67.0
-37.0
-40.0
-44.0
-45.0
-82.0
-68.0
-14.0
-116.0
-11.0
-154.0
-22.0
-67.0
-166.0
-60.0
-124.0
-105.0
-99.0
-154.0
-44.0
-36.0
-137.0
-90.0
-98.0
-81.0
-83.0
-190.0
-48.0
-48.0
-69.0
-33.0
-79.0
-34.0
6.0
-112.0
-16.0
51.0
-23.0
-45.0
-51.0
-22.0
-49.0
-53.0
-27.0
-6.0
-51.0
-24.0
-91.0
-56.0
1.0
-71.0
-1.0
-8.0
-106.0
-21.0
-148.0
-45.0
12.0
-72.0
-39.0
-30.0
-91.0
-76.0
-36.0
-46.0
-73.0
-76.0
-1.0
-110.0
-72.0
-74.0
-65.0
-106.0
-65.0
-139.0
-16.0
-165.0
-191.0
-158.0
-173.0
-81.0
-48.0
-208.0
-73.0
-120.0
-136.0
-46.0
-97.0
-133.0
-154.0
-168.0
-134.0
-77.0
-124.0
-101.0
-150.0
-96.0
-102.0
-185.0
-92.0
-144.0
-119.0
-48.0
-118.0
-167.0
-73.0
-99.0
-84.0
-156.0
-147.0
-142.0
-130.0
-116.0
-104.0
-136.0
-64.0
-111.0
-203.0
-55.0
-148.0
-52.0
-149.0
-159.0
-145.0
-129.0
-154.0
-103.0
-153.0
-179.0
-91.0
-228.0
-90.0
-134.0
-164.0
-117.0
-138.0
-91.0
-129.0
-161.0
-63.0
-99.0
-90.0
-125.0
-122.0
-133.0
11.0
-183.0
-62.0
-41.0
-75.0
-5.0
-8.0
-140.0
-26.0
-44.0
-33.0
-30.0
-117.0
-19.0
-42.0
-81.0
54.0
-161.0
-41.0
-83.0
-98.0
52.0
10.0
33.0
137.0
9.0
19.0
65.0
-23.0
13.0
12.0
22.0
-5.0
-82.0
-42.0
23.0
-74.0
20.0
-7.0
-128.0
-6.0
-50.0
-96.0
-17.0
-105.0
43.0
-52.0
-59.0
-32.0
-44.0
14.0
-46.0
-123.0
-15.0
-57.0
-49.0
-48.0
-14.0
-62.0
18.0
-58.0
37.0
-102.0
-109.0
-70.0
-125.0
-49.0
-45.0
-101.0
47.0
-118.0
-22.0
-33.0
-79.0
-56.0
17.0
-150.0
-73.0
-42.0
-61.0
18.0
-84.0
98.0
20.0
-79.0
-96.0
-87.0
-51.0
-13.0
-116.0
69.0
32.0
-49.0
-31.0
-77.0
-21.0
-11.0
-69.0
2.0
-59.0
15.0
-10.0
-37.0
46.0
-11.0
-119.0
-32.0
30.0
-72.0
-7.0
-42.0
-67.0
-111.0
-160.0
-59.0
-64.0
-229.0
-162.0
-101.0
-93.0
-137.0
-166.0
-66.0
-68.0
-66.0
-127.0
-65.0
-129.0
-16.0
-155.0
-4.0
56.0
-67.0
-43.0
-127.0
-124.0
7.0
-161.0
-120.0
43.0
-124.0
10.0
-83.0
-23.0
30.0
-92.0
-10.0
-67.0
-108.0
-94.0
-128.0
-131.0
-55.0
-148.0
-121.0
-104.0
-106.0
-112.0
-116.0
-156.0
-86.0
-150.0
-148.0
-89.0
-104.0
-95.0
-113.0
-134.0
-143.0
-208.0
-207.0
-148.0
-158.0
3.0
-107.0
-148.0
-56.0
-211.0
-110.0
-105.0
-175.0
-104.0
-107.0
-210.0
-63.0
-154.0
-90.0
-129.0
-156.0
-125.0
-118.0
-101.0
-106.0
-161.0
-162.0
-128.0
-124.0
-74.0
-64.0
-93.0
-82.0
-150.0
-136.0
-158.0
-107.0
-33.0
-67.0
-109.0
-39.0
-99.0
-134.0
-70.0
-153.0
-36.0
-169.0
-138.0
-62.0
-162.0
-188.0
-70.0
-156.0
-94.0
-146.0
-200.0
-99.0
-89.0
-122.0
-67.0
-203.0
-110.0
-8.0
-139.0
-69.0
-89.0
-55.0
-45.0
-161.0
-23.0
-144.0
-146.0
-110.0
-105.0
-95.0
-75.0
-182.0
-108.0
-178.0
-134.0
-92.0
-87.0
-167.0
-195.0
-173.0
-156.0
-196.0
-176.0
-129.0
-129.0
-148.0
-73.0
-163.0
-164.0
-112.0
-110.0
-65.0
-96.0
-130.0
9.0
-142.0
-91.0
-131.0
-109.0
-214.0
-233.0
-155.0
-102.0
-115.0
-50.0
-151.0
-188.0
-120.0
-172.0
-101.0
-112.0
-77.0
-131.0
-151.0
-93.0
-88.0
-197.0
-174.0
-149.0
-121.0
-25.0
-151.0
-121.0
-62.0
-78.0
-140.0
-76.0
-123.0
-105.0
-158.0
-56.0
-100.0
-177.0
-135.0
-75.0
-164.0
-157.0
-106.0
-156.0
-120.0
-164.0
-121.0
-155.0
-148.0
-191.0
-167.0
-139.0
-113.0
-193.0
-152.0
-109.0
-145.0
-267.0
-203.0
-203.0
-133.0
-156.0
-130.0
-45.0
-230.0
-155.0
-132.0
-176.0
-137.0
-208.0
-173.0
-87.0
-190.0
-85.0
-223.0
-154.0
-117.0
-167.0
-185.0
-89.0
-186.0
-145.0
-159.0
-180.0
-80.0
-138.0
-150.0
-65.0
-209.0
-48.0
-150.0
-180.0
-45.0
-161.0
-23.0
-36.0
-251.0
-159.0
-87.0
-147.0
-108.0
-111.0
-145.0
-109.0
-197.0
-120.0
-164.0
-198.0
-101.0
-163.0
-74.0
-114.0
-130.0
-139.0
-167.0
-162.0
-144.0
-224.0
-110.0
-111.0
-167.0
-112.0
-139.0
-120.0
-12.0
-94.0
-200.0
-121.0
-147.0
-143.0
-161.0
-111.0
-119.0
-127.0
-45.0
-89.0
-100.0
-182.0
-166.0
-180.0
-112.0
-181.0
-107.0
-22.0
-163.0
-124.0
-81.0
-48.0
-122.0
-141.0
-112.0
1.0
-48.0
-106.0
-20.0
-91.0
-55.0
-89.0
-44.0
-109.0
-94.0
-126.0
-123.0
-145.0
-137.0
-142.0
-108.0
-73.0
-125.0
-144.0
-72.0
-195.0
-103.0
-167.0
-101.0
-13.0
-122.0
-91.0
-93.0
-72.0
-58.0
-112.0
-79.0
-136.0
-118.0
-88.0
-111.0
-100.0
-79.0
-158.0
-87.0
-97.0
-88.0
-104.0
-207.0
-96.0
-10.0
-96.0
-104.0
-15.0
-108.0
-25.0
-14.0
-46.0
14.0
-41.0
41.0
74.0
62.0
198.0
61.0
24.0
112.0
86.0
134.0
169.0
108.0
221.0
196.0
159.0
212.0
240.0
220.0
118.0
61.0
210.0
162.0
151.0
203.0
138.0
125.0
148.0
95.0
26.0
56.0
-9.0
72.0
12.0
78.0
7.0
-30.0
34.0
-65.0
-32.0
-40.0
-82.0
-15.0
-63.0
-15.0
-120.0
-110.0
-56.0
1.0
-119.0
-31.0
-15.0
-37.0
-23.0
-13.0
-78.0
-3.0
-108.0
-73.0
-27.0
-134.0
24.0
-64.0
25.0
-26.0
-103.0
23.0
-49.0
-72.0
-115.0
-148.0
-95.0
-50.0
-84.0
-128.0
-71.0
-90.0
-51.0
-110.0
-154.0
-43.0
-67.0
-65.0
-86.0
-35.0
3.0
21.0
21.0
16.0
-161.0
-62.0
43.0
-59.0
-54.0
-66.0
-37.0
-2.0
-65.0
-38.0
-39.0
-111.0
-88.0
-102.0
-84.0
-34.0
-87.0
-6.0
-30.0
-71.0
0.0
-28.0
10.0
16.0
-82.0
-25.0
-14.0
-89.0
-15.0
-18.0
-77.0
44.0
12.0
36.0
12.0
-22.0
7.0
-178.0
-46.0
52.0
-18.0
5.0
34.0
-2.0
50.0
-143.0
-84.0
-26.0
-50.0
76.0
-8.0
-13.0
33.0
-8.0
-62.0
63.0
-84.0
11.0
43.0
-12.0
15.0
-67.0
-21.0
14.0
-88.0
38.0
64.0
-9.0
74.0
-71.0
72.0
96.0
-86.0
-22.0
16.0
46.0
90.0
-53.0
-40.0
49.0
-13.0
-30.0
-15.0
-132.0
-73.0
-35.0
-33.0
31.0
72.0
-111.0
-24.0
-38.0
62.0
2.0
-33.0
63.0
-10.0
63.0
51.0
-50.0
46.0
-16.0
-26.0
21.0
-64.0
35.0
54.0
-55.0
-1.0
-24.0
47.0
0.0
-33.0
-13.0
-99.0
-16.0
50.0
-16.0
40.0
114.0
-3.0
-24.0
42.0
-10.0
-7.0
-7.0
2.0
1.0
21.0
-36.0
151.0
-158.0
-27.0
-82.0
-87.0
-18.0
26.0
-11.0
60.0
-48.0
22.0
-112.0
-125.0
-45.0
-71.0
1.0
53.0
-27.0
119.0
-7.0
-21.0
54.0
-39.0
-26.0
14.0
4.0
-81.0
-62.0
-86.0
-57.0
-16.0
-16.0
-38.0
-111.0
-10.0
-48.0
-18.0
56.0
29.0
43.0
-51.0
-26.0
80.0
-25.0
-39.0
-50.0
-39.0
5.0
34.0
-139.0
-41.0
13.0
-69.0
-65.0
-15.0
-106.0
-65.0
-92.0
7.0
-47.0
-37.0
-36.0
-76.0
6.0
36.0
-95.0
2.0
-34.0
-87.0
31.0
-112.0
-67.0
-44.0
-53.0
-12.0
-100.0
-50.0
7.0
-43.0
-71.0
-39.0
-52.0
34.0
-73.0
-63.0
-1.0
-146.0
-93.0
-72.0
-49.0
16.0
-87.0
-86.0
-31.0
-62.0
-7.0
-6.0
-3.0
-13.0
-105.0
-82.0
-28.0
-97.0
-40.0
-55.0
-145.0
-60.0
-150.0
-109.0
25.0
-131.0
-82.0
42.0
-185.0
-8.0
-33.0
-10.0
-40.0
49.0
-96.0
-81.0
-53.0
-29.0
-71.0
-64.0
41.0
-52.0
-157.0
-103.0
-166.0
-3.0
-106.0
-110.0
1.0
-76.0
-107.0
-35.0
-102.0
-53.0
-99.0
-149.0
-31.0
-174.0
-44.0
24.0
-53.0
53.0
18.0
51.0
81.0
43.0
85.0
166.0
95.0
193.0
276.0
182.0
254.0
145.0
181.0
157.0
136.0
218.0
98.0
42.0
182.0
91.0
87.0
155.0
112.0
48.0
154.0
55.0
41.0
-8.0
20.0
71.0
-73.0
55.0
16.0
19.0
75.0
-78.0
-20.0
34.0
-84.0
91.0
-23.0
-3.0
2.0
-6.0
-21.0
30.0
-100.0
-27.0
-35.0
-17.0
101.0
33.0
-41.0
-20.0
-13.0
11.0
17.0
-87.0
17.0
-11.0
43.0
-29.0
-122.0
66.0
-30.0
-55.0
86.0
25.0
-21.0
7.0
-102.0
23.0
-45.0
-135.0
38.0
68.0
-81.0
5.0
-40.0
17.0
-26.0
-51.0
10.0
-15.0
-73.0
-68.0
-34.0
-55.0
-52.0
-52.0
14.0
-65.0
26.0
55.0
-73.0
30.0
-74.0
-99.0
11.0
-110.0
-7.0
35.0
-89.0
34.0
-17.0
-25.0
86.0
-159.0
-94.0
-22.0
-159.0
-121.0
-71.0
-75.0
20.0
-118.0
-46.0
-83.0
-123.0
-107.0
-101.0
-98.0
-104.0
-99.0
-48.0
12.0
-126.0
-81.0
-142.0
-176.0
-106.0
-178.0
-103.0
-99.0
-72.0
-49.0
-116.0
-105.0
-43.0
-103.0
-112.0
-96.0
-101.0
-121.0
-95.0
-96.0
-48.0
-166.0
-203.0
-103.0
-149.0
-49.0
-115.0
-118.0
-76.0
-91.0
-100.0
-147.0
-179.0
-135.0
-154.0
-158.0
-250.0
-227.0
-147.0
-188.0
-295.0
-162.0
-318.0
-343.0
-373.0
-479.0
-505.0
-540.0
-560.0
-551.0
-549.0
-546.0
-549.0
-544.0
-546.0
-550.0
-546.0
-553.0
-554.0
-553.0
-560.0
-558.0
-560.0
-561.0
-561.0
-560.0
-554.0
-562.0
-559.0
-558.0
-559.0
-562.0
-560.0
-559.0
-559.0
-558.0
-562.0
-557.0
-546.0
-550.0
-555.0
-534.0
-539.0
-512.0
-548.0
-515.0
-536.0
-530.0
-553.0
-448.0
-472.0
-448.0
-427.0
-463.0
-461.0
-454.0
-541.0
-475.0
-487.0
-454.0
-428.0
-480.0
-421.0
-353.0
-457.0
-436.0
-372.0
-404.0
-296.0
-357.0
-343.0
-283.0
-353.0
-334.0
-308.0
-299.0
-178.0
-220.0
-193.0
-62.0
-119.0
-13.0
-7.0
-53.0
8.0
33.0
147.0
152.0
96.0
105.0
93.0
43.0
99.0
59.0
171.0
100.0
-52.0
-22.0
3.0
-37.0
22.0
-80.0
-31.0
73.0
1.0
-48.0
-2.0
-92.0
-22.0
-37.0
-81.0
-17.0
-55.0
-21.0
12.0
-187.0
-43.0
-144.0
-78.0
2.0
-104.0
-52.0
-112.0
-129.0
-5.0
-67.0
-41.0
-88.0
-93.0
-14.0
2.0
-139.0
-45.0
-73.0
-29.0
59.0
-26.0
-30.0
-23.0
-37.0
-24.0
-63.0
42.0
206.0
3.0
86.0
115.0
-27.0
91.0
92.0
36.0
52.0
80.0
136.0
100.0
114.0
163.0
176.0
73.0
148.0
128.0
215.0
162.0
122.0
209.0
96.0
143.0
269.0
215.0
246.0
152.0
193.0
206.0
255.0
243.0
274.0
192.0
365.0
314.0
158.0
274.0
207.0
174.0
200.0
250.0
281.0
253.0
276.0
308.0
212.0
282.0
322.0
243.0
369.0
252.0
268.0
327.0
362.0
366.0
284.0
334.0
275.0
357.0
349.0
337.0
248.0
395.0
329.0
214.0
371.0
331.0
294.0
348.0
330.0
319.0
382.0
361.0
349.0
347.0
333.0
407.0
333.0
336.0
457.0
342.0
453.0
452.0
376.0
417.0
391.0
417.0
357.0
275.0
423.0
398.0
381.0
551.0
355.0
340.0
458.0
359.0
442.0
397.0
385.0
423.0
417.0
422.0
455.0
351.0
435.0
459.0
474.0
399.0
379.0
471.0
461.0
437.0
416.0
416.0
446.0
433.0
392.0
439.0
491.0
423.0
451.0
388.0
404.0
469.0
428.0
524.0
502.0
476.0
536.0
531.0
470.0
534.0
414.0
426.0
513.0
421.0
480.0
494.0
489.0
541.0
510.0
465.0
504.0
504.0
525.0
511.0
572.0
552.0
468.0
505.0
491.0
476.0
590.0
538.0
523.0
569.0
526.0
454.0
539.0
443.0
489.0
510.0
562.0
590.0
432.0
525.0
556.0
442.0
584.0
496.0
479.0
606.0
523.0
562.0
506.0
547.0
589.0
527.0
465.0
463.0
507.0
526.0
540.0
482.0
504.0
452.0
418.0
435.0
425.0
479.0
524.0
481.0
523.0
592.0
581.0
600.0
584.0
575.0
591.0
581.0
589.0
581.0
552.0
602.0
553.0
542.0
603.0
511.0
548.0
567.0
414.0
543.0
503.0
515.0
508.0
467.0
487.0
476.0
480.0
490.0
469.0
426.0
546.0
420.0
498.0
416.0
369.0
521.0
414.0
361.0
442.0
427.0
417.0
393.0
428.0
342.0
414.0
250.0
328.0
300.0
403.0
422.0
403.0
409.0
442.0
360.0
309.0
323.0
407.0
497.0
394.0
428.0
461.0
343.0
428.0
391.0
523.0
366.0
337.0
416.0
491.0
499.0
484.0
373.0
491.0
393.0
415.0
544.0
358.0
445.0
505.0
398.0
436.0
380.0
371.0
465.0
387.0
423.0
529.0
301.0
403.0
421.0
401.0
429.0
352.0
402.0
405.0
398.0
384.0
426.0
310.0
455.0
401.0
350.0
402.0
388.0
436.0
357.0
345.0
424.0
496.0
425.0
412.0
303.0
468.0
428.0
312.0
440.0
397.0
458.0
536.0
306.0
395.0
374.0
332.0
417.0
443.0
507.0
497.0
483.0
516.0
474.0
246.0
418.0
450.0
419.0
466.0
436.0
579.0
444.0
467.0
432.0
380.0
464.0
473.0
338.0
465.0
432.0
384.0
466.0
395.0
404.0
423.0
370.0
498.0
498.0
360.0
479.0
468.0
552.0
447.0
374.0
448.0
488.0
466.0
543.0
508.0
490.0
460.0
473.0
440.0
477.0
470.0
538.0
428.0
449.0
486.0
463.0
500.0
483.0
442.0
442.0
480.0
460.0
513.0
429.0
514.0
492.0
536.0
414.0
384.0
464.0
453.0
411.0
481.0
553.0
413.0
419.0
392.0
382.0
446.0
436.0
476.0
478.0
527.0
517.0
526.0
316.0
453.0
379.0
487.0
485.0
392.0
430.0
410.0
432.0
416.0
449.0
486.0
427.0
392.0
474.0
476.0
459.0
553.0
498.0
455.0
498.0
520.0
497.0
438.0
503.0
508.0
472.0
587.0
463.0
478.0
474.0
475.0
500.0
460.0
413.0
492.0
542.0
477.0
428.0
309.0
364.0
455.0
343.0
480.0
388.0
474.0
412.0
395.0
343.0
446.0
350.0
416.0
385.0
414.0
305.0
296.0
376.0
385.0
289.0
433.0
376.0
346.0
410.0
411.0
360.0
455.0
310.0
372.0
401.0
373.0
373.0
343.0
322.0
410.0
299.0
348.0
234.0
268.0
294.0
272.0
289.0
374.0
313.0
321.0
378.0
350.0
271.0
286.0
298.0
360.0
328.0
335.0
342.0
305.0
306.0
266.0
281.0
430.0
243.0
201.0
313.0
263.0
334.0
294.0
352.0
378.0
200.0
268.0
304.0
229.0
319.0
267.0
313.0
401.0
335.0
246.0
303.0
242.0
320.0
254.0
359.0
290.0
242.0
309.0
269.0
188.0
385.0
406.0
265.0
284.0
280.0
341.0
354.0
425.0
426.0
218.0
312.0
289.0
312.0
383.0
367.0
373.0
353.0
297.0
299.0
327.0
238.0
343.0
325.0
339.0
270.0
313.0
301.0
393.0
385.0
312.0
314.0
198.0
319.0
267.0
269.0
323.0
292.0
303.0
220.0
263.0
204.0
272.0
246.0
316.0
317.0
318.0
290.0
319.0
347.0
253.0
270.0
334.0
286.0
238.0
253.0
218.0
295.0
214.0
295.0
319.0
202.0
339.0
221.0
266.0
298.0
280.0
291.0
281.0
275.0
344.0
333.0
307.0
344.0
284.0
308.0
329.0
261.0
348.0
364.0
221.0
313.0
332.0
312.0
409.0
199.0
309.0
291.0
267.0
370.0
283.0
284.0
418.0
342.0
411.0
373.0
287.0
307.0
272.0
309.0
388.0
328.0
397.0
269.0
280.0
375.0
328.0
233.0
322.0
377.0
327.0
299.0
261.0
350.0
271.0
360.0
485.0
258.0
385.0
355.0
281.0
347.0
297.0
286.0
327.0
258.0
364.0
318.0
184.0
325.0
241.0
295.0
413.0
301.0
346.0
364.0
285.0
218.0
263.0
259.0
411.0
350.0
366.0
291.0
244.0
326.0
320.0
277.0
344.0
375.0
309.0
362.0
305.0
388.0
331.0
330.0
315.0
314.0
298.0
302.0
298.0
353.0
237.0
244.0
337.0
280.0
252.0
340.0
307.0
320.0
251.0
227.0
365.0
240.0
308.0
304.0
260.0
275.0
249.0
316.0
320.0
236.0
259.0
362.0
237.0
326.0
283.0
345.0
353.0
222.0
202.0
276.0
238.0
335.0
333.0
205.0
324.0
242.0
261.0
329.0
224.0
273.0
240.0
231.0
317.0
282.0
305.0
290.0
214.0
375.0
304.0
307.0
259.0
341.0
375.0
259.0
243.0
320.0
229.0
280.0
287.0
174.0
268.0
229.0
229.0
231.0
172.0
201.0
240.0
240.0
279.0
232.0
313.0
303.0
190.0
213.0
271.0
288.0
328.0
341.0
313.0
391.0
273.0
183.0
290.0
219.0
262.0
285.0
318.0
296.0
234.0
228.0
308.0
222.0
288.0
379.0
261.0
303.0
336.0
268.0
362.0
266.0
310.0
264.0
187.0
250.0
296.0
356.0
203.0
218.0
233.0
246.0
251.0
318.0
373.0
215.0
332.0
247.0
259.0
267.0
359.0
332.0
229.0
256.0
381.0
211.0
312.0
232.0
209.0
280.0
180.0
205.0
361.0
202.0
204.0
249.0
233.0
230.0
230.0
225.0
284.0
271.0
245.0
184.0
229.0
274.0
231.0
223.0
308.0
208.0
190.0
211.0
203.0
155.0
190.0
238.0
300.0
216.0
217.0
261.0
199.0
248.0
220.0
268.0
232.0
220.0
261.0
340.0
205.0
251.0
332.0
224.0
281.0
297.0
205.0
313.0
244.0
326.0
285.0
309.0
380.0
224.0
263.0
326.0
344.0
331.0
272.0
289.0
316.0
196.0
256.0
287.0
275.0
313.0
280.0
233.0
249.0
249.0
212.0
272.0
260.0
323.0
331.0
399.0
436.0
312.0
368.0
369.0
322.0
474.0
491.0
390.0
499.0
475.0
558.0
485.0
444.0
475.0
420.0
514.0
507.0
469.0
526.0
546.0
474.0
547.0
508.0
395.0
502.0
398.0
432.0
343.0
335.0
390.0
354.0
373.0
339.0
271.0
330.0
289.0
277.0
365.0
291.0
234.0
275.0
302.0
351.0
271.0
228.0
263.0
232.0
214.0
211.0
240.0
256.0
139.0
128.0
109.0
143.0
125.0
183.0
93.0
249.0
146.0
79.0
165.0
104.0
89.0
116.0
107.0
188.0
140.0
21.0
124.0
131.0
15.0
-16.0
-15.0
59.0
1.0
-6.0
50.0
135.0
-7.0
61.0
58.0
13.0
17.0
27.0
20.0
84.0
56.0
86.0
97.0
29.0
125.0
-6.0
63.0
58.0
22.0
101.0
40.0
33.0
42.0
71.0
98.0
1.0
-73.0
91.0
106.0
42.0
102.0
-18.0
1.0
76.0
86.0
22.0
24.0
-43.0
40.0
-12.0
52.0
-31.0
14.0
173.0
121.0
14.0
19.0
-12.0
49.0
63.0
58.0
77.0
98.0
156.0
62.0
10.0
33.0
5.0
52.0
153.0
69.0
143.0
180.0
-21.0
129.0
-31.0
60.0
79.0
54.0
182.0
127.0
-74.0
76.0
64.0
11.0
-1.0
-12.0
19.0
67.0
-66.0
-17.0
24.0
61.0
63.0
30.0
-11.0
115.0
-20.0
-7.0
-29.0
-21.0
54.0
-1.0
46.0
37.0
-84.0
81.0
-33.0
-58.0
-48.0
-54.0
121.0
-64.0
41.0
-11.0
55.0
63.0
31.0
67.0
-3.0
-22.0
-34.0
108.0
18.0
-29.0
42.0
-29.0
71.0
0.0
-36.0
26.0
30.0
-1.0
38.0
-27.0
-30.0
5.0
19.0
162.0
2.0
44.0
71.0
-69.0
7.0
91.0
28.0
59.0
149.0
145.0
6.0
21.0
3.0
76.0
80.0
97.0
33.0
-7.0
84.0
-13.0
-27.0
93.0
92.0
102.0
97.0
59.0
88.0
45.0
134.0
89.0
116.0
31.0
20.0
-15.0
117.0
80.0
76.0
142.0
41.0
124.0
76.0
15.0
103.0
-23.0
100.0
24.0
4.0
36.0
44.0
13.0
169.0
-21.0
42.0
111.0
-11.0
75.0
59.0
-2.0
107.0
-5.0
20.0
70.0
-4.0
80.0
15.0
44.0
41.0
71.0
60.0
42.0
18.0
64.0
57.0
64.0
100.0
-17.0
32.0
102.0
99.0
150.0
136.0
17.0
105.0
12.0
28.0
-20.0
51.0
97.0
31.0
68.0
134.0
64.0
84.0
100.0
79.0
-15.0
82.0
82.0
120.0
15.0
82.0
88.0
103.0
158.0
119.0
44.0
99.0
30.0
33.0
32.0
1.0
56.0
37.0
52.0
99.0
-24.0
25.0
43.0
-98.0
74.0
48.0
63.0
87.0
-32.0
-15.0
5.0
-26.0
19.0
25.0
-71.0
-41.0
-46.0
-27.0
-7.0
-15.0
-25.0
-10.0
17.0
98.0
68.0
16.0
142.0
25.0
124.0
55.0
-31.0
75.0
-30.0
110.0
98.0
-34.0
67.0
46.0
53.0
68.0
11.0
148.0
80.0
89.0
91.0
84.0
93.0
115.0
71.0
87.0
155.0
42.0
112.0
89.0
128.0
146.0
16.0
136.0
131.0
68.0
144.0
58.0
36.0
68.0
58.0
83.0
40.0
-22.0
64.0
-8.0
36.0
-11.0
-16.0
125.0
3.0
-2.0
59.0
37.0
46.0
105.0
85.0
138.0
46.0
40.0
146.0
104.0
87.0
204.0
265.0
251.0
248.0
232.0
241.0
272.0
305.0
357.0
250.0
334.0
383.0
357.0
447.0
316.0
230.0
395.0
290.0
301.0
326.0
349.0
425.0
392.0
391.0
322.0
334.0
268.0
327.0
252.0
336.0
360.0
238.0
265.0
107.0
172.0
202.0
152.0
166.0
197.0
120.0
144.0
50.0
49.0
118.0
70.0
80.0
35.0
-67.0
40.0
2.0
-56.0
43.0
-9.0
26.0
-51.0
-35.0
-41.0
52.0
27.0
11.0
-45.0
24.0
-37.0
-22.0
34.0
9.0
55.0
-26.0
-45.0
6.0
-42.0
-18.0
-22.0
-49.0
12.0
-13.0
-100.0
-5.0
75.0
6.0
-31.0
-55.0
-2.0
31.0
34.0
80.0
-2.0
12.0
114.0
-4.0
44.0
50.0
-61.0
17.0
25.0
18.0
114.0
56.0
25.0
86.0
-22.0
64.0
13.0
-44.0
67.0
31.0
84.0
127.0
100.0
9.0
-19.0
6.0
6.0
-50.0
-14.0
96.0
49.0
42.0
-84.0
-41.0
34.0
25.0
-31.0
24.0
-3.0
34.0
-66.0
-42.0
55.0
61.0
1.0
17.0
-45.0
37.0
39.0
-47.0
24.0
-29.0
-42.0
-23.0
-41.0
-6.0
-90.0
-67.0
7.0
-16.0
11.0
-20.0
-20.0
74.0
102.0
-79.0
41.0
4.0
73.0
89.0
34.0
-3.0
5.0
-70.0
66.0
40.0
1.0
46.0
40.0
8.0
95.0
53.0
53.0
44.0
11.0
24.0
6.0
44.0
37.0
13.0
42.0
48.0
45.0
93.0
51.0
138.0
77.0
-17.0
114.0
77.0
58.0
76.0
24.0
174.0
162.0
122.0
126.0
52.0
75.0
206.0
59.0
101.0
71.0
-8.0
55.0
65.0
143.0
-52.0
-105.0
5.0
51.0
41.0
148.0
128.0
150.0
150.0
160.0
132.0
140.0
136.0
276.0
127.0
112.0
192.0
168.0
166.0
204.0
150.0
138.0
159.0
208.0
204.0
130.0
188.0
224.0
149.0
250.0
22.0
62.0
114.0
136.0
120.0
99.0
152.0
86.0
125.0
162.0
133.0
31.0
95.0
119.0
33.0
132.0
174.0
82.0
129.0
56.0
139.0
84.0
46.0
71.0
-2.0
24.0
83.0
-33.0
22.0
24.0
-53.0
11.0
-9.0
13.0
18.0
-71.0
110.0
112.0
-39.0
74.0
58.0
142.0
91.0
50.0
14.0
69.0
-17.0
116.0
41.0
137.0
92.0
76.0
202.0
105.0
-29.0
130.0
2.0
96.0
131.0
84.0
37.0
79.0
58.0
100.0
50.0
54.0
16.0
-14.0
72.0
18.0
35.0
12.0
-5.0
64.0
137.0
165.0
15.0
97.0
91.0
99.0
37.0
62.0
139.0
71.0
-1.0
-25.0
41.0
67.0
-12.0
-17.0
44.0
-24.0
84.0
-2.0
42.0
148.0
95.0
78.0
77.0
42.0
3.0
0.0
16.0
132.0
23.0
95.0
113.0
-36.0
15.0
13.0
26.0
174.0
70.0
42.0
101.0
106.0
187.0
146.0
41.0
106.0
102.0
84.0
147.0
175.0
192.0
12.0
47.0
143.0
98.0
150.0
204.0
165.0
134.0
150.0
87.0
205.0
210.0
136.0
93.0
134.0
183.0
191.0
146.0
143.0
135.0
84.0
132.0
98.0
197.0
145.0
144.0
256.0
181.0
80.0
162.0
143.0
193.0
154.0
84.0
223.0
91.0
30.0
134.0
-30.0
74.0
96.0
95.0
116.0
147.0
-14.0
98.0
74.0
138.0
104.0
122.0
218.0
75.0
83.0
54.0
50.0
170.0
161.0
159.0
35.0
-2.0
69.0
92.0
40.0
236.0
82.0
42.0
82.0
99.0
96.0
123.0
44.0
127.0
108.0
53.0
185.0
213.0
185.0
149.0
210.0
154.0
64.0
81.0
171.0
167.0
89.0
117.0
110.0
125.0
-28.0
-54.0
70.0
-53.0
-12.0
49.0
35.0
158.0
69.0
49.0
54.0
73.0
103.0
166.0
13.0
144.0
167.0
53.0
88.0
49.0
-34.0
64.0
5.0
62.0
93.0
48.0
112.0
77.0
76.0
100.0
46.0
87.0
111.0
73.0
120.0
94.0
130.0
178.0
37.0
183.0
112.0
134.0
112.0
91.0
108.0
174.0
93.0
167.0
107.0
58.0
106.0
20.0
51.0
49.0
46.0
100.0
131.0
99.0
120.0
147.0
164.0
119.0
81.0
67.0
142.0
25.0
122.0
96.0
78.0
7.0
-47.0
115.0
-4.0
8.0
89.0
13.0
14.0
63.0
11.0
87.0
102.0
105.0
150.0
100.0
23.0
142.0
92.0
207.0
66.0
103.0
215.0
125.0
65.0
71.0
64.0
115.0
147.0
124.0
204.0
71.0
103.0
66.0
74.0
123.0
136.0
135.0
155.0
74.0
63.0
103.0
102.0
76.0
205.0
80.0
112.0
38.0
105.0
182.0
58.0
157.0
110.0
97.0
90.0
39.0
67.0
70.0
85.0
112.0
86.0
70.0
131.0
109.0
125.0
177.0
82.0
20.0
89.0
60.0
93.0
92.0
148.0
54.0
64.0
61.0
70.0
67.0
76.0
138.0
-64.0
95.0
44.0
134.0
60.0
37.0
119.0
67.0
44.0
74.0
3.0
176.0
36.0
37.0
53.0
48.0
41.0
79.0
25.0
26.0
82.0
-29.0
136.0
-1.0
42.0
115.0
33.0
86.0
53.0
81.0
39.0
31.0
62.0
68.0
-30.0
45.0
33.0
-5.0
87.0
84.0
-26.0
111.0
20.0
89.0
84.0
19.0
64.0
114.0
63.0
54.0
9.0
80.0
-14.0
88.0
27.0
33.0
49.0
83.0
69.0
157.0
79.0
-60.0
57.0
50.0
33.0
122.0
113.0
99.0
44.0
29.0
101.0
34.0
73.0
49.0
-7.0
108.0
38.0
-11.0
72.0
44.0
53.0
-20.0
-42.0
58.0
48.0
-78.0
115.0
55.0
-4.0
20.0
55.0
64.0
31.0
-17.0
92.0
-29.0
-35.0
-4.0
-35.0
49.0
57.0
-49.0
21.0
-62.0
-83.0
62.0
-65.0
49.0
135.0
-77.0
-65.0
2.0
-21.0
74.0
66.0
26.0
7.0
-25.0
123.0
20.0
128.0
17.0
24.0
84.0
-47.0
-44.0
130.0
67.0
106.0
138.0
69.0
100.0
-42.0
15.0
79.0
52.0
58.0
81.0
65.0
-9.0
34.0
67.0
95.0
109.0
-51.0
100.0
-17.0
45.0
59.0
38.0
24.0
-37.0
3.0
-27.0
-97.0
12.0
42.0
11.0
88.0
-45.0
34.0
-5.0
-111.0
-46.0
-5.0
10.0
79.0
30.0
-91.0
-31.0
-74.0
-22.0
-39.0
-82.0
31.0
-22.0
-89.0
4.0
-74.0
-34.0
28.0
-67.0
32.0
13.0
67.0
56.0
-27.0
8.0
-11.0
-37.0
37.0
49.0
-3.0
-30.0
32.0
-95.0
23.0
-44.0
-34.0
-31.0
-59.0
-70.0
-41.0
-74.0
42.0
-13.0
14.0
-12.0
-97.0
-13.0
-12.0
58.0
48.0
-115.0
-4.0
-24.0
-3.0
-9.0
11.0
65.0
67.0
-54.0
-19.0
-20.0
11.0
162.0
37.0
62.0
71.0
70.0
105.0
102.0
22.0
144.0
-44.0
34.0
100.0
8.0
100.0
81.0
30.0
6.0
18.0
75.0
154.0
65.0
108.0
130.0
174.0
229.0
287.0
256.0
318.0
220.0
322.0
400.0
350.0
427.0
380.0
515.0
269.0
283.0
390.0
381.0
315.0
398.0
364.0
415.0
439.0
440.0
559.0
354.0
360.0
366.0
322.0
391.0
353.0
328.0
319.0
294.0
299.0
268.0
244.0
395.0
233.0
215.0
331.0
286.0
210.0
215.0
203.0
206.0
212.0
94.0
246.0
111.0
100.0
202.0
188.0
117.0
97.0
71.0
191.0
92.0
81.0
122.0
91.0
76.0
73.0
55.0
46.0
24.0
-16.0
162.0
60.0
83.0
98.0
85.0
134.0
-20.0
-21.0
120.0
-32.0
44.0
50.0
16.0
-52.0
-11.0
-34.0
42.0
-20.0
64.0
74.0
-35.0
22.0
-42.0
-48.0
-87.0
-86.0
-6.0
-32.0
-80.0
29.0
-73.0
42.0
-5.0
-102.0
-71.0
25.0
-40.0
16.0
-105.0
-56.0
-8.0
-149.0
-73.0
-49.0
-171.0
-105.0
-115.0
-65.0
-105.0
-221.0
-83.0
-102.0
-124.0
-52.0
-44.0
-154.0
-106.0
-95.0
-100.0
-122.0
-78.0
-31.0
-104.0
-65.0
-128.0
-134.0
-136.0
-106.0
-184.0
-106.0
-70.0
-124.0
-77.0
-182.0
-195.0
-103.0
-170.0
-10.0
-80.0
-87.0
-109.0
-182.0
-169.0
-105.0
-156.0
-73.0
-139.0
-132.0
-109.0
-130.0
-122.0
-89.0
-187.0
-119.0
-200.0
-97.0
-83.0
-128.0
-72.0
-100.0
-251.0
-106.0
-154.0
-125.0
-86.0
-228.0
-204.0
-190.0
-162.0
-155.0
-162.0
-290.0
-149.0
-203.0
-87.0
-190.0
-206.0
-174.0
-205.0
-153.0
-136.0
-202.0
-72.0
-141.0
-213.0
-124.0
-233.0
-167.0
-64.0
-152.0
-120.0
-145.0
-140.0
-78.0
-112.0
-210.0
-135.0
-168.0
-147.0
-156.0
-191.0
-68.0
-190.0
-148.0
-181.0
-247.0
-213.0
-133.0
-172.0
-131.0
-174.0
-126.0
-27.0
-101.0
22.0
48.0
-21.0
44.0
73.0
128.0
203.0
112.0
216.0
143.0
158.0
276.0
183.0
247.0
327.0
125.0
188.0
209.0
54.0
233.0
156.0
105.0
135.0
97.0
129.0
97.0
73.0
42.0
59.0
17.0
39.0
-48.0
-39.0
-94.0
-70.0
-58.0
-68.0
-124.0
-95.0
-127.0
-51.0
-158.0
-161.0
-168.0
-181.0
-138.0
-134.0
-143.0
-67.0
-90.0
-145.0
-52.0
-166.0
-156.0
-116.0
-249.0
-157.0
-112.0
-206.0
-100.0
-161.0
-183.0
-190.0
-259.0
-154.0
-156.0
-180.0
-146.0
-126.0
-156.0
-131.0
-225.0
-34.0
-167.0
-218.0
-156.0
-185.0
-209.0
-90.0
-161.0
-157.0
-153.0
-250.0
-216.0
-272.0
-199.0
-149.0
-173.0
-181.0
-187.0
-243.0
-153.0
-125.0
-217.0
-117.0
-159.0
-173.0
-256.0
-235.0
-105.0
-162.0
-181.0
-192.0
-197.0
-92.0
-203.0
-274.0
-253.0
-212.0
-150.0
-125.0
-136.0
-231.0
-163.0
-159.0
-242.0
-218.0
-179.0
-199.0
-249.0
-195.0
-302.0
-284.0
-157.0
-221.0
-232.0
-103.0
-312.0
-215.0
-193.0
-242.0
-165.0
-163.0
-239.0
-125.0
-246.0
-165.0
-190.0
-159.0
-153.0
-205.0
-99.0
-91.0
-169.0
-197.0
-171.0
-220.0
-84.0
-163.0
-154.0
-134.0
-278.0
-217.0
-152.0
-241.0
-101.0
-135.0
-190.0
-157.0
-153.0
-190.0
-121.0
-266.0
-154.0
-165.0
-181.0
-111.0
-248.0
-118.0
-194.0
-209.0
-105.0
-188.0
-180.0
-134.0
-99.0
-76.0
-185.0
-258.0
-162.0
-134.0
-212.0
-67.0
-180.0
-105.0
-140.0
-146.0
-116.0
-118.0
-113.0
-55.0
-146.0
-64.0
-167.0
-127.0
-27.0
-216.0
-148.0
-68.0
-96.0
-89.0
-48.0
-153.0
-77.0
-141.0
-134.0
-87.0
-147.0
-77.0
-150.0
-120.0
-137.0
-94.0
-152.0
-69.0
-134.0
-43.0
-31.0
-105.0
-61.0
-75.0
-51.0
-96.0
-109.0
-65.0
-58.0
-173.0
-138.0
-116.0
-197.0
-87.0
-183.0
-106.0
3.0
-173.0
-42.0
-110.0
-170.0
-137.0
-112.0
-197.0
-151.0
-200.0
-115.0
-151.0
-118.0
-6.0
-120.0
-196.0
-101.0
-182.0
-96.0
-115.0
-116.0
-77.0
-44.0
-79.0
-13.0
-124.0
-98.0
-57.0
-127.0
-140.0
-186.0
-78.0
-137.0
-186.0
-166.0
-181.0
-118.0
-151.0
-262.0
-111.0
-136.0
-179.0
-15.0
-92.0
-92.0
-90.0
-101.0
-51.0
-31.0
-176.0
-35.0
-89.0
-134.0
-143.0
-223.0
-118.0
-86.0
-169.0
-133.0
-126.0
-221.0
-174.0
-146.0
-140.0
-153.0
-114.0
-100.0
-142.0
-146.0
-69.0
-155.0
-23.0
-48.0
-100.0
-78.0
-54.0
-193.0
-63.0
-101.0
-102.0
4.0
-12.0
-80.0
-64.0
-113.0
-72.0
-93.0
-63.0
-89.0
-73.0
-100.0
-86.0
-59.0
54.0
-119.0
-24.0
-26.0
-90.0
-31.0
-131.0
-91.0
-64.0
-88.0
-34.0
29.0
-167.0
-123.0
-124.0
-110.0
-50.0
-51.0
-19.0
42.0
-76.0
-103.0
-154.0
-111.0
-17.0
-86.0
-24.0
3.0
-98.0
-74.0
-79.0
-133.0
-40.0
-96.0
-7.0
-36.0
-144.0
-41.0
-53.0
-71.0
-31.0
-116.0
-7.0
16.0
-140.0
-120.0
-95.0
-52.0
16.0
-64.0
65.0
-12.0
-88.0
-13.0
-113.0
-95.0
-34.0
-83.0
-14.0
60.0
-166.0
7.0
-112.0
-154.0
-44.0
-79.0
11.0
120.0
-32.0
-61.0
-114.0
-59.0
-38.0
-67.0
-46.0
-8.0
-87.0
-29.0
16.0
-94.0
8.0
-33.0
-136.0
-109.0
-145.0
-33.0
48.0
-30.0
-76.0
-49.0
-21.0
35.0
-16.0
-25.0
-42.0
-55.0
-13.0
-49.0
60.0
64.0
-6.0
65.0
-102.0
-4.0
39.0
-121.0
34.0
1.0
-92.0
-52.0
-36.0
-23.0
-26.0
-29.0
-12.0
-15.0
-30.0
-60.0
-62.0
-64.0
42.0
-61.0
-49.0
63.0
-8.0
-2.0
-118.0
-163.0
-23.0
-127.0
-61.0
-22.0
-41.0
-32.0
-55.0
-118.0
21.0
-25.0
66.0
122.0
-55.0
8.0
-51.0
-18.0
-26.0
2.0
-45.0
70.0
12.0
-33.0
-18.0
-34.0
-20.0
-50.0
12.0
25.0
-13.0
7.0
-59.0
-38.0
-27.0
-23.0
31.0
-8.0
-45.0
41.0
31.0
-67.0
40.0
-19.0
7.0
124.0
-23.0
78.0
80.0
-46.0
27.0
26.0
-2.0
60.0
19.0
70.0
-14.0
-47.0
62.0
-82.0
-7.0
-34.0
-30.0
37.0
-26.0
-72.0
83.0
37.0
-54.0
35.0
-7.0
61.0
57.0
-54.0
-19.0
2.0
13.0
98.0
2.0
84.0
105.0
-59.0
12.0
-61.0
52.0
28.0
14.0
16.0
-17.0
-53.0
18.0
26.0
32.0
67.0
48.0
114.0
105.0
-63.0
-4.0
-32.0
41.0
-21.0
-46.0
46.0
-25.0
-100.0
28.0
12.0
-24.0
30.0
59.0
32.0
165.0
52.0
106.0
84.0
30.0
62.0
16.0
16.0
81.0
4.0
64.0
17.0
100.0
131.0
11.0
30.0
89.0
66.0
-5.0
24.0
56.0
147.0
1.0
110.0
12.0
24.0
-51.0
-105.0
-15.0
-6.0
-15.0
84.0
114.0
32.0
86.0
4.0
2.0
29.0
30.0
87.0
74.0
55.0
30.0
-20.0
42.0
97.0
-4.0
-1.0
33.0
-15.0
68.0
-53.0
14.0
103.0
-18.0
58.0
61.0
18.0
113.0
2.0
44.0
97.0
60.0
54.0
136.0
68.0
123.0
82.0
-21.0
139.0
78.0
140.0
140.0
56.0
96.0
9.0
33.0
124.0
-7.0
143.0
71.0
130.0
144.0
-1.0
72.0
48.0
8.0
24.0
-20.0
14.0
120.0
15.0
31.0
89.0
-29.0
109.0
163.0
54.0
129.0
17.0
109.0
142.0
77.0
134.0
159.0
41.0
131.0
6.0
25.0
143.0
3.0
118.0
67.0
-29.0
103.0
65.0
57.0
80.0
50.0
129.0
102.0
22.0
119.0
59.0
27.0
56.0
60.0
97.0
12.0
53.0
206.0
143.0
-14.0
89.0
-12.0
102.0
54.0
-6.0
100.0
40.0
48.0
-6.0
-64.0
7.0
49.0
14.0
117.0
163.0
72.0
87.0
68.0
79.0
145.0
108.0
-22.0
3.0
23.0
128.0
-32.0
126.0
108.0
18.0
126.0
96.0
59.0
46.0
80.0
122.0
59.0
64.0
136.0
88.0
90.0
100.0
32.0
154.0
54.0
102.0
70.0
118.0
137.0
183.0
33.0
150.0
181.0
91.0
168.0
-4.0
152.0
112.0
59.0
102.0
-30.0
5.0
102.0
-82.0
77.0
85.0
98.0
160.0
136.0
70.0
86.0
3.0
66.0
67.0
33.0
128.0
110.0
108.0
87.0
21.0
49.0
39.0
18.0
-15.0
35.0
30.0
78.0
4.0
36.0
88.0
71.0
72.0
9.0
-62.0
80.0
102.0
29.0
69.0
50.0
169.0
87.0
13.0
206.0
7.0
29.0
81.0
88.0
138.0
49.0
-17.0
50.0
50.0
79.0
61.0
27.0
79.0
-15.0
32.0
41.0
78.0
36.0
124.0
141.0
93.0
-6.0
10.0
143.0
31.0
60.0
48.0
68.0
208.0
44.0
-6.0
26.0
37.0
37.0
52.0
76.0
177.0
168.0
21.0
76.0
105.0
31.0
138.0
38.0
21.0
35.0
43.0
122.0
79.0
108.0
118.0
7.0
-28.0
65.0
43.0
115.0
61.0
125.0
26.0
20.0
46.0
7.0
1.0
131.0
45.0
-41.0
71.0
-38.0
130.0
127.0
90.0
93.0
75.0
34.0
77.0
48.0
120.0
132.0
50.0
122.0
21.0
88.0
25.0
-23.0
82.0
33.0
40.0
60.0
79.0
67.0
120.0
-7.0
100.0
-22.0
5.0
-8.0
-10.0
29.0
79.0
-4.0
-79.0
71.0
-65.0
-15.0
21.0
109.0
32.0
-17.0
31.0
39.0
59.0
36.0
113.0
91.0
42.0
27.0
68.0
14.0
-20.0
43.0
43.0
105.0
41.0
5.0
61.0
102.0
74.0
161.0
159.0
232.0
369.0
209.0
258.0
326.0
292.0
413.0
340.0
386.0
487.0
444.0
367.0
356.0
349.0
412.0
368.0
329.0
374.0
269.0
265.0
230.0
220.0
262.0
237.0
188.0
196.0
185.0
147.0
183.0
136.0
227.0
156.0
138.0
150.0
42.0
76.0
95.0
136.0
127.0
84.0
76.0
115.0
121.0
98.0
96.0
5.0
129.0
-17.0
48.0
59.0
10.0
105.0
-11.0
7.0
82.0
49.0
36.0
35.0
-45.0
-66.0
-26.0
56.0
54.0
-16.0
3.0
79.0
85.0
47.0
24.0
-13.0
16.0
-20.0
30.0
103.0
55.0
55.0
14.0
-100.0
55.0
34.0
-45.0
-2.0
-11.0
52.0
-21.0
-117.0
-30.0
-33.0
-34.0
17.0
14.0
86.0
3.0
-59.0
39.0
17.0
-48.0
72.0
-10.0
101.0
-11.0
-18.0
120.0
43.0
38.0
44.0
50.0
65.0
22.0
1.0
34.0
63.0
1.0
15.0
-29.0
-46.0
5.0
-17.0
95.0
-33.0
59.0
86.0
24.0
13.0
68.0
56.0
-62.0
-15.0
26.0
78.0
71.0
43.0
95.0
50.0
89.0
61.0
-92.0
58.0
-11.0
-4.0
86.0
-24.0
39.0
64.0
8.0
13.0
148.0
78.0
42.0
7.0
83.0
35.0
-7.0
24.0
16.0
-23.0
-28.0
-81.0
76.0
-10.0
13.0
65.0
-87.0
6.0
-7.0
-116.0
78.0
15.0
37.0
60.0
-43.0
12.0
30.0
-62.0
-51.0
15.0
25.0
56.0
-83.0
134.0
-13.0
42.0
114.0
-56.0
-87.0
-25.0
19.0
16.0
-31.0
-53.0
122.0
-1.0
18.0
60.0
32.0
59.0
90.0
12.0
121.0
40.0
4.0
88.0
42.0
-16.0
-36.0
15.0
-42.0
-80.0
-43.0
48.0
-76.0
-59.0
-12.0
-32.0
42.0
-71.0
-33.0
-14.0
-34.0
-22.0
8.0
-14.0
41.0
35.0
41.0
188.0
147.0
165.0
171.0
138.0
281.0
206.0
279.0
315.0
331.0
307.0
326.0
267.0
460.0
291.0
318.0
458.0
298.0
422.0
323.0
266.0
359.0
402.0
243.0
309.0
253.0
250.0
276.0
259.0
239.0
206.0
168.0
227.0
184.0
124.0
97.0
120.0
240.0
144.0
131.0
178.0
124.0
142.0
234.0
108.0
45.0
34.0
21.0
13.0
-19.0
31.0
59.0
-29.0
63.0
39.0
41.0
-2.0
-78.0
-83.0
-1.0
-48.0
-2.0
-28.0
9.0
-17.0
-150.0
-49.0
-38.0
-111.0
-27.0
-30.0
-70.0
73.0
-76.0
-80.0
-32.0
-61.0
29.0
-41.0
17.0
80.0
-7.0
7.0
-9.0
-71.0
27.0
18.0
-37.0
79.0
32.0
7.0
7.0
-90.0
-58.0
-74.0
-53.0
8.0
1.0
-71.0
-57.0
-62.0
-65.0
-84.0
-35.0
-25.0
-191.0
-103.0
-23.0
-181.0
-46.0
-72.0
-137.0
-153.0
-114.0
0.0
-54.0
-52.0
17.0
-52.0
-124.0
-2.0
-19.0
-17.0
68.0
-55.0
20.0
-84.0
-65.0
90.0
-20.0
11.0
-39.0
-91.0
-40.0
-67.0
-121.0
-21.0
-78.0
-80.0
14.0
-93.0
-68.0
-62.0
-106.0
-35.0
-100.0
-10.0
-42.0
-117.0
-4.0
-2.0
-99.0
1.0
-130.0
-91.0
15.0
-155.0
4.0
-56.0
-62.0
-6.0
-60.0
-55.0
6.0
-131.0
8.0
-120.0
-45.0
20.0
-12.0
-136.0
-12.0
-40.0
-80.0
-85.0
-97.0
28.0
-95.0
-80.0
-64.0
-86.0
1.0
-35.0
31.0
139.0
134.0
149.0
307.0
333.0
297.0
312.0
350.0
431.0
342.0
394.0
454.0
491.0
476.0
494.0
440.0
478.0
428.0
557.0
487.0
592.0
497.0
476.0
412.0
437.0
378.0
354.0
431.0
353.0
304.0
269.0
218.0
307.0
224.0
274.0
329.0
160.0
237.0
152.0
115.0
188.0
80.0
110.0
173.0
151.0
128.0
91.0
-58.0
40.0
31.0
58.0
24.0
67.0
30.0
9.0
19.0
22.0
-58.0
-3.0
26.0
-48.0
-59.0
-123.0
-33.0
-73.0
-84.0
-82.0
48.0
-114.0
-124.0
-111.0
-56.0
-27.0
-154.0
-57.0
30.0
-167.0
-26.0
-25.0
-176.0
-178.0
-132.0
-171.0
-120.0
-156.0
-79.0
-178.0
-182.0
-91.0
-193.0
-133.0
-136.0
-206.0
-65.0
-114.0
-122.0
-37.0
-184.0
-180.0
-99.0
-99.0
-129.0
-135.0
-175.0
-112.0
-158.0
-147.0
-133.0
-186.0
-171.0
-213.0
-216.0
-118.0
-128.0
-191.0
-131.0
-219.0
-174.0
-110.0
-158.0
-78.0
-195.0
-200.0
-206.0
-225.0
-72.0
-151.0
-155.0
-177.0
-203.0
-159.0
-113.0
-167.0
-39.0
-105.0
-161.0
-138.0
-169.0
-184.0
-178.0
-120.0
-104.0
-117.0
-138.0
-161.0
-206.0
-84.0
-177.0
-139.0
-106.0
-195.0
-212.0
-122.0
-202.0
-159.0
-130.0
-146.0
-107.0
-276.0
-205.0
-190.0
-247.0
-125.0
-154.0
-262.0
-253.0
-236.0
-278.0
-231.0
-213.0
-173.0
-147.0
-201.0
-126.0
-144.0
-254.0
-120.0
-199.0
-168.0
-114.0
-189.0
-86.0
-153.0
-191.0
-166.0
-267.0
-112.0
-124.0
-142.0
-98.0
-132.0
-266.0
-190.0
-194.0
-89.0
-84.0
-162.0
-173.0
-160.0
-152.0
-85.0
-164.0
-79.0
-54.0
-153.0
-167.0
-180.0
-188.0
-173.0
-78.0
-41.0
-205.0
-155.0
-124.0
-181.0
-162.0
-93.0
-142.0
-61.0
-120.0
-248.0
-130.0
-130.0
-223.0
-141.0
-119.0
-152.0
-173.0
-246.0
-73.0
-143.0
-164.0
-75.0
-225.0
-116.0
-83.0
-214.0
-88.0
-46.0
-124.0
-148.0
-149.0
-183.0
-121.0
-107.0
-51.0
-95.0
-223.0
-124.0
-176.0
-137.0
-76.0
-177.0
-180.0
-93.0
-194.0
-112.0
-120.0
-82.0
-112.0
-177.0
-87.0
-138.0
-249.0
-117.0
-201.0
-95.0
-109.0
-193.0
-164.0
-197.0
-199.0
-125.0
-163.0
-180.0
-133.0
-200.0
-104.0
-188.0
-229.0
-77.0
-165.0
-89.0
-137.0
-126.0
-24.0
-39.0
-84.0
-106.0
-125.0
-131.0
-71.0
-92.0
-27.0
-48.0
-121.0
-48.0
-158.0
-154.0
-143.0
-180.0
-110.0
-103.0
-106.0
-133.0
-184.0
-186.0
-145.0
-197.0
-199.0
-105.0
-176.0
-144.0
-109.0
-129.0
-87.0
-189.0
-81.0
-157.0
-166.0
-144.0
-129.0
-126.0
-184.0
-135.0
-91.0
-180.0
-134.0
-82.0
-103.0
-163.0
-82.0
-190.0
-107.0
-180.0
-167.0
-67.0
-122.0
-202.0
-203.0
-183.0
-46.0
-203.0
-211.0
-95.0
-282.0
-242.0
-182.0
-194.0
-177.0
-209.0
-110.0
-101.0
-261.0
-194.0
-92.0
-138.0
-243.0
-197.0
-98.0
-108.0
-119.0
-151.0
-112.0
-211.0
-145.0
-174.0
-171.0
-84.0
-184.0
-46.0
-26.0
-188.0
-140.0
-158.0
-176.0
-67.0
-112.0
-202.0
-168.0
-146.0
-202.0
-172.0
-124.0
-97.0
-252.0
-203.0
-125.0
-125.0
-115.0
-178.0
-159.0
-143.0
-92.0
-116.0
-8.0
-141.0
-30.0
-37.0
-203.0
-145.0
-174.0
-197.0
-102.0
-202.0
-130.0
-207.0
-228.0
-136.0
-223.0
-175.0
-95.0
-149.0
-115.0
-106.0
-105.0
-67.0
-109.0
-195.0
-183.0
-269.0
-161.0
-154.0
-145.0
-102.0
-211.0
-156.0
-34.0
-182.0
-88.0
-142.0
-33.0
7.0
-220.0
-183.0
-93.0
-124.0
-99.0
-156.0
-106.0
-51.0
-87.0
-93.0
-36.0
-108.0
-67.0
-83.0
-102.0
-124.0
-67.0
-97.0
-48.0
-149.0
-220.0
-164.0
-140.0
-109.0
-110.0
-120.0
-57.0
-119.0
-117.0
-59.0
-180.0
-154.0
-179.0
-126.0
-86.0
-200.0
-167.0
-204.0
-179.0
-111.0
-129.0
-197.0
-74.0
-155.0
-94.0
-8.0
-231.0
-117.0
-71.0
-76.0
-76.0
-163.0
-54.0
-91.0
-130.0
-63.0
-120.0
-24.0
-21.0
-127.0
-83.0
-154.0
-212.0
-108.0
-168.0
-122.0
-67.0
-150.0
-136.0
-160.0
-158.0
-200.0
-206.0
-163.0
-11.0
-189.0
-169.0
-197.0
-153.0
-55.0
-135.0
-37.0
-91.0
-106.0
-173.0
-60.0
-114.0
-80.0
-104.0
-117.0
-121.0
-90.0
-62.0
-200.0
-120.0
-12.0
-97.0
-54.0
14.0
-79.0
-93.0
-65.0
-92.0
-82.0
-98.0
-131.0
-72.0
-93.0
-41.0
-81.0
-145.0
-49.0
-90.0
-131.0
-96.0
-101.0
-58.0
-68.0
-134.0
-49.0
-69.0
-64.0
-62.0
-194.0
-176.0
-129.0
-116.0
-54.0
-115.0
-155.0
-32.0
-176.0
-109.0
-131.0
-134.0
11.0
-106.0
-71.0
-98.0
-144.0
-117.0
-105.0
-82.0
20.0
-210.0
-166.0
-188.0
-178.0
-87.0
-90.0
-99.0
-154.0
-183.0
-102.0
-125.0
-115.0
-98.0
-153.0
-154.0
-44.0
-139.0
-112.0
-109.0
-129.0
-106.0
-54.0
-131.0
-64.0
-172.0
-44.0
-120.0
-146.0
-28.0
-174.0
-115.0
-44.0
-160.0
-145.0
-100.0
-168.0
-34.0
-201.0
-220.0
-98.0
-113.0
-167.0
-62.0
-165.0
-125.0
-143.0
-108.0
-19.0
-116.0
-112.0
-191.0
-142.0
-78.0
-69.0
-189.0
-131.0
-103.0
-97.0
-184.0
-213.0
-110.0
-122.0
-119.0
-131.0
-111.0
-69.0
-63.0
-144.0
-122.0
-114.0
-105.0
-76.0
-92.0
-192.0
-83.0
-185.0
-80.0
-142.0
-82.0
-150.0
-198.0
-103.0
-115.0
-203.0
-64.0
-150.0
-188.0
-125.0
-112.0
-124.0
-108.0
-107.0
-39.0
-99.0
-127.0
-73.0
-96.0
-130.0
-44.0
4.0
-57.0
-103.0
-107.0
-41.0
-25.0
-53.0
-63.0
-188.0
-64.0
-90.0
-162.0
-105.0
-33.0
-137.0
-94.0
-147.0
-84.0
-92.0
-185.0
-119.0
-171.0
-184.0
-37.0
-205.0
-156.0
-56.0
-40.0
-137.0
-128.0
-78.0
-82.0
-97.0
-2.0
-94.0
-163.0
-61.0
-115.0
-130.0
-120.0
-41.0
-99.0
-192.0
-175.0
-113.0
-81.0
-74.0
-6.0
-97.0
-141.0
-163.0
-100.0
-109.0
-95.0
-111.0
4.0
-98.0
-82.0
-109.0
-155.0
-97.0
-90.0
-46.0
-34.0
-182.0
-102.0
-139.0
-120.0
-19.0
-125.0
-80.0
-40.0
-161.0
-12.0
-109.0
-41.0
-91.0
-71.0
-62.0
-55.0
-180.0
-112.0
-75.0
-8.0
-2.0
-126.0
-187.0
3.0
-167.0
-87.0
-67.0
-95.0
4.0
-70.0
-31.0
-26.0
-124.0
-31.0
-6.0
-167.0
-36.0
-59.0
-46.0
-15.0
-83.0
-53.0
23.0
-32.0
50.0
16.0
-58.0
-11.0
-59.0
54.0
-40.0
-103.0
-8.0
-57.0
-104.0
-122.0
-171.0
-33.0
-26.0
-221.0
-91.0
-86.0
-105.0
-22.0
-82.0
-95.0
-46.0
-67.0
9.0
-70.0
-14.0
-69.0
-120.0
-51.0
-78.0
-47.0
6.0
27.0
-55.0
-15.0
-82.0
-16.0
-33.0
-8.0
-21.0
-11.0
-22.0
-30.0
-77.0
-71.0
-93.0
-62.0
-2.0
-26.0
-129.0
-83.0
-125.0
-33.0
-78.0
-122.0
91.0
-144.0
-136.0
-46.0
-157.0
-71.0
-76.0
-54.0
82.0
-89.0
-47.0
-30.0
-40.0
-87.0
-26.0
-9.0
-15.0
-58.0
-53.0
-25.0
-93.0
-34.0
-14.0
-58.0
27.0
-54.0
-124.0
-96.0
-105.0
-10.0
-51.0
-58.0
-1.0
-101.0
-57.0
34.0
17.0
-42.0
-16.0
-98.0
-109.0
-84.0
-68.0
-50.0
-7.0
-26.0
-27.0
-152.0
-16.0
-17.0
-42.0
23.0
-12.0
75.0
-110.0
-84.0
-70.0
-73.0
-68.0
-101.0
-62.0
-32.0
3.0
-101.0
-61.0
-46.0
-19.0
7.0
-34.0
86.0
-26.0
-93.0
-74.0
-66.0
-39.0
6.0
-13.0
-40.0
-101.0
-106.0
15.0
-49.0
-80.0
21.0
-49.0
-69.0
-84.0
-92.0
-3.0
-58.0
-71.0
118.0
-174.0
-136.0
-74.0
-96.0
32.0
-112.0
-18.0
64.0
-65.0
-98.0
-12.0
-134.0
10.0
-26.0
-26.0
-27.0
-52.0
-95.0
-101.0
-115.0
-58.0
-16.0
-88.0
-63.0
-62.0
-22.0
-41.0
-105.0
-6.0
-31.0
-67.0
-33.0
-82.0
-61.0
25.0
-60.0
-84.0
-128.0
-122.0
-103.0
-93.0
-23.0
79.0
-117.0
7.0
-97.0
-132.0
-50.0
-138.0
-30.0
-20.0
-55.0
-59.0
-56.0
-81.0
69.0
-115.0
-79.0
-6.0
-94.0
-24.0
-47.0
-70.0
31.0
-20.0
-54.0
-68.0
-168.0
-2.0
-111.0
-88.0
13.0
-79.0
-1.0
-92.0
-48.0
-75.0
-108.0
-73.0
-11.0
-33.0
-39.0
-118.0
-84.0
-7.0
-58.0
-43.0
-88.0
-31.0
-60.0
-41.0
-87.0
-50.0
-86.0
-31.0
13.0
-54.0
-46.0
-65.0
-95.0
-57.0
-41.0
-70.0
43.0
-127.0
-103.0
-72.0
-124.0
-11.0
-63.0
-38.0
130.0
-115.0
-68.0
-35.0
-96.0
8.0
-7.0
-4.0
44.0
-120.0
-10.0
-42.0
-40.0
-15.0
-23.0
-64.0
-26.0
-134.0
-38.0
-22.0
-109.0
80.0
-61.0
-122.0
-110.0
-30.0
-122.0
-8.0
-78.0
-60.0
-49.0
-135.0
-43.0
-135.0
-85.0
-5.0
-177.0
-140.0
-67.0
-33.0
45.0
-120.0
-78.0
-88.0
-120.0
-40.0
-85.0
-21.0
110.0
-29.0
1.0
-13.0
-117.0
-19.0
-17.0
45.0
10.0
-92.0
-128.0
-50.0
-79.0
-39.0
-41.0
12.0
85.0
44.0
146.0
186.0
3.0
108.0
201.0
191.0
171.0
137.0
231.0
221.0
199.0
238.0
181.0
167.0
192.0
136.0
175.0
216.0
125.0
243.0
145.0
184.0
275.0
210.0
242.0
200.0
105.0
270.0
158.0
132.0
167.0
51.0
168.0
107.0
54.0
119.0
102.0
153.0
105.0
8.0
57.0
11.0
-20.0
-20.0
5.0
-31.0
-43.0
-140.0
-27.0
-32.0
-82.0
-7.0
-51.0
-54.0
-48.0
-100.0
-107.0
-115.0
-133.0
-81.0
-190.0
-97.0
-41.0
-80.0
-168.0
-112.0
-109.0
5.0
-186.0
-121.0
-54.0
-92.0
-31.0
-158.0
-164.0
-52.0
-107.0
-124.0
-13.0
-115.0
-136.0
-110.0
-124.0
-1.0
-161.0
-78.0
69.0
-67.0
-102.0
-105.0
-95.0
6.0
-22.0
-96.0
-83.0
-90.0
-156.0
-118.0
-101.0
-140.0
-180.0
-120.0
-59.0
-102.0
-132.0
-166.0
-152.0
-70.0
-62.0
-87.0
-29.0
-75.0
-83.0
-19.0
-115.0
-157.0
-115.0
-103.0
-50.0
-167.0
-90.0
-69.0
-95.0
-62.0
-123.0
-194.0
-127.0
-150.0
-70.0
-45.0
-210.0
-54.0
-162.0
-250.0
-172.0
-191.0
-109.0
-155.0
-140.0
-122.0
-117.0
-145.0
-149.0
-210.0
-212.0
-143.0
-228.0
-135.0
-153.0
-116.0
-82.0
-122.0
-94.0
-86.0
-81.0
-45.0
-16.0
52.0
153.0
151.0
139.0
177.0
193.0
342.0
206.0
221.0
384.0
362.0
408.0
428.0
366.0
367.0
247.0
280.0
332.0
280.0
229.0
284.0
139.0
206.0
158.0
106.0
281.0
87.0
129.0
122.0
74.0
188.0
80.0
122.0
153.0
52.0
155.0
61.0
-39.0
34.0
-55.0
-88.0
31.0
-7.0
42.0
-14.0
-31.0
-35.0
20.0
-77.0
-29.0
-35.0
-13.0
-94.0
-103.0
-54.0
-12.0
-69.0
-65.0
-95.0
-63.0
-88.0
-150.0
-24.0
-109.0
-43.0
-28.0
-106.0
-160.0
-156.0
-211.0
-110.0
-146.0
-82.0
-29.0
-96.0
-167.0
-128.0
-189.0
-116.0
-100.0
-143.0
-46.0
-162.0
-108.0
-31.0
-203.0
-119.0
-179.0
-161.0
-172.0
-159.0
-230.0
-180.0
-173.0
-158.0
-135.0
-111.0
-177.0
-237.0
-199.0
-231.0
-209.0
-200.0
-238.0
-260.0
-156.0
-254.0
-290.0
-235.0
-230.0
-140.0
-223.0
-239.0
-169.0
-189.0
-265.0
-171.0
-241.0
-106.0
-168.0
-233.0
-136.0
-132.0
-181.0
-184.0
-255.0
-118.0
-197.0
-269.0
-160.0
-181.0
-259.0
-195.0
-205.0
-136.0
-160.0
-302.0
-196.0
-212.0
-227.0
-265.0
-269.0
-156.0
-160.0
-155.0
-183.0
-233.0
-157.0
-127.0
-342.0
-134.0
-251.0
-225.0
-106.0
-210.0
-173.0
-168.0
-235.0
-281.0
-246.0
-200.0
-176.0
-203.0
-165.0
-137.0
-241.0
-157.0
-276.0
-260.0
-173.0
-232.0
-164.0
-167.0
-192.0
-146.0
-307.0
-261.0
-143.0
-198.0
-169.0
-129.0
-241.0
-107.0
-196.0
-201.0
-194.0
-243.0
-212.0
-213.0
-286.0
-254.0
-272.0
-285.0
-281.0
-316.0
-248.0
-216.0
-272.0
-215.0
-232.0
-190.0
-143.0
-193.0
-253.0
-247.0
-301.0
-244.0
-193.0
-274.0
-233.0
-290.0
-141.0
-254.0
-332.0
-265.0
-258.0
-223.0
-117.0
-212.0
-266.0
-172.0
-240.0
-221.0
-325.0
-323.0
-310.0
-310.0
-250.0
-298.0
-301.0
-191.0
-202.0
-306.0
-242.0
-250.0
-249.0
-246.0
-363.0
-205.0
-235.0
-267.0
-285.0
-284.0
-220.0
-281.0
-301.0
-313.0
-221.0
-237.0
-148.0
-270.0
-244.0
-157.0
-213.0
-194.0
-235.0
-232.0
-88.0
-228.0
-332.0
-232.0
-284.0
-206.0
-275.0
-222.0
-155.0
-263.0
-251.0
-234.0
-267.0
-146.0
-127.0
-125.0
-63.0
-59.0
-14.0
41.0
-10.0
-21.0
31.0
82.0
31.0
-31.0
103.0
190.0
153.0
213.0
197.0
165.0
235.0
259.0
207.0
209.0
97.0
154.0
165.0
120.0
102.0
81.0
111.0
122.0
113.0
24.0
65.0
-76.0
34.0
-21.0
17.0
53.0
-21.0
64.0
-96.0
-16.0
68.0
-23.0
36.0
18.0
-169.0
27.0
-144.0
-188.0
-39.0
-112.0
-108.0
-10.0
-106.0
-64.0
-115.0
-232.0
-77.0
-146.0
-196.0
-214.0
-184.0
-125.0
-106.0
-181.0
-145.0
-140.0
-80.0
-110.0
-138.0
-97.0
-133.0
-206.0
-110.0
-174.0
-103.0
-38.0
-144.0
-39.0
-146.0
-74.0
-98.0
-120.0
-83.0
-112.0
-165.0
-139.0
-146.0
-157.0
-112.0
-117.0
-129.0
-134.0
-108.0
-118.0
-122.0
-164.0
-106.0
-177.0
-87.0
-110.0
-72.0
-62.0
-144.0
-152.0
-81.0
-71.0
-41.0
-67.0
-131.0
-98.0
1.0
-74.0
-25.0
-113.0
-89.0
64.0
-97.0
-138.0
-85.0
-45.0
-64.0
-102.0
-49.0
56.0
-171.0
-45.0
-43.0
-65.0
-3.0
-93.0
-20.0
-81.0
-95.0
-79.0
48.0
-53.0
-3.0
-93.0
-52.0
-21.0
-96.0
-73.0
-48.0
-101.0
-48.0
-46.0
-93.0
-33.0
-75.0
-98.0
-114.0
-111.0
40.0
-67.0
-65.0
-53.0
-113.0
-89.0
-78.0
-122.0
-21.0
-131.0
-170.0
-125.0
-183.0
-82.0
-66.0
-68.0
86.0
-24.0
-140.0
-13.0
24.0
-29.0
4.0
-1.0
44.0
-5.0
-24.0
-5.0
-68.0
15.0
-103.0
-77.0
-96.0
-113.0
-51.0
-50.0
-135.0
-30.0
-18.0
-61.0
-63.0
-39.0
-79.0
-82.0
-89.0
23.0
-6.0
-60.0
22.0
-38.0
-36.0
-11.0
-39.0
-36.0
-5.0
-50.0
36.0
5.0
-45.0
44.0
-29.0
14.0
-10.0
90.0
21.0
3.0
-36.0
47.0
-34.0
53.0
43.0
-5.0
-8.0
18.0
27.0
-94.0
-69.0
-96.0
-53.0
-67.0
-11.0
-32.0
-21.0
124.0
-82.0
-15.0
-52.0
-33.0
2.0
-45.0
-64.0
55.0
-79.0
-49.0
-18.0
-128.0
-33.0
-50.0
-132.0
-61.0
-65.0
14.0
16.0
-92.0
-17.0
-77.0
-89.0
-79.0
-64.0
-63.0
-108.0
-114.0
2.0
-141.0
-42.0
24.0
-45.0
13.0
-21.0
-96.0
6.0
-49.0
-46.0
-36.0
-29.0
31.0
-50.0
-27.0
-20.0
-121.0
-3.0
1.0
-46.0
69.0
73.0
-78.0
-37.0
-28.0
26.0
60.0
-118.0
49.0
-52.0
-72.0
-37.0
-129.0
-32.0
-42.0
-49.0
-93.0
-6.0
-41.0
-35.0
-75.0
-77.0
60.0
33.0
-10.0
7.0
-67.0
-53.0
-144.0
-39.0
-6.0
-144.0
-106.0
-111.0
-95.0
14.0
-90.0
-92.0
40.0
-69.0
54.0
-80.0
-33.0
-5.0
-58.0
-180.0
-90.0
-65.0
-116.0
-59.0
-81.0
-5.0
-80.0
-14.0
-12.0
-46.0
-117.0
-20.0
14.0
-31.0
-75.0
7.0
113.0
-89.0
-68.0
-39.0
26.0
-73.0
-45.0
-29.0
12.0
-27.0
44.0
72.0
-46.0
-73.0
-67.0
-60.0
-42.0
-53.0
19.0
54.0
-52.0
-74.0
13.0
55.0
-60.0
-2.0
32.0
17.0
-22.0
37.0
65.0
40.0
42.0
55.0
-13.0
39.0
-17.0
50.0
30.0
-62.0
68.0
-35.0
37.0
-35.0
3.0
40.0
-45.0
-43.0
30.0
-42.0
-13.0
26.0
-62.0
-51.0
-87.0
-68.0
58.0
19.0
16.0
97.0
-59.0
129.0
-73.0
-70.0
35.0
-87.0
100.0
100.0
18.0
21.0
-2.0
6.0
-56.0
-3.0
13.0
-3.0
-5.0
35.0
45.0
39.0
-34.0
-4.0
1.0
-20.0
-25.0
92.0
-39.0
8.0
26.0
-87.0
25.0
97.0
-17.0
96.0
-15.0
-36.0
108.0
-53.0
13.0
59.0
58.0
67.0
3.0
-43.0
71.0
50.0
41.0
61.0
-71.0
133.0
2.0
-42.0
101.0
-22.0
76.0
54.0
81.0
63.0
-33.0
7.0
60.0
-33.0
-30.0
95.0
80.0
66.0
46.0
39.0
41.0
43.0
43.0
-7.0
-45.0
111.0
-62.0
0.0
100.0
-72.0
-14.0
23.0
-74.0
-23.0
-4.0
11.0
93.0
13.0
81.0
129.0
73.0
78.0
74.0
50.0
127.0
98.0
119.0
54.0
8.0
70.0
-4.0
-41.0
33.0
-50.0
51.0
81.0
12.0
83.0
29.0
-4.0
45.0
-17.0
-20.0
-15.0
-19.0
72.0
59.0
8.0
60.0
-51.0
70.0
109.0
67.0
33.0
71.0
42.0
-2.0
-10.0
83.0
7.0
56.0
41.0
-85.0
29.0
64.0
20.0
105.0
111.0
42.0
119.0
50.0
-24.0
37.0
43.0
83.0
119.0
37.0
109.0
57.0
32.0
53.0
-84.0
-5.0
33.0
-20.0
68.0
-42.0
-8.0
82.0
-32.0
-10.0
81.0
-82.0
79.0
76.0
24.0
84.0
91.0
145.0
-5.0
60.0
89.0
38.0
61.0
79.0
12.0
-7.0
55.0
-108.0
-41.0
-32.0
-152.0
-59.0
-37.0
50.0
107.0
26.0
77.0
-1.0
-10.0
92.0
30.0
58.0
102.0
52.0
39.0
27.0
22.0
74.0
16.0
-1.0
-20.0
-14.0
118.0
43.0
39.0
133.0
62.0
68.0
-32.0
-40.0
-4.0
104.0
-2.0
78.0
31.0
118.0
82.0
91.0
165.0
61.0
38.0
112.0
21.0
108.0
87.0
55.0
50.0
139.0
-51.0
28.0
-68.0
78.0
145.0
114.0
81.0
133.0
84.0
165.0
1.0
121.0
158.0
-3.0
40.0
40.0
10.0
144.0
-20.0
-13.0
4.0
-54.0
58.0
10.0
17.0
86.0
83.0
84.0
56.0
-90.0
92.0
-36.0
40.0
45.0
43.0
167.0
49.0
-45.0
-21.0
-31.0
44.0
89.0
-31.0
66.0
79.0
-22.0
78.0
49.0
51.0
56.0
14.0
55.0
-58.0
-80.0
-18.0
-40.0
-83.0
4.0
-42.0
-31.0
-28.0
14.0
30.0
95.0
88.0
84.0
7.0
86.0
82.0
-29.0
68.0
-29.0
30.0
-25.0
-39.0
40.0
-9.0
-72.0
-15.0
-10.0
22.0
92.0
-19.0
5.0
50.0
-6.0
39.0
-24.0
-16.0
2.0
-71.0
23.0
-5.0
-4.0
56.0
33.0
-71.0
59.0
22.0
-56.0
7.0
-11.0
123.0
14.0
34.0
-13.0
-17.0
-39.0
44.0
77.0
75.0
108.0
-51.0
87.0
82.0
127.0
154.0
-42.0
46.0
89.0
159.0
80.0
92.0
81.0
88.0
-44.0
79.0
-12.0
-14.0
111.0
-16.0
31.0
70.0
-53.0
76.0
115.0
129.0
106.0
4.0
68.0
55.0
10.0
125.0
-22.0
52.0
64.0
23.0
-16.0
144.0
11.0
21.0
11.0
0.0
121.0
66.0
49.0
80.0
-87.0
55.0
41.0
11.0
114.0
-51.0
42.0
-31.0
-56.0
29.0
89.0
-3.0
77.0
45.0
-100.0
17.0
16.0
65.0
137.0
36.0
60.0
-66.0
15.0
-33.0
-89.0
24.0
24.0
1.0
10.0
-41.0
-1.0
13.0
41.0
76.0
88.0
76.0
75.0
-43.0
1.0
16.0
-79.0
-43.0
-30.0
-9.0
-12.0
-78.0
-72.0
-7.0
-32.0
56.0
40.0
16.0
28.0
-24.0
31.0
47.0
12.0
85.0
69.0
34.0
19.0
-18.0
-42.0
-11.0
-43.0
61.0
72.0
-33.0
-45.0
-36.0
10.0
121.0
16.0
139.0
-19.0
-20.0
31.0
-25.0
92.0
56.0
69.0
80.0
117.0
51.0
82.0
38.0
67.0
17.0
-9.0
115.0
78.0
50.0
100.0
77.0
18.0
-52.0
-69.0
84.0
61.0
-3.0
62.0
41.0
21.0
59.0
30.0
93.0
2.0
40.0
-1.0
12.0
78.0
70.0
35.0
20.0
125.0
-23.0
23.0
-30.0
23.0
39.0
-1.0
40.0
22.0
52.0
184.0
187.0
195.0
234.0
172.0
321.0
301.0
183.0
268.0
273.0
313.0
305.0
313.0
323.0
364.0
359.0
402.0
258.0
267.0
325.0
200.0
319.0
251.0
292.0
266.0
258.0
360.0
312.0
22.0
140.0
135.0
131.0
182.0
148.0
166.0
165.0
118.0
172.0
174.0
75.0
59.0
37.0
81.0
149.0
62.0
79.0
109.0
62.0
42.0
59.0
89.0
61.0
89.0
44.0
83.0
29.0
56.0
35.0
79.0
44.0
45.0
127.0
-17.0
3.0
111.0
136.0
21.0
66.0
33.0
48.0
34.0
33.0
29.0
-13.0
17.0
39.0
-14.0
78.0
10.0
21.0
-2.0
-69.0
-12.0
-6.0
-36.0
22.0
23.0
-13.0
67.0
-103.0
-3.0
-24.0
-87.0
41.0
14.0
7.0
115.0
-86.0
32.0
79.0
89.0
198.0
70.0
90.0
104.0
-26.0
21.0
88.0
3.0
87.0
76.0
13.0
48.0
-91.0
-36.0
18.0
-112.0
-49.0
-46.0
-18.0
118.0
-41.0
15.0
-109.0
-79.0
-1.0
-45.0
-12.0
101.0
-23.0
22.0
67.0
-72.0
-32.0
-115.0
-84.0
-74.0
-136.0
-106.0
-63.0
-54.0
8.0
-90.0
-79.0
-49.0
-61.0
69.0
-157.0
-118.0
-5.0
-67.0
-22.0
-45.0
-32.0
10.0
24.0
-23.0
60.0
-20.0
-106.0
1.0
13.0
-12.0
18.0
-17.0
40.0
-81.0
-54.0
20.0
-21.0
-8.0
5.0
-39.0
-2.0
-59.0
-47.0
27.0
-10.0
-3.0
41.0
-44.0
117.0
-62.0
-146.0
41.0
-64.0
25.0
-13.0
44.0
3.0
21.0
26.0
-47.0
-23.0
15.0
29.0
-91.0
-76.0
-64.0
-18.0
-30.0
-89.0
5.0
-49.0
-95.0
-67.0
-44.0
-35.0
5.0
-118.0
-87.0
-50.0
-149.0
-56.0
-35.0
-87.0
-48.0
-95.0
-127.0
-33.0
-91.0
-6.0
-29.0
-42.0
-17.0
-78.0
-14.0
16.0
-53.0
71.0
34.0
-105.0
2.0
-29.0
27.0
-43.0
-28.0
37.0
-136.0
-87.0
-20.0
-69.0
3.0
-53.0
-13.0
11.0
-137.0
-122.0
-64.0
-74.0
-87.0
21.0
-80.0
41.0
-53.0
-99.0
18.0
-52.0
36.0
8.0
-142.0
6.0
7.0
-113.0
-54.0
-6.0
-46.0
-13.0
-39.0
33.0
-85.0
-76.0
-26.0
-40.0
-53.0
59.0
-5.0
-63.0
-9.0
-53.0
-72.0
-100.0
-60.0
63.0
-95.0
-105.0
-61.0
-46.0
5.0
-80.0
-93.0
39.0
-169.0
1.0
-84.0
-155.0
-33.0
-156.0
-72.0
-89.0
-154.0
-43.0
-23.0
-197.0
-91.0
-83.0
-116.0
-109.0
-109.0
-89.0
-94.0
-89.0
17.0
-130.0
-81.0
-98.0
-87.0
-51.0
-69.0
-86.0
18.0
-75.0
-121.0
5.0
-99.0
-19.0
-12.0
-105.0
-25.0
-89.0
-87.0
4.0
-63.0
-47.0
-72.0
-183.0
-62.0
-80.0
-101.0
-156.0
-165.0
-105.0
-144.0
-87.0
-119.0
-136.0
-152.0
-81.0
-129.0
-64.0
-78.0
-136.0
-86.0
-191.0
-119.0
-54.0
-181.0
-63.0
-97.0
-85.0
-100.0
-88.0
-72.0
-77.0
-192.0
-61.0
-92.0
-221.0
-100.0
-167.0
-44.0
-5.0
-191.0
-59.0
-133.0
-136.0
-53.0
-132.0
-91.0
-167.0
-169.0
-163.0
-60.0
-84.0
-37.0
-107.0
-146.0
-109.0
-154.0
-62.0
19.0
-55.0
-44.0
-100.0
-128.0
-130.0
-125.0
-54.0
-103.0
-88.0
-137.0
-129.0
-98.0
8.0
-143.0
-147.0
-70.0
-82.0
-52.0
-30.0
1.0
-48.0
-171.0
-62.0
-105.0
-88.0
-45.0
-99.0
-135.0
-111.0
-121.0
-143.0
-59.0
-80.0
-149.0
-144.0
-176.0
-102.0
-110.0
-14.0
-55.0
-196.0
-76.0
-122.0
-197.0
-101.0
-126.0
-63.0
-23.0
-149.0
-145.0
-169.0
-139.0
-147.0
-138.0
-165.0
-95.0
-128.0
-39.0
-55.0
-109.0
-121.0
-135.0
-137.0
-165.0
-127.0
-72.0
-69.0
-48.0
14.0
-134.0
-107.0
-40.0
-91.0
-69.0
-135.0
-61.0
-54.0
-114.0
-55.0
-80.0
-154.0
-32.0
-67.0
-65.0
-65.0
-103.0
21.0
-126.0
-139.0
-114.0
-22.0
-58.0
-50.0
-140.0
8.0
-116.0
-102.0
-106.0
-88.0
-128.0
-117.0
-132.0
-86.0
-58.0
-163.0
-11.0
-139.0
-141.0
-157.0
-115.0
-61.0
-91.0
-117.0
27.0
-144.0
-178.0
-186.0
-158.0
-158.0
-68.0
-137.0
-134.0
-157.0
-112.0
-74.0
-118.0
-103.0
-120.0
-80.0
-27.0
-95.0
-116.0
-25.0
-46.0
-118.0
-133.0
-115.0
-142.0
-136.0
-159.0
-49.0
-138.0
-203.0
-110.0
-162.0
-122.0
-110.0
-69.0
-71.0
-209.0
-90.0
-107.0
-142.0
-43.0
-75.0
-88.0
-80.0
-95.0
-125.0
-121.0
-108.0
-62.0
-87.0
-126.0
-92.0
-125.0
14.0
-12.0
-55.0
-30.0
-25.0
-111.0
21.0
-149.0
15.0
-82.0
-128.0
-47.0
-63.0
-100.0
-80.0
-122.0
-38.0
-116.0
-128.0
-59.0
-90.0
-62.0
-31.0
-138.0
-93.0
-39.0
7.0
43.0
-150.0
-76.0
-24.0
-181.0
-144.0
-163.0
-115.0
-59.0
-135.0
-222.0
-149.0
-111.0
-54.0
-33.0
-62.0
-44.0
-17.0
-58.0
-27.0
-4.0
25.0
-67.0
-68.0
80.0
-25.0
-11.0
-78.0
-26.0
48.0
1.0
-59.0
35.0
-28.0
-102.0
33.0
-84.0
-16.0
59.0
50.0
26.0
-11.0
-44.0
-4.0
-45.0
-3.0
22.0
35.0
66.0
47.0
78.0
139.0
186.0
315.0
193.0
197.0
246.0
205.0
215.0
225.0
202.0
305.0
301.0
225.0
225.0
192.0
165.0
205.0
178.0
204.0
251.0
116.0
166.0
152.0
138.0
98.0
31.0
104.0
85.0
-5.0
99.0
8.0
27.0
43.0
-12.0
12.0
44.0
19.0
39.0
63.0
-31.0
43.0
-104.0
-35.0
8.0
-102.0
35.0
-39.0
-42.0
43.0
-55.0
-93.0
-39.0
-81.0
-54.0
-164.0
-138.0
-105.0
-215.0
-128.0
-94.0
-109.0
-88.0
-65.0
-180.0
-93.0
-125.0
-100.0
-88.0
-98.0
-29.0
-50.0
-78.0
-48.0
-112.0
-152.0
-92.0
-148.0
-57.0
-96.0
-34.0
-19.0
-158.0
-82.0
-102.0
-158.0
-122.0
-196.0
-127.0
-54.0
-197.0
-187.0
-156.0
-164.0
-17.0
-148.0
-220.0
-74.0
-121.0
-98.0
-117.0
-184.0
-93.0
-21.0
-68.0
-180.0
-223.0
-122.0
-102.0
-150.0
-111.0
-106.0
-103.0
-29.0
-139.0
-92.0
-188.0
-190.0
-93.0
-143.0
-93.0
-18.0
-197.0
-126.0
-113.0
-172.0
-101.0
-111.0
-132.0
-120.0
-107.0
-199.0
-99.0
-133.0
-33.0
-93.0
-90.0
64.0
-71.0
-106.0
-171.0
-173.0
-90.0
-118.0
-80.0
-83.0
-109.0
-105.0
-102.0
-62.0
-23.0
-85.0
-87.0
-57.0
-140.0
-20.0
-80.0
-106.0
17.0
-80.0
-22.0
34.0
-131.0
-102.0
-120.0
-93.0
-103.0
-90.0
-41.0
2.0
-161.0
-82.0
-106.0
-160.0
-107.0
-138.0
-143.0
-52.0
-177.0
-120.0
-48.0
-106.0
-72.0
-74.0
-96.0
-80.0
-152.0
-130.0
-62.0
-99.0
-52.0
-64.0
-59.0
-10.0
-149.0
-109.0
-54.0
-78.0
-17.0
-73.0
-67.0
-63.0
-25.0
-45.0
-68.0
-3.0
-25.0
-35.0
-112.0
-121.0
-81.0
-43.0
-36.0
-176.0
-52.0
-56.0
-124.0
-27.0
-79.0
-68.0
-71.0
-102.0
5.0
-84.0
-36.0
-52.0
-129.0
-69.0
-86.0
-48.0
-92.0
-134.0
-133.0
-121.0
-102.0
-90.0
-2.0
-41.0
-119.0
-88.0
-65.0
-96.0
-133.0
-86.0
-23.0
-159.0
-99.0
-96.0
-81.0
-95.0
-30.0
-137.0
-77.0
-121.0
-127.0
-93.0
-38.0
-15.0
-158.0
-106.0
-60.0
-120.0
-138.0
-93.0
-68.0
-110.0
-239.0
-87.0
-189.0
-143.0
-93.0
-105.0
-132.0
-55.0
-90.0
-84.0
4.0
36.0
-83.0
-150.0
-77.0
40.0
-101.0
-67.0
16.0
-29.0
-37.0
-111.0
-107.0
-78.0
-91.0
-43.0
-71.0
-89.0
-28.0
-62.0
-149.0
-99.0
-214.0
-129.0
-91.0
-186.0
-26.0
-150.0
-200.0
-76.0
-113.0
-44.0
-70.0
-160.0
-106.0
-149.0
-169.0
-62.0
-77.0
-72.0
12.0
-141.0
-130.0
-60.0
-203.0
-56.0
-125.0
-84.0
-6.0
-295.0
-135.0
-107.0
-14.0
-16.0
-158.0
-72.0
-95.0
-80.0
-18.0
-42.0
-52.0
48.0
41.0
121.0
143.0
196.0
153.0
191.0
121.0
328.0
322.0
260.0
275.0
249.0
251.0
168.0
216.0
214.0
155.0
177.0
144.0
72.0
130.0
71.0
44.0
88.0
62.0
122.0
53.0
81.0
155.0
-21.0
-4.0
70.0
-2.0
-30.0
20.0
24.0
83.0
-64.0
-46.0
36.0
2.0
29.0
70.0
-80.0
3.0
62.0
-58.0
-17.0
-80.0
-66.0
-57.0
-118.0
-56.0
7.0
-70.0
-12.0
-71.0
60.0
50.0
-24.0
56.0
49.0
-6.0
7.0
-17.0
7.0
121.0
-11.0
-23.0
36.0
-56.0
-20.0
-77.0
12.0
-14.0
-67.0
26.0
70.0
-23.0
-54.0
-71.0
-65.0
-31.0
-122.0
19.0
-13.0
-65.0
-59.0
-55.0
8.0
34.0
-68.0
-26.0
-19.0
80.0
-36.0
-87.0
-25.0
-49.0
-76.0
67.0
56.0
-86.0
-29.0
-67.0
2.0
34.0
-21.0
98.0
26.0
73.0
51.0
7.0
41.0
28.0
20.0
-5.0
-14.0
-18.0
-16.0
-51.0
-23.0
-36.0
-25.0
-71.0
-7.0
-53.0
-24.0
-27.0
10.0
65.0
15.0
-18.0
76.0
-118.0
-71.0
-4.0
-100.0
26.0
-98.0
-16.0
-61.0
42.0
-56.0
-74.0
-21.0
-57.0
-22.0
49.0
-3.0
-8.0
-43.0
-108.0
-54.0
-97.0
-156.0
-56.0
-47.0
-15.0
31.0
-62.0
-100.0
13.0
-101.0
-21.0
-20.0
-5.0
18.0
-10.0
-84.0
-16.0
-80.0
-10.0
-41.0
-61.0
-80.0
-64.0
-118.0
-4.0
-20.0
-10.0
-26.0
25.0
-106.0
-187.0
-126.0
-3.0
-60.0
90.0
54.0
-23.0
23.0
-44.0
-43.0
-44.0
-61.0
49.0
-36.0
-115.0
-48.0
-73.0
-95.0
-20.0
61.0
-10.0
-46.0
-95.0
11.0
-70.0
-48.0
35.0
31.0
2.0
36.0
-49.0
-40.0
-66.0
-55.0
1.0
-38.0
-95.0
-48.0
-15.0
-26.0
-45.0
-65.0
-6.0
-26.0
-40.0
-86.0
-31.0
59.0
20.0
24.0
-38.0
-58.0
-22.0
-65.0
-44.0
21.0
1.0
45.0
-36.0
-35.0
-61.0
9.0
-72.0
96.0
-81.0
-70.0
-24.0
-19.0
-69.0
-133.0
-43.0
68.0
-82.0
-54.0
49.0
47.0
13.0
-3.0
42.0
-44.0
-49.0
0.0
24.0
-56.0
53.0
80.0
53.0
11.0
-122.0
-74.0
53.0
-33.0
48.0
63.0
-36.0
50.0
-41.0
93.0
46.0
56.0
110.0
55.0
-5.0
59.0
55.0
26.0
68.0
-10.0
7.0
-34.0
-67.0
50.0
-43.0
3.0
23.0
-69.0
-21.0
-49.0
-80.0
1.0
-27.0
33.0
62.0
-116.0
61.0
59.0
-76.0
-15.0
-35.0
51.0
-18.0
-76.0
39.0
23.0
-3.0
72.0
3.0
95.0
72.0
68.0
200.0
202.0
187.0
164.0
154.0
211.0
275.0
256.0
306.0
229.0
222.0
353.0
228.0
291.0
367.0
228.0
298.0
209.0
270.0
378.0
318.0
238.0
272.0
190.0
258.0
250.0
198.0
262.0
153.0
218.0
253.0
147.0
109.0
104.0
98.0
168.0
70.0
128.0
153.0
1.0
107.0
65.0
35.0
30.0
20.0
16.0
96.0
31.0
-26.0
-35.0
11.0
38.0
1.0
53.0
83.0
15.0
25.0
5.0
-35.0
15.0
93.0
13.0
44.0
-21.0
-84.0
18.0
-17.0
-31.0
43.0
21.0
-13.0
-9.0
-17.0
-31.0
23.0
-52.0
-103.0
34.0
-55.0
-56.0
1.0
44.0
-26.0
36.0
9.0
-29.0
-13.0
-22.0
27.0
19.0
-31.0
58.0
-33.0
-55.0
-14.0
-99.0
18.0
-12.0
-158.0
-3.0
-2.0
-86.0
-27.0
-134.0
23.0
-99.0
-116.0
-91.0
-54.0
-2.0
-48.0
-124.0
-8.0
-30.0
-101.0
-40.0
-31.0
27.0
-60.0
-137.0
-42.0
-81.0
-60.0
18.0
-136.0
-15.0
-40.0
-188.0
-37.0
9.0
-106.0
8.0
-31.0
-43.0
63.0
35.0
-145.0
-41.0
-105.0
-29.0
-161.0
-85.0
3.0
-148.0
-32.0
-27.0
-40.0
5.0
-62.0
-108.0
7.0
-57.0
-71.0
-42.0
-79.0
-20.0
-107.0
-114.0
-73.0
-128.0
-99.0
-119.0
-190.0
-38.0
-116.0
29.0
-96.0
-70.0
-24.0
-68.0
-48.0
92.0
-64.0
-17.0
-3.0
-98.0
-5.0
-73.0
-118.0
-120.0
-103.0
-148.0
-39.0
-121.0
-138.0
-130.0
-139.0
-161.0
-173.0
-93.0
-34.0
-131.0
-100.0
-152.0
-140.0
-22.0
-147.0
-105.0
-19.0
-73.0
32.0
-68.0
-179.0
-105.0
-124.0
-51.0
-59.0
-176.0
-93.0
-120.0
-154.0
-63.0
-198.0
-186.0
-126.0
-164.0
-153.0
-81.0
-190.0
-159.0
-176.0
-100.0
51.0
-87.0
-16.0
-77.0
-115.0
-23.0
-81.0
-59.0
28.0
-121.0
-128.0
-78.0
-96.0
-40.0
-99.0
-54.0
-46.0
-60.0
-68.0
-2.0
-83.0
-13.0
-109.0
-65.0
-41.0
-115.0
-2.0
-38.0
-68.0
-104.0
-58.0
-79.0
-40.0
-24.0
-5.0
-115.0
-143.0
-32.0
-98.0
-68.0
18.0
-77.0
-40.0
-176.0
-172.0
-17.0
-161.0
-119.0
-3.0
-33.0
-56.0
-24.0
-85.0
-40.0
-143.0
-58.0
-84.0
-108.0
5.0
-107.0
-89.0
-122.0
-122.0
-123.0
-58.0
-65.0
-70.0
17.0
-56.0
53.0
-54.0
-63.0
-33.0
-125.0
-73.0
-50.0
-45.0
-71.0
-97.0
-86.0
-25.0
-4.0
-44.0
22.0
-171.0
-33.0
-117.0
-74.0
25.0
-103.0
-145.0
-75.0
-170.0
-20.0
-81.0
-49.0
-5.0
-154.0
-84.0
-87.0
-163.0
-112.0
-51.0
-21.0
-78.0
-98.0
-11.0
-13.0
-40.0
-27.0
-118.0
-109.0
-59.0
-82.0
-19.0
57.0
-147.0
-68.0
-63.0
-108.0
-42.0
-65.0
-1.0
-42.0
-50.0
-71.0
-138.0
-107.0
-34.0
-29.0
-61.0
-146.0
-35.0
-78.0
-129.0
-116.0
11.0
-88.0
-45.0
-47.0
-169.0
-39.0
-36.0
-146.0
-31.0
-126.0
-59.0
-62.0
-164.0
-51.0
-49.0
16.0
54.0
-68.0
69.0
-148.0
-86.0
48.0
0.0
-16.0
97.0
-32.0
-97.0
-91.0
-167.0
-30.0
-3.0
-35.0
-8.0
-176.0
-55.0
-116.0
-100.0
7.0
-83.0
33.0
-2.0
-74.0
35.0
40.0
59.0
-43.0
-71.0
-5.0
-123.0
-153.0
-74.0
-5.0
-80.0
-59.0
-16.0
25.0
-34.0
-135.0
-44.0
-25.0
-88.0
-50.0
-25.0
6.0
-3.0
-39.0
-61.0
-87.0
-108.0
-55.0
46.0
-72.0
-110.0
-86.0
-23.0
-70.0
-173.0
-6.0
68.0
-18.0
-136.0
-81.0
-92.0
-124.0
-166.0
-43.0
-34.0
-123.0
-68.0
-119.0
-53.0
-71.0
-35.0
-86.0
-122.0
-115.0
-98.0
-109.0
-123.0
-125.0
-153.0
-25.0
-155.0
-91.0
-71.0
-53.0
-107.0
-35.0
-149.0
-69.0
-147.0
-157.0
-41.0
-175.0
-78.0
-56.0
-99.0
51.0
-61.0
-16.0
10.0
-156.0
-70.0
-146.0
-80.0
-90.0
-93.0
-146.0
-129.0
-162.0
-173.0
-191.0
-124.0
-103.0
-85.0
-115.0
-108.0
-132.0
-92.0
-63.0
-100.0
-15.0
32.0
-78.0
-108.0
-136.0
-37.0
-76.0
-135.0
-22.0
-49.0
-75.0
-30.0
-125.0
-43.0
-80.0
-49.0
-6.0
-109.0
-77.0
-23.0
-22.0
-42.0
-61.0
-132.0
-2.0
-71.0
-65.0
-24.0
-106.0
-3.0
-114.0
-93.0
-86.0
-61.0
-33.0
39.0
-45.0
-88.0
-55.0
-95.0
-100.0
-74.0
-50.0
83.0
-153.0
-33.0
-180.0
-115.0
-60.0
-77.0
-60.0
17.0
-50.0
-35.0
-61.0
-118.0
-80.0
-80.0
-3.0
-17.0
-93.0
-20.0
70.0
-124.0
-28.0
-31.0
-46.0
40.0
14.0
-41.0
-6.0
-14.0
-59.0
-114.0
-30.0
60.0
-73.0
-61.0
-89.0
-69.0
-18.0
-77.0
-105.0
-101.0
-124.0
-131.0
-81.0
-109.0
2.0
-12.0
-98.0
-138.0
-167.0
-110.0
-96.0
-74.0
36.0
27.0
-206.0
-114.0
-89.0
-140.0
-45.0
-89.0
-1.0
-157.0
-242.0
-121.0
-124.0
-59.0
-125.0
-87.0
6.0
-20.0
-67.0
10.0
-61.0
-49.0
-70.0
-14.0
73.0
36.0
20.0
10.0
-89.0
-64.0
-24.0
-172.0
-26.0
34.0
-48.0
7.0
-32.0
22.0
-31.0
-30.0
81.0
-4.0
-131.0
-19.0
-49.0
-23.0
32.0
-89.0
-24.0
-9.0
-96.0
33.0
-107.0
-86.0
46.0
37.0
-14.0
1.0
-95.0
-11.0
-17.0
-34.0
-48.0
-62.0
-46.0
-68.0
-100.0
-43.0
-132.0
-13.0
-10.0
-158.0
-113.0
-106.0
-129.0
-58.0
-83.0
-83.0
70.0
-26.0
-89.0
-132.0
-87.0
88.0
-111.0
-40.0
63.0
32.0
30.0
7.0
-138.0
4.0
-87.0
-20.0
55.0
-7.0
62.0
-112.0
-46.0
-4.0
42.0
-25.0
-5.0
43.0
-8.0
-25.0
-20.0
-4.0
-42.0
2.0
11.0
-66.0
-33.0
-93.0
-51.0
18.0
-32.0
16.0
40.0
-50.0
5.0
14.0
-12.0
85.0
-102.0
-12.0
12.0
-64.0
-59.0
-12.0
14.0
-1.0
-52.0
27.0
33.0
-42.0
92.0
14.0
-72.0
16.0
0.0
-111.0
28.0
-31.0
-22.0
-127.0
-63.0
32.0
-138.0
-43.0
-86.0
-70.0
90.0
-51.0
-19.0
32.0
-21.0
-8.0
15.0
32.0
94.0
32.0
87.0
45.0
-38.0
-41.0
-16.0
-17.0
74.0
96.0
-34.0
-12.0
-44.0
-70.0
-49.0
-110.0
70.0
3.0
-50.0
28.0
-32.0
42.0
-23.0
-46.0
-125.0
-70.0
-74.0
1.0
11.0
3.0
4.0
-21.0
-87.0
-50.0
-7.0
2.0
-60.0
6.0
-73.0
-106.0
-41.0
-46.0
-71.0
-63.0
-8.0
-86.0
-48.0
-50.0
6.0
69.0
-21.0
45.0
11.0
-57.0
-8.0
-50.0
86.0
-114.0
-45.0
-113.0
-155.0
-97.0
-4.0
-22.0
27.0
-60.0
-100.0
-93.0
-69.0
-25.0
-66.0
-50.0
-10.0
-92.0
-177.0
-82.0
-12.0
-64.0
67.0
-90.0
-33.0
-86.0
-49.0
12.0
-57.0
-37.0
23.0
-194.0
-94.0
-143.0
-139.0
-54.0
-76.0
-112.0
-29.0
-119.0
-10.0
-74.0
-83.0
23.0
-131.0
-63.0
20.0
-59.0
115.0
58.0
-193.0
-120.0
-74.0
17.0
-15.0
-78.0
120.0
-150.0
-137.0
-64.0
-41.0
-93.0
-25.0
-112.0
56.0
-50.0
-76.0
-24.0
-57.0
-35.0
17.0
-178.0
-144.0
-206.0
-144.0
-89.0
-97.0
-77.0
-67.0
-124.0
-22.0
6.0
-53.0
-18.0
-25.0
-50.0
-52.0
-172.0
-81.0
-94.0
-37.0
-31.0
-106.0
-75.0
7.0
-88.0
-16.0
3.0
-5.0
6.0
-103.0
-88.0
-23.0
-89.0
25.0
-52.0
-186.0
-133.0
-77.0
-80.0
-54.0
-50.0
-71.0
-45.0
-39.0
-58.0
-101.0
-40.0
3.0
-99.0
-3.0
-6.0
-161.0
-120.0
-145.0
-91.0
-77.0
-161.0
-150.0
-87.0
-106.0
-73.0
-114.0
-49.0
-37.0
-126.0
-29.0
-56.0
-85.0
-84.0
-148.0
-180.0
-101.0
-153.0
-59.0
-125.0
-150.0
-25.0
-52.0
-101.0
-1.0
-213.0
-120.0
-76.0
-102.0
-21.0
-117.0
-84.0
-22.0
-99.0
-59.0
-129.0
-79.0
-37.0
-76.0
-40.0
4.0
-14.0
-50.0
-50.0
-24.0
82.0
-99.0
-23.0
4.0
-148.0
-90.0
-102.0
-78.0
-51.0
-101.0
-95.0
-74.0
-170.0
-129.0
-109.0
-76.0
-25.0
-129.0
-39.0
-53.0
-95.0
-102.0
-46.0
-69.0
-11.0
-103.0
-95.0
-45.0
-99.0
-39.0
44.0
-101.0
-43.0
-61.0
-54.0
-79.0
-107.0
-20.0
-118.0
-52.0
-35.0
-99.0
-95.0
0.0
-64.0
-53.0
-96.0
-99.0
-8.0
-55.0
42.0
-47.0
-146.0
44.0
-13.0
-106.0
-6.0
11.0
-36.0
-88.0
-119.0
3.0
-33.0
-64.0
29.0
-52.0
1.0
47.0
-89.0
39.0
-70.0
-64.0
66.0
-140.0
-16.0
24.0
-65.0
18.0
-65.0
-46.0
-61.0
-54.0
-84.0
43.0
-122.0
-8.0
-67.0
-61.0
-40.0
-64.0
-15.0
-59.0
-139.0
-62.0
-93.0
-107.0
-28.0
-33.0
-61.0
24.0
-68.0
-116.0
-146.0
-30.0
-80.0
-87.0
-71.0
-42.0
-108.0
-45.0
6.0
-103.0
-97.0
-192.0
-72.0
-13.0
-77.0
-11.0
-70.0
-106.0
-35.0
-71.0
-103.0
2.0
-141.0
-75.0
-88.0
-126.0
-97.0
-81.0
-56.0
-45.0
-72.0
-119.0
-102.0
-98.0
-70.0
-96.0
-97.0
-127.0
-154.0
-140.0
-99.0
-86.0
-146.0
-166.0
-178.0
-73.0
-105.0
-67.0
-71.0
31.0
-63.0
-121.0
-109.0
-91.0
-99.0
-82.0
17.0
-109.0
-46.0
-39.0
-1.0
-90.0
-157.0
-47.0
-111.0
-53.0
-7.0
-65.0
-79.0
-40.0
-118.0
-110.0
-134.0
-71.0
-5.0
-152.0
-34.0
-13.0
-142.0
18.0
6.0
-73.0
-33.0
-44.0
-88.0
43.0
-84.0
-22.0
-21.0
-74.0
34.0
-87.0
-60.0
-92.0
-70.0
-63.0
36.0
-88.0
-65.0
-76.0
-28.0
-11.0
-35.0
35.0
26.0
-69.0
72.0
-21.0
-3.0
25.0
-9.0
117.0
3.0
56.0
61.0
-21.0
42.0
50.0
47.0
81.0
-73.0
-62.0
-15.0
-26.0
32.0
101.0
-18.0
-24.0
-5.0
46.0
110.0
29.0
-18.0
95.0
-35.0
23.0
20.0
40.0
71.0
-42.0
-95.0
15.0
-22.0
68.0
-9.0
31.0
-100.0
-42.0
-115.0
-1.0
-45.0
45.0
-45.0
-59.0
7.0
-91.0
-108.0
4.0
-44.0
-39.0
-104.0
-10.0
12.0
-111.0
-37.0
45.0
-144.0
-18.0
-44.0
-37.0
-3.0
-30.0
-194.0
-36.0
-41.0
40.0
42.0
-31.0
87.0
-80.0
-27.0
-56.0
-74.0
-15.0
-29.0
69.0
17.0
-101.0
-37.0
-97.0
-103.0
7.0
67.0
-67.0
-33.0
-58.0
-1.0
79.0
36.0
34.0
39.0
-22.0
71.0
-10.0
83.0
84.0
15.0
3.0
-5.0
20.0
129.0
22.0
-5.0
109.0
39.0
129.0
108.0
185.0
177.0
169.0
295.0
305.0
162.0
288.0
337.0
319.0
395.0
441.0
406.0
511.0
436.0
552.0
454.0
392.0
517.0
430.0
473.0
492.0
440.0
535.0
385.0
280.0
382.0
286.0
329.0
326.0
350.0
271.0
259.0
137.0
308.0
244.0
209.0
280.0
258.0
327.0
237.0
162.0
237.0
183.0
200.0
166.0
129.0
194.0
129.0
128.0
87.0
70.0
109.0
161.0
115.0
97.0
31.0
84.0
-26.0
-52.0
-14.0
53.0
10.0
19.0
-61.0
-13.0
72.0
-4.0
-62.0
1.0
-23.0
2.0
-11.0
-88.0
-20.0
-52.0
-37.0
48.0
-91.0
-80.0
-22.0
-117.0
-78.0
3.0
10.0
92.0
-96.0
23.0
-85.0
-75.0
-5.0
-20.0
64.0
10.0
-2.0
-20.0
-67.0
-125.0
-120.0
-20.0
-52.0
-59.0
-34.0
-14.0
-33.0
-96.0
66.0
77.0
15.0
-24.0
-15.0
68.0
35.0
-6.0
33.0
-2.0
37.0
-18.0
-50.0
67.0
142.0
-54.0
62.0
-68.0
5.0
65.0
-41.0
-25.0
103.0
15.0
-23.0
-37.0
-54.0
59.0
29.0
30.0
39.0
-40.0
-19.0
-11.0
-59.0
51.0
0.0
-27.0
14.0
-51.0
90.0
60.0
-19.0
117.0
-72.0
130.0
71.0
40.0
12.0
5.0
69.0
-25.0
-68.0
-22.0
-14.0
40.0
53.0
-11.0
-147.0
-59.0
-14.0
58.0
34.0
-63.0
84.0
-56.0
-113.0
12.0
-21.0
98.0
-26.0
38.0
82.0
18.0
-79.0
109.0
-50.0
4.0
-30.0
-61.0
-1.0
-66.0
3.0
49.0
-78.0
-82.0
-21.0
-45.0
-25.0
-61.0
10.0
34.0
-46.0
41.0
98.0
86.0
193.0
188.0
297.0
349.0
233.0
257.0
283.0
267.0
339.0
328.0
297.0
372.0
342.0
207.0
352.0
211.0
243.0
264.0
326.0
326.0
191.0
183.0
208.0
197.0
160.0
175.0
161.0
156.0
126.0
147.0
119.0
65.0
180.0
162.0
166.0
84.0
65.0
119.0
79.0
20.0
75.0
8.0
55.0
149.0
-12.0
15.0
2.0
-94.0
-20.0
-53.0
-13.0
4.0
-65.0
41.0
10.0
-83.0
-9.0
-24.0
-113.0
-15.0
-40.0
80.0
-7.0
-78.0
72.0
-92.0
-191.0
-89.0
-72.0
-18.0
-136.0
-60.0
-26.0
-110.0
14.0
-50.0
58.0
-20.0
-67.0
27.0
-13.0
-39.0
3.0
56.0
-32.0
-104.0
-64.0
-147.0
-67.0
-77.0
-57.0
14.0
9.0
41.0
-11.0
-76.0
-23.0
-69.0
-3.0
19.0
-8.0
25.0
-14.0
-65.0
-42.0
-71.0
-39.0
-73.0
-84.0
52.0
-2.0
-48.0
38.0
109.0
-11.0
-2.0
2.0
55.0
-82.0
-154.0
-73.0
-88.0
4.0
92.0
-80.0
-82.0
-114.0
-49.0
-16.0
-24.0
-72.0
9.0
-117.0
-96.0
-120.0
-96.0
-31.0
-93.0
-97.0
-8.0
-82.0
-158.0
-67.0
-118.0
-29.0
-70.0
27.0
-12.0
-139.0
-128.0
-56.0
-34.0
-51.0
70.0
-5.0
-27.0
-96.0
-73.0
-64.0
-66.0
28.0
-8.0
-22.0
-112.0
-73.0
-101.0
-66.0
-24.0
39.0
-16.0
-99.0
-54.0
-138.0
-97.0
-50.0
-59.0
2.0
-36.0
-48.0
-54.0
-156.0
-17.0
22.0
-8.0
-42.0
-99.0
-87.0
-36.0
-93.0
-28.0
17.0
-1.0
35.0
22.0
-83.0
24.0
-8.0
39.0
40.0
-26.0
-29.0
-67.0
-56.0
8.0
-140.0
-20.0
-61.0
-89.0
-56.0
-34.0
13.0
-22.0
-17.0
-50.0
13.0
-36.0
25.0
-45.0
-44.0
88.0
-148.0
-60.0
29.0
-115.0
-4.0
-37.0
-30.0
-31.0
-67.0
31.0
15.0
-74.0
27.0
-23.0
-112.0
-12.0
-58.0
-44.0
-35.0
4.0
127.0
-15.0
10.0
-23.0
-82.0
-33.0
5.0
52.0
31.0
44.0
42.0
-69.0
12.0
-56.0
23.0
-10.0
-5.0
-56.0
-50.0
57.0
88.0
48.0
12.0
70.0
32.0
23.0
14.0
148.0
-18.0
-41.0
-44.0
-22.0
89.0
-61.0
-49.0
8.0
-26.0
4.0
47.0
-36.0
-23.0
7.0
34.0
55.0
-97.0
-26.0
38.0
-93.0
-9.0
51.0
-80.0
-35.0
-84.0
-40.0
-43.0
-41.0
70.0
-47.0
-51.0
90.0
-87.0
-5.0
-6.0
-11.0
-4.0
-40.0
34.0
35.0
-98.0
-57.0
65.0
-172.0
-13.0
-68.0
9.0
59.0
-3.0
-52.0
-47.0
-72.0
-38.0
8.0
-29.0
158.0
58.0
13.0
-55.0
-62.0
-37.0
-11.0
-39.0
51.0
40.0
105.0
-36.0
-100.0
-34.0
-64.0
-93.0
82.0
-50.0
19.0
-4.0
-95.0
5.0
43.0
-88.0
-69.0
-94.0
-9.0
-9.0
-107.0
0.0
-67.0
-34.0
-30.0
-69.0
-22.0
65.0
-33.0
-18.0
-42.0
-67.0
10.0
-31.0
-18.0
51.0
-78.0
-119.0
-126.0
-99.0
-24.0
-48.0
46.0
-50.0
-107.0
73.0
20.0
-122.0
69.0
-7.0
17.0
4.0
-31.0
-38.0
-26.0
10.0
-30.0
-3.0
-52.0
62.0
-104.0
-21.0
-16.0
24.0
25.0
12.0
29.0
-61.0
-119.0
6.0
-19.0
-46.0
70.0
54.0
79.0
17.0
10.0
10.0
-20.0
-3.0
60.0
72.0
111.0
69.0
-92.0
-122.0
-132.0
-105.0
-10.0
-25.0
48.0
68.0
-86.0
-42.0
63.0
17.0
144.0
44.0
95.0
40.0
11.0
-27.0
-72.0
-95.0
37.0
-17.0
96.0
178.0
59.0
137.0
121.0
131.0
129.0
120.0
68.0
52.0
-10.0
92.0
97.0
-46.0
-17.0
-21.0
15.0
-17.0
9.0
100.0
57.0
52.0
35.0
39.0
3.0
39.0
10.0
76.0
89.0
-62.0
-17.0
-68.0
-68.0
-15.0
-22.0
-56.0
7.0
-74.0
-77.0
-105.0
38.0
34.0
20.0
70.0
-42.0
-101.0
-19.0
-127.0
-122.0
-44.0
49.0
8.0
-146.0
-60.0
-10.0
-107.0
3.0
5.0
-4.0
102.0
4.0
-85.0
19.0
-40.0
-60.0
-26.0
-53.0
-11.0
69.0
-67.0
80.0
-45.0
7.0
59.0
8.0
37.0
81.0
-48.0
-28.0
14.0
-31.0
-30.0
-38.0
30.0
53.0
-119.0
-39.0
-137.0
-48.0
-36.0
-68.0
-35.0
23.0
76.0
118.0
44.0
-77.0
-23.0
-10.0
8.0
97.0
53.0
39.0
-36.0
-42.0
-45.0
-23.0
-36.0
0.0
2.0
-94.0
-138.0
-48.0
-25.0
-76.0
7.0
81.0
-86.0
1.0
-68.0
52.0
105.0
32.0
70.0
16.0
-39.0
33.0
-64.0
74.0
137.0
90.0
95.0
3.0
36.0
52.0
38.0
-17.0
136.0
110.0
62.0
-80.0
13.0
-23.0
-42.0
33.0
121.0
-37.0
30.0
17.0
-56.0
54.0
-16.0
67.0
87.0
-16.0
75.0
66.0
59.0
66.0
16.0
69.0
27.0
-45.0
19.0
-12.0
22.0
72.0
11.0
46.0
-56.0
14.0
73.0
26.0
68.0
144.0
-26.0
-58.0
-1.0
32.0
70.0
65.0
52.0
10.0
-88.0
-12.0
48.0
-6.0
33.0
102.0
-17.0
17.0
15.0
-10.0
26.0
-10.0
106.0
-41.0
-42.0
93.0
-52.0
118.0
68.0
77.0
12.0
-12.0
-44.0
98.0
89.0
71.0
67.0
12.0
-14.0
-22.0
-69.0
58.0
-29.0
-50.0
-43.0
-3.0
47.0
6.0
-44.0
43.0
-14.0
-17.0
92.0
78.0
43.0
11.0
-64.0
79.0
77.0
-14.0
64.0
-11.0
6.0
34.0
-60.0
100.0
70.0
83.0
127.0
-30.0
48.0
-48.0
-27.0
-6.0
7.0
25.0
61.0
-62.0
113.0
-123.0
-26.0
-35.0
-20.0
39.0
26.0
-2.0
58.0
126.0
-125.0
49.0
-120.0
-83.0
-60.0
35.0
-4.0
-59.0
-94.0
85.0
-188.0
-21.0
-37.0
-97.0
73.0
21.0
-49.0
-24.0
1.0
-52.0
-8.0
-65.0
-58.0
36.0
4.0
49.0
39.0
22.0
22.0
-6.0
-2.0
-84.0
-18.0
33.0
-76.0
46.0
11.0
-50.0
6.0
-15.0
-3.0
110.0
-35.0
-27.0
48.0
-42.0
45.0
58.0
33.0
78.0
-63.0
-53.0
-25.0
-32.0
17.0
-24.0
-21.0
56.0
-6.0
-40.0
-108.0
-43.0
19.0
-90.0
-64.0
-13.0
6.0
-25.0
12.0
-51.0
-24.0
21.0
-53.0
7.0
44.0
-27.0
12.0
-65.0
56.0
4.0
21.0
105.0
-16.0
-25.0
79.0
-79.0
24.0
-43.0
-58.0
-58.0
-27.0
4.0
101.0
-52.0
43.0
30.0
15.0
-15.0
15.0
41.0
47.0
-69.0
6.0
6.0
5.0
42.0
-29.0
-60.0
-9.0
-30.0
8.0
17.0
-27.0
117.0
-87.0
-83.0
34.0
55.0
-45.0
26.0
-63.0
32.0
7.0
21.0
-22.0
-43.0
-62.0
7.0
-105.0
33.0
44.0
9.0
111.0
-12.0
-63.0
-52.0
-36.0
37.0
-3.0
-32.0
-1.0
-56.0
64.0
-17.0
8.0
11.0
-109.0
-57.0
-16.0
-78.0
32.0
87.0
-127.0
-114.0
-68.0
-41.0
-14.0
-23.0
0.0
-15.0
64.0
67.0
4.0
30.0
81.0
33.0
118.0
180.0
242.0
193.0
186.0
151.0
229.0
117.0
209.0
268.0
284.0
272.0
250.0
312.0
393.0
217.0
300.0
312.0
325.0
393.0
283.0
282.0
364.0
417.0
335.0
277.0
153.0
344.0
218.0
173.0
195.0
130.0
158.0
62.0
86.0
85.0
-26.0
35.0
67.0
-38.0
94.0
-34.0
31.0
114.0
9.0
-3.0
68.0
-52.0
54.0
15.0
-40.0
108.0
-35.0
-148.0
-8.0
-73.0
-19.0
25.0
-64.0
-28.0
-96.0
-101.0
-66.0
-109.0
-20.0
-59.0
-71.0
-43.0
-177.0
-74.0
-41.0
-49.0
-28.0
-145.0
-169.0
-36.0
-129.0
-55.0
5.0
-79.0
-12.0
-118.0
-79.0
-20.0
-41.0
-98.0
-137.0
-79.0
-23.0
-43.0
-64.0
10.0
-190.0
-121.0
-100.0
-104.0
-33.0
-17.0
78.0
-50.0
-121.0
-102.0
-12.0
-73.0
16.0
-44.0
-40.0
32.0
-133.0
-108.0
26.0
-54.0
-73.0
-93.0
-139.0
-58.0
-99.0
-67.0
-90.0
-146.0
-47.0
-36.0
-90.0
-74.0
-69.0
-79.0
14.0
-165.0
-44.0
-55.0
-62.0
28.0
-69.0
-114.0
-110.0
-146.0
-58.0
-130.0
-63.0
-39.0
-126.0
-48.0
-20.0
-23.0
78.0
71.0
51.0
233.0
303.0
304.0
323.0
369.0
355.0
338.0
345.0
349.0
418.0
381.0
488.0
417.0
377.0
447.0
479.0
445.0
304.0
338.0
371.0
385.0
339.0
316.0
270.0
283.0
163.0
206.0
280.0
241.0
315.0
183.0
180.0
283.0
240.0
139.0
223.0
168.0
170.0
118.0
36.0
139.0
-6.0
49.0
69.0
1.0
90.0
82.0
131.0
106.0
47.0
21.0
171.0
-47.0
87.0
58.0
-87.0
24.0
-56.0
-75.0
-10.0
-128.0
-78.0
-76.0
-102.0
-40.0
-45.0
-98.0
-2.0
-78.0
-37.0
27.0
36.0
73.0
-88.0
-45.0
-58.0
-118.0
-120.0
-6.0
-50.0
-47.0
-136.0
-112.0
-130.0
-114.0
-19.0
-22.0
-64.0
-8.0
-57.0
-18.0
-14.0
-22.0
61.0
40.0
1.0
110.0
61.0
-28.0
80.0
43.0
95.0
146.0
107.0
231.0
196.0
174.0
223.0
197.0
265.0
287.0
149.0
245.0
284.0
318.0
378.0
317.0
377.0
359.0
185.0
315.0
235.0
220.0
291.0
171.0
275.0
337.0
205.0
196.0
172.0
243.0
284.0
266.0
188.0
227.0
173.0
278.0
308.0
161.0
232.0
172.0
240.0
257.0
146.0
262.0
192.0
195.0
209.0
219.0
231.0
200.0
102.0
194.0
127.0
88.0
151.0
126.0
123.0
190.0
71.0
126.0
59.0
127.0
71.0
-40.0
-21.0
69.0
29.0
36.0
-68.0
1.0
86.0
-44.0
-36.0
-27.0
-140.0
-17.0
-44.0
-86.0
-131.0
-146.0
-86.0
-151.0
-188.0
-129.0
-183.0
-81.0
-132.0
-155.0
-95.0
-103.0
-214.0
-130.0
-184.0
-187.0
-109.0
-196.0
-197.0
-180.0
-191.0
-220.0
-187.0
-156.0
-145.0
-134.0
-74.0
-237.0
-254.0
-194.0
-244.0
-245.0
-138.0
-157.0
-126.0
-211.0
-265.0
-234.0
-234.0
-223.0
-161.0
-191.0
-123.0
-111.0
-293.0
-249.0
-321.0
-244.0
-222.0
-301.0
-231.0
-231.0
-272.0
-261.0
-254.0
-215.0
-212.0
-242.0
-209.0
-227.0
-197.0
-187.0
-201.0
-173.0
-144.0
-325.0
-217.0
-221.0
-190.0
-164.0
-251.0
-282.0
-279.0
-225.0
-261.0
-153.0
-257.0
-99.0
-236.0
-247.0
-164.0
-235.0
-178.0
-246.0
-203.0
-85.0
-213.0
-308.0
-184.0
-221.0
-145.0
-173.0
-140.0
-184.0
-248.0
-217.0
-162.0
-164.0
-190.0
-112.0
-232.0
-179.0
-260.0
-218.0
-123.0
-223.0
-243.0
-98.0
-274.0
-301.0
-267.0
-221.0
-209.0
-244.0
-297.0
-220.0
-229.0
-194.0
-222.0
-255.0
-211.0
-281.0
-201.0
-100.0
-239.0
-191.0
-233.0
-141.0
-108.0
-146.0
-135.0
-278.0
-296.0
-171.0
-186.0
-264.0
-204.0
-223.0
-243.0
-230.0
-267.0
-191.0
-159.0
-153.0
-116.0
-172.0
-63.0
-39.0
-274.0
-193.0
-163.0
-211.0
-65.0
-119.0
-127.0
-143.0
-267.0
-161.0
-258.0
-116.0
-59.0
-196.0
-128.0
-126.0
-217.0
-158.0
-126.0
-170.0
-45.0
-104.0
-120.0
-154.0
-239.0
-175.0
-209.0
-164.0
-43.0
-167.0
-243.0
-178.0
-182.0
-34.0
-146.0
-143.0
-100.0
-203.0
-153.0
-46.0
-176.0
-123.0
-210.0
-231.0
-224.0
-192.0
-214.0
-197.0
-277.0
-162.0
-152.0
-64.0
-175.0
-244.0
-232.0
-112.0
-115.0
-15.0
-47.0
-123.0
-84.0
-129.0
-166.0
-128.0
-148.0
-32.0
-176.0
-50.0
-193.0
-108.0
-33.0
-127.0
-200.0
-60.0
-92.0
-31.0
3.0
-68.0
-120.0
-121.0
-136.0
32.0
-23.0
-180.0
-110.0
-134.0
-118.0
-84.0
-158.0
-16.0
-163.0
-168.0
-68.0
-164.0
-143.0
-105.0
-59.0
-128.0
-118.0
-210.0
-82.0
-133.0
-79.0
-56.0
-93.0
-60.0
-104.0
-239.0
-72.0
-70.0
-126.0
-133.0
-106.0
-96.0
-97.0
-259.0
-38.0
-148.0
-176.0
-96.0
-144.0
-30.0
-46.0
-99.0
-96.0
-173.0
-120.0
-106.0
-107.0
-14.0
-67.0
-47.0
-79.0
-187.0
-77.0
-76.0
-105.0
-138.0
-158.0
-144.0
-124.0
-167.0
-105.0
-35.0
-163.0
-190.0
-108.0
-155.0
-157.0
-180.0
-34.0
-180.0
-160.0
-96.0
-142.0
-96.0
9.0
-18.0
-155.0
-117.0
-185.0
-193.0
-90.0
-100.0
-11.0
-129.0
-70.0
-105.0
-126.0
-55.0
-53.0
-45.0
90.0
82.0
192.0
138.0
148.0
198.0
265.0
296.0
252.0
261.0
289.0
327.0
185.0
234.0
242.0
242.0
210.0
133.0
171.0
309.0
180.0
271.0
254.0
298.0
294.0
187.0
235.0
244.0
218.0
242.0
251.0
200.0
240.0
200.0
165.0
162.0
44.0
206.0
50.0
110.0
131.0
89.0
145.0
133.0
39.0
74.0
74.0
45.0
64.0
20.0
158.0
54.0
-2.0
30.0
99.0
14.0
13.0
-48.0
-32.0
-59.0
-56.0
76.0
-41.0
-103.0
-36.0
-82.0
4.0
33.0
-45.0
50.0
-54.0
-107.0
-27.0
-185.0
-92.0
-53.0
-136.0
-77.0
-83.0
-4.0
-20.0
-194.0
-102.0
-92.0
-196.0
-76.0
-81.0
-95.0
7.0
-108.0
-39.0
-93.0
-101.0
-20.0
-71.0
-63.0
-33.0
-97.0
-121.0
-122.0
-82.0
-63.0
-44.0
-158.0
-69.0
-102.0
-30.0
-44.0
-32.0
27.0
35.0
-103.0
34.0
-107.0
-69.0
-57.0
-87.0
-63.0
-94.0
-75.0
-29.0
-108.0
-79.0
-13.0
-71.0
1.0
-97.0
-89.0
-61.0
-91.0
-35.0
-136.0
-88.0
-86.0
-141.0
-144.0
-76.0
-116.0
-98.0
-13.0
-77.0
-76.0
-138.0
-164.0
-87.0
-101.0
-36.0
-48.0
-65.0
-125.0
-64.0
-142.0
-75.0
-104.0
-64.0
-53.0
-131.0
-90.0
-86.0
-145.0
-27.0
-74.0
-134.0
-71.0
-137.0
-71.0
-178.0
-90.0
11.0
-43.0
-75.0
6.0
-142.0
-97.0
-118.0
-74.0
-21.0
-74.0
-98.0
-136.0
-121.0
19.0
-168.0
-85.0
13.0
-60.0
-121.0
-145.0
-124.0
-65.0
-70.0
-54.0
-53.0
-89.0
-130.0
-33.0
-77.0
-99.0
-57.0
-88.0
22.0
-136.0
-155.0
-116.0
-51.0
-25.0
-165.0
-131.0
-141.0
-129.0
-150.0
-127.0
-109.0
-45.0
-74.0
-82.0
-107.0
-89.0
-104.0
-53.0
-149.0
27.0
-90.0
-191.0
-64.0
-152.0
-96.0
-37.0
-90.0
-32.0
72.0
-40.0
124.0
-30.0
-5.0
5.0
-61.0
34.0
61.0
75.0
47.0
-3.0
10.0
176.0
49.0
42.0
70.0
157.0
140.0
16.0
107.0
82.0
56.0
99.0
-8.0
-43.0
-53.0
-53.0
43.0
41.0
-27.0
6.0
-22.0
-43.0
21.0
-31.0
-59.0
56.0
2.0
35.0
-76.0
-109.0
-133.0
-124.0
-5.0
69.0
-141.0
26.0
-35.0
-114.0
-46.0
-135.0
-97.0
-64.0
-27.0
-24.0
-70.0
-118.0
-5.0
-130.0
-51.0
-74.0
-55.0
-27.0
-120.0
-123.0
-61.0
-156.0
-75.0
-68.0
-51.0
-54.0
-18.0
-40.0
-108.0
-107.0
-3.0
46.0
-97.0
-72.0
-15.0
23.0
-20.0
-71.0
-5.0
-5.0
-63.0
-77.0
-105.0
-14.0
-2.0
-76.0
-22.0
33.0
-96.0
-7.0
-96.0
-52.0
6.0
-132.0
-4.0
39.0
-55.0
-26.0
-1.0
-88.0
24.0
-67.0
-53.0
35.0
-111.0
52.0
-29.0
-72.0
-42.0
-101.0
-96.0
-18.0
-13.0
-76.0
-108.0
-136.0
-67.0
-112.0
-35.0
-32.0
-112.0
39.0
-16.0
-111.0
-107.0
-100.0
-41.0
-125.0
-97.0
-49.0
20.0
-72.0
-99.0
-109.0
-121.0
-12.0
-80.0
-25.0
-20.0
-12.0
-28.0
-151.0
-14.0
-123.0
-140.0
-89.0
-119.0
-52.0
-53.0
-130.0
-65.0
-54.0
-152.0
-57.0
-79.0
-184.0
-73.0
-1.0
-20.0
-108.0
-132.0
-106.0
-13.0
-111.0
-104.0
-30.0
-115.0
-95.0
-148.0
8.0
-60.0
-17.0
-32.0
-82.0
25.0
26.0
-78.0
-29.0
5.0
-73.0
-22.0
-76.0
-11.0
-35.0
-62.0
-10.0
-81.0
-136.0
-44.0
-69.0
17.0
54.0
-5.0
-52.0
-91.0
-122.0
-31.0
-81.0
-6.0
-49.0
-112.0
-39.0
-46.0
-34.0
23.0
-47.0
-99.0
-102.0
-100.0
-12.0
-113.0
-40.0
-69.0
-140.0
-125.0
-56.0
-85.0
7.0
12.0
-180.0
-195.0
-114.0
-45.0
1.0
-44.0
-4.0
-27.0
-27.0
-15.0
-67.0
-13.0
52.0
29.0
91.0
149.0
225.0
256.0
220.0
280.0
178.0
149.0
210.0
254.0
267.0
167.0
109.0
188.0
266.0
78.0
167.0
105.0
125.0
180.0
-34.0
53.0
68.0
43.0
106.0
54.0
68.0
127.0
-118.0
5.0
91.0
48.0
119.0
18.0
-82.0
-20.0
-109.0
-29.0
-39.0
-3.0
16.0
13.0
-75.0
-53.0
-69.0
-26.0
41.0
65.0
-149.0
-107.0
-107.0
33.0
-55.0
-48.0
-20.0
-82.0
-17.0
-6.0
7.0
21.0
-122.0
-5.0
11.0
-137.0
13.0
-14.0
-116.0
56.0
-32.0
-22.0
67.0
-61.0
-53.0
-4.0
-7.0
19.0
-17.0
14.0
12.0
-48.0
-60.0
-27.0
91.0
-78.0
-67.0
-46.0
-32.0
-46.0
15.0
-27.0
-21.0
-12.0
24.0
-31.0
-105.0
-20.0
42.0
36.0
-22.0
-48.0
-37.0
2.0
5.0
26.0
-17.0
-44.0
-137.0
-22.0
-93.0
-148.0
-11.0
-87.0
-17.0
-3.0
-135.0
-94.0
-161.0
-79.0
-81.0
-109.0
-39.0
-47.0
12.0
51.0
16.0
46.0
64.0
6.0
43.0
74.0
81.0
147.0
147.0
190.0
280.0
279.0
247.0
318.0
237.0
280.0
225.0
299.0
474.0
292.0
409.0
419.0
288.0
362.0
369.0
376.0
303.0
263.0
399.0
329.0
286.0
374.0
240.0
290.0
233.0
146.0
208.0
190.0
126.0
185.0
131.0
156.0
206.0
1.0
77.0
93.0
76.0
163.0
123.0
120.0
115.0
16.0
-5.0
13.0
20.0
68.0
34.0
126.0
68.0
-74.0
-2.0
-13.0
54.0
48.0
18.0
100.0
-2.0
-59.0
7.0
4.0
16.0
156.0
49.0
-84.0
-68.0
-61.0
21.0
55.0
-12.0
49.0
19.0
-55.0
-53.0
-32.0
123.0
-1.0
-77.0
-2.0
-55.0
-7.0
6.0
-79.0
76.0
12.0
-41.0
25.0
-108.0
-41.0
41.0
-36.0
38.0
21.0
39.0
142.0
55.0
-53.0
2.0
-46.0
-5.0
33.0
28.0
22.0
-27.0
18.0
60.0
-37.0
21.0
40.0
-15.0
-26.0
-13.0
34.0
100.0
-52.0
-18.0
-45.0
-41.0
29.0
-87.0
56.0
-26.0
-67.0
24.0
-66.0
-149.0
-58.0
-32.0
-106.0
20.0
-36.0
14.0
-56.0
-81.0
-5.0
-106.0
-13.0
-25.0
-39.0
-97.0
8.0
-147.0
-162.0
-150.0
-59.0
2.0
-117.0
73.0
-56.0
-148.0
-34.0
-140.0
-102.0
-4.0
-124.0
70.0
37.0
-32.0
-118.0
-75.0
-42.0
-22.0
-117.0
-46.0
35.0
-28.0
-37.0
-123.0
-86.0
-60.0
-73.0
-96.0
3.0
-109.0
-40.0
-129.0
-85.0
-57.0
-120.0
-22.0
-21.0
-108.0
7.0
-96.0
-119.0
-103.0
-108.0
7.0
-84.0
-69.0
-21.0
-72.0
-41.0
8.0
-39.0
6.0
-32.0
-166.0
-63.0
-91.0
-121.0
-70.0
-87.0
-35.0
-36.0
-104.0
-40.0
-58.0
-173.0
-62.0
-34.0
37.0
27.0
-70.0
-3.0
-98.0
-71.0
-37.0
-109.0
-63.0
-35.0
-24.0
-52.0
-109.0
-126.0
-77.0
-89.0
58.0
-122.0
-72.0
-10.0
-56.0
-183.0
-86.0
-91.0
-47.0
-177.0
-130.0
-48.0
-156.0
-181.0
2.0
-136.0
-90.0
61.0
-82.0
-33.0
-31.0
-24.0
-86.0
-137.0
-114.0
-91.0
-154.0
-74.0
-166.0
-97.0
-84.0
-175.0
-140.0
-97.0
-147.0
-71.0
81.0
-121.0
-47.0
-191.0
-46.0
-103.0
-110.0
62.0
-125.0
34.0
-113.0
-137.0
-121.0
-39.0
-28.0
-31.0
-56.0
-19.0
-3.0
-97.0
-62.0
-106.0
-158.0
-60.0
-54.0
-119.0
-49.0
-128.0
-22.0
-17.0
-127.0
-57.0
-68.0
-39.0
45.0
-6.0
-23.0
33.0
-136.0
-74.0
-164.0
-98.0
-31.0
-94.0
-15.0
-13.0
-36.0
75.0
101.0
94.0
163.0
140.0
217.0
215.0
137.0
319.0
232.0
272.0
343.0
241.0
391.0
252.0
320.0
352.0
303.0
372.0
314.0
210.0
328.0
238.0
188.0
256.0
266.0
150.0
175.0
108.0
131.0
178.0
107.0
174.0
139.0
104.0
142.0
68.0
59.0
98.0
165.0
222.0
58.0
60.0
63.0
36.0
50.0
21.0
-32.0
129.0
51.0
91.0
-23.0
-12.0
31.0
54.0
-54.0
76.0
86.0
59.0
-27.0
-82.0
-27.0
-27.0
-13.0
97.0
55.0
18.0
-62.0
-109.0
-72.0
-62.0
-77.0
55.0
60.0
-50.0
-65.0
-25.0
20.0
-55.0
-63.0
113.0
42.0
-121.0
-23.0
-87.0
-42.0
-5.0
-140.0
71.0
-33.0
-50.0
-22.0
-104.0
-1.0
49.0
-1.0
-154.0
-25.0
-21.0
-24.0
-97.0
-61.0
-13.0
-37.0
47.0
-14.0
-69.0
-24.0
-111.0
-1.0
-44.0
-80.0
35.0
-54.0
-49.0
-107.0
-107.0
-64.0
-90.0
-131.0
-31.0
-31.0
-52.0
11.0
-64.0
-94.0
-136.0
-136.0
-34.0
-51.0
-172.0
-34.0
-71.0
-122.0
-78.0
-74.0
17.0
-73.0
-132.0
-7.0
-98.0
-97.0
96.0
-72.0
-43.0
-71.0
-39.0
48.0
-58.0
-114.0
-103.0
-93.0
-65.0
-19.0
-46.0
-72.0
-93.0
-145.0
1.0
-55.0
78.0
-20.0
-5.0
29.0
-152.0
-86.0
19.0
-115.0
-6.0
11.0
-43.0
-10.0
-107.0
41.0
5.0
-27.0
-53.0
-130.0
-4.0
125.0
-64.0
5.0
44.0
-25.0
65.0
-29.0
-63.0
-5.0
-54.0
-46.0
-49.0
-31.0
2.0
-134.0
-31.0
-10.0
-52.0
-39.0
34.0
-26.0
-35.0
3.0
-29.0
20.0
-96.0
-62.0
-7.0
-30.0
4.0
-49.0
-35.0
-22.0
-91.0
-34.0
15.0
-78.0
-2.0
-7.0
11.0
-73.0
-101.0
36.0
-46.0
-114.0
14.0
-34.0
-140.0
-95.0
-109.0
-48.0
-51.0
-133.0
-55.0
84.0
-63.0
23.0
-125.0
-35.0
-73.0
-46.0
118.0
45.0
-13.0
-27.0
-140.0
-13.0
18.0
-20.0
44.0
1.0
-152.0
-82.0
-135.0
-72.0
20.0
-32.0
-89.0
-205.0
-50.0
-62.0
-54.0
50.0
12.0
-46.0
-22.0
-54.0
-26.0
101.0
-6.0
65.0
-18.0
-38.0
-30.0
-24.0
29.0
47.0
-31.0
7.0
102.0
-164.0
-60.0
-16.0
-41.0
22.0
-20.0
6.0
-31.0
-183.0
-42.0
-23.0
-58.0
44.0
-48.0
-34.0
19.0
22.0
-110.0
14.0
-17.0
31.0
-86.0
77.0
-16.0
-18.0
-46.0
-55.0
-61.0
35.0
-71.0
-5.0
19.0
-27.0
-122.0
-133.0
-70.0
31.0
-82.0
-33.0
-62.0
-183.0
-51.0
-24.0
-101.0
62.0
-46.0
-34.0
-16.0
-80.0
27.0
-74.0
-93.0
2.0
-130.0
-26.0
-23.0
-79.0
23.0
-22.0
11.0
-144.0
-59.0
-45.0
-99.0
-64.0
-53.0
-10.0
-56.0
-16.0
-211.0
-79.0
-55.0
-118.0
28.0
-110.0
-67.0
26.0
-110.0
47.0
-22.0
-115.0
51.0
29.0
-61.0
-48.0
36.0
-108.0
-55.0
-65.0
24.0
-64.0
-93.0
-81.0
-142.0
-98.0
-82.0
-68.0
140.0
-114.0
-50.0
5.0
-90.0
-56.0
1.0
-16.0
-64.0
-88.0
-127.0
-59.0
-59.0
-11.0
-51.0
-124.0
-81.0
-63.0
-101.0
-69.0
-105.0
-116.0
31.0
-260.0
-85.0
-106.0
-156.0
-64.0
-105.0
4.0
-32.0
-148.0
-126.0
-74.0
-26.0
-67.0
-58.0
-158.0
-26.0
-218.0
-92.0
-7.0
-68.0
-85.0
-131.0
-110.0
-77.0
-91.0
43.0
-75.0
-127.0
16.0
-120.0
-55.0
1.0
45.0
-50.0
-110.0
-124.0
-93.0
-136.0
-21.0
-2.0
-39.0
-53.0
-116.0
-140.0
-86.0
-145.0
-76.0
-38.0
-172.0
-51.0
-81.0
-136.0
-55.0
-49.0
19.0
-92.0
-122.0
-43.0
-78.0
-86.0
54.0
-79.0
-1.0
-67.0
-118.0
-18.0
2.0
-97.0
-3.0
18.0
-89.0
-166.0
-93.0
-56.0
-143.0
-173.0
-32.0
-93.0
-144.0
-95.0
-165.0
-111.0
-91.0
-72.0
-19.0
-30.0
20.0
-71.0
-77.0
-42.0
-105.0
-79.0
-45.0
-145.0
-81.0
-95.0
-272.0
-119.0
-253.0
-77.0
-108.0
-146.0
-88.0
-91.0
-156.0
5.0
-35.0
-73.0
-120.0
-84.0
-12.0
-128.0
-143.0
-105.0
-62.0
-122.0
-47.0
-140.0
-110.0
-83.0
-123.0
16.0
-27.0
-59.0
30.0
-217.0
-83.0
-45.0
-129.0
-32.0
-116.0
-145.0
-47.0
-54.0
-84.0
-39.0
-61.0
-23.0
-120.0
-39.0
-6.0
-77.0
-6.0
-13.0
-87.0
26.0
-10.0
-65.0
-47.0
-53.0
31.0
45.0
-38.0
39.0
-55.0
-15.0
60.0
-14.0
50.0
49.0
-62.0
-80.0
-49.0
55.0
48.0
19.0
39.0
111.0
85.0
202.0
121.0
127.0
303.0
242.0
233.0
276.0
213.0
331.0
398.0
419.0
489.0
411.0
357.0
361.0
326.0
433.0
349.0
356.0
402.0
276.0
177.0
258.0
211.0
270.0
275.0
186.0
290.0
176.0
221.0
159.0
79.0
192.0
154.0
146.0
142.0
45.0
153.0
105.0
30.0
82.0
56.0
8.0
123.0
19.0
32.0
80.0
4.0
10.0
37.0
17.0
40.0
-24.0
-56.0
8.0
-99.0
-51.0
14.0
58.0
69.0
-31.0
37.0
-4.0
-53.0
108.0
16.0
17.0
43.0
43.0
46.0
87.0
68.0
78.0
62.0
10.0
117.0
103.0
13.0
35.0
-32.0
18.0
-6.0
-105.0
-27.0
-31.0
-70.0
-47.0
-107.0
-43.0
51.0
-115.0
-61.0
-120.0
-73.0
-62.0
-88.0
4.0
-12.0
-34.0
-82.0
-59.0
-100.0
-106.0
-86.0
-99.0
-108.0
-132.0
-116.0
-156.0
-152.0
-176.0
-202.0
-191.0
-128.0
-157.0
-112.0
-169.0
-240.0
-127.0
-194.0
-108.0
-134.0
-143.0
-31.0
-8.0
-44.0
-89.0
-235.0
-73.0
-103.0
-64.0
-54.0
-109.0
-46.0
-124.0
-146.0
-100.0
-110.0
-121.0
-114.0
-212.0
-131.0
-92.0
-219.0
-98.0
-155.0
-192.0
-167.0
-206.0
-145.0
-55.0
-50.0
-174.0
-129.0
-73.0
-67.0
-96.0
-21.0
34.0
-143.0
-120.0
-76.0
-56.0
-34.0
-33.0
-80.0
-113.0
-186.0
-107.0
-70.0
-42.0
-28.0
-1.0
-81.0
-89.0
-196.0
-99.0
-146.0
-115.0
-62.0
-69.0
-108.0
-68.0
-63.0
-100.0
-76.0
-63.0
-6.0
-168.0
-124.0
16.0
-181.0
33.0
-129.0
-107.0
-88.0
-107.0
-78.0
-35.0
-73.0
-17.0
-24.0
10.0
-16.0
19.0
-1.0
-16.0
23.0
122.0
33.0
58.0
22.0
-44.0
-5.0
-17.0
-90.0
61.0
-25.0
-96.0
-88.0
-121.0
-52.0
-41.0
-91.0
-44.0
-64.0
-8.0
-42.0
-158.0
-131.0
-30.0
-137.0
-39.0
12.0
22.0
-109.0
-110.0
-135.0
-76.0
-69.0
-81.0
-42.0
-3.0
33.0
-114.0
-99.0
-26.0
-16.0
17.0
-40.0
-160.0
-45.0
-106.0
-13.0
-6.0
22.0
-8.0
-73.0
-142.0
-65.0
-88.0
-79.0
4.0
-62.0
-41.0
-2.0
-52.0
18.0
-110.0
-29.0
12.0
-86.0
-9.0
-86.0
-116.0
-71.0
-81.0
-133.0
-59.0
-139.0
-115.0
-73.0
-175.0
-136.0
-116.0
-50.0
44.0
-101.0
-146.0
-73.0
-139.0
-52.0
-61.0
-44.0
-61.0
-105.0
6.0
-58.0
-102.0
-17.0
44.0
-46.0
-92.0
-114.0
-32.0
-75.0
-119.0
-23.0
-100.0
-64.0
-99.0
-145.0
-129.0
-120.0
-99.0
-70.0
-27.0
-129.0
-83.0
-89.0
-115.0
-70.0
-101.0
-16.0
-100.0
-12.0
-86.0
-190.0
-135.0
-130.0
-190.0
-124.0
-148.0
-48.0
-45.0
-199.0
-112.0
-140.0
-61.0
-4.0
-58.0
-132.0
-13.0
-98.0
-175.0
-99.0
-117.0
-69.0
-126.0
-104.0
-41.0
-81.0
-124.0
-166.0
-189.0
-152.0
-185.0
-134.0
13.0
-171.0
-94.0
-164.0
-147.0
-86.0
-130.0
-41.0
-168.0
-137.0
-71.0
-158.0
-162.0
-176.0
-284.0
-193.0
-117.0
-110.0
-137.0
-137.0
-265.0
-140.0
-220.0
-175.0
-60.0
-82.0
-43.0
-191.0
-239.0
-119.0
-119.0
-182.0
-93.0
-136.0
16.0
-201.0
-204.0
-91.0
-174.0
-95.0
67.0
-65.0
-112.0
-106.0
-77.0
16.0
-106.0
-9.0
25.0
-46.0
-164.0
-100.0
-182.0
-50.0
-90.0
-73.0
-33.0
-80.0
-101.0
-165.0
-120.0
-36.0
-45.0
-87.0
33.0
-43.0
-37.0
-66.0
-104.0
-27.0
-61.0
-27.0
-15.0
-78.0
-80.0
-73.0
-140.0
-39.0
-117.0
-61.0
-45.0
-168.0
-42.0
-59.0
-114.0
53.0
-52.0
-87.0
56.0
-107.0
-65.0
-23.0
-61.0
-63.0
-60.0
-52.0
-100.0
-163.0
6.0
-51.0
-58.0
72.0
-22.0
-76.0
-96.0
-127.0
-82.0
-48.0
-76.0
21.0
-78.0
-83.0
-143.0
-134.0
-126.0
-83.0
-77.0
73.0
-98.0
-79.0
-72.0
-101.0
-1.0
-92.0
-31.0
17.0
-81.0
32.0
-165.0
-161.0
-142.0
-99.0
-112.0
41.0
-169.0
-118.0
-119.0
-192.0
-140.0
-171.0
-56.0
-53.0
-119.0
-3.0
-46.0
-118.0
-93.0
-87.0
-117.0
8.0
-185.0
-62.0
-4.0
-134.0
-69.0
-48.0
-67.0
-134.0
-94.0
-16.0
-52.0
-114.0
-48.0
-7.0
-90.0
-67.0
-100.0
-7.0
-53.0
-104.0
-16.0
-16.0
-134.0
-76.0
-181.0
-51.0
-145.0
-158.0
-43.0
-60.0
-171.0
-61.0
-105.0
-103.0
-95.0
-108.0
-32.0
-31.0
-117.0
-41.0
-41.0
-89.0
3.0
-123.0
-57.0
-123.0
-76.0
-3.0
-120.0
-86.0
-8.0
-120.0
-72.0
-21.0
-96.0
-82.0
-13.0
-70.0
-58.0
-40.0
-32.0
-33.0
-164.0
-23.0
-114.0
-65.0
39.0
-121.0
-60.0
-146.0
-109.0
-2.0
-130.0
-26.0
-35.0
-108.0
-104.0
-94.0
-61.0
-38.0
-18.0
-53.0
4.0
-143.0
-63.0
-135.0
-119.0
-24.0
-97.0
-69.0
26.0
-161.0
-68.0
-68.0
-82.0
-103.0
-141.0
-140.0
-76.0
-169.0
-152.0
-229.0
-149.0
-110.0
-101.0
-131.0
-131.0
-143.0
-72.0
-44.0
-80.0
3.0
-50.0
-101.0
-66.0
-130.0
44.0
-111.0
-161.0
-72.0
-183.0
-126.0
-86.0
-73.0
-147.0
-137.0
-144.0
-177.0
-188.0
-115.0
-74.0
-198.0
-39.0
-60.0
-237.0
7.0
-196.0
-142.0
-54.0
-75.0
-101.0
-120.0
-42.0
-15.0
-176.0
-121.0
-75.0
-182.0
-32.0
-137.0
-98.0
-35.0
-152.0
-133.0
-64.0
-114.0
-44.0
-108.0
-50.0
20.0
-43.0
-54.0
-94.0
-96.0
-56.0
-88.0
-126.0
-118.0
-121.0
-29.0
-183.0
-175.0
-91.0
-34.0
-114.0
5.0
-99.0
-111.0
-21.0
-24.0
-53.0
-93.0
-116.0
-45.0
-81.0
-91.0
-36.0
-13.0
-35.0
-6.0
-43.0
24.0
-111.0
-4.0
-34.0
21.0
-26.0
57.0
-24.0
25.0
-62.0
-20.0
49.0
-187.0
-114.0
-2.0
-136.0
-24.0
15.0
42.0
-36.0
-72.0
69.0
99.0
-8.0
58.0
52.0
-31.0
44.0
-45.0
42.0
111.0
78.0
67.0
-21.0
-72.0
60.0
-21.0
7.0
11.0
1.0
119.0
-7.0
-113.0
-1.0
-20.0
44.0
51.0
15.0
35.0
54.0
113.0
144.0
73.0
112.0
201.0
111.0
150.0
231.0
173.0
185.0
154.0
208.0
224.0
176.0
362.0
256.0
263.0
292.0
158.0
216.0
228.0
227.0
341.0
307.0
268.0
262.0
303.0
316.0
233.0
249.0
234.0
217.0
225.0
238.0
149.0
200.0
148.0
50.0
112.0
201.0
49.0
72.0
46.0
127.0
99.0
26.0
72.0
-53.0
-22.0
50.0
-39.0
78.0
-53.0
-133.0
-52.0
-71.0
-63.0
5.0
-41.0
22.0
24.0
17.0
-91.0
-61.0
-42.0
34.0
-77.0
-18.0
-75.0
-139.0
-92.0
-151.0
-129.0
-8.0
-93.0
-46.0
6.0
-83.0
-2.0
-77.0
-84.0
31.0
-101.0
-22.0
-89.0
-158.0
-40.0
-153.0
-108.0
-87.0
-57.0
-88.0
-111.0
-76.0
-117.0
-87.0
-127.0
-127.0
-193.0
-119.0
13.0
-141.0
-16.0
-69.0
-91.0
-137.0
-97.0
-3.0
3.0
-5.0
-47.0
-61.0
-81.0
-103.0
-116.0
-23.0
-52.0
-23.0
83.0
-18.0
-186.0
-89.0
-159.0
-76.0
-67.0
-90.0
38.0
-55.0
-104.0
-42.0
-129.0
-48.0
-57.0
-64.0
58.0
-49.0
-72.0
3.0
-29.0
31.0
76.0
30.0
145.0
242.0
220.0
190.0
125.0
181.0
221.0
228.0
394.0
404.0
309.0
391.0
245.0
310.0
309.0
272.0
450.0
342.0
314.0
267.0
203.0
210.0
294.0
220.0
212.0
140.0
239.0
143.0
53.0
184.0
212.0
140.0
232.0
96.0
117.0
196.0
120.0
-3.0
86.0
112.0
175.0
-56.0
43.0
149.0
81.0
28.0
-60.0
-6.0
-3.0
-85.0
-89.0
15.0
11.0
4.0
-12.0
-104.0
-51.0
-79.0
-127.0
-69.0
-137.0
-3.0
-39.0
-117.0
-41.0
-147.0
-128.0
-59.0
-150.0
-38.0
-3.0
-90.0
-88.0
-128.0
-218.0
-92.0
-132.0
-114.0
4.0
-101.0
-39.0
-171.0
-51.0
-71.0
-98.0
-32.0
-49.0
-152.0
-50.0
-80.0
-109.0
-66.0
-20.0
-57.0
-154.0
-227.0
-35.0
-142.0
-106.0
-29.0
-23.0
-98.0
-136.0
-155.0
-49.0
-54.0
-7.0
139.0
-2.0
-102.0
-102.0
-82.0
-4.0
-59.0
-69.0
18.0
-109.0
-110.0
-131.0
-121.0
-62.0
-78.0
-34.0
61.0
-97.0
-112.0
-101.0
-161.0
-7.0
-65.0
-15.0
-81.0
-152.0
-48.0
-114.0
-185.0
-60.0
-132.0
-120.0
-66.0
-206.0
-96.0
-28.0
-129.0
-103.0
-62.0
-76.0
-15.0
-76.0
-101.0
-98.0
-138.0
-33.0
-120.0
-49.0
-91.0
-135.0
-54.0
-57.0
-115.0
-83.0
-32.0
-81.0
28.0
-17.0
17.0
-35.0
-117.0
-25.0
-101.0
-116.0
-18.0
-64.0
-101.0
-74.0
-137.0
-82.0
-173.0
-56.0
-33.0
-86.0
-51.0
-112.0
-116.0
-39.0
-131.0
-107.0
-39.0
-89.0
-64.0
-100.0
-105.0
-74.0
-93.0
-54.0
-74.0
-71.0
-32.0
-94.0
-135.0
-30.0
-95.0
-134.0
-95.0
-77.0
-98.0
-83.0
-111.0
-34.0
18.0
-24.0
-115.0
-45.0
-37.0
-5.0
-30.0
-87.0
-98.0
-22.0
20.0
-52.0
30.0
-65.0
-79.0
108.0
-184.0
-80.0
-67.0
-123.0
-89.0
-102.0
-88.0
32.0
-150.0
-107.0
-145.0
-167.0
-68.0
45.0
-93.0
-77.0
-62.0
-36.0
14.0
-36.0
19.0
-58.0
-101.0
-35.0
24.0
-24.0
-65.0
-165.0
-76.0
-62.0
-63.0
86.0
-30.0
-167.0
-80.0
-139.0
-37.0
-42.0
14.0
-64.0
-147.0
-81.0
-49.0
-53.0
-60.0
-78.0
-155.0
-69.0
-91.0
-64.0
-98.0
-32.0
-83.0
-111.0
-3.0
-30.0
-46.0
-63.0
-40.0
-84.0
-51.0
32.0
-102.0
-33.0
-83.0
-82.0
-50.0
-112.0
-51.0
-52.0
-139.0
-74.0
-41.0
-82.0
-51.0
-105.0
-146.0
-57.0
-120.0
-82.0
-143.0
-116.0
-46.0
-106.0
-95.0
-126.0
-157.0
-7.0
-79.0
-76.0
-41.0
-258.0
-152.0
-39.0
-107.0
-40.0
-61.0
-114.0
-85.0
-127.0
-104.0
-14.0
-81.0
34.0
-137.0
-179.0
-127.0
-131.0
-112.0
-136.0
-101.0
-45.0
-154.0
-159.0
-118.0
-64.0
-25.0
-79.0
-84.0
-83.0
-156.0
-154.0
-93.0
-114.0
-83.0
-60.0
-158.0
-68.0
-102.0
-173.0
-65.0
-105.0
-62.0
-120.0
-103.0
-89.0
-51.0
-77.0
-39.0
-122.0
-156.0
-70.0
-131.0
-15.0
-145.0
-221.0
-66.0
-130.0
-64.0
-51.0
-26.0
-93.0
-131.0
-141.0
-50.0
-142.0
-89.0
-44.0
-122.0
-5.0
-183.0
-151.0
-133.0
-20.0
-124.0
-102.0
-190.0
-152.0
-192.0
-121.0
-45.0
-187.0
-78.0
-95.0
-175.0
-76.0
-95.0
-160.0
-128.0
-106.0
-167.0
-140.0
-223.0
-98.0
-148.0
-146.0
-153.0
-163.0
-119.0
-150.0
-219.0
-88.0
-158.0
-133.0
-148.0
-147.0
-124.0
-238.0
-183.0
-156.0
-141.0
-92.0
-81.0
-193.0
-161.0
-124.0
-170.0
-43.0
-35.0
-222.0
-248.0
-242.0
-161.0
-89.0
-159.0
-168.0
-224.0
-155.0
-163.0
-208.0
-84.0
-104.0
-234.0
-166.0
-180.0
-111.0
-61.0
-37.0
-168.0
-195.0
-209.0
-4.0
-159.0
-220.0
-142.0
-192.0
-158.0
-112.0
-162.0
-93.0
-165.0
-129.0
-110.0
-68.0
-140.0
-208.0
-162.0
-42.0
-64.0
-128.0
-14.0
-108.0
-104.0
-115.0
-163.0
-118.0
-115.0
-108.0
-225.0
-192.0
-88.0
-85.0
-169.0
-84.0
-167.0
-152.0
-42.0
-105.0
13.0
34.0
-155.0
20.0
-78.0
-86.0
19.0
11.0
-35.0
-39.0
-146.0
-99.0
-87.0
-185.0
-96.0
-72.0
-114.0
-104.0
-118.0
-98.0
-68.0
-170.0
-3.0
-81.0
-117.0
-128.0
-157.0
-93.0
-124.0
-109.0
-149.0
-100.0
-68.0
-60.0
-196.0
-185.0
-114.0
-118.0
-27.0
-160.0
-29.0
-91.0
-183.0
-119.0
-106.0
-167.0
-133.0
-162.0
-130.0
-106.0
-67.0
-80.0
-92.0
-214.0
-42.0
-89.0
7.0
-49.0
-111.0
-129.0
-119.0
-147.0
-54.0
-144.0
-120.0
-88.0
-235.0
-152.0
-121.0
-130.0
-63.0
-159.0
-138.0
-75.0
-140.0
-17.0
-106.0
-102.0
-126.0
-129.0
-156.0
-93.0
-222.0
-132.0
-143.0
-142.0
-119.0
-127.0
-156.0
-156.0
-140.0
-135.0
-169.0
-126.0
-57.0
-144.0
-138.0
-36.0
-148.0
-183.0
-135.0
-209.0
-103.0
-80.0
-119.0
-187.0
-187.0
-78.0
-104.0
-126.0
-107.0
-208.0
-92.0
-97.0
-182.0
-1.0
-95.0
-147.0
-81.0
-48.0
-164.0
-110.0
-107.0
-28.0
-95.0
-76.0
-16.0
-209.0
-75.0
-125.0
-205.0
-55.0
-52.0
-96.0
-103.0
-106.0
-100.0
-166.0
-174.0
-79.0
-71.0
-108.0
-44.0
-100.0
-115.0
-151.0
-172.0
-87.0
-61.0
-101.0
-126.0
-187.0
-92.0
-150.0
-121.0
-99.0
-133.0
-151.0
-116.0
-100.0
-54.0
-82.0
-142.0
7.0
-169.0
-159.0
-42.0
-146.0
-198.0
-145.0
-169.0
-156.0
-101.0
-133.0
-145.0
-162.0
-173.0
-81.0
-148.0
-35.0
-112.0
-79.0
20.0
-28.0
-122.0
-61.0
-103.0
-110.0
-147.0
-110.0
-83.0
-189.0
-150.0
-60.0
-167.0
-158.0
-93.0
-86.0
-65.0
-44.0
35.0
-114.0
-206.0
-76.0
-78.0
-139.0
-12.0
-64.0
-50.0
-7.0
-107.0
-16.0
-55.0
-107.0
-70.0
-82.0
-12.0
-55.0
-208.0
-42.0
-108.0
-165.0
-89.0
-116.0
-112.0
-95.0
-163.0
-30.0
-101.0
-132.0
-21.0
-88.0
-131.0
-73.0
-183.0
-106.0
-142.0
-148.0
-48.0
-120.0
-140.0
-180.0
-82.0
-188.0
-234.0
-161.0
-41.0
-142.0
-48.0
-161.0
-144.0
-152.0
-102.0
-135.0
-91.0
-74.0
-65.0
-121.0
-221.0
-88.0
-53.0
-29.0
-33.0
-174.0
-151.0
-78.0
-147.0
-75.0
15.0
-71.0
-8.0
-168.0
-102.0
-103.0
-144.0
-8.0
15.0
-174.0
-65.0
-215.0
-152.0
-43.0
-149.0
-14.0
-85.0
-138.0
50.0
-98.0
-131.0
-145.0
-202.0
-65.0
-29.0
52.0
-28.0
-174.0
-59.0
-81.0
-191.0
29.0
-80.0
-103.0
-51.0
-156.0
-103.0
-36.0
-40.0
-99.0
-114.0
-140.0
33.0
-98.0
-21.0
-41.0
-122.0
-93.0
-110.0
-100.0
-49.0
-173.0
-97.0
-42.0
-183.0
-55.0
-100.0
-101.0
-26.0
-79.0
-22.0
-56.0
-99.0
-5.0
-106.0
-193.0
-114.0
-106.0
-58.0
-136.0
-38.0
-84.0
-50.0
-1.0
3.0
-165.0
-39.0
-55.0
-116.0
-33.0
-65.0
-43.0
-106.0
-75.0
-123.0
0.0
-100.0
-51.0
-22.0
-62.0
67.0
-35.0
-109.0
-4.0
-43.0
35.0
-95.0
-197.0
-143.0
-134.0
-53.0
-16.0
-37.0
-45.0
-227.0
-136.0
-29.0
-5.0
103.0
120.0
-78.0
-23.0
-121.0
-81.0
-29.0
-95.0
-43.0
-131.0
-196.0
2.0
-7.0
-6.0
-101.0
-60.0
-85.0
-69.0
-16.0
-94.0
-117.0
-70.0
-73.0
13.0
-22.0
-115.0
-159.0
-16.0
-111.0
-133.0
10.0
-177.0
-107.0
33.0
46.0
-29.0
-73.0
-67.0
-11.0
-200.0
-103.0
-50.0
-55.0
-74.0
45.0
-124.0
-81.0
-61.0
-102.0
-133.0
-161.0
35.0
-152.0
-193.0
-110.0
-113.0
-86.0
-73.0
-48.0
-34.0
-85.0
-51.0
0.0
-69.0
-105.0
-81.0
-45.0
102.0
-33.0
-153.0
-63.0
-129.0
-71.0
-47.0
-67.0
-144.0
-90.0
-120.0
-44.0
-116.0
-71.0
-8.0
-131.0
-98.0
-55.0
-114.0
-35.0
-75.0
-135.0
-92.0
-89.0
-52.0
-55.0
-61.0
-3.0
-158.0
-100.0
-102.0
-135.0
-2.0
-58.0
-89.0
-40.0
-262.0
-128.0
-53.0
-152.0
-112.0
-50.0
-150.0
-61.0
-134.0
-13.0
-88.0
-124.0
-61.0
-82.0
-83.0
-41.0
-102.0
-120.0
-67.0
-194.0
-56.0
-62.0
-159.0
-154.0
-143.0
-91.0
-62.0
-136.0
52.0
26.0
-206.0
-43.0
-16.0
-92.0
-46.0
-129.0
-45.0
-20.0
-40.0
-49.0
-105.0
-179.0
-56.0
-120.0
64.0
-26.0
-120.0
-11.0
-96.0
-77.0
-20.0
-59.0
27.0
-79.0
-80.0
-79.0
-97.0
-100.0
-31.0
-152.0
-100.0
-26.0
-93.0
118.0
-62.0
-39.0
28.0
-70.0
16.0
31.0
-72.0
-7.0
23.0
7.0
108.0
-20.0
-25.0
-30.0
-8.0
134.0
63.0
102.0
53.0
-55.0
1.0
5.0
56.0
46.0
-58.0
-96.0
-57.0
-32.0
-4.0
53.0
-73.0
-112.0
-46.0
-43.0
10.0
21.0
121.0
24.0
-132.0
-34.0
-85.0
-58.0
14.0
-52.0
-50.0
-82.0
-31.0
10.0
-53.0
-88.0
38.0
-40.0
69.0
-63.0
4.0
6.0
-31.0
-96.0
8.0
23.0
