4 0.895802
5 0.866725
7 0.804264
9 0.771482
11 0.762957
13 0.768876
16 0.789846
20 0.818204
23 0.834898
28 0.854093
33 0.865552
38 0.872248
45 0.876769
52 0.877787
60 0.876263
69 0.872336
79 0.866271
91 0.857708
104 0.847567
119 0.835441
135 0.822453
154 0.807271
174 0.792159
198 0.775925
223 0.761683
252 0.748425
285 0.736451
321 0.726003
362 0.716018
407 0.705944
457 0.695335
513 0.685152
575 0.677347
645 0.673247
723 0.673956
809 0.679517
905 0.689349
1011 0.701575
1130 0.714073
1261 0.724831
1407 0.733394
1570 0.739071
