4 0.877087
5 0.848929
7 0.796620
9 0.778397
11 0.783172
13 0.798915
16 0.827999
20 0.860294
23 0.877586
28 0.896319
33 0.906890
38 0.912849
45 0.916864
52 0.917973
60 0.917105
69 0.914484
79 0.910465
91 0.905005
104 0.898800
119 0.891665
135 0.884371
154 0.876319
174 0.868736
198 0.860805
223 0.853572
252 0.846018
285 0.838132
321 0.830548
362 0.822861
407 0.814841
457 0.806349
513 0.797989
575 0.790580
645 0.784467
723 0.780310
809 0.778673
905 0.779821
1011 0.782098
1130 0.783112
1261 0.781223
1407 0.776911
1570 0.769821
