4 0.411210
5 0.412488
7 0.438013
9 0.479344
11 0.524251
13 0.567917
16 0.626094
20 0.686597
23 0.720239
28 0.759405
33 0.784837
38 0.801802
45 0.816814
52 0.825333
60 0.829879
69 0.830839
79 0.828930
91 0.824431
104 0.818393
119 0.810930
135 0.802623
154 0.792424
174 0.781403
198 0.767896
223 0.754018
252 0.738842
285 0.722464
321 0.704709
362 0.684438
407 0.663966
457 0.644236
513 0.626016
575 0.609797
645 0.592912
723 0.573261
809 0.550377
905 0.523278
1011 0.493485
1130 0.463476
1261 0.436814
1407 0.414927
1570 0.402372
1750 0.399082
