4 0.247284
5 0.296471
7 0.400560
9 0.506148
11 0.600642
13 0.677371
16 0.762579
20 0.835839
23 0.871126
28 0.908412
33 0.930116
38 0.943405
45 0.954492
52 0.960904
60 0.965258
69 0.968096
79 0.969861
91 0.970970
104 0.971530
119 0.971737
135 0.971643
154 0.971256
174 0.970634
198 0.969678
223 0.968497
252 0.967016
285 0.965412
321 0.963905
362 0.962485
407 0.961300
457 0.960326
513 0.959463
575 0.958908
645 0.958649
723 0.958363
809 0.957689
905 0.956458
1011 0.954800
1130 0.952744
1261 0.950046
1407 0.946680
1570 0.943067
1750 0.940168
