4 0.594237
5 0.603936
7 0.629627
9 0.655786
11 0.678596
13 0.697202
16 0.719036
20 0.742425
23 0.757365
28 0.776520
33 0.788715
38 0.796001
45 0.801876
52 0.804669
60 0.805402
69 0.804260
79 0.801452
91 0.796990
104 0.791898
119 0.786539
135 0.781680
154 0.777151
174 0.773784
198 0.771308
223 0.770037
252 0.769425
285 0.768869
321 0.768150
362 0.767840
407 0.768699
457 0.771069
513 0.774742
575 0.779647
645 0.786060
723 0.793929
809 0.802439
905 0.810833
1011 0.818638
1130 0.825398
1261 0.829952
1407 0.831026
1570 0.827752
1750 0.819611
