4 0.684331
5 0.695299
7 0.718311
9 0.738763
11 0.755430
13 0.768566
16 0.783813
20 0.800355
23 0.811099
28 0.825275
33 0.835067
38 0.841712
45 0.847800
52 0.851169
60 0.852649
69 0.852314
79 0.850311
91 0.846549
104 0.841578
119 0.835355
135 0.828539
154 0.820490
174 0.812283
198 0.802907
223 0.793801
252 0.784047
285 0.773794
321 0.763803
362 0.754614
407 0.747510
457 0.742679
513 0.739651
575 0.738133
645 0.738133
723 0.739512
809 0.741769
905 0.744449
1011 0.747374
1130 0.749923
1261 0.750867
1407 0.748660
1570 0.741258
1750 0.728408
