4 0.174713
5 0.225477
7 0.330642
9 0.423525
11 0.500424
13 0.562516
16 0.631770
20 0.695012
23 0.729828
28 0.772546
33 0.802233
38 0.823241
45 0.843033
52 0.855765
60 0.864705
69 0.870059
79 0.872416
91 0.872279
104 0.869697
119 0.864574
135 0.857632
154 0.848403
174 0.838109
198 0.824894
223 0.810195
252 0.792648
285 0.772757
321 0.751116
362 0.726545
407 0.699447
457 0.669820
513 0.639324
575 0.610711
645 0.582949
723 0.555815
809 0.528318
905 0.500263
1011 0.471877
1130 0.442679
1261 0.414365
1407 0.388507
1570 0.364278
