177.0
113.0
68.0
30.0
-21.0
-12.0
-36.0
-79.0
-93.0
-118.0
-145.0
-164.0
-181.0
-175.0
-184.0
-213.0
-244.0
-286.0
-290.0
-284.0
-287.0
-301.0
-304.0
-297.0
-281.0
-276.0
-270.0
-257.0
-251.0
-276.0
-268.0
-274.0
-289.0
-287.0
-279.0
-275.0
-259.0
-242.0
-231.0
-249.0
-256.0
-286.0
-295.0
-274.0
-260.0
-234.0
-257.0
-257.0
-228.0
-212.0
-212.0
-222.0
-210.0
-187.0
-191.0
-203.0
-192.0
-158.0
-179.0
-188.0
-196.0
-180.0
-152.0
-147.0
-157.0
-135.0
-128.0
-161.0
-165.0
-179.0
-195.0
-186.0
-199.0
-212.0
-215.0
-235.0
-232.0
-200.0
-201.0
-188.0
-167.0
-167.0
-169.0
-138.0
-138.0
-170.0
-167.0
-168.0
-175.0
-180.0
-167.0
-169.0
-162.0
-154.0
-163.0
-156.0
-166.0
-171.0
-167.0
-172.0
-166.0
-152.0
-153.0
-166.0
-166.0
-193.0
-206.0
-194.0
-218.0
-220.0
-194.0
-196.0
-195.0
-156.0
-166.0
-155.0
-133.0
-148.0
-174.0
-169.0
-153.0
-158.0
-182.0
-164.0
-154.0
-168.0
-162.0
-139.0
-146.0
-153.0
-159.0
-155.0
-142.0
-141.0
-140.0
-149.0
-146.0
-150.0
-147.0
-147.0
-134.0
-150.0
-176.0
-175.0
-172.0
-155.0
-164.0
-172.0
-172.0
-148.0
-146.0
-147.0
-156.0
-177.0
-176.0
-182.0
-154.0
-135.0
-135.0
-140.0
-140.0
-149.0
-136.0
-127.0
-163.0
-174.0
-149.0
-154.0
-156.0
-133.0
-138.0
-154.0
-142.0
-135.0
-114.0
-95.0
-83.0
-105.0
-108.0
-110.0
-115.0
-123.0
-115.0
-112.0
-129.0
-149.0
-134.0
-138.0
-118.0
-121.0
-111.0
-96.0
-89.0
-100.0
-73.0
-86.0
-81.0
-51.0
-36.0
-48.0
-34.0
-44.0
-69.0
-92.0
-118.0
-99.0
-97.0
-93.0
-89.0
-70.0
-56.0
-46.0
-53.0
-64.0
-70.0
-68.0
-76.0
-87.0
-92.0
-89.0
-59.0
-60.0
-72.0
-84.0
-67.0
-70.0
-76.0
-70.0
-60.0
-74.0
-95.0
-91.0
-62.0
-90.0
-100.0
-106.0
-83.0
-65.0
-87.0
-80.0
-57.0
-67.0
-65.0
-42.0
-48.0
-60.0
-55.0
-16.0
-11.0
-18.0
-14.0
-17.0
-26.0
-28.0
-14.0
-23.0
-47.0
-70.0
-49.0
-21.0
-8.0
2.0
10.0
-2.0
7.0
-1.0
-16.0
-7.0
-5.0
-24.0
-42.0
-10.0
3.0
-33.0
-18.0
2.0
4.0
-12.0
1.0
-17.0
-33.0
-32.0
-25.0
-36.0
-30.0
-34.0
-34.0
-15.0
-14.0
-5.0
-26.0
-45.0
-59.0
-95.0
-108.0
-81.0
-56.0
-50.0
-65.0
-58.0
-40.0
-48.0
-64.0
-82.0
-80.0
-78.0
-70.0
-61.0
-67.0
-84.0
-89.0
-90.0
-104.0
-88.0
-95.0
-62.0
-57.0
-68.0
-59.0
-80.0
-81.0
-65.0
-65.0
-74.0
-91.0
-96.0
-88.0
-84.0
-77.0
-63.0
-101.0
-94.0
-79.0
-82.0
-93.0
-97.0
-86.0
-89.0
-103.0
-82.0
-83.0
-87.0
-92.0
-111.0
-89.0
-78.0
-80.0
-77.0
-87.0
-73.0
-60.0
-45.0
-7.0
-18.0
-53.0
-48.0
-1.0
-21.0
-29.0
-16.0
-29.0
-14.0
3.0
8.0
2.0
6.0
-4.0
-7.0
-16.0
-8.0
-14.0
-5.0
-9.0
-20.0
-29.0
-18.0
-2.0
-20.0
-27.0
9.0
26.0
18.0
35.0
32.0
61.0
58.0
49.0
45.0
44.0
14.0
-9.0
-10.0
-4.0
5.0
-1.0
-5.0
5.0
4.0
5.0
-25.0
-18.0
-13.0
-18.0
-23.0
-20.0
12.0
12.0
5.0
41.0
43.0
31.0
25.0
50.0
36.0
35.0
40.0
22.0
16.0
26.0
15.0
-6.0
-2.0
7.0
-2.0
-15.0
-40.0
-69.0
-68.0
-75.0
-89.0
-91.0
-65.0
-63.0
-79.0
-83.0
-54.0
-64.0
-58.0
-54.0
-64.0
-74.0
-61.0
-52.0
-58.0
-84.0
-65.0
-55.0
-69.0
-88.0
-73.0
-67.0
-45.0
-31.0
-47.0
-64.0
-51.0
-24.0
-11.0
-4.0
-16.0
-26.0
-17.0
3.0
-9.0
-24.0
-26.0
-31.0
-25.0
-35.0
-42.0
-27.0
-14.0
-24.0
-31.0
-20.0
7.0
2.0
-22.0
-26.0
-6.0
16.0
15.0
12.0
-1.0
-32.0
-17.0
-16.0
-34.0
-13.0
-25.0
-43.0
-43.0
-54.0
-47.0
-32.0
-25.0
-59.0
-49.0
-23.0
-11.0
-21.0
-36.0
-30.0
-14.0
-14.0
-32.0
-38.0
-57.0
-55.0
-41.0
-38.0
-37.0
-60.0
-67.0
-82.0
-77.0
-39.0
-60.0
-74.0
-77.0
-73.0
-49.0
-40.0
-58.0
-74.0
-91.0
-43.0
-36.0
-59.0
-40.0
-53.0
-60.0
-32.0
-20.0
-35.0
-42.0
-57.0
-52.0
-31.0
-13.0
-18.0
-5.0
7.0
-3.0
31.0
24.0
-1.0
-12.0
-19.0
1.0
-18.0
-6.0
-13.0
7.0
19.0
7.0
11.0
5.0
-11.0
-22.0
-25.0
-4.0
12.0
-13.0
-6.0
4.0
2.0
-1.0
14.0
15.0
3.0
13.0
25.0
35.0
60.0
97.0
126.0
171.0
229.0
295.0
388.0
452.0
521.0
545.0
518.0
504.0
488.0
431.0
383.0
351.0
278.0
198.0
173.0
113.0
79.0
64.0
10.0
-25.0
-44.0
-58.0
-63.0
-70.0
-96.0
-107.0
-101.0
-119.0
-125.0
-153.0
-152.0
-158.0
-175.0
-174.0
-167.0
-179.0
-205.0
-194.0
-181.0
-191.0
-197.0
-185.0
-195.0
-205.0
-216.0
-195.0
-221.0
-228.0
-199.0
-210.0
-224.0
-210.0
-205.0
-201.0
-209.0
-222.0
-224.0
-206.0
-221.0
-244.0
-252.0
-233.0
-235.0
-211.0
-209.0
-211.0
-220.0
-238.0
-241.0
-249.0
-231.0
-203.0
-216.0
-227.0
-227.0
-219.0
-225.0
-241.0
-233.0
-225.0
-220.0
-232.0
-232.0
-238.0
-219.0
-213.0
-240.0
-233.0
-212.0
-207.0
-212.0
-220.0
-209.0
-184.0
-166.0
-186.0
-188.0
-180.0
-178.0
-167.0
-149.0
-159.0
-167.0
-170.0
-177.0
-184.0
-184.0
-176.0
-171.0
-168.0
-172.0
-158.0
-150.0
-149.0
-158.0
-160.0
-144.0
-139.0
-147.0
-145.0
-138.0
-138.0
-132.0
-145.0
-146.0
-147.0
-137.0
-136.0
-156.0
-129.0
-56.0
-31.0
-4.0
-7.0
-10.0
-20.0
-47.0
-69.0
-69.0
-57.0
-39.0
-24.0
-44.0
-67.0
-59.0
-34.0
-53.0
-88.0
-99.0
-99.0
-94.0
-102.0
-101.0
-72.0
-76.0
-82.0
-85.0
-61.0
-58.0
-66.0
-91.0
-93.0
-92.0
-99.0
-83.0
-100.0
-110.0
-125.0
-118.0
-110.0
-135.0
-149.0
-135.0
-122.0
-136.0
-140.0
-126.0
-129.0
-157.0
-160.0
-105.0
-101.0
-105.0
-98.0
-105.0
-99.0
-99.0
-114.0
-98.0
-111.0
-93.0
-86.0
-108.0
-120.0
-154.0
-110.0
-112.0
-119.0
-128.0
-126.0
-124.0
-134.0
-124.0
-121.0
-124.0
-112.0
-122.0
-121.0
-110.0
-104.0
-122.0
-115.0
-93.0
-116.0
-138.0
-151.0
-181.0
-157.0
-134.0
-148.0
-158.0
-138.0
-138.0
-125.0
-111.0
-120.0
-97.0
-86.0
-87.0
-75.0
-85.0
-80.0
-85.0
-87.0
-91.0
-120.0
-82.0
-71.0
-81.0
-98.0
-95.0
-103.0
-111.0
-94.0
-94.0
-90.0
-96.0
-96.0
-86.0
-107.0
-116.0
-110.0
-102.0
-78.0
-80.0
-87.0
-88.0
-88.0
-60.0
-44.0
-29.0
-40.0
-46.0
-63.0
-74.0
-49.0
-55.0
-71.0
-59.0
-52.0
-56.0
-90.0
-102.0
-66.0
-59.0
-61.0
-42.0
-25.0
-35.0
-51.0
-41.0
-27.0
-37.0
-18.0
-23.0
-23.0
-10.0
2.0
-18.0
-30.0
-37.0
-27.0
-4.0
-32.0
-46.0
-21.0
-21.0
-7.0
19.0
27.0
-1.0
-10.0
-3.0
22.0
24.0
10.0
20.0
20.0
27.0
32.0
35.0
35.0
44.0
49.0
51.0
56.0
51.0
68.0
85.0
67.0
60.0
63.0
88.0
81.0
70.0
58.0
57.0
59.0
42.0
35.0
48.0
20.0
-2.0
13.0
39.0
60.0
75.0
73.0
73.0
62.0
46.0
68.0
90.0
111.0
97.0
86.0
74.0
44.0
72.0
78.0
59.0
99.0
82.0
49.0
33.0
57.0
65.0
101.0
85.0
58.0
3.0
23.0
58.0
70.0
73.0
53.0
58.0
44.0
15.0
24.0
49.0
51.0
62.0
63.0
32.0
29.0
63.0
50.0
41.0
40.0
32.0
35.0
13.0
6.0
-2.0
0.0
-4.0
10.0
50.0
54.0
24.0
17.0
34.0
27.0
21.0
22.0
42.0
33.0
17.0
25.0
32.0
31.0
64.0
68.0
21.0
32.0
37.0
14.0
60.0
95.0
53.0
50.0
47.0
52.0
70.0
69.0
69.0
77.0
70.0
43.0
60.0
92.0
87.0
84.0
70.0
47.0
58.0
69.0
69.0
34.0
58.0
63.0
40.0
42.0
53.0
59.0
80.0
78.0
85.0
85.0
63.0
61.0
75.0
59.0
49.0
45.0
44.0
71.0
89.0
91.0
90.0
73.0
62.0
81.0
87.0
68.0
84.0
90.0
60.0
49.0
56.0
64.0
43.0
51.0
100.0
89.0
50.0
23.0
18.0
33.0
8.0
4.0
19.0
40.0
40.0
68.0
83.0
40.0
48.0
57.0
49.0
52.0
67.0
54.0
23.0
49.0
68.0
53.0
30.0
6.0
34.0
40.0
49.0
52.0
51.0
53.0
50.0
39.0
36.0
26.0
30.0
32.0
26.0
16.0
5.0
-14.0
45.0
76.0
54.0
52.0
61.0
46.0
39.0
49.0
56.0
55.0
31.0
26.0
54.0
44.0
25.0
35.0
54.0
58.0
59.0
49.0
48.0
64.0
63.0
63.0
58.0
88.0
101.0
90.0
72.0
58.0
78.0
79.0
80.0
86.0
54.0
78.0
91.0
62.0
50.0
58.0
33.0
41.0
55.0
77.0
71.0
42.0
24.0
8.0
1.0
16.0
27.0
2.0
-7.0
-16.0
30.0
39.0
43.0
64.0
45.0
30.0
37.0
57.0
75.0
68.0
41.0
26.0
16.0
7.0
15.0
-2.0
1.0
19.0
35.0
28.0
26.0
36.0
38.0
10.0
18.0
31.0
12.0
15.0
-10.0
-5.0
9.0
-2.0
-13.0
10.0
11.0
-6.0
-6.0
2.0
12.0
44.0
49.0
39.0
22.0
0.0
14.0
-2.0
-2.0
17.0
14.0
-5.0
-4.0
23.0
24.0
14.0
54.0
68.0
32.0
31.0
59.0
70.0
59.0
72.0
65.0
61.0
68.0
77.0
44.0
42.0
51.0
55.0
76.0
81.0
79.0
71.0
90.0
100.0
82.0
95.0
97.0
89.0
118.0
126.0
102.0
119.0
115.0
109.0
105.0
88.0
67.0
90.0
92.0
103.0
90.0
99.0
83.0
53.0
55.0
52.0
73.0
76.0
44.0
68.0
102.0
101.0
107.0
125.0
117.0
115.0
96.0
77.0
73.0
77.0
54.0
60.0
69.0
71.0
72.0
90.0
102.0
111.0
106.0
89.0
66.0
79.0
63.0
73.0
100.0
90.0
75.0
79.0
53.0
55.0
37.0
36.0
71.0
93.0
67.0
74.0
83.0
54.0
83.0
67.0
62.0
64.0
82.0
83.0
79.0
57.0
54.0
72.0
71.0
60.0
58.0
58.0
45.0
45.0
72.0
85.0
79.0
71.0
70.0
83.0
93.0
133.0
146.0
172.0
249.0
322.0
401.0
452.0
537.0
543.0
543.0
541.0
492.0
409.0
376.0
315.0
308.0
232.0
128.0
119.0
48.0
29.0
-41.0
-109.0
-115.0
-129.0
-223.0
-232.0
-231.0
-262.0
-322.0
-333.0
-343.0
-275.0
-326.0
-395.0
-392.0
-443.0
-441.0
-436.0
-461.0
-480.0
-502.0
-478.0
-506.0
-513.0
-475.0
-486.0
-479.0
-488.0
-508.0
-458.0
-494.0
-508.0
-502.0
-517.0
-510.0
-495.0
-505.0
-504.0
-482.0
-487.0
-483.0
-493.0
-462.0
-460.0
-447.0
-422.0
-393.0
-401.0
-393.0
-387.0
-370.0
-364.0
-358.0
-354.0
-285.0
-186.0
-283.0
-384.0
-282.0
-188.0
-204.0
-258.0
-304.0
-167.0
-255.0
-252.0
-151.0
-266.0
-282.0
-243.0
-392.0
-265.0
-194.0
-268.0
-369.0
-277.0
-243.0
-27.0
-149.0
287.0
139.0
-108.0
15.0
69.0
85.0
105.0
191.0
380.0
488.0
394.0
357.0
357.0
280.0
372.0
533.0
564.0
518.0
548.0
537.0
557.0
516.0
507.0
554.0
475.0
392.0
504.0
543.0
479.0
499.0
499.0
435.0
427.0
449.0
420.0
493.0
499.0
434.0
398.0
427.0
393.0
333.0
326.0
312.0
290.0
272.0
212.0
208.0
231.0
220.0
204.0
105.0
91.0
126.0
139.0
18.0
35.0
55.0
24.0
34.0
-127.0
-32.0
-27.0
-96.0
-227.0
-260.0
-186.0
-233.0
-202.0
-95.0
-159.0
-202.0
-235.0
-233.0
-253.0
-319.0
-317.0
-246.0
-225.0
-358.0
-307.0
-261.0
-379.0
-370.0
-326.0
-347.0
-356.0
-346.0
-326.0
-330.0
-386.0
-345.0
-248.0
-347.0
-381.0
-356.0
-373.0
-320.0
-322.0
-344.0
-301.0
-296.0
-261.0
-269.0
-304.0
-306.0
-185.0
-315.0
-306.0
-273.0
-242.0
-228.0
-247.0
-243.0
-156.0
-158.0
-190.0
-191.0
-165.0
-177.0
-233.0
-201.0
-166.0
-65.0
-31.0
29.0
67.0
96.0
36.0
54.0
-10.0
-63.0
-42.0
-61.0
-59.0
-85.0
-191.0
-249.0
144.0
42.0
-286.0
-148.0
-353.0
-312.0
-64.0
44.0
96.0
-49.0
158.0
165.0
126.0
224.0
228.0
277.0
388.0
430.0
478.0
437.0
481.0
472.0
485.0
501.0
471.0
506.0
454.0
501.0
540.0
484.0
478.0
495.0
420.0
400.0
361.0
440.0
417.0
372.0
371.0
408.0
438.0
366.0
241.0
299.0
298.0
286.0
253.0
163.0
91.0
166.0
207.0
119.0
80.0
-23.0
54.0
46.0
76.0
45.0
33.0
-5.0
-50.0
-4.0
40.0
-19.0
-32.0
0.0
-35.0
28.0
29.0
219.0
-162.0
-99.0
40.0
23.0
-36.0
17.0
4.0
31.0
25.0
71.0
88.0
91.0
186.0
67.0
27.0
117.0
53.0
29.0
22.0
12.0
12.0
42.0
27.0
-37.0
-49.0
-42.0
-47.0
-137.0
-130.0
-152.0
-184.0
-225.0
-254.0
-319.0
-310.0
-324.0
-396.0
-423.0
-470.0
-511.0
-493.0
-488.0
-524.0
-525.0
-485.0
-476.0
-468.0
-510.0
-461.0
-479.0
-482.0
-400.0
-389.0
-453.0
-403.0
-347.0
-364.0
-386.0
-454.0
-442.0
-366.0
-265.0
-322.0
-380.0
-393.0
-369.0
-391.0
-395.0
-337.0
-315.0
-290.0
-315.0
-319.0
-360.0
-404.0
-321.0
-248.0
-282.0
-287.0
-271.0
-326.0
-266.0
-184.0
-220.0
-290.0
-257.0
-212.0
-239.0
-208.0
-230.0
-251.0
-256.0
-268.0
-211.0
-221.0
-248.0
-203.0
-145.0
-212.0
-254.0
-213.0
-256.0
-241.0
-181.0
-100.0
-131.0
-159.0
-173.0
-128.0
-138.0
-167.0
-142.0
-223.0
-145.0
-158.0
-254.0
-177.0
-193.0
-193.0
-200.0
-183.0
-187.0
-160.0
-161.0
-136.0
-199.0
-267.0
-147.0
-209.0
-294.0
-105.0
-176.0
-237.0
-144.0
-155.0
-135.0
-150.0
-148.0
-109.0
-140.0
-225.0
-169.0
-87.0
-142.0
-166.0
-166.0
-167.0
-93.0
-72.0
-22.0
146.0
7.0
-58.0
-67.0
-60.0
-257.0
-205.0
-240.0
-181.0
-80.0
-70.0
3.0
34.0
36.0
164.0
220.0
175.0
344.0
380.0
455.0
499.0
432.0
203.0
203.0
288.0
218.0
147.0
103.0
-50.0
-71.0
-97.0
-156.0
-65.0
-157.0
-143.0
-181.0
-205.0
-196.0
-176.0
-184.0
-219.0
-187.0
-100.0
-168.0
-198.0
-230.0
-164.0
-209.0
-243.0
-301.0
-237.0
-239.0
-220.0
-239.0
-191.0
-234.0
-186.0
-228.0
-191.0
-268.0
-255.0
-225.0
-220.0
-287.0
-240.0
-259.0
-338.0
-322.0
-235.0
-281.0
-343.0
-266.0
-159.0
-281.0
-223.0
-75.0
-219.0
-277.0
-115.0
-154.0
-236.0
-136.0
-197.0
-130.0
-73.0
-168.0
-13.0
-61.0
-61.0
-18.0
-65.0
-72.0
-54.0
-65.0
-59.0
-69.0
-38.0
-1.0
-63.0
-61.0
3.0
10.0
-16.0
-4.0
16.0
-4.0
-42.0
2.0
17.0
-54.0
-11.0
13.0
64.0
78.0
58.0
47.0
29.0
27.0
35.0
30.0
39.0
17.0
48.0
77.0
88.0
99.0
58.0
69.0
115.0
162.0
111.0
79.0
75.0
58.0
63.0
85.0
83.0
80.0
119.0
109.0
111.0
118.0
100.0
32.0
44.0
98.0
74.0
74.0
94.0
121.0
147.0
139.0
110.0
92.0
95.0
74.0
24.0
69.0
79.0
67.0
-2.0
-45.0
97.0
-10.0
-54.0
20.0
-28.0
-50.0
-97.0
-18.0
-66.0
-52.0
-61.0
-110.0
-130.0
-138.0
-139.0
-100.0
-28.0
-82.0
-129.0
-84.0
25.0
43.0
130.0
275.0
350.0
416.0
438.0
348.0
171.0
127.0
125.0
160.0
205.0
213.0
210.0
216.0
204.0
141.0
152.0
24.0
72.0
-6.0
-55.0
-128.0
-188.0
-167.0
-263.0
-291.0
-344.0
-418.0
-392.0
-401.0
-449.0
-470.0
-469.0
-454.0
-446.0
-416.0
-413.0
-410.0
-421.0
-365.0
-415.0
-396.0
-378.0
-332.0
-312.0
-311.0
-354.0
-266.0
-256.0
-310.0
-179.0
-201.0
-227.0
-222.0
-233.0
-262.0
-199.0
-208.0
-209.0
-172.0
-225.0
-169.0
-189.0
-185.0
-137.0
-188.0
-211.0
-140.0
-124.0
-154.0
-176.0
-112.0
-95.0
-180.0
-205.0
-153.0
-196.0
-164.0
-143.0
-181.0
-160.0
-188.0
-157.0
-128.0
-159.0
-174.0
-160.0
-149.0
-137.0
-117.0
-135.0
-158.0
-136.0
-88.0
-133.0
-169.0
-139.0
-142.0
-97.0
-115.0
-159.0
-148.0
-147.0
-161.0
-131.0
-89.0
-111.0
-137.0
-116.0
-129.0
-155.0
-136.0
-153.0
-144.0
-139.0
-149.0
-141.0
-131.0
-161.0
-167.0
-136.0
-142.0
-90.0
-79.0
-118.0
-140.0
-122.0
-77.0
-66.0
-41.0
-90.0
-117.0
-98.0
-74.0
-86.0
-91.0
-71.0
-99.0
-84.0
-103.0
-111.0
-81.0
-99.0
-82.0
-77.0
-72.0
-54.0
-63.0
-29.0
-69.0
-59.0
-61.0
-73.0
-63.0
-61.0
-14.0
-7.0
-22.0
-59.0
-58.0
-15.0
-14.0
-31.0
-40.0
-17.0
-4.0
2.0
-29.0
-90.0
-49.0
-59.0
-49.0
-23.0
-15.0
18.0
34.0
29.0
-11.0
-52.0
2.0
63.0
7.0
9.0
53.0
52.0
32.0
14.0
26.0
40.0
53.0
51.0
54.0
62.0
83.0
97.0
90.0
58.0
61.0
73.0
43.0
51.0
29.0
33.0
49.0
49.0
72.0
81.0
46.0
70.0
61.0
77.0
46.0
49.0
46.0
38.0
20.0
38.0
65.0
72.0
64.0
34.0
15.0
8.0
26.0
25.0
27.0
-5.0
-2.0
30.0
56.0
91.0
76.0
95.0
107.0
90.0
88.0
107.0
71.0
51.0
77.0
64.0
84.0
55.0
37.0
68.0
64.0
56.0
79.0
55.0
29.0
37.0
28.0
47.0
88.0
67.0
38.0
5.0
23.0
29.0
45.0
40.0
29.0
44.0
49.0
63.0
71.0
46.0
37.0
21.0
28.0
56.0
56.0
46.0
40.0
60.0
80.0
63.0
22.0
-27.0
-72.0
-20.0
29.0
24.0
22.0
-13.0
-5.0
-10.0
3.0
8.0
12.0
31.0
19.0
16.0
22.0
2.0
-27.0
2.0
-27.0
-40.0
-4.0
13.0
22.0
48.0
20.0
17.0
58.0
68.0
99.0
81.0
119.0
152.0
182.0
212.0
263.0
314.0
360.0
407.0
475.0
493.0
501.0
487.0
503.0
482.0
479.0
499.0
497.0
444.0
415.0
381.0
425.0
451.0
404.0
372.0
344.0
335.0
306.0
284.0
242.0
184.0
123.0
81.0
61.0
8.0
-20.0
-23.0
-55.0
-115.0
-99.0
-81.0
-84.0
-98.0
-112.0
-123.0
-156.0
-183.0
-184.0
-215.0
-207.0
-215.0
-246.0
-230.0
-222.0
-260.0
-219.0
-212.0
-222.0
-200.0
-227.0
-222.0
-179.0
-203.0
-211.0
-197.0
-219.0
-189.0
-194.0
-187.0
-168.0
-149.0
-150.0
-182.0
-175.0
-178.0
-178.0
-184.0
-172.0
-181.0
-202.0
-205.0
-159.0
-156.0
-163.0
-151.0
-122.0
-144.0
-170.0
-180.0
-164.0
-166.0
-175.0
-210.0
-213.0
-215.0
-220.0
-201.0
-185.0
-190.0
-214.0
-193.0
-152.0
-158.0
-180.0
-185.0
-184.0
-190.0
-210.0
-167.0
-151.0
-176.0
-167.0
-157.0
-162.0
-153.0
-125.0
-145.0
-156.0
-138.0
-154.0
-187.0
-169.0
-145.0
-129.0
-138.0
-109.0
-127.0
-167.0
-158.0
-174.0
-185.0
-151.0
-143.0
-175.0
-188.0
-142.0
-110.0
-88.0
-36.0
-35.0
-88.0
-82.0
-58.0
-107.0
-87.0
-67.0
-112.0
-91.0
-90.0
-110.0
-84.0
-61.0
-35.0
-60.0
-119.0
-64.0
-50.0
-63.0
-33.0
-46.0
-83.0
-62.0
-46.0
-52.0
-44.0
-35.0
-30.0
-58.0
-56.0
-75.0
-87.0
-76.0
-92.0
-92.0
-58.0
-53.0
-67.0
-77.0
-96.0
-87.0
-85.0
-72.0
-50.0
-39.0
-23.0
-69.0
-58.0
-2.0
4.0
-12.0
-1.0
-26.0
-7.0
-39.0
-52.0
-31.0
-30.0
-36.0
-29.0
-25.0
-57.0
-54.0
-21.0
-26.0
-34.0
-20.0
-15.0
-44.0
-21.0
-13.0
-12.0
2.0
-6.0
-22.0
-40.0
-20.0
-2.0
15.0
23.0
70.0
46.0
34.0
23.0
-2.0
23.0
36.0
56.0
44.0
39.0
32.0
62.0
61.0
18.0
3.0
30.0
22.0
2.0
41.0
52.0
20.0
14.0
31.0
41.0
15.0
4.0
3.0
2.0
-7.0
-1.0
2.0
-12.0
-25.0
-16.0
-2.0
-1.0
-13.0
-3.0
7.0
8.0
17.0
4.0
-15.0
-48.0
-8.0
-11.0
0.0
9.0
1.0
19.0
20.0
15.0
18.0
10.0
-1.0
32.0
25.0
44.0
71.0
60.0
37.0
29.0
22.0
50.0
58.0
34.0
20.0
51.0
49.0
20.0
35.0
45.0
23.0
13.0
33.0
1.0
26.0
49.0
19.0
49.0
49.0
26.0
27.0
19.0
6.0
-6.0
8.0
-11.0
2.0
46.0
18.0
24.0
40.0
16.0
-8.0
-16.0
11.0
5.0
-4.0
-13.0
5.0
22.0
26.0
31.0
-2.0
-9.0
16.0
-29.0
-54.0
-37.0
-48.0
-49.0
-52.0
-20.0
-44.0
-55.0
-48.0
-62.0
-55.0
-33.0
-51.0
-52.0
-37.0
-33.0
-8.0
-5.0
3.0
-23.0
-33.0
-32.0
-51.0
7.0
-6.0
3.0
20.0
4.0
-24.0
-18.0
-5.0
-13.0
-16.0
-41.0
-41.0
-22.0
-40.0
-36.0
-20.0
-32.0
-30.0
-54.0
-32.0
-40.0
-26.0
-25.0
-35.0
-10.0
-14.0
-7.0
-27.0
-27.0
-48.0
-49.0
-52.0
-59.0
-37.0
-58.0
-83.0
-83.0
-87.0
-64.0
-67.0
-67.0
-46.0
-75.0
-84.0
-67.0
-45.0
-37.0
-32.0
-44.0
-45.0
-4.0
-25.0
-46.0
-15.0
-23.0
-38.0
-24.0
-21.0
-43.0
-35.0
-41.0
-43.0
-44.0
-38.0
-56.0
-93.0
-101.0
-87.0
-124.0
-185.0
-217.0
-191.0
-182.0
-163.0
-156.0
-160.0
-171.0
-144.0
-137.0
-140.0
-119.0
-97.0
-92.0
-120.0
-121.0
-102.0
-90.0
-80.0
-87.0
-96.0
-89.0
-118.0
-105.0
-114.0
-105.0
-84.0
-63.0
-48.0
-40.0
-56.0
-45.0
-63.0
-54.0
-63.0
-76.0
-77.0
-89.0
-100.0
-62.0
-68.0
-73.0
-61.0
-83.0
-69.0
-55.0
-37.0
-61.0
-91.0
-21.0
50.0
78.0
96.0
170.0
154.0
103.0
62.0
53.0
80.0
103.0
98.0
66.0
80.0
66.0
69.0
56.0
59.0
84.0
56.0
22.0
53.0
58.0
1.0
23.0
45.0
44.0
48.0
38.0
38.0
21.0
34.0
32.0
17.0
26.0
36.0
16.0
2.0
22.0
-4.0
-5.0
2.0
-16.0
-42.0
-8.0
1.0
-30.0
-27.0
3.0
-15.0
-21.0
-18.0
-41.0
-49.0
-36.0
-55.0
-62.0
-55.0
-30.0
-61.0
-45.0
-48.0
-31.0
-29.0
-49.0
-49.0
-52.0
-58.0
-64.0
-54.0
-39.0
-40.0
-66.0
-62.0
-31.0
-11.0
-7.0
3.0
-16.0
-23.0
-4.0
-6.0
2.0
9.0
13.0
-1.0
-15.0
-25.0
-14.0
-10.0
-18.0
-15.0
-2.0
6.0
13.0
4.0
-18.0
-16.0
23.0
40.0
1.0
2.0
-3.0
-9.0
-25.0
-52.0
-6.0
-17.0
-32.0
-45.0
-50.0
-3.0
-7.0
-28.0
-36.0
-32.0
-22.0
-27.0
-37.0
12.0
16.0
2.0
-13.0
-32.0
-16.0
31.0
48.0
24.0
35.0
30.0
41.0
32.0
2.0
18.0
23.0
12.0
24.0
-4.0
14.0
2.0
5.0
16.0
-3.0
-4.0
-25.0
-25.0
-31.0
-36.0
-37.0
-46.0
-30.0
-26.0
0.0
-8.0
-32.0
-20.0
-36.0
-41.0
5.0
0.0
-24.0
-37.0
-20.0
-26.0
-44.0
-44.0
-41.0
-72.0
-54.0
-64.0
-68.0
-53.0
-31.0
-42.0
-40.0
-11.0
-6.0
12.0
4.0
-33.0
-51.0
-16.0
-9.0
-24.0
-15.0
-14.0
-42.0
-23.0
-18.0
-16.0
-17.0
-18.0
-9.0
-11.0
-29.0
-12.0
6.0
-20.0
-28.0
-27.0
-51.0
-44.0
-44.0
-60.0
-65.0
-71.0
-72.0
-79.0
-82.0
-80.0
-99.0
-93.0
-87.0
-93.0
-78.0
-51.0
-54.0
-58.0
-68.0
-53.0
-6.0
23.0
36.0
67.0
142.0
200.0
229.0
361.0
457.0
517.0
541.0
538.0
501.0
458.0
425.0
357.0
313.0
263.0
190.0
145.0
106.0
86.0
30.0
29.0
25.0
22.0
13.0
-15.0
-62.0
-64.0
-49.0
-76.0
-69.0
-83.0
-107.0
-126.0
-127.0
-129.0
-128.0
-171.0
-173.0
-144.0
-176.0
-195.0
-200.0
-205.0
-206.0
-224.0
-227.0
-221.0
-228.0
-227.0
-204.0
-185.0
-188.0
-195.0
-157.0
-137.0
-158.0
-169.0
-199.0
-195.0
-192.0
-177.0
-186.0
-176.0
-206.0
-202.0
-156.0
-166.0
-169.0
-150.0
-152.0
-170.0
-179.0
-186.0
-178.0
-138.0
-128.0
-140.0
-152.0
-148.0
-144.0
-112.0
-90.0
-70.0
-73.0
-84.0
-76.0
-103.0
-95.0
-79.0
-106.0
-106.0
-90.0
-96.0
-91.0
-86.0
-60.0
-64.0
-65.0
-90.0
-78.0
-71.0
-68.0
-53.0
-62.0
-58.0
-44.0
-36.0
-41.0
-69.0
-106.0
-102.0
-87.0
-85.0
-125.0
-130.0
-111.0
-115.0
-85.0
-109.0
-153.0
-164.0
-144.0
-155.0
-146.0
-140.0
-128.0
-117.0
-106.0
-112.0
-108.0
-109.0
-106.0
-113.0
-119.0
-93.0
-93.0
-89.0
-104.0
-100.0
-84.0
-88.0
-98.0
-89.0
-83.0
-80.0
-93.0
-84.0
-79.0
-68.0
-44.0
-40.0
-49.0
-90.0
-98.0
-77.0
-68.0
-79.0
-76.0
-71.0
-104.0
-70.0
-68.0
-67.0
-62.0
-80.0
-90.0
-106.0
-106.0
-93.0
-94.0
-89.0
-86.0
-73.0
-51.0
-37.0
-46.0
-91.0
-103.0
-65.0
-86.0
-96.0
-81.0
-77.0
-101.0
-129.0
-136.0
-128.0
-105.0
-91.0
-86.0
-81.0
-93.0
-121.0
-102.0
-103.0
-96.0
-93.0
-106.0
-118.0
-119.0
-126.0
-119.0
-106.0
-99.0
-87.0
-106.0
-137.0
-156.0
-163.0
-146.0
-138.0
-137.0
-136.0
-137.0
-129.0
-125.0
-119.0
-119.0
-134.0
-115.0
-68.0
-49.0
-8.0
-2.0
17.0
40.0
47.0
26.0
1.0
30.0
37.0
10.0
-18.0
-1.0
8.0
9.0
11.0
-8.0
-23.0
-34.0
-27.0
-29.0
-20.0
-4.0
-5.0
-42.0
-44.0
-16.0
-15.0
-20.0
-29.0
-32.0
-41.0
1.0
-1.0
-13.0
-12.0
-35.0
-42.0
-14.0
1.0
8.0
-3.0
-25.0
-35.0
-25.0
-19.0
-21.0
-17.0
-36.0
-21.0
-33.0
-34.0
-33.0
-29.0
-33.0
-14.0
-7.0
-19.0
-8.0
6.0
-13.0
-38.0
-47.0
-11.0
-21.0
-38.0
-51.0
-43.0
-49.0
-43.0
-40.0
-23.0
-9.0
-8.0
1.0
-22.0
-39.0
4.0
8.0
-30.0
-37.0
-36.0
-23.0
-5.0
17.0
-13.0
-2.0
39.0
30.0
11.0
13.0
30.0
17.0
41.0
35.0
25.0
47.0
48.0
33.0
64.0
94.0
78.0
64.0
40.0
35.0
32.0
41.0
44.0
2.0
-6.0
11.0
10.0
5.0
8.0
15.0
30.0
21.0
45.0
80.0
69.0
70.0
76.0
56.0
33.0
22.0
36.0
42.0
54.0
41.0
13.0
26.0
27.0
5.0
7.0
20.0
47.0
29.0
18.0
17.0
31.0
39.0
49.0
57.0
53.0
32.0
17.0
22.0
17.0
-4.0
-4.0
-13.0
-3.0
-3.0
3.0
8.0
-2.0
-2.0
-18.0
-16.0
-3.0
-7.0
-12.0
-2.0
-11.0
-24.0
-5.0
19.0
18.0
23.0
18.0
6.0
-4.0
1.0
20.0
23.0
22.0
18.0
36.0
37.0
44.0
40.0
64.0
62.0
30.0
-7.0
39.0
35.0
30.0
24.0
17.0
35.0
75.0
73.0
79.0
67.0
83.0
93.0
104.0
138.0
145.0
149.0
127.0
93.0
27.0
-22.0
17.0
43.0
33.0
5.0
14.0
54.0
24.0
1.0
15.0
13.0
-12.0
-11.0
-5.0
20.0
13.0
-27.0
-36.0
-25.0
-39.0
-33.0
-45.0
-39.0
-46.0
-65.0
-71.0
-66.0
-64.0
-71.0
-71.0
-49.0
-50.0
-100.0
-77.0
-80.0
-66.0
-53.0
-63.0
-54.0
-59.0
-53.0
-72.0
-68.0
-88.0
-85.0
-59.0
-34.0
-17.0
-31.0
-25.0
-37.0
-60.0
-53.0
-54.0
-59.0
-61.0
-55.0
-34.0
-25.0
-23.0
-28.0
-33.0
-29.0
-14.0
-10.0
-22.0
-6.0
-10.0
5.0
28.0
17.0
8.0
-13.0
1.0
-15.0
17.0
15.0
-14.0
2.0
31.0
29.0
32.0
29.0
30.0
24.0
36.0
52.0
29.0
13.0
14.0
17.0
48.0
69.0
48.0
43.0
47.0
12.0
12.0
21.0
37.0
29.0
19.0
14.0
13.0
11.0
35.0
75.0
59.0
82.0
144.0
168.0
216.0
287.0
360.0
457.0
535.0
561.0
561.0
556.0
551.0
526.0
541.0
554.0
502.0
446.0
406.0
363.0
279.0
203.0
156.0
118.0
83.0
34.0
-13.0
-49.0
-83.0
-110.0
-122.0
-149.0
-166.0
-204.0
-234.0
-199.0
-187.0
-203.0
-212.0
-244.0
-248.0
-260.0
-268.0
-259.0
-268.0
-276.0
-274.0
-266.0
-287.0
-307.0
-304.0
-291.0
-321.0
-320.0
-286.0
-293.0
-266.0
-272.0
-295.0
-281.0
-271.0
-258.0
-270.0
-268.0
-248.0
-263.0
-273.0
-268.0
-254.0
-237.0
-236.0
-245.0
-243.0
-269.0
-264.0
-245.0
-243.0
-255.0
-256.0
-263.0
-248.0
-213.0
-217.0
-235.0
-243.0
-224.0
-225.0
-199.0
-194.0
-217.0
-209.0
-214.0
-198.0
-175.0
-214.0
-225.0
-199.0
-196.0
-220.0
-208.0
-177.0
-182.0
-201.0
-210.0
-182.0
-163.0
-141.0
-145.0
-132.0
-121.0
-110.0
-161.0
-176.0
-145.0
-135.0
-146.0
-119.0
-105.0
-129.0
-109.0
-102.0
-117.0
-121.0
-114.0
-118.0
-103.0
-121.0
-125.0
-140.0
-130.0
-116.0
-139.0
-110.0
-115.0
-135.0
-134.0
-101.0
-84.0
-96.0
-91.0
-99.0
-70.0
-52.0
-87.0
-86.0
-64.0
-60.0
-54.0
-39.0
-41.0
-62.0
-67.0
-71.0
-50.0
-46.0
-53.0
-63.0
-86.0
-101.0
-101.0
-90.0
-107.0
-116.0
-114.0
-104.0
-102.0
-115.0
-127.0
-132.0
-106.0
-112.0
-117.0
-100.0
-126.0
-153.0
-143.0
-159.0
-157.0
-140.0
-143.0
-135.0
-115.0
-126.0
-146.0
-144.0
-137.0
-155.0
-172.0
-141.0
-145.0
-120.0
-97.0
-143.0
-155.0
-164.0
-172.0
-152.0
-134.0
-127.0
-123.0
-128.0
-120.0
-120.0
-106.0
-110.0
-112.0
-127.0
-119.0
-135.0
-125.0
-117.0
-126.0
-108.0
-111.0
-104.0
-119.0
-100.0
-97.0
-101.0
-76.0
-95.0
-99.0
-65.0
-98.0
-78.0
-84.0
-105.0
-106.0
-62.0
-62.0
-59.0
-59.0
-77.0
-83.0
-70.0
-64.0
-63.0
-107.0
-112.0
-88.0
-83.0
-85.0
-52.0
-26.0
-45.0
-72.0
-62.0
-65.0
-82.0
-49.0
-30.0
-32.0
-74.0
-67.0
-37.0
-34.0
-26.0
-23.0
-44.0
-48.0
-51.0
-74.0
-89.0
-84.0
-84.0
-74.0
-82.0
-92.0
-67.0
-49.0
-79.0
-91.0
-65.0
-50.0
-39.0
-39.0
-62.0
-56.0
-34.0
-45.0
-50.0
-76.0
-48.0
-54.0
-78.0
-49.0
-60.0
-95.0
-46.0
-26.0
-20.0
-17.0
-21.0
-15.0
-5.0
-14.0
-38.0
-39.0
-23.0
-29.0
-29.0
-10.0
-15.0
-16.0
-25.0
-28.0
-29.0
5.0
20.0
26.0
11.0
13.0
-3.0
-12.0
-19.0
-24.0
-37.0
-15.0
-4.0
-10.0
-10.0
-17.0
-10.0
-30.0
-39.0
-25.0
-39.0
-13.0
-10.0
-13.0
-18.0
-43.0
-44.0
-37.0
-25.0
-50.0
-51.0
-40.0
-34.0
-33.0
-46.0
-36.0
-30.0
-56.0
-41.0
-35.0
-21.0
3.0
-14.0
-43.0
-23.0
-31.0
-21.0
-12.0
-26.0
-12.0
-8.0
5.0
39.0
40.0
4.0
-5.0
-6.0
-7.0
-5.0
-25.0
-39.0
-46.0
-28.0
-28.0
-32.0
-4.0
31.0
28.0
15.0
16.0
33.0
43.0
35.0
30.0
35.0
26.0
22.0
49.0
42.0
34.0
33.0
12.0
9.0
2.0
13.0
33.0
17.0
14.0
8.0
29.0
46.0
31.0
24.0
11.0
-12.0
-12.0
-1.0
3.0
0.0
52.0
47.0
32.0
12.0
-8.0
18.0
56.0
55.0
47.0
58.0
50.0
40.0
50.0
100.0
104.0
78.0
67.0
65.0
69.0
89.0
99.0
101.0
108.0
130.0
137.0
99.0
81.0
100.0
91.0
69.0
79.0
60.0
27.0
23.0
41.0
52.0
45.0
24.0
18.0
41.0
32.0
12.0
34.0
37.0
36.0
19.0
29.0
30.0
43.0
34.0
45.0
15.0
-17.0
-6.0
-24.0
-44.0
-59.0
-63.0
-47.0
-54.0
-36.0
-51.0
-61.0
-34.0
-20.0
10.0
25.0
21.0
34.0
40.0
42.0
40.0
54.0
68.0
87.0
111.0
99.0
102.0
134.0
107.0
89.0
97.0
84.0
87.0
87.0
58.0
71.0
68.0
71.0
93.0
99.0
82.0
97.0
115.0
96.0
109.0
75.0
84.0
127.0
136.0
131.0
130.0
114.0
65.0
60.0
79.0
69.0
53.0
25.0
23.0
27.0
28.0
51.0
52.0
40.0
23.0
20.0
31.0
45.0
25.0
24.0
20.0
25.0
14.0
46.0
31.0
41.0
55.0
46.0
54.0
52.0
71.0
69.0
61.0
51.0
82.0
90.0
63.0
79.0
107.0
78.0
56.0
68.0
83.0
75.0
45.0
33.0
24.0
6.0
8.0
41.0
39.0
38.0
23.0
10.0
25.0
41.0
62.0
53.0
40.0
13.0
42.0
46.0
17.0
23.0
59.0
34.0
27.0
35.0
36.0
41.0
56.0
17.0
-25.0
12.0
30.0
32.0
19.0
-2.0
16.0
24.0
18.0
1.0
21.0
-4.0
-10.0
7.0
14.0
25.0
20.0
26.0
52.0
39.0
14.0
26.0
28.0
9.0
25.0
42.0
31.0
33.0
19.0
46.0
52.0
69.0
111.0
155.0
125.0
114.0
138.0
133.0
123.0
137.0
154.0
98.0
69.0
75.0
58.0
62.0
54.0
59.0
71.0
45.0
15.0
46.0
47.0
32.0
41.0
45.0
47.0
51.0
50.0
49.0
68.0
70.0
63.0
54.0
23.0
22.0
5.0
27.0
43.0
50.0
69.0
46.0
31.0
46.0
37.0
12.0
6.0
-5.0
33.0
29.0
-1.0
-1.0
7.0
22.0
42.0
53.0
51.0
36.0
16.0
-20.0
-26.0
-8.0
19.0
6.0
-31.0
-29.0
-20.0
-21.0
-1.0
3.0
17.0
4.0
14.0
13.0
-3.0
-2.0
-3.0
-5.0
21.0
30.0
33.0
29.0
20.0
29.0
12.0
-23.0
4.0
13.0
-10.0
-18.0
-1.0
-3.0
2.0
16.0
23.0
-11.0
-11.0
-8.0
-13.0
-17.0
-10.0
-13.0
-35.0
-45.0
-29.0
-25.0
-51.0
-43.0
-42.0
-31.0
-51.0
-49.0
-29.0
-24.0
-14.0
6.0
4.0
-18.0
-20.0
-4.0
-6.0
4.0
10.0
15.0
10.0
-49.0
-50.0
-46.0
-43.0
-23.0
0.0
-22.0
-23.0
1.0
1.0
11.0
33.0
22.0
30.0
49.0
37.0
70.0
114.0
162.0
233.0
293.0
380.0
466.0
519.0
558.0
563.0
555.0
537.0
513.0
493.0
448.0
388.0
317.0
250.0
161.0
96.0
78.0
70.0
50.0
2.0
-52.0
-74.0
-86.0
-146.0
-150.0
-155.0
-175.0
-203.0
-218.0
-221.0
-209.0
-229.0
-257.0
-260.0
-241.0
-271.0
-289.0
-295.0
-316.0
-289.0
-286.0
-323.0
-333.0
-323.0
-335.0
-308.0
-279.0
-262.0
-275.0
-293.0
-307.0
-299.0
-277.0
-291.0
-307.0
-301.0
-312.0
-282.0
-258.0
-275.0
-281.0
-276.0
-275.0
-261.0
-269.0
-269.0
-246.0
-264.0
-237.0
-238.0
-232.0
-202.0
-190.0
-185.0
-182.0
-211.0
-209.0
-200.0
-199.0
-212.0
-215.0
-208.0
-215.0
-202.0
-182.0
-168.0
-171.0
-182.0
-154.0
-138.0
-139.0
-161.0
-166.0
-162.0
-177.0
-172.0
-194.0
-214.0
-227.0
-229.0
-217.0
-195.0
-208.0
-231.0
-219.0
-211.0
-197.0
-200.0
-231.0
-218.0
-210.0
-235.0
-224.0
-223.0
-219.0
-230.0
-244.0
-239.0
-238.0
-249.0
-248.0
-250.0
-246.0
-233.0
-246.0
-251.0
-242.0
-240.0
-210.0
-214.0
-243.0
-222.0
-199.0
-185.0
-190.0
-198.0
-181.0
-180.0
-196.0
-193.0
-209.0
-203.0
-184.0
-191.0
-187.0
-210.0
-201.0
-211.0
-208.0
-211.0
-226.0
-243.0
-222.0
-204.0
-231.0
-215.0
-201.0
-184.0
-155.0
-161.0
-173.0
-150.0
-159.0
-163.0
-171.0
-180.0
-176.0
-167.0
-172.0
-177.0
-181.0
-179.0
-147.0
-156.0
-193.0
-191.0
-166.0
-174.0
-188.0
-188.0
-191.0
-169.0
-155.0
-184.0
-185.0
-159.0
-157.0
-157.0
-192.0
-210.0
-219.0
-199.0
-180.0
-193.0
-192.0
-186.0
-208.0
-218.0
-184.0
-175.0
-159.0
-152.0
-178.0
-175.0
-176.0
-174.0
-180.0
-170.0
-174.0
-159.0
-161.0
-163.0
-155.0
-120.0
-124.0
-102.0
-100.0
-87.0
-109.0
-110.0
-114.0
-141.0
-110.0
-108.0
-130.0
-114.0
-100.0
-118.0
-103.0
-85.0
-88.0
-119.0
-116.0
-115.0
-110.0
-100.0
-86.0
-80.0
-86.0
-106.0
-124.0
-115.0
-104.0
-117.0
-101.0
-79.0
-107.0
-93.0
-75.0
-88.0
-104.0
-99.0
-117.0
-133.0
-122.0
-147.0
-150.0
-146.0
-147.0
-142.0
-138.0
-117.0
-87.0
-89.0
-95.0
-100.0
-127.0
-121.0
-143.0
-148.0
-149.0
-135.0
-111.0
-102.0
-90.0
-83.0
-74.0
-72.0
-65.0
-98.0
-126.0
-116.0
-103.0
-119.0
-127.0
-136.0
-149.0
-138.0
-142.0
-141.0
-136.0
-121.0
-111.0
-107.0
-92.0
-107.0
-61.0
-37.0
-43.0
-32.0
-8.0
-31.0
-42.0
-26.0
-50.0
-48.0
-53.0
-57.0
-61.0
-80.0
-76.0
-86.0
-74.0
-69.0
-68.0
-75.0
-55.0
-47.0
-51.0
-61.0
-54.0
-34.0
-35.0
-60.0
-39.0
-49.0
-61.0
-38.0
-11.0
-26.0
-25.0
-19.0
-13.0
-25.0
-13.0
-30.0
-56.0
-40.0
-42.0
-59.0
-60.0
-56.0
-51.0
-3.0
-25.0
-29.0
-17.0
-3.0
26.0
-1.0
-27.0
-34.0
-67.0
-54.0
-34.0
-35.0
-50.0
-67.0
-73.0
-62.0
-68.0
-56.0
-48.0
-18.0
-39.0
-29.0
-18.0
-15.0
-8.0
-8.0
-20.0
-17.0
-34.0
-39.0
-19.0
-52.0
-73.0
-68.0
-72.0
-65.0
-56.0
-28.0
-23.0
-25.0
-18.0
-20.0
-25.0
-33.0
-32.0
-33.0
-36.0
-35.0
-28.0
-33.0
-25.0
-6.0
-4.0
-18.0
-22.0
-8.0
12.0
17.0
41.0
52.0
46.0
39.0
27.0
50.0
74.0
60.0
23.0
45.0
52.0
21.0
1.0
-5.0
6.0
-14.0
-15.0
9.0
8.0
15.0
5.0
17.0
31.0
44.0
29.0
24.0
27.0
20.0
7.0
-14.0
-12.0
6.0
2.0
29.0
13.0
6.0
19.0
24.0
14.0
23.0
25.0
27.0
54.0
68.0
64.0
104.0
55.0
17.0
17.0
25.0
41.0
38.0
35.0
29.0
50.0
60.0
24.0
17.0
35.0
60.0
46.0
42.0
56.0
59.0
62.0
55.0
45.0
74.0
89.0
99.0
100.0
88.0
72.0
75.0
62.0
56.0
64.0
26.0
10.0
32.0
6.0
-12.0
33.0
52.0
25.0
7.0
26.0
26.0
28.0
39.0
5.0
8.0
20.0
17.0
64.0
73.0
56.0
36.0
37.0
59.0
48.0
39.0
42.0
34.0
36.0
4.0
22.0
5.0
13.0
64.0
54.0
25.0
53.0
49.0
16.0
20.0
0.0
14.0
22.0
15.0
18.0
30.0
43.0
30.0
2.0
13.0
8.0
-7.0
10.0
7.0
-9.0
17.0
-5.0
-25.0
-11.0
14.0
15.0
8.0
5.0
15.0
32.0
53.0
49.0
41.0
29.0
55.0
50.0
33.0
58.0
53.0
41.0
25.0
23.0
59.0
68.0
58.0
24.0
30.0
44.0
13.0
-5.0
3.0
-5.0
-14.0
-8.0
-15.0
-12.0
-7.0
3.0
-5.0
-1.0
12.0
13.0
12.0
27.0
24.0
31.0
40.0
39.0
11.0
7.0
7.0
12.0
-10.0
-20.0
-8.0
-12.0
1.0
4.0
3.0
-9.0
1.0
8.0
30.0
41.0
43.0
44.0
30.0
59.0
50.0
18.0
21.0
24.0
38.0
45.0
33.0
34.0
12.0
21.0
33.0
16.0
37.0
43.0
16.0
40.0
46.0
57.0
52.0
36.0
58.0
19.0
-9.0
12.0
8.0
20.0
18.0
14.0
6.0
-13.0
-12.0
-24.0
-29.0
-22.0
-24.0
-11.0
13.0
5.0
6.0
3.0
1.0
9.0
15.0
-20.0
-22.0
17.0
16.0
3.0
-6.0
-30.0
-31.0
-51.0
-63.0
-51.0
-35.0
-30.0
-26.0
-46.0
-10.0
-18.0
-39.0
-33.0
-18.0
-7.0
-16.0
-12.0
-17.0
-40.0
-36.0
-37.0
-49.0
-39.0
-11.0
-41.0
-66.0
-64.0
-42.0
-41.0
-52.0
-48.0
-44.0
-46.0
-47.0
-43.0
-26.0
-10.0
-18.0
-15.0
4.0
-27.0
-27.0
-21.0
-24.0
-29.0
-42.0
-28.0
-39.0
-50.0
-48.0
-58.0
-54.0
-84.0
-82.0
-105.0
-117.0
-79.0
-86.0
-68.0
-56.0
-69.0
-53.0
-69.0
-89.0
-44.0
-54.0
-72.0
-76.0
-67.0
-69.0
-58.0
-41.0
-15.0
-67.0
-67.0
-41.0
-40.0
-28.0
-34.0
-32.0
-42.0
-26.0
-12.0
-16.0
-17.0
-30.0
-10.0
1.0
-17.0
-3.0
2.0
-25.0
-9.0
2.0
-35.0
-7.0
7.0
-10.0
12.0
7.0
-28.0
-30.0
-16.0
-7.0
-17.0
-13.0
-12.0
-31.0
-48.0
-30.0
-23.0
-29.0
-8.0
-2.0
-1.0
13.0
25.0
15.0
0.0
15.0
26.0
21.0
6.0
2.0
-23.0
-29.0
-11.0
4.0
15.0
26.0
17.0
1.0
18.0
31.0
15.0
40.0
64.0
53.0
29.0
6.0
-1.0
-6.0
20.0
14.0
-7.0
19.0
55.0
35.0
31.0
75.0
73.0
56.0
29.0
25.0
48.0
50.0
48.0
20.0
-2.0
14.0
33.0
40.0
22.0
18.0
56.0
69.0
51.0
56.0
60.0
61.0
54.0
68.0
72.0
37.0
17.0
10.0
56.0
41.0
36.0
35.0
30.0
43.0
53.0
52.0
62.0
49.0
28.0
42.0
49.0
26.0
13.0
18.0
13.0
4.0
17.0
29.0
18.0
8.0
15.0
8.0
26.0
22.0
17.0
25.0
22.0
6.0
38.0
44.0
6.0
12.0
43.0
34.0
10.0
-10.0
13.0
3.0
-21.0
-15.0
-26.0
-39.0
-33.0
-80.0
-35.0
-31.0
-45.0
-37.0
-37.0
-35.0
-34.0
-23.0
-31.0
-42.0
-4.0
-23.0
-37.0
-8.0
-4.0
-15.0
21.0
49.0
67.0
119.0
156.0
241.0
354.0
370.0
432.0
464.0
524.0
562.0
541.0
498.0
448.0
421.0
381.0
310.0
246.0
227.0
184.0
103.0
88.0
70.0
29.0
11.0
7.0
-34.0
-49.0
-64.0
-108.0
-129.0
-117.0
-126.0
-133.0
-119.0
-119.0
-155.0
-125.0
-122.0
-158.0
-162.0
-142.0
-161.0
-159.0
-127.0
-140.0
-150.0
-152.0
-142.0
-110.0
-120.0
-145.0
-130.0
-170.0
-165.0
-166.0
-163.0
-135.0
-122.0
-174.0
-180.0
-152.0
-139.0
-145.0
-145.0
-147.0
-137.0
-122.0
-153.0
-182.0
-188.0
-176.0
-180.0
-197.0
-185.0
-168.0
-128.0
-105.0
-76.0
-15.0
49.0
88.0
142.0
244.0
340.0
364.0
366.0
337.0
336.0
258.0
204.0
181.0
101.0
34.0
-37.0
-55.0
-62.0
-91.0
-109.0
-149.0
-193.0
-193.0
-202.0
-215.0
-214.0
-240.0
-250.0
-252.0
-226.0
-239.0
-239.0
-257.0
-251.0
-252.0
-273.0
-254.0
-247.0
-241.0
-261.0
-288.0
-296.0
-265.0
-241.0
-246.0
-269.0
-288.0
-291.0
-262.0
-260.0
-296.0
-309.0
-306.0
-297.0
-280.0
-278.0
-301.0
-307.0
-269.0
-250.0
-256.0
-277.0
-289.0
-270.0
-256.0
-285.0
-289.0
-260.0
-273.0
-254.0
-249.0
-242.0
-241.0
-266.0
-284.0
-286.0
-242.0
-233.0
-248.0
-230.0
-213.0
-251.0
-247.0
-232.0
-218.0
-235.0
-209.0
-199.0
-210.0
-197.0
-203.0
-222.0
-220.0
-196.0
-172.0
-176.0
-178.0
-169.0
-182.0
-163.0
-167.0
-214.0
-193.0
-191.0
-191.0
-183.0
-198.0
-202.0
-205.0
-206.0
-196.0
-165.0
-174.0
-192.0
-204.0
-207.0
-184.0
-193.0
-191.0
-185.0
-204.0
-180.0
-153.0
-172.0
-181.0
-157.0
-136.0
-120.0
-121.0
-120.0
-125.0
-113.0
-121.0
-117.0
-93.0
-109.0
-139.0
-107.0
-97.0
-114.0
-128.0
-116.0
-116.0
-82.0
-112.0
-106.0
-51.0
-41.0
-78.0
-60.0
-33.0
-35.0
-8.0
-29.0
-40.0
-50.0
-55.0
-50.0
-80.0
-70.0
-48.0
-81.0
-63.0
-55.0
-57.0
-58.0
-68.0
-69.0
-45.0
-32.0
-53.0
-55.0
-69.0
-76.0
-81.0
-63.0
-70.0
-69.0
-67.0
-106.0
-92.0
-96.0
-123.0
-106.0
-124.0
-119.0
-98.0
-114.0
-121.0
-122.0
-114.0
-111.0
-118.0
-115.0
-113.0
-117.0
-117.0
-107.0
-115.0
-126.0
-124.0
-154.0
-110.0
-94.0
-112.0
-131.0
-156.0
-120.0
-117.0
-123.0
-106.0
-116.0
-123.0
-136.0
-116.0
-125.0
-135.0
-119.0
-138.0
-132.0
-116.0
-111.0
-106.0
-120.0
-116.0
-103.0
-100.0
-105.0
-101.0
-98.0
-124.0
-116.0
-111.0
-114.0
-101.0
-116.0
-105.0
-98.0
-86.0
-83.0
-79.0
-93.0
-133.0
-111.0
-90.0
-94.0
-92.0
-64.0
-83.0
-83.0
-70.0
-74.0
-71.0
-63.0
-61.0
-68.0
-69.0
-87.0
-84.0
-83.0
-78.0
-67.0
-31.0
-6.0
67.0
82.0
120.0
168.0
219.0
270.0
311.0
363.0
419.0
446.0
451.0
458.0
485.0
489.0
460.0
438.0
452.0
445.0
428.0
422.0
422.0
421.0
413.0
384.0
379.0
367.0
335.0
378.0
374.0
359.0
331.0
299.0
267.0
233.0
187.0
139.0
111.0
85.0
42.0
-12.0
-71.0
-84.0
-110.0
-129.0
-134.0
-182.0
-213.0
-216.0
-272.0
-299.0
-297.0
-307.0
-305.0
-294.0
-336.0
-389.0
-376.0
-352.0
-353.0
-357.0
-364.0
-373.0
-365.0
-355.0
-367.0
-354.0
-338.0
-323.0
-312.0
-341.0
-353.0
-326.0
-304.0
-303.0
-298.0
-275.0
-277.0
-282.0
-306.0
-316.0
-326.0
-307.0
-301.0
-320.0
-315.0
-289.0
-289.0
-279.0
-266.0
-270.0
-276.0
-267.0
-267.0
-251.0
-262.0
-256.0
-264.0
-248.0
-241.0
-239.0
-221.0
-214.0
-221.0
-219.0
-199.0
-212.0
-211.0
-193.0
-215.0
-228.0
-220.0
-209.0
-226.0
-167.0
-161.0
-172.0
-167.0
-166.0
-159.0
-175.0
-172.0
-182.0
-197.0
-187.0
-182.0
-216.0
-232.0
-214.0
-195.0
-170.0
-181.0
-185.0
-197.0
-187.0
-198.0
-203.0
-192.0
-210.0
-209.0
-211.0
-183.0
-168.0
-185.0
-161.0
-162.0
-183.0
-182.0
-200.0
-193.0
-200.0
-179.0
-138.0
-121.0
-115.0
-139.0
-140.0
-138.0
-129.0
-135.0
-119.0
-116.0
-138.0
-146.0
-172.0
-158.0
-139.0
-129.0
-111.0
-125.0
-127.0
-119.0
-96.0
-116.0
-119.0
-107.0
-122.0
-146.0
-133.0
-132.0
-141.0
-114.0
-109.0
-93.0
-103.0
-120.0
-124.0
-114.0
-90.0
-108.0
-122.0
-138.0
-128.0
-114.0
-113.0
-134.0
-117.0
-142.0
-147.0
-120.0
-138.0
-123.0
-135.0
-151.0
-139.0
-161.0
-172.0
-154.0
-140.0
-119.0
-105.0
-108.0
-79.0
-91.0
-93.0
-92.0
-90.0
-109.0
-133.0
-118.0
-126.0
-130.0
-91.0
-127.0
-128.0
-127.0
-98.0
-114.0
-146.0
-120.0
-105.0
-105.0
-113.0
-118.0
-109.0
-98.0
-61.0
-45.0
-28.0
-40.0
-20.0
-44.0
-92.0
-78.0
-84.0
-82.0
-58.0
-34.0
-41.0
-47.0
-56.0
-58.0
-41.0
-21.0
-18.0
-39.0
-35.0
-42.0
-62.0
-36.0
-13.0
-1.0
2.0
-26.0
-35.0
-57.0
-84.0
-77.0
-90.0
-80.0
-55.0
-55.0
-67.0
-67.0
-64.0
-66.0
-74.0
-81.0
-80.0
-65.0
-59.0
-52.0
-65.0
-63.0
-51.0
-93.0
-99.0
-98.0
-92.0
-68.0
-59.0
-69.0
-67.0
-73.0
-90.0
-99.0
-107.0
-113.0
-106.0
-90.0
-89.0
-92.0
-96.0
-108.0
-110.0
-108.0
-107.0
-91.0
-62.0
-62.0
-56.0
-73.0
-108.0
-91.0
-81.0
-98.0
-105.0
-105.0
-109.0
-127.0
-124.0
-99.0
-81.0
-73.0
-81.0
-81.0
-67.0
-67.0
-86.0
-89.0
-91.0
-108.0
-91.0
-80.0
-84.0
-66.0
-73.0
-88.0
-78.0
-58.0
-62.0
-79.0
-73.0
-83.0
-92.0
-80.0
-59.0
-59.0
-74.0
-92.0
-103.0
-83.0
-85.0
-80.0
-78.0
-88.0
-88.0
-87.0
-81.0
-85.0
-53.0
-50.0
-73.0
-32.0
4.0
5.0
-15.0
-30.0
-31.0
-27.0
-12.0
-51.0
-51.0
-18.0
-1.0
-18.0
7.0
4.0
-14.0
-25.0
-35.0
-33.0
-22.0
-18.0
0.0
5.0
33.0
50.0
70.0
86.0
112.0
174.0
236.0
274.0
309.0
355.0
422.0
482.0
517.0
546.0
524.0
484.0
459.0
401.0
362.0
337.0
300.0
257.0
213.0
161.0
121.0
92.0
48.0
6.0
-49.0
-67.0
-55.0
-86.0
-103.0
-111.0
-118.0
-136.0
-180.0
-206.0
-220.0
-226.0
-216.0
-242.0
-266.0
-237.0
-222.0
-232.0
-201.0
-197.0
-197.0
-215.0
-201.0
-199.0
-210.0
-240.0
-241.0
-242.0
-224.0
-219.0
-210.0
-235.0
-220.0
-209.0
-208.0
-224.0
-220.0
-215.0
-252.0
-256.0
-220.0
-200.0
-195.0
-191.0
-185.0
-180.0
-163.0
-129.0
-140.0
-130.0
-92.0
-109.0
-135.0
-131.0
-121.0
-142.0
-156.0
-141.0
-147.0
-150.0
-176.0
-138.0
-122.0
-135.0
-121.0
-131.0
-130.0
-131.0
-110.0
-125.0
-131.0
-140.0
-134.0
-131.0
-114.0
-77.0
-92.0
-96.0
-82.0
-91.0
-97.0
-82.0
-115.0
-114.0
-104.0
-109.0
-86.0
-104.0
-92.0
-66.0
-93.0
-84.0
-69.0
-74.0
-87.0
-110.0
-120.0
-110.0
-99.0
-83.0
-89.0
-112.0
-110.0
-131.0
-149.0
-145.0
-82.0
-79.0
-100.0
-97.0
-88.0
-112.0
-109.0
-88.0
-110.0
-130.0
-120.0
-131.0
-119.0
-96.0
-91.0
-92.0
-83.0
-77.0
-91.0
-115.0
-114.0
-105.0
-96.0
-108.0
-106.0
-84.0
-89.0
-94.0
-72.0
-63.0
-63.0
-82.0
-83.0
-102.0
-113.0
-92.0
-107.0
-126.0
-150.0
-150.0
-145.0
-131.0
-111.0
-110.0
-125.0
-137.0
-126.0
-108.0
-129.0
-141.0
-137.0
-128.0
-151.0
-143.0
-118.0
-147.0
-155.0
-126.0
-119.0
-137.0
-130.0
-138.0
-131.0
-145.0
-159.0
-158.0
-190.0
-156.0
-133.0
-123.0
-129.0
-144.0
-156.0
-147.0
-142.0
-156.0
-156.0
-153.0
-137.0
-119.0
-117.0
-114.0
-131.0
-149.0
-170.0
-165.0
-146.0
-124.0
-120.0
-150.0
-152.0
-156.0
-136.0
-117.0
-122.0
-94.0
-109.0
-123.0
-140.0
-147.0
-140.0
-131.0
-93.0
-91.0
-112.0
-102.0
-119.0
-127.0
-122.0
-135.0
-135.0
-133.0
-117.0
-110.0
-120.0
-137.0
-133.0
-121.0
-109.0
-107.0
-93.0
-55.0
-81.0
-102.0
-70.0
-70.0
-65.0
-60.0
-82.0
-95.0
-121.0
-119.0
-90.0
-90.0
-89.0
-72.0
-80.0
-74.0
-77.0
-91.0
-83.0
-88.0
-101.0
-112.0
-91.0
-70.0
-96.0
-110.0
-93.0
-87.0
-92.0
-93.0
-117.0
-115.0
-109.0
-95.0
-79.0
-90.0
-93.0
-149.0
-115.0
-90.0
-93.0
-81.0
-102.0
-105.0
-90.0
-90.0
-117.0
-83.0
-93.0
-116.0
-119.0
-119.0
-103.0
-80.0
-82.0
-112.0
-141.0
-150.0
-138.0
-108.0
-90.0
-116.0
-106.0
-128.0
-115.0
-109.0
-105.0
-110.0
-101.0
-91.0
-84.0
-78.0
-69.0
-80.0
-82.0
-92.0
-55.0
-54.0
-84.0
-65.0
-40.0
-63.0
-43.0
-64.0
-56.0
-39.0
-37.0
-42.0
-27.0
-3.0
0.0
-22.0
-40.0
-50.0
-43.0
-30.0
-53.0
-46.0
-26.0
-36.0
-30.0
-20.0
-23.0
-25.0
-34.0
-46.0
-30.0
-49.0
-50.0
-42.0
-48.0
-42.0
-41.0
-38.0
-63.0
-68.0
-48.0
-59.0
-70.0
-70.0
-79.0
-84.0
-72.0
-64.0
-36.0
-43.0
-60.0
-37.0
-16.0
-19.0
-22.0
-8.0
-7.0
-35.0
-45.0
-24.0
-18.0
-32.0
-22.0
-1.0
-12.0
-12.0
-35.0
-55.0
-40.0
-24.0
0.0
-18.0
-20.0
-10.0
-62.0
-46.0
-17.0
-65.0
-54.0
-44.0
-54.0
-23.0
-17.0
-36.0
-32.0
-29.0
-6.0
26.0
16.0
-2.0
-3.0
10.0
-5.0
13.0
18.0
-8.0
-18.0
-14.0
-17.0
-26.0
-13.0
2.0
15.0
5.0
16.0
39.0
20.0
-6.0
0.0
-3.0
11.0
12.0
20.0
25.0
10.0
-23.0
-3.0
6.0
1.0
-23.0
7.0
6.0
-3.0
17.0
17.0
-2.0
18.0
35.0
17.0
37.0
16.0
30.0
34.0
29.0
16.0
15.0
33.0
17.0
-14.0
-24.0
-49.0
-31.0
-13.0
8.0
-1.0
-11.0
-13.0
-27.0
-46.0
-46.0
-42.0
-44.0
-39.0
-35.0
-45.0
-56.0
-44.0
-56.0
-70.0
-71.0
-74.0
-78.0
-60.0
-49.0
-33.0
-8.0
-32.0
-24.0
-18.0
-26.0
-29.0
-20.0
-29.0
-31.0
-18.0
-21.0
-18.0
-21.0
-33.0
-39.0
-6.0
-46.0
-51.0
-45.0
-36.0
-38.0
-42.0
-41.0
-49.0
-66.0
-94.0
-84.0
-81.0
-70.0
-90.0
-77.0
-51.0
-57.0
-83.0
-97.0
-62.0
-45.0
-37.0
-45.0
-33.0
-72.0
-52.0
-7.0
-33.0
-51.0
-43.0
-33.0
-10.0
-12.0
-32.0
-21.0
-11.0
-42.0
-29.0
9.0
10.0
9.0
28.0
7.0
10.0
18.0
-17.0
-30.0
-19.0
-59.0
-37.0
-30.0
-24.0
-17.0
-14.0
6.0
-11.0
-27.0
-35.0
-26.0
-19.0
-23.0
-34.0
-26.0
-23.0
-31.0
-30.0
-41.0
-22.0
-31.0
-40.0
-24.0
-13.0
-14.0
45.0
79.0
77.0
68.0
86.0
82.0
68.0
45.0
49.0
57.0
80.0
71.0
84.0
69.0
48.0
56.0
33.0
26.0
59.0
52.0
24.0
52.0
56.0
42.0
47.0
58.0
59.0
58.0
46.0
56.0
84.0
72.0
72.0
76.0
51.0
58.0
69.0
85.0
87.0
84.0
70.0
83.0
89.0
71.0
90.0
83.0
94.0
112.0
78.0
51.0
39.0
3.0
-37.0
-17.0
5.0
-12.0
-25.0
-27.0
-67.0
-77.0
-59.0
-46.0
-49.0
-48.0
-47.0
-50.0
-28.0
-60.0
-57.0
-66.0
-69.0
-71.0
-63.0
-63.0
-74.0
-71.0
-44.0
-35.0
-61.0
-44.0
-24.0
-24.0
-22.0
-40.0
-47.0
-10.0
-44.0
-25.0
4.0
-22.0
-52.0
-2.0
-1.0
-29.0
-39.0
-58.0
-50.0
-61.0
-47.0
-53.0
-51.0
-76.0
-86.0
-87.0
-107.0
-81.0
-51.0
-91.0
-85.0
-48.0
-70.0
-76.0
-98.0
-96.0
-97.0
-92.0
-95.0
-67.0
-64.0
-98.0
-79.0
-62.0
-38.0
-21.0
-46.0
-64.0
-90.0
-76.0
-57.0
-45.0
-53.0
-53.0
-56.0
-67.0
-59.0
-41.0
-30.0
-49.0
-55.0
-50.0
-45.0
-77.0
-68.0
-56.0
-63.0
-50.0
-43.0
-58.0
-56.0
-52.0
-53.0
-42.0
-26.0
-5.0
-34.0
-23.0
-23.0
-10.0
-22.0
-46.0
-31.0
-12.0
-45.0
-45.0
-37.0
-42.0
-31.0
-42.0
-37.0
-49.0
-58.0
-68.0
-25.0
-65.0
-59.0
-45.0
-40.0
-39.0
-42.0
-33.0
-38.0
-27.0
-24.0
-49.0
-25.0
-52.0
-29.0
-8.0
-24.0
-72.0
-82.0
-57.0
-61.0
-61.0
-40.0
-27.0
-33.0
-45.0
-51.0
-68.0
-90.0
-77.0
-46.0
-26.0
-41.0
-51.0
-37.0
-41.0
-50.0
-50.0
-44.0
-49.0
-31.0
-38.0
-55.0
-61.0
-62.0
-63.0
-59.0
-67.0
-41.0
-46.0
-62.0
-59.0
-58.0
-48.0
-30.0
-42.0
-43.0
-52.0
-69.0
-18.0
-12.0
-24.0
-21.0
-45.0
-67.0
-75.0
-71.0
-110.0
-112.0
-93.0
-64.0
-92.0
-88.0
-60.0
-26.0
-42.0
-47.0
-48.0
-41.0
-21.0
-12.0
-5.0
-22.0
-27.0
-24.0
-49.0
-30.0
17.0
-3.0
-32.0
-37.0
-29.0
-14.0
-13.0
-45.0
-53.0
-69.0
-77.0
-77.0
-7.0
33.0
90.0
161.0
157.0
153.0
135.0
102.0
88.0
96.0
99.0
90.0
92.0
96.0
89.0
86.0
103.0
101.0
78.0
37.0
61.0
37.0
33.0
42.0
18.0
43.0
52.0
43.0
51.0
34.0
1.0
15.0
22.0
37.0
49.0
60.0
55.0
48.0
51.0
74.0
68.0
34.0
91.0
85.0
52.0
60.0
71.0
67.0
49.0
46.0
40.0
48.0
63.0
70.0
78.0
44.0
48.0
54.0
64.0
53.0
48.0
69.0
48.0
59.0
67.0
58.0
58.0
77.0
72.0
63.0
68.0
61.0
79.0
68.0
84.0
74.0
62.0
82.0
64.0
60.0
64.0
61.0
78.0
105.0
68.0
64.0
59.0
67.0
87.0
80.0
84.0
65.0
60.0
56.0
73.0
96.0
121.0
63.0
37.0
42.0
45.0
87.0
76.0
74.0
90.0
100.0
91.0
84.0
93.0
75.0
67.0
72.0
73.0
83.0
101.0
80.0
70.0
107.0
125.0
81.0
98.0
111.0
108.0
99.0
94.0
103.0
106.0
83.0
77.0
74.0
61.0
72.0
39.0
41.0
84.0
86.0
84.0
74.0
73.0
60.0
103.0
98.0
79.0
96.0
90.0
74.0
80.0
105.0
112.0
114.0
124.0
126.0
97.0
114.0
122.0
110.0
120.0
113.0
102.0
106.0
118.0
123.0
101.0
101.0
94.0
74.0
59.0
74.0
87.0
84.0
98.0
88.0
97.0
103.0
121.0
119.0
114.0
108.0
97.0
96.0
77.0
84.0
91.0
85.0
89.0
59.0
43.0
76.0
78.0
73.0
69.0
70.0
77.0
95.0
85.0
89.0
83.0
90.0
91.0
95.0
117.0
116.0
106.0
98.0
87.0
119.0
115.0
96.0
101.0
120.0
117.0
136.0
122.0
90.0
80.0
77.0
103.0
146.0
126.0
114.0
105.0
95.0
106.0
100.0
101.0
109.0
116.0
116.0
124.0
110.0
130.0
119.0
111.0
102.0
138.0
136.0
101.0
108.0
106.0
98.0
109.0
96.0
85.0
97.0
90.0
102.0
97.0
71.0
67.0
70.0
82.0
83.0
90.0
86.0
81.0
106.0
102.0
95.0
99.0
93.0
88.0
91.0
99.0
93.0
82.0
93.0
97.0
69.0
49.0
35.0
24.0
40.0
70.0
54.0
42.0
74.0
67.0
72.0
78.0
96.0
73.0
56.0
57.0
69.0
65.0
86.0
101.0
89.0
70.0
78.0
99.0
87.0
79.0
91.0
106.0
102.0
63.0
59.0
56.0
59.0
51.0
37.0
52.0
78.0
106.0
102.0
112.0
122.0
75.0
65.0
80.0
79.0
71.0
74.0
108.0
115.0
131.0
86.0
65.0
91.0
67.0
44.0
29.0
22.0
12.0
25.0
14.0
18.0
23.0
42.0
14.0
-7.0
-26.0
-4.0
4.0
-22.0
-4.0
6.0
11.0
8.0
-6.0
-8.0
-15.0
-22.0
-24.0
-19.0
-12.0
-6.0
-17.0
-6.0
-14.0
-9.0
-10.0
-24.0
-48.0
-48.0
-54.0
-57.0
-59.0
-92.0
-79.0
-94.0
-100.0
-103.0
-98.0
-79.0
-81.0
-68.0
-45.0
-58.0
-67.0
-74.0
-81.0
-86.0
-43.0
-41.0
-62.0
-41.0
-21.0
8.0
11.0
50.0
121.0
183.0
221.0
280.0
375.0
394.0
420.0
455.0
456.0
468.0
474.0
466.0
480.0
492.0
501.0
493.0
442.0
404.0
401.0
381.0
400.0
402.0
380.0
433.0
439.0
425.0
393.0
397.0
383.0
324.0
294.0
280.0
246.0
200.0
143.0
95.0
78.0
72.0
31.0
6.0
-53.0
-72.0
-101.0
-139.0
-156.0
-157.0
-183.0
-211.0
-240.0
-229.0
-252.0
-251.0
-234.0
-238.0
-273.0
-273.0
-299.0
-318.0
-321.0
-332.0
-352.0
-312.0
-297.0
-308.0
-310.0
-322.0
-322.0
-326.0
-331.0
-314.0
-343.0
-356.0
-348.0
-325.0
-330.0
-314.0
-294.0
-280.0
-273.0
-267.0
-278.0
-276.0
-277.0
-278.0
-265.0
-223.0
-208.0
-265.0
-273.0
-231.0
-237.0
-253.0
-271.0
-266.0
-256.0
-250.0
-247.0
-246.0
-248.0
-253.0
-224.0
-208.0
-208.0
-210.0
-229.0
-235.0
-222.0
-227.0
-219.0
-189.0
-187.0
-171.0
-177.0
-188.0
-197.0
-203.0
-209.0
-219.0
-219.0
-225.0
-228.0
-221.0
-222.0
-217.0
-209.0
-220.0
-223.0
-233.0
-210.0
-192.0
-165.0
-152.0
-179.0
-172.0
-143.0
-148.0
-160.0
-173.0
-207.0
-183.0
-185.0
-202.0
-178.0
-184.0
-179.0
-152.0
-175.0
-185.0
-161.0
-152.0
-122.0
-140.0
-155.0
-135.0
-126.0
-137.0
-139.0
-133.0
-121.0
-122.0
-114.0
-98.0
-102.0
-115.0
-103.0
-109.0
-107.0
-139.0
-148.0
-140.0
-143.0
-158.0
-161.0
-158.0
-153.0
-139.0
-106.0
-98.0
-102.0
-92.0
-114.0
-117.0
-110.0
-100.0
-90.0
-100.0
-84.0
-105.0
-141.0
-150.0
-122.0
-112.0
-117.0
-114.0
-116.0
-102.0
-106.0
-115.0
-91.0
-98.0
-105.0
-98.0
-92.0
-80.0
-79.0
-64.0
-96.0
-104.0
-89.0
-65.0
-58.0
-74.0
-108.0
-93.0
-77.0
-92.0
-76.0
-85.0
-81.0
-70.0
-76.0
-63.0
-51.0
-44.0
-26.0
-39.0
-40.0
-49.0
-49.0
-50.0
-68.0
-42.0
-38.0
-34.0
-41.0
-61.0
-60.0
-34.0
-35.0
-46.0
-74.0
-72.0
-52.0
-58.0
-72.0
-63.0
-63.0
-42.0
-7.0
4.0
34.0
18.0
24.0
29.0
-11.0
-35.0
-17.0
-1.0
-2.0
2.0
6.0
15.0
-6.0
-24.0
-16.0
-43.0
-52.0
-50.0
-27.0
-33.0
-32.0
-36.0
-41.0
-36.0
-52.0
-65.0
-50.0
-54.0
-35.0
-27.0
-24.0
-25.0
-45.0
-36.0
-41.0
-55.0
-11.0
25.0
35.0
5.0
8.0
14.0
-7.0
-14.0
-13.0
-12.0
-9.0
2.0
-6.0
-17.0
-50.0
-76.0
-72.0
-41.0
-54.0
-58.0
-30.0
-40.0
-64.0
-67.0
-50.0
-41.0
-18.0
-17.0
-30.0
-73.0
-60.0
-42.0
-44.0
-67.0
-79.0
-68.0
-61.0
-57.0
-62.0
-64.0
-54.0
-72.0
-57.0
-58.0
-39.0
-55.0
-31.0
-32.0
-43.0
-58.0
-69.0
-62.0
-37.0
-53.0
-73.0
-69.0
-39.0
-15.0
-32.0
-43.0
-31.0
-22.0
-14.0
-73.0
-80.0
-65.0
-53.0
-54.0
-43.0
-53.0
-49.0
-44.0
-39.0
-60.0
-52.0
-63.0
-58.0
-29.0
-22.0
-39.0
-53.0
-76.0
-38.0
-16.0
-14.0
4.0
-37.0
-44.0
-21.0
-19.0
-9.0
-6.0
-19.0
-28.0
-25.0
-22.0
-26.0
-17.0
15.0
26.0
6.0
-20.0
-38.0
-26.0
7.0
28.0
-7.0
-20.0
-13.0
-14.0
-2.0
-30.0
-45.0
-38.0
-47.0
-37.0
-52.0
-59.0
-84.0
-86.0
-65.0
-73.0
-94.0
-90.0
-110.0
-67.0
-54.0
-90.0
-89.0
-65.0
-67.0
-62.0
-55.0
-41.0
-47.0
-60.0
-53.0
-48.0
-61.0
-30.0
5.0
-14.0
-1.0
17.0
-11.0
-6.0
2.0
10.0
8.0
-16.0
-7.0
-7.0
-10.0
-18.0
8.0
32.0
24.0
15.0
23.0
-8.0
-39.0
-15.0
1.0
-30.0
-27.0
-36.0
-43.0
-12.0
-40.0
-61.0
-43.0
-17.0
-16.0
-11.0
-34.0
-47.0
-7.0
-25.0
-17.0
-12.0
-37.0
-43.0
-31.0
-43.0
-43.0
-27.0
-33.0
-21.0
-40.0
-22.0
-11.0
-37.0
-39.0
-27.0
-43.0
-39.0
-23.0
-25.0
-46.0
-39.0
-46.0
-46.0
-53.0
-65.0
-63.0
-48.0
-7.0
-7.0
-8.0
-2.0
-28.0
-8.0
-18.0
-36.0
-35.0
-44.0
-59.0
-37.0
-46.0
-77.0
-53.0
-45.0
-44.0
-45.0
-43.0
-43.0
-60.0
-62.0
-60.0
-34.0
-86.0
-62.0
-48.0
-72.0
-60.0
-33.0
-53.0
-61.0
-16.0
-11.0
-6.0
-4.0
1.0
9.0
-9.0
-5.0
-10.0
-20.0
-21.0
5.0
-16.0
-42.0
-39.0
-38.0
-38.0
-67.0
-86.0
-79.0
-68.0
-96.0
-80.0
-41.0
-57.0
-64.0
-81.0
-53.0
-41.0
-33.0
-20.0
-21.0
-64.0
-71.0
-84.0
-60.0
-31.0
-36.0
-53.0
-43.0
-27.0
-45.0
-31.0
-29.0
-31.0
-17.0
-7.0
6.0
0.0
2.0
4.0
-11.0
-8.0
8.0
12.0
-7.0
3.0
-13.0
-1.0
-3.0
-1.0
19.0
6.0
11.0
-14.0
5.0
23.0
8.0
14.0
24.0
32.0
23.0
11.0
-8.0
49.0
78.0
42.0
2.0
20.0
28.0
30.0
35.0
37.0
22.0
18.0
23.0
29.0
39.0
47.0
44.0
50.0
37.0
19.0
14.0
13.0
4.0
-21.0
-56.0
-18.0
-20.0
-35.0
-35.0
-17.0
-14.0
-22.0
-36.0
-22.0
-23.0
-11.0
13.0
-16.0
-34.0
-18.0
-19.0
-14.0
17.0
-2.0
-22.0
-21.0
-17.0
-16.0
-33.0
-67.0
-21.0
5.0
17.0
17.0
15.0
32.0
21.0
6.0
-5.0
22.0
26.0
-3.0
8.0
3.0
-11.0
-9.0
-26.0
-18.0
-15.0
-20.0
-4.0
-12.0
4.0
22.0
1.0
-7.0
-5.0
-14.0
-13.0
-20.0
-43.0
-45.0
-30.0
-34.0
-34.0
-6.0
-24.0
-36.0
-4.0
-1.0
-36.0
-25.0
4.0
3.0
-7.0
-16.0
-1.0
2.0
-31.0
-11.0
-3.0
-24.0
-40.0
-48.0
-8.0
0.0
-30.0
7.0
14.0
11.0
-7.0
-3.0
3.0
10.0
-6.0
-14.0
-10.0
0.0
-17.0
-54.0
-7.0
22.0
-13.0
-34.0
-54.0
-31.0
-20.0
-10.0
-16.0
-17.0
8.0
20.0
-7.0
3.0
17.0
7.0
17.0
30.0
3.0
-25.0
-28.0
-24.0
-47.0
4.0
-6.0
-53.0
-53.0
-12.0
-18.0
-54.0
-39.0
-35.0
-36.0
-29.0
-16.0
-39.0
-49.0
-23.0
-39.0
-43.0
-58.0
-29.0
-39.0
-62.0
-51.0
-50.0
-62.0
-51.0
-52.0
-36.0
-53.0
-62.0
-68.0
-63.0
-61.0
-64.0
-80.0
-58.0
-65.0
-62.0
-69.0
-65.0
-78.0
-68.0
-34.0
-39.0
-56.0
7.0
11.0
-7.0
-5.0
-25.0
-53.0
-33.0
-34.0
-60.0
-36.0
-15.0
-48.0
-51.0
-54.0
-34.0
-12.0
-14.0
-21.0
-23.0
-45.0
-32.0
-14.0
6.0
-16.0
-22.0
12.0
14.0
-17.0
-31.0
-54.0
-41.0
-33.0
-28.0
-47.0
-49.0
-40.0
-19.0
-36.0
-65.0
-37.0
-24.0
-32.0
-25.0
-10.0
-39.0
-74.0
-76.0
-28.0
-18.0
-32.0
-37.0
-29.0
-65.0
-79.0
-101.0
-105.0
-97.0
-95.0
-87.0
-102.0
-87.0
-97.0
-111.0
-143.0
-99.0
-97.0
-76.0
-67.0
-91.0
-77.0
-56.0
-88.0
-87.0
-112.0
-74.0
-80.0
-82.0
-76.0
-76.0
-60.0
-50.0
-68.0
-63.0
-35.0
-48.0
-40.0
-13.0
-12.0
-44.0
-22.0
-31.0
-56.0
-39.0
-50.0
-63.0
-40.0
-37.0
-66.0
-52.0
-69.0
-41.0
-16.0
-48.0
-46.0
-42.0
-32.0
-67.0
-88.0
-60.0
-45.0
-35.0
-26.0
-16.0
-36.0
-22.0
20.0
23.0
-11.0
6.0
25.0
43.0
58.0
37.0
34.0
20.0
14.0
-11.0
-4.0
17.0
-7.0
6.0
-3.0
-2.0
-3.0
1.0
5.0
14.0
18.0
-5.0
6.0
-13.0
-30.0
-30.0
-58.0
-53.0
-32.0
-20.0
-14.0
-4.0
14.0
11.0
8.0
20.0
20.0
3.0
5.0
13.0
5.0
34.0
43.0
59.0
81.0
107.0
149.0
184.0
263.0
292.0
332.0
348.0
378.0
386.0
426.0
441.0
471.0
503.0
526.0
512.0
479.0
479.0
439.0
431.0
433.0
416.0
398.0
390.0
414.0
409.0
393.0
395.0
398.0
381.0
385.0
354.0
389.0
399.0
354.0
338.0
349.0
375.0
398.0
402.0
420.0
394.0
391.0
405.0
392.0
340.0
343.0
323.0
303.0
250.0
195.0
107.0
34.0
15.0
-14.0
-34.0
-74.0
-142.0
-184.0
-201.0
-244.0
-273.0
-297.0
-308.0
-318.0
-308.0
-330.0
-365.0
-364.0
-369.0
-366.0
-386.0
-414.0
-403.0
-396.0
-421.0
-420.0
-417.0
-450.0
-407.0
-374.0
-397.0
-386.0
-375.0
-351.0
-380.0
-366.0
-359.0
-355.0
-359.0
-341.0
-350.0
-361.0
-374.0
-343.0
-297.0
-290.0
-306.0
-334.0
-344.0
-343.0
-316.0
-303.0
-342.0
-363.0
-366.0
-360.0
-342.0
-339.0
-312.0
-286.0
-291.0
-308.0
-303.0
-296.0
-286.0
-287.0
-254.0
-272.0
-282.0
-272.0
-257.0
-250.0
-234.0
-200.0
-191.0
-187.0
-193.0
-181.0
-192.0
-171.0
-154.0
-157.0
-186.0
-200.0
-201.0
-191.0
-207.0
-182.0
-155.0
-136.0
-122.0
-126.0
-128.0
-131.0
-169.0
-172.0
-147.0
-144.0
-159.0
-192.0
-194.0
-187.0
-192.0
-168.0
-175.0
-191.0
-187.0
-177.0
-162.0
-154.0
-140.0
-131.0
-138.0
-139.0
-150.0
-157.0
-113.0
-110.0
-139.0
-143.0
-158.0
-152.0
-154.0
-152.0
-130.0
-128.0
-134.0
-136.0
-117.0
-101.0
-117.0
-119.0
-105.0
-108.0
-125.0
-95.0
-88.0
-100.0
-111.0
-125.0
-121.0
-117.0
-105.0
-128.0
-128.0
-133.0
-151.0
-131.0
-96.0
-105.0
-105.0
-94.0
-101.0
-79.0
-64.0
-79.0
-81.0
-65.0
-74.0
-52.0
-45.0
-46.0
-41.0
-49.0
-55.0
-86.0
-80.0
-26.0
-53.0
-76.0
-71.0
-61.0
-32.0
-27.0
-32.0
-36.0
-61.0
-78.0
-97.0
-79.0
-67.0
-74.0
-71.0
-45.0
-51.0
-86.0
-73.0
-85.0
-101.0
-82.0
-84.0
-76.0
-77.0
-60.0
-62.0
-55.0
-45.0
-46.0
-55.0
-26.0
-17.0
-20.0
-37.0
-35.0
-42.0
-39.0
-70.0
-62.0
-64.0
-65.0
-48.0
-42.0
-26.0
-1.0
-7.0
-29.0
-27.0
-32.0
-25.0
-11.0
11.0
-4.0
-48.0
-67.0
-63.0
-29.0
-19.0
-61.0
-65.0
-32.0
-45.0
-51.0
-47.0
-55.0
-26.0
-23.0
-24.0
-6.0
11.0
-5.0
-22.0
-8.0
14.0
-30.0
-29.0
-55.0
-70.0
-67.0
-43.0
-10.0
-16.0
-14.0
-28.0
-29.0
-26.0
-31.0
-50.0
-51.0
-60.0
-41.0
-35.0
-58.0
-52.0
-61.0
-56.0
-37.0
-61.0
-54.0
-39.0
-35.0
-11.0
-26.0
-40.0
-52.0
-50.0
-20.0
-24.0
-54.0
-46.0
-35.0
-52.0
-63.0
-31.0
-35.0
-49.0
-25.0
-9.0
4.0
27.0
37.0
18.0
-3.0
-3.0
-1.0
34.0
29.0
14.0
17.0
6.0
-21.0
-14.0
-11.0
-14.0
-6.0
-18.0
-25.0
-8.0
-18.0
-9.0
-14.0
-43.0
-44.0
-60.0
-80.0
-54.0
-51.0
-48.0
-29.0
-34.0
-43.0
-35.0
-25.0
-13.0
-31.0
-13.0
-6.0
-11.0
-12.0
-12.0
-24.0
-8.0
-26.0
-44.0
-44.0
-51.0
-37.0
-13.0
-20.0
-35.0
-26.0
-6.0
-4.0
-25.0
-24.0
17.0
25.0
-1.0
-11.0
-13.0
-12.0
1.0
12.0
23.0
27.0
-3.0
7.0
24.0
48.0
42.0
47.0
36.0
-10.0
-8.0
3.0
26.0
7.0
-17.0
4.0
6.0
12.0
17.0
9.0
-8.0
-20.0
-9.0
16.0
-10.0
-8.0
-2.0
4.0
25.0
38.0
41.0
14.0
5.0
17.0
7.0
11.0
23.0
-1.0
-20.0
-18.0
13.0
29.0
37.0
43.0
40.0
13.0
-21.0
28.0
16.0
-13.0
3.0
-15.0
-31.0
-13.0
-1.0
9.0
12.0
-3.0
-1.0
-17.0
-17.0
-30.0
4.0
33.0
16.0
17.0
8.0
-8.0
27.0
47.0
58.0
62.0
29.0
22.0
16.0
34.0
43.0
46.0
63.0
50.0
38.0
31.0
37.0
52.0
51.0
59.0
68.0
64.0
39.0
28.0
43.0
71.0
54.0
43.0
61.0
66.0
41.0
62.0
56.0
49.0
57.0
67.0
50.0
46.0
51.0
49.0
53.0
68.0
49.0
46.0
43.0
36.0
40.0
35.0
23.0
17.0
-4.0
18.0
20.0
-32.0
-10.0
20.0
3.0
10.0
37.0
36.0
48.0
61.0
54.0
44.0
58.0
62.0
50.0
35.0
44.0
64.0
61.0
60.0
60.0
45.0
63.0
80.0
88.0
81.0
65.0
45.0
41.0
80.0
97.0
83.0
79.0
100.0
105.0
72.0
73.0
62.0
70.0
59.0
54.0
53.0
29.0
26.0
15.0
29.0
58.0
51.0
27.0
33.0
18.0
25.0
29.0
46.0
60.0
37.0
7.0
12.0
32.0
6.0
22.0
18.0
13.0
4.0
11.0
45.0
45.0
12.0
-5.0
2.0
1.0
13.0
28.0
13.0
18.0
38.0
43.0
37.0
25.0
5.0
6.0
14.0
0.0
31.0
23.0
16.0
40.0
27.0
3.0
-20.0
-33.0
-29.0
-6.0
-17.0
-2.0
-12.0
-4.0
-7.0
17.0
43.0
17.0
10.0
11.0
18.0
9.0
5.0
4.0
20.0
34.0
22.0
11.0
30.0
40.0
28.0
33.0
54.0
63.0
50.0
24.0
17.0
11.0
-7.0
23.0
26.0
49.0
69.0
51.0
34.0
54.0
69.0
105.0
115.0
82.0
56.0
52.0
45.0
65.0
119.0
152.0
173.0
214.0
220.0
178.0
171.0
167.0
156.0
141.0
129.0
152.0
133.0
146.0
179.0
187.0
195.0
157.0
145.0
148.0
146.0
147.0
141.0
126.0
126.0
136.0
116.0
121.0
107.0
99.0
95.0
108.0
117.0
114.0
102.0
72.0
79.0
100.0
83.0
91.0
122.0
123.0
121.0
114.0
105.0
128.0
155.0
147.0
126.0
126.0
115.0
102.0
109.0
116.0
90.0
84.0
81.0
85.0
91.0
77.0
54.0
54.0
55.0
56.0
58.0
40.0
42.0
20.0
25.0
35.0
30.0
26.0
44.0
48.0
16.0
-15.0
-23.0
-33.0
-39.0
-42.0
-46.0
-41.0
-54.0
-38.0
-31.0
-17.0
-34.0
-24.0
-37.0
-46.0
-30.0
-4.0
-14.0
-34.0
-39.0
-35.0
-24.0
-29.0
-22.0
-21.0
-2.0
10.0
10.0
-9.0
-48.0
-56.0
-5.0
-22.0
-24.0
-29.0
-22.0
-24.0
-16.0
-16.0
2.0
-8.0
-39.0
-15.0
5.0
-13.0
-37.0
-28.0
-20.0
-30.0
-37.0
-46.0
-31.0
-37.0
-30.0
0.0
-8.0
-26.0
-42.0
-43.0
-21.0
-34.0
-53.0
-80.0
-66.0
-29.0
-16.0
-47.0
-49.0
-62.0
-49.0
-27.0
-40.0
-63.0
-56.0
-19.0
-50.0
-58.0
-26.0
-55.0
-60.0
-36.0
-61.0
-60.0
-71.0
-77.0
-72.0
-79.0
-59.0
-54.0
-45.0
-45.0
-29.0
0.0
-14.0
6.0
22.0
45.0
65.0
99.0
148.0
187.0
223.0
309.0
405.0
483.0
538.0
561.0
560.0
559.0
560.0
551.0
545.0
527.0
448.0
398.0
332.0
253.0
158.0
109.0
32.0
-44.0
-82.0
-130.0
-175.0
-205.0
-213.0
-221.0
-253.0
-254.0
-265.0
-275.0
-288.0
-268.0
-255.0
-270.0
-276.0
-284.0
-260.0
-202.0
-219.0
-261.0
-222.0
-232.0
-257.0
-296.0
-295.0
-266.0
-308.0
-296.0
-266.0
-262.0
-272.0
-260.0
-285.0
-328.0
-297.0
-312.0
-298.0
-274.0
-263.0
-277.0
-289.0
-304.0
-325.0
-316.0
-308.0
-294.0
-301.0
-305.0
-277.0
-285.0
-285.0
-284.0
-289.0
-318.0
-282.0
-299.0
-322.0
-299.0
-307.0
-319.0
-285.0
-267.0
-261.0
-266.0
-243.0
-218.0
-228.0
-232.0
-254.0
-281.0
-258.0
-257.0
-272.0
-258.0
-233.0
-217.0
-236.0
-263.0
-255.0
-227.0
-216.0
-236.0
-223.0
-220.0
-233.0
-241.0
-233.0
-225.0
-227.0
-224.0
-217.0
-187.0
-231.0
-188.0
-125.0
-135.0
-157.0
-173.0
-138.0
-138.0
-148.0
-150.0
-146.0
-137.0
-160.0
-159.0
-149.0
-165.0
-176.0
-159.0
-133.0
-119.0
-157.0
-200.0
-176.0
-149.0
-132.0
-106.0
-130.0
-153.0
-103.0
-108.0
-116.0
-101.0
-103.0
-103.0
-122.0
-136.0
-142.0
-131.0
-130.0
-148.0
-145.0
-143.0
-160.0
-142.0
-153.0
-160.0
-178.0
-170.0
-182.0
-204.0
-225.0
-248.0
-255.0
-256.0
-249.0
-244.0
-223.0
-212.0
-222.0
-247.0
-238.0
-216.0
-224.0
-201.0
-209.0
-230.0
-229.0
-212.0
-196.0
-178.0
-195.0
-227.0
-246.0
-232.0
-216.0
-219.0
-225.0
-239.0
-220.0
-215.0
-205.0
-190.0
-214.0
-229.0
-238.0
-179.0
-176.0
-211.0
-204.0
-200.0
-182.0
-190.0
-196.0
-164.0
-155.0
-175.0
-161.0
-173.0
-192.0
-149.0
-173.0
-178.0
-186.0
-204.0
-182.0
-171.0
-175.0
-159.0
-172.0
-168.0
-177.0
-177.0
-185.0
-200.0
-166.0
-188.0
-229.0
-207.0
-199.0
-196.0
-186.0
-189.0
-201.0
-224.0
-223.0
-223.0
-203.0
-188.0
-199.0
-201.0
-211.0
-197.0
-178.0
-169.0
-185.0
-180.0
-156.0
-152.0
-140.0
-119.0
-130.0
-148.0
-122.0
-129.0
-150.0
-150.0
-151.0
-159.0
-168.0
-164.0
-169.0
-181.0
-136.0
-149.0
-185.0
-178.0
-143.0
-125.0
-131.0
-111.0
-134.0
-156.0
-142.0
-128.0
-111.0
-110.0
-115.0
-113.0
-117.0
-124.0
-117.0
-112.0
-89.0
-100.0
-124.0
-125.0
-104.0
-90.0
-125.0
-121.0
-123.0
-111.0
-119.0
-137.0
-135.0
-149.0
-149.0
-103.0
-99.0
-117.0
-121.0
-143.0
-137.0
-98.0
-102.0
-118.0
-107.0
-111.0
-97.0
-111.0
-111.0
-106.0
-122.0
-143.0
-169.0
-171.0
-168.0
-139.0
-101.0
-138.0
-139.0
-117.0
-124.0
-100.0
-109.0
-161.0
-147.0
-164.0
-162.0
-138.0
-136.0
-142.0
-140.0
-122.0
-131.0
-129.0
-129.0
-128.0
-134.0
-120.0
-133.0
-133.0
-130.0
-136.0
-127.0
-122.0
-108.0
-92.0
-91.0
-58.0
-13.0
-2.0
33.0
76.0
130.0
175.0
214.0
240.0
285.0
315.0
340.0
366.0
383.0
402.0
433.0
455.0
424.0
442.0
452.0
419.0
423.0
392.0
400.0
424.0
413.0
399.0
427.0
410.0
392.0
372.0
359.0
365.0
379.0
388.0
393.0
382.0
404.0
415.0
400.0
419.0
419.0
426.0
432.0
442.0
438.0
403.0
421.0
407.0
394.0
386.0
382.0
375.0
398.0
373.0
354.0
344.0
334.0
340.0
322.0
318.0
349.0
348.0
333.0
314.0
340.0
345.0
333.0
336.0
308.0
280.0
246.0
209.0
177.0
119.0
29.0
-30.0
-109.0
-207.0
-298.0
-332.0
-389.0
-433.0
-469.0
-504.0
-511.0
-514.0
-512.0
-507.0
-492.0
-491.0
-463.0
-496.0
-486.0
-471.0
-477.0
-456.0
-454.0
-461.0
-455.0
-436.0
-445.0
-456.0
-465.0
-410.0
-393.0
-393.0
-400.0
-373.0
-363.0
-351.0
-348.0
-364.0
-343.0
-364.0
-369.0
-342.0
-350.0
-358.0
-344.0
-359.0
-366.0
-354.0
-373.0
-335.0
-297.0
-285.0
-279.0
-276.0
-264.0
-294.0
-293.0
-292.0
-293.0
-276.0
-261.0
-277.0
-290.0
-266.0
-249.0
-252.0
-278.0
-259.0
-248.0
-268.0
-273.0
-231.0
-209.0
-222.0
-232.0
-238.0
-215.0
-227.0
-228.0
-177.0
-187.0
-186.0
-170.0
-174.0
-155.0
-161.0
-183.0
-175.0
-171.0
-185.0
-191.0
-202.0
-201.0
-175.0
-164.0
-186.0
-209.0
-202.0
-197.0
-192.0
-189.0
-173.0
-181.0
-181.0
-185.0
-168.0
-167.0
-158.0
-136.0
-142.0
-149.0
-149.0
-144.0
-145.0
-131.0
-118.0
-117.0
-136.0
-159.0
-148.0
-153.0
-143.0
-142.0
-130.0
-95.0
-98.0
-82.0
-93.0
-91.0
-74.0
-66.0
-57.0
-76.0
-102.0
-88.0
-84.0
-69.0
-63.0
-56.0
-60.0
-71.0
-73.0
-63.0
-68.0
-82.0
-78.0
-91.0
-103.0
-98.0
-84.0
-100.0
-119.0
-108.0
-94.0
-83.0
-67.0
-74.0
-95.0
-83.0
-96.0
-83.0
-84.0
-76.0
-54.0
-57.0
-52.0
-77.0
-79.0
-49.0
-38.0
-46.0
-64.0
-83.0
-72.0
-49.0
-45.0
-32.0
-24.0
-41.0
-47.0
-56.0
-51.0
-30.0
5.0
22.0
-24.0
-15.0
11.0
5.0
-20.0
4.0
8.0
-12.0
-11.0
4.0
3.0
-11.0
-10.0
-4.0
14.0
21.0
10.0
33.0
46.0
10.0
-2.0
15.0
32.0
2.0
-8.0
-18.0
-15.0
-3.0
15.0
27.0
3.0
1.0
-13.0
-32.0
-29.0
-31.0
-37.0
-35.0
-61.0
-52.0
-30.0
-56.0
-31.0
-49.0
-48.0
-47.0
-44.0
-21.0
-18.0
-20.0
-49.0
-33.0
-8.0
-8.0
15.0
14.0
5.0
21.0
12.0
-4.0
25.0
31.0
9.0
-1.0
6.0
-10.0
2.0
26.0
45.0
35.0
64.0
81.0
73.0
88.0
87.0
71.0
61.0
51.0
57.0
63.0
73.0
64.0
36.0
60.0
83.0
44.0
56.0
68.0
41.0
27.0
86.0
95.0
85.0
93.0
68.0
48.0
46.0
46.0
39.0
35.0
49.0
63.0
74.0
85.0
85.0
98.0
91.0
78.0
57.0
63.0
48.0
58.0
75.0
80.0
73.0
63.0
47.0
54.0
36.0
22.0
18.0
16.0
-21.0
-18.0
3.0
15.0
-4.0
17.0
32.0
53.0
61.0
65.0
55.0
63.0
54.0
68.0
69.0
83.0
68.0
74.0
96.0
97.0
83.0
80.0
85.0
77.0
85.0
110.0
99.0
98.0
87.0
90.0
103.0
110.0
107.0
69.0
67.0
90.0
74.0
90.0
90.0
92.0
86.0
86.0
84.0
76.0
85.0
99.0
124.0
125.0
107.0
110.0
74.0
76.0
90.0
98.0
107.0
101.0
101.0
104.0
89.0
103.0
148.0
137.0
115.0
102.0
117.0
136.0
118.0
139.0
169.0
153.0
144.0
122.0
136.0
161.0
132.0
121.0
113.0
116.0
139.0
136.0
107.0
112.0
113.0
115.0
117.0
102.0
101.0
112.0
103.0
109.0
97.0
109.0
107.0
112.0
132.0
115.0
105.0
139.0
110.0
79.0
101.0
110.0
109.0
88.0
93.0
88.0
99.0
69.0
82.0
70.0
74.0
110.0
89.0
109.0
117.0
121.0
113.0
102.0
99.0
102.0
95.0
106.0
107.0
96.0
81.0
99.0
108.0
62.0
73.0
100.0
86.0
84.0
112.0
118.0
116.0
99.0
73.0
86.0
105.0
95.0
108.0
125.0
125.0
118.0
96.0
81.0
88.0
90.0
100.0
90.0
91.0
100.0
102.0
107.0
111.0
121.0
144.0
120.0
88.0
81.0
81.0
81.0
69.0
91.0
98.0
106.0
89.0
63.0
73.0
100.0
98.0
127.0
121.0
106.0
126.0
148.0
158.0
159.0
154.0
134.0
139.0
153.0
163.0
229.0
272.0
296.0
353.0
410.0
449.0
510.0
551.0
549.0
556.0
559.0
559.0
530.0
506.0
483.0
444.0
388.0
343.0
293.0
246.0
175.0
109.0
66.0
12.0
-8.0
-41.0
-63.0
-62.0
-95.0
-136.0
-128.0
-125.0
-141.0
-152.0
-168.0
-172.0
-172.0
-170.0
-167.0
-173.0
-202.0
-212.0
-208.0
-204.0
-209.0
-219.0
-200.0
-178.0
-198.0
-196.0
-224.0
-227.0
-221.0
-229.0
-224.0
-231.0
-227.0
-210.0
-210.0
-209.0
-172.0
-180.0
-194.0
-167.0
-160.0
-178.0
-186.0
-174.0
-142.0
-122.0
-124.0
-133.0
-153.0
-139.0
-124.0
-137.0
-128.0
-127.0
-136.0
-139.0
-142.0
-137.0
-139.0
-161.0
-165.0
-168.0
-161.0
-134.0
-149.0
-173.0
-159.0
-130.0
-120.0
-118.0
-108.0
-137.0
-138.0
-127.0
-143.0
-120.0
-110.0
-125.0
-121.0
-89.0
-58.0
-54.0
-62.0
-90.0
-98.0
-95.0
-105.0
-107.0
-84.0
-74.0
-76.0
-89.0
-97.0
-101.0
-101.0
-116.0
-127.0
-130.0
-134.0
-138.0
-138.0
-139.0
-127.0
-119.0
-136.0
-146.0
-106.0
-74.0
-107.0
-107.0
-113.0
-93.0
-76.0
-107.0
-90.0
-87.0
-91.0
-89.0
-74.0
-88.0
-119.0
-143.0
-137.0
-124.0
-121.0
-108.0
-107.0
-80.0
-108.0
-84.0
-53.0
-56.0
-54.0
-76.0
-68.0
-65.0
-86.0
-91.0
-97.0
-63.0
-42.0
-39.0
-61.0
-80.0
-71.0
-59.0
-58.0
-52.0
-72.0
-83.0
-77.0
-95.0
-96.0
-77.0
-52.0
-78.0
-97.0
-84.0
-85.0
-102.0
-84.0
-53.0
-74.0
-78.0
-83.0
-100.0
-93.0
-69.0
-75.0
-90.0
-69.0
-67.0
-71.0
-57.0
-58.0
-72.0
-37.0
-35.0
-44.0
-45.0
-45.0
-55.0
-47.0
-59.0
-65.0
-68.0
-49.0
-27.0
-70.0
-70.0
-51.0
-55.0
-55.0
-58.0
-66.0
-61.0
-40.0
-39.0
-63.0
-52.0
-47.0
-61.0
-57.0
-64.0
-59.0
-68.0
-96.0
-147.0
-134.0
-114.0
-106.0
-112.0
-138.0
-145.0
-128.0
-131.0
-150.0
-165.0
-163.0
-175.0
-176.0
-164.0
-159.0
-163.0
-178.0
-182.0
-185.0
-168.0
-176.0
-167.0
-154.0
-152.0
-137.0
-105.0
-147.0
-172.0
-157.0
-162.0
-186.0
-194.0
-172.0
-179.0
-195.0
-204.0
-202.0
-212.0
-215.0
-200.0
-179.0
-177.0
-147.0
-136.0
-158.0
-157.0
-140.0
-127.0
-102.0
-107.0
-136.0
-147.0
-145.0
-146.0
-115.0
-111.0
-126.0
-126.0
-117.0
-116.0
-110.0
-90.0
-86.0
-85.0
-73.0
-83.0
-108.0
-103.0
-92.0
-103.0
-127.0
-134.0
-118.0
-112.0
-108.0
-126.0
-122.0
-97.0
-123.0
-118.0
-93.0
-100.0
-101.0
-91.0
-91.0
-100.0
-115.0
-106.0
-125.0
-140.0
-119.0
-78.0
-52.0
-77.0
-89.0
-35.0
1.0
-5.0
-20.0
-36.0
-56.0
-43.0
-49.0
-52.0
-52.0
-84.0
-94.0
-99.0
-88.0
-78.0
-85.0
-81.0
-65.0
-36.0
-51.0
-57.0
-80.0
-84.0
-59.0
-67.0
-85.0
-78.0
-98.0
-125.0
-122.0
-122.0
-120.0
-142.0
-132.0
-104.0
-105.0
-114.0
-118.0
-120.0
-103.0
-90.0
-102.0
-123.0
-142.0
-115.0
-115.0
-118.0
-101.0
-91.0
-88.0
-52.0
-54.0
-59.0
-56.0
-58.0
-73.0
-79.0
-84.0
-90.0
-76.0
-78.0
-86.0
-83.0
-82.0
-82.0
-78.0
-81.0
-86.0
-65.0
-69.0
-83.0
-78.0
-64.0
-70.0
-70.0
-68.0
-51.0
-64.0
-66.0
-72.0
-43.0
-49.0
-62.0
-71.0
-101.0
-87.0
-51.0
-80.0
-104.0
-87.0
-62.0
-81.0
-89.0
-74.0
-94.0
-95.0
-93.0
-108.0
-109.0
-77.0
-112.0
-107.0
-77.0
-91.0
-73.0
-41.0
-84.0
-99.0
-78.0
-80.0
-88.0
-62.0
-38.0
-34.0
-69.0
-87.0
-70.0
-46.0
-45.0
-87.0
-70.0
-63.0
-81.0
-49.0
-65.0
-41.0
-42.0
-34.0
-46.0
-54.0
-50.0
-45.0
-44.0
-41.0
-51.0
-36.0
-53.0
-58.0
-40.0
-13.0
-14.0
-36.0
-44.0
-50.0
-58.0
-61.0
-43.0
-35.0
-36.0
-45.0
-54.0
-55.0
-24.0
-1.0
-3.0
-4.0
-7.0
-16.0
-16.0
-12.0
-5.0
-8.0
4.0
-34.0
-51.0
-14.0
-16.0
-21.0
4.0
8.0
-10.0
-7.0
5.0
23.0
12.0
14.0
1.0
-17.0
-36.0
-48.0
-36.0
4.0
-2.0
-16.0
-7.0
-29.0
-42.0
-49.0
-34.0
-45.0
-41.0
-45.0
-35.0
-31.0
-29.0
-16.0
-6.0
-32.0
-43.0
-23.0
-14.0
-11.0
0.0
-16.0
-23.0
-10.0
-24.0
-47.0
-33.0
-39.0
-42.0
-29.0
-25.0
-52.0
-33.0
-56.0
-44.0
-17.0
-6.0
-14.0
-12.0
-24.0
-27.0
-34.0
-48.0
-40.0
-12.0
-6.0
-17.0
-17.0
-20.0
-14.0
-4.0
-32.0
-29.0
-43.0
-12.0
-2.0
5.0
-1.0
-4.0
8.0
-3.0
-6.0
5.0
7.0
3.0
-23.0
-10.0
20.0
-2.0
-1.0
-2.0
23.0
19.0
-10.0
-7.0
17.0
-3.0
-24.0
-34.0
-6.0
-18.0
-18.0
-6.0
-25.0
-29.0
-13.0
-10.0
-1.0
-7.0
-7.0
-18.0
-15.0
1.0
18.0
15.0
-1.0
-2.0
23.0
45.0
40.0
37.0
50.0
20.0
0.0
26.0
18.0
-17.0
-24.0
-24.0
-6.0
-3.0
6.0
20.0
-10.0
-13.0
29.0
29.0
10.0
-5.0
6.0
31.0
23.0
10.0
9.0
-5.0
6.0
-7.0
-23.0
0.0
7.0
6.0
-10.0
3.0
19.0
-2.0
-35.0
-11.0
3.0
-21.0
-21.0
-36.0
-21.0
-1.0
-23.0
-20.0
0.0
-8.0
-2.0
11.0
-2.0
-25.0
-24.0
-19.0
-11.0
-1.0
-18.0
-10.0
-7.0
-11.0
6.0
1.0
6.0
20.0
10.0
-1.0
31.0
15.0
-4.0
17.0
0.0
3.0
16.0
-21.0
-22.0
-6.0
-12.0
-4.0
-27.0
-11.0
-6.0
-29.0
-27.0
-17.0
6.0
1.0
10.0
16.0
-16.0
-15.0
-21.0
-8.0
-18.0
-29.0
-20.0
-26.0
-44.0
-24.0
3.0
-25.0
-15.0
13.0
7.0
-25.0
-18.0
-13.0
-2.0
11.0
14.0
-15.0
-35.0
-18.0
-24.0
-14.0
-28.0
-31.0
-34.0
-13.0
-4.0
-5.0
2.0
-11.0
20.0
37.0
26.0
27.0
11.0
-17.0
4.0
15.0
-4.0
7.0
21.0
41.0
11.0
20.0
29.0
11.0
-4.0
-27.0
-20.0
0.0
-18.0
-8.0
-2.0
-13.0
-31.0
-32.0
-21.0
-14.0
-2.0
-12.0
-10.0
15.0
-9.0
-9.0
-19.0
-16.0
41.0
-25.0
-59.0
-26.0
-4.0
15.0
-18.0
-22.0
-10.0
-23.0
9.0
6.0
-1.0
-11.0
-9.0
18.0
18.0
34.0
57.0
13.0
-34.0
4.0
15.0
36.0
48.0
22.0
11.0
15.0
32.0
33.0
-2.0
-4.0
24.0
26.0
3.0
18.0
3.0
19.0
34.0
17.0
-15.0
11.0
0.0
-24.0
-16.0
11.0
6.0
-5.0
1.0
-20.0
-49.0
-50.0
-40.0
-32.0
-18.0
-51.0
-54.0
-51.0
-31.0
-14.0
-35.0
-29.0
-50.0
-41.0
-22.0
-2.0
-6.0
-23.0
-10.0
7.0
13.0
-2.0
-26.0
-20.0
-25.0
-27.0
-26.0
-15.0
-45.0
-16.0
3.0
10.0
4.0
-30.0
22.0
2.0
32.0
40.0
71.0
69.0
37.0
33.0
33.0
49.0
57.0
64.0
31.0
40.0
24.0
20.0
17.0
10.0
24.0
41.0
0.0
-5.0
-6.0
-13.0
-4.0
-4.0
-12.0
-10.0
9.0
-12.0
-11.0
-27.0
-25.0
-12.0
-27.0
-13.0
3.0
-18.0
-29.0
-9.0
38.0
12.0
-34.0
-19.0
25.0
13.0
34.0
10.0
-23.0
1.0
43.0
19.0
12.0
26.0
7.0
10.0
-27.0
-30.0
84.0
80.0
122.0
163.0
159.0
158.0
162.0
150.0
138.0
111.0
113.0
106.0
72.0
68.0
60.0
95.0
96.0
60.0
76.0
83.0
83.0
79.0
73.0
55.0
45.0
40.0
19.0
44.0
62.0
56.0
48.0
60.0
54.0
26.0
21.0
28.0
24.0
9.0
4.0
27.0
21.0
11.0
11.0
-5.0
3.0
9.0
11.0
23.0
39.0
18.0
23.0
29.0
29.0
11.0
22.0
42.0
37.0
41.0
39.0
19.0
24.0
38.0
3.0
27.0
29.0
8.0
16.0
33.0
32.0
19.0
3.0
-1.0
-61.0
-30.0
-21.0
4.0
17.0
13.0
6.0
8.0
-4.0
-16.0
-20.0
-25.0
-17.0
-26.0
-25.0
-17.0
-2.0
-2.0
-16.0
7.0
5.0
-30.0
-53.0
-7.0
1.0
-16.0
6.0
-21.0
-16.0
-14.0
-23.0
-28.0
0.0
21.0
7.0
9.0
33.0
3.0
-17.0
-14.0
-6.0
-3.0
-17.0
-23.0
-23.0
-34.0
-72.0
-43.0
-30.0
-42.0
-31.0
-8.0
-21.0
-35.0
-42.0
-38.0
-59.0
-37.0
-43.0
-26.0
-18.0
-19.0
-32.0
-72.0
-35.0
-37.0
-24.0
-45.0
-36.0
11.0
43.0
75.0
121.0
182.0
280.0
372.0
462.0
485.0
539.0
567.0
549.0
535.0
517.0
444.0
404.0
345.0
267.0
194.0
124.0
45.0
1.0
-24.0
-81.0
-117.0
-117.0
-118.0
-126.0
-128.0
-151.0
-185.0
-196.0
-168.0
-200.0
-216.0
-219.0
-223.0
-208.0
-234.0
-252.0
-256.0
-262.0
-253.0
-276.0
-266.0
-271.0
-269.0
-247.0
-237.0
-245.0
-233.0
-244.0
-273.0
-279.0
-270.0
-258.0
-267.0
-257.0
-260.0
-270.0
-276.0
-266.0
-265.0
-269.0
-258.0
-256.0
-246.0
-242.0
-238.0
-250.0
-252.0
-252.0
-257.0
-247.0
-227.0
-251.0
-259.0
-234.0
-231.0
-225.0
-215.0
-241.0
-261.0
-231.0
-225.0
-243.0
-250.0
-247.0
-231.0
-260.0
-235.0
-222.0
-211.0
-191.0
-196.0
-215.0
-238.0
-212.0
-197.0
-195.0
-216.0
-218.0
-199.0
-189.0
-204.0
-176.0
-168.0
-175.0
-190.0
-203.0
-182.0
-176.0
-190.0
-180.0
-158.0
-179.0
-178.0
-168.0
-155.0
-154.0
-154.0
-164.0
-144.0
-145.0
-173.0
-153.0
-112.0
-126.0
-118.0
-128.0
-126.0
-134.0
-128.0
-137.0
-134.0
-119.0
-125.0
-113.0
-97.0
-78.0
-68.0
-97.0
-106.0
-85.0
-90.0
-86.0
-70.0
-81.0
-83.0
-87.0
-92.0
-93.0
-114.0
-110.0
-114.0
-97.0
-90.0
-71.0
-64.0
-70.0
-62.0
-57.0
-79.0
-69.0
-56.0
-74.0
-88.0
-77.0
-53.0
-73.0
-66.0
-44.0
-74.0
-106.0
-116.0
-99.0
-91.0
-52.0
-37.0
-34.0
-32.0
-52.0
-48.0
-24.0
-16.0
-29.0
-6.0
2.0
-23.0
-56.0
-67.0
-102.0
-115.0
-121.0
-130.0
-129.0
-156.0
-145.0
-127.0
-121.0
-126.0
-116.0
-146.0
-137.0
-99.0
-105.0
-112.0
-78.0
-74.0
-90.0
-100.0
-91.0
-79.0
-100.0
-114.0
-124.0
-108.0
-100.0
-124.0
-118.0
-121.0
-100.0
-74.0
-93.0
-105.0
-100.0
-98.0
-104.0
-122.0
-134.0
-120.0
-125.0
-145.0
-95.0
-94.0
-110.0
-92.0
-82.0
-88.0
-55.0
-14.0
35.0
76.0
123.0
157.0
206.0
284.0
336.0
390.0
423.0
428.0
417.0
431.0
386.0
352.0
321.0
263.0
193.0
143.0
74.0
25.0
-7.0
-63.0
-44.0
-25.0
-46.0
-67.0
-79.0
-116.0
-137.0
-92.0
-96.0
-111.0
-103.0
-79.0
-96.0
-122.0
-124.0
-117.0
-131.0
-144.0
-155.0
-173.0
-170.0
-178.0
-166.0
-160.0
-155.0
-162.0
-178.0
-195.0
-190.0
-178.0
-193.0
-202.0
-175.0
-169.0
-156.0
-168.0
-184.0
-188.0
-152.0
-158.0
-163.0
-166.0
-144.0
-165.0
-175.0
-173.0
-174.0
-167.0
-167.0
-177.0
-166.0
-188.0
-198.0
-162.0
-150.0
-142.0
-138.0
-147.0
-148.0
-157.0
-138.0
-132.0
-125.0
-130.0
-127.0
-126.0
-119.0
-92.0
-101.0
-120.0
-122.0
-128.0
-129.0
-107.0
-112.0
-127.0
-101.0
-102.0
-107.0
-103.0
-123.0
-126.0
-112.0
-126.0
-105.0
-114.0
-118.0
-123.0
-120.0
-105.0
-129.0
-156.0
-158.0
-151.0
-99.0
-83.0
-86.0
-76.0
-34.0
-42.0
-61.0
-95.0
-107.0
-111.0
-114.0
-102.0
-64.0
-46.0
-66.0
-67.0
-56.0
-58.0
-101.0
-136.0
-110.0
-111.0
-124.0
-98.0
-113.0
-114.0
-106.0
-111.0
-119.0
-98.0
-106.0
-139.0
-124.0
-126.0
-120.0
-137.0
-126.0
-137.0
-140.0
-153.0
-152.0
-131.0
-137.0
-126.0
-138.0
-154.0
-130.0
-144.0
-151.0
-135.0
-126.0
-116.0
-116.0
-117.0
-76.0
-62.0
-80.0
-80.0
-64.0
-59.0
-86.0
-56.0
-27.0
-19.0
-59.0
-56.0
-37.0
-36.0
-37.0
-59.0
-64.0
-55.0
-53.0
-68.0
-83.0
-60.0
-59.0
-89.0
-105.0
-65.0
-58.0
-29.0
-53.0
-77.0
-71.0
-60.0
-77.0
-80.0
-33.0
-83.0
-120.0
-99.0
-119.0
-80.0
-72.0
-118.0
-116.0
-104.0
-56.0
-45.0
-74.0
-46.0
-34.0
-45.0
-40.0
-54.0
-50.0
-51.0
-83.0
-78.0
-82.0
-129.0
-106.0
-124.0
-87.0
-79.0
-89.0
-87.0
-69.0
-46.0
-44.0
-55.0
-35.0
-34.0
-18.0
-21.0
-29.0
-40.0
-67.0
-81.0
-100.0
-108.0
-100.0
-84.0
-80.0
-83.0
-73.0
-61.0
-33.0
-40.0
-44.0
-44.0
-5.0
14.0
-18.0
-22.0
-47.0
-83.0
-95.0
-91.0
-76.0
-61.0
-76.0
-90.0
-96.0
-81.0
-81.0
-81.0
-72.0
-74.0
-78.0
-100.0
-105.0
-138.0
-132.0
-113.0
-144.0
-128.0
-96.0
-63.0
-77.0
-110.0
-104.0
-88.0
-87.0
-70.0
-64.0
-86.0
-112.0
-108.0
-129.0
-130.0
-110.0
-121.0
-151.0
-152.0
-154.0
-153.0
-139.0
-117.0
-114.0
-114.0
-115.0
-95.0
-87.0
-87.0
-83.0
-82.0
-85.0
-87.0
-99.0
-88.0
-89.0
-114.0
-118.0
-123.0
-133.0
-138.0
-147.0
-152.0
-137.0
-131.0
-127.0
-121.0
-133.0
-101.0
-55.0
-65.0
-92.0
-102.0
-108.0
-104.0
-100.0
-87.0
-79.0
-62.0
-57.0
-50.0
-37.0
-59.0
-84.0
-112.0
-109.0
-82.0
-87.0
-115.0
-93.0
-95.0
-83.0
-76.0
-65.0
-56.0
-58.0
-83.0
-81.0
-70.0
-65.0
-60.0
-73.0
-74.0
-64.0
-19.0
-12.0
-48.0
-45.0
-51.0
-67.0
-54.0
-55.0
-60.0
-47.0
-49.0
-54.0
-64.0
-61.0
-72.0
-77.0
-75.0
-54.0
-34.0
-21.0
-17.0
1.0
-12.0
-3.0
-2.0
-5.0
15.0
29.0
13.0
14.0
13.0
11.0
27.0
33.0
18.0
-21.0
1.0
13.0
15.0
7.0
-13.0
7.0
8.0
23.0
32.0
35.0
33.0
54.0
34.0
48.0
46.0
46.0
32.0
45.0
32.0
31.0
64.0
68.0
57.0
57.0
48.0
44.0
46.0
59.0
43.0
20.0
26.0
23.0
6.0
14.0
19.0
13.0
32.0
35.0
31.0
43.0
40.0
27.0
22.0
43.0
48.0
42.0
38.0
56.0
51.0
34.0
45.0
39.0
29.0
45.0
25.0
45.0
58.0
52.0
52.0
63.0
44.0
31.0
64.0
67.0
47.0
54.0
36.0
37.0
82.0
60.0
26.0
39.0
27.0
2.0
-1.0
9.0
16.0
13.0
-1.0
19.0
34.0
33.0
12.0
6.0
2.0
15.0
31.0
16.0
1.0
35.0
37.0
15.0
20.0
13.0
-3.0
23.0
16.0
-4.0
5.0
10.0
5.0
11.0
13.0
1.0
4.0
-3.0
20.0
16.0
13.0
43.0
44.0
26.0
24.0
41.0
77.0
90.0
97.0
102.0
115.0
104.0
102.0
127.0
111.0
84.0
85.0
104.0
92.0
76.0
90.0
55.0
53.0
81.0
85.0
47.0
67.0
81.0
52.0
64.0
74.0
100.0
102.0
89.0
95.0
104.0
120.0
129.0
117.0
95.0
65.0
60.0
62.0
77.0
77.0
69.0
83.0
96.0
80.0
60.0
63.0
59.0
48.0
60.0
68.0
49.0
67.0
73.0
54.0
49.0
63.0
43.0
42.0
59.0
56.0
54.0
69.0
57.0
40.0
53.0
90.0
87.0
67.0
77.0
57.0
75.0
101.0
87.0
73.0
61.0
73.0
98.0
109.0
89.0
73.0
59.0
69.0
78.0
71.0
69.0
88.0
85.0
92.0
95.0
93.0
145.0
121.0
97.0
89.0
94.0
97.0
89.0
73.0
99.0
123.0
130.0
114.0
102.0
145.0
106.0
92.0
78.0
97.0
118.0
77.0
88.0
83.0
66.0
95.0
79.0
72.0
80.0
87.0
86.0
102.0
109.0
87.0
67.0
99.0
114.0
100.0
110.0
81.0
53.0
65.0
60.0
64.0
45.0
40.0
53.0
4.0
17.0
47.0
51.0
67.0
62.0
50.0
54.0
52.0
72.0
79.0
65.0
90.0
100.0
86.0
78.0
80.0
91.0
107.0
120.0
105.0
74.0
67.0
55.0
55.0
57.0
29.0
27.0
72.0
64.0
83.0
98.0
80.0
34.0
17.0
8.0
46.0
65.0
34.0
22.0
-4.0
17.0
43.0
79.0
66.0
90.0
83.0
44.0
51.0
58.0
61.0
56.0
36.0
43.0
37.0
33.0
27.0
5.0
16.0
33.0
30.0
29.0
15.0
16.0
24.0
35.0
32.0
57.0
62.0
59.0
72.0
49.0
58.0
75.0
59.0
56.0
65.0
77.0
80.0
91.0
87.0
83.0
97.0
96.0
73.0
83.0
96.0
84.0
76.0
77.0
87.0
61.0
49.0
32.0
9.0
18.0
11.0
30.0
52.0
45.0
34.0
15.0
20.0
37.0
42.0
27.0
17.0
29.0
5.0
10.0
18.0
-6.0
-24.0
-13.0
-7.0
-6.0
-3.0
3.0
-5.0
20.0
23.0
19.0
29.0
16.0
5.0
-3.0
2.0
33.0
39.0
8.0
2.0
16.0
-4.0
23.0
33.0
42.0
32.0
45.0
15.0
2.0
28.0
41.0
22.0
13.0
19.0
32.0
23.0
1.0
-3.0
-22.0
-30.0
-36.0
-37.0
-16.0
-3.0
-11.0
5.0
2.0
-20.0
0.0
6.0
-1.0
7.0
8.0
5.0
-4.0
-6.0
-6.0
4.0
10.0
-15.0
-29.0
-32.0
-7.0
16.0
-2.0
-14.0
15.0
29.0
-2.0
12.0
62.0
48.0
31.0
46.0
5.0
-11.0
-5.0
-28.0
-36.0
-13.0
-16.0
-44.0
-29.0
-11.0
-7.0
-14.0
-14.0
-30.0
-44.0
-13.0
0.0
-27.0
-14.0
25.0
16.0
-14.0
-17.0
-5.0
4.0
-1.0
4.0
6.0
10.0
-22.0
-31.0
-19.0
-10.0
-34.0
-32.0
-25.0
-7.0
-24.0
-17.0
-4.0
-3.0
2.0
-8.0
-5.0
-23.0
-6.0
-15.0
-26.0
-30.0
14.0
22.0
25.0
-3.0
-25.0
-7.0
-11.0
-50.0
-29.0
-44.0
-68.0
-50.0
-19.0
-5.0
4.0
10.0
-11.0
-14.0
4.0
-2.0
-8.0
-14.0
0.0
1.0
-12.0
8.0
3.0
7.0
7.0
3.0
0.0
12.0
32.0
33.0
17.0
15.0
22.0
27.0
13.0
-20.0
-15.0
20.0
26.0
-24.0
-26.0
10.0
-7.0
-17.0
-5.0
11.0
21.0
43.0
61.0
48.0
51.0
68.0
41.0
10.0
71.0
126.0
138.0
178.0
173.0
165.0
194.0
198.0
145.0
135.0
155.0
146.0
138.0
121.0
105.0
125.0
154.0
130.0
109.0
121.0
120.0
107.0
92.0
87.0
101.0
81.0
64.0
64.0
50.0
39.0
95.0
83.0
61.0
53.0
74.0
94.0
61.0
67.0
70.0
63.0
51.0
54.0
45.0
45.0
41.0
21.0
35.0
76.0
41.0
51.0
40.0
44.0
55.0
46.0
37.0
41.0
33.0
53.0
37.0
16.0
19.0
45.0
40.0
23.0
33.0
33.0
14.0
39.0
37.0
35.0
57.0
54.0
65.0
56.0
67.0
70.0
58.0
55.0
40.0
58.0
93.0
65.0
61.0
25.0
64.0
64.0
61.0
74.0
73.0
82.0
58.0
38.0
36.0
54.0
72.0
92.0
98.0
116.0
153.0
169.0
200.0
228.0
284.0
343.0
393.0
446.0
469.0
489.0
515.0
535.0
557.0
560.0
539.0
503.0
492.0
493.0
465.0
433.0
376.0
322.0
283.0
228.0
162.0
108.0
72.0
18.0
-21.0
-34.0
-74.0
-137.0
-144.0
-145.0
-152.0
-154.0
-166.0
-195.0
-213.0
-217.0
-247.0
-246.0
-224.0
-235.0
-244.0
-268.0
-275.0
-267.0
-253.0
-269.0
-272.0
-269.0
-281.0
-269.0
-262.0
-274.0
-280.0
-260.0
-265.0
-288.0
-271.0
-258.0
-236.0
-266.0
-274.0
-275.0
-261.0
-235.0
-225.0
-234.0
-248.0
-215.0
-231.0
-251.0
-228.0
-231.0
-238.0
-268.0
-245.0
-239.0
-266.0
-236.0
-211.0
-206.0
-218.0
-217.0
-229.0
-234.0
-196.0
-195.0
-227.0
-217.0
-197.0
-182.0
-166.0
-177.0
-137.0
-116.0
-130.0
-148.0
-159.0
-174.0
-183.0
-191.0
-187.0
-192.0
-181.0
-174.0
-195.0
-199.0
-187.0
-196.0
-209.0
-197.0
-183.0
-188.0
-188.0
-185.0
-176.0
-162.0
-167.0
-156.0
-148.0
-146.0
-182.0
-201.0
-191.0
-196.0
-205.0
-186.0
-195.0
-193.0
-184.0
-194.0
-224.0
-201.0
-171.0
-195.0
-203.0
-181.0
-178.0
-191.0
-188.0
-183.0
-183.0
-199.0
-196.0
-190.0
-194.0
-186.0
-175.0
-189.0
-192.0
-205.0
-172.0
-185.0
-165.0
-147.0
-145.0
-150.0
-143.0
-147.0
-129.0
-153.0
-157.0
-129.0
-119.0
-132.0
-134.0
-131.0
-119.0
-146.0
-125.0
-123.0
-135.0
-128.0
-148.0
-167.0
-162.0
-153.0
-101.0
-88.0
-138.0
-138.0
-125.0
-133.0
-117.0
-103.0
-110.0
-114.0
-137.0
-109.0
-124.0
-156.0
-120.0
-91.0
-117.0
-113.0
-84.0
-50.0
-33.0
33.0
78.0
209.0
297.0
320.0
391.0
540.0
511.0
527.0
529.0
514.0
478.0
413.0
423.0
308.0
204.0
172.0
87.0
29.0
25.0
-31.0
-69.0
-99.0
-127.0
-194.0
-159.0
-162.0
-317.0
-256.0
-289.0
-281.0
-246.0
-339.0
-263.0
-282.0
-325.0
-309.0
-204.0
-329.0
-271.0
-295.0
-499.0
-434.0
-286.0
-80.0
-240.0
-382.0
-173.0
-148.0
-181.0
-256.0
-135.0
-27.0
-172.0
-185.0
-251.0
-192.0
-175.0
-244.0
-133.0
-257.0
-220.0
-96.0
-265.0
-221.0
-134.0
-248.0
-198.0
-175.0
-142.0
-162.0
-115.0
-46.0
-195.0
-83.0
-193.0
-153.0
-80.0
-86.0
-83.0
-168.0
-153.0
-96.0
-85.0
-131.0
-96.0
-154.0
-171.0
-91.0
-16.0
-124.0
-108.0
37.0
-142.0
-260.0
-92.0
-120.0
-118.0
-99.0
-22.0
-90.0
-56.0
-47.0
-74.0
-24.0
-78.0
-35.0
-41.0
105.0
-88.0
-81.0
126.0
43.0
199.0
238.0
189.0
341.0
378.0
376.0
303.0
266.0
392.0
377.0
101.0
196.0
-41.0
-31.0
-54.0
-166.0
-298.0
-150.0
-230.0
-351.0
-247.0
-253.0
-337.0
-374.0
-149.0
-147.0
-173.0
-228.0
-73.0
-137.0
-33.0
-74.0
49.0
-26.0
250.0
127.0
-91.0
6.0
-36.0
40.0
-7.0
153.0
219.0
176.0
130.0
6.0
-154.0
-305.0
-159.0
-215.0
-319.0
-95.0
-248.0
-146.0
-211.0
-174.0
-210.0
14.0
-185.0
14.0
-147.0
-99.0
-84.0
-176.0
-11.0
33.0
-147.0
-175.0
24.0
14.0
-191.0
134.0
44.0
-116.0
90.0
-96.0
-48.0
16.0
-91.0
-7.0
-18.0
236.0
-12.0
-168.0
-20.0
-41.0
-73.0
-2.0
-54.0
-140.0
-129.0
30.0
-268.0
-116.0
83.0
-314.0
-377.0
-195.0
-185.0
-11.0
7.0
-60.0
-102.0
148.0
30.0
-121.0
-77.0
-44.0
99.0
14.0
-115.0
67.0
-38.0
45.0
16.0
59.0
-165.0
-152.0
-119.0
-115.0
51.0
-35.0
48.0
-111.0
-72.0
-59.0
19.0
-48.0
-144.0
88.0
7.0
36.0
-95.0
-78.0
46.0
-91.0
-39.0
76.0
-168.0
-118.0
-105.0
-107.0
-37.0
72.0
-22.0
-142.0
169.0
36.0
-117.0
97.0
27.0
35.0
36.0
-87.0
15.0
-44.0
118.0
92.0
-51.0
-197.0
26.0
-263.0
-202.0
-215.0
-85.0
-200.0
-151.0
-78.0
-109.0
-226.0
-130.0
-158.0
-142.0
-50.0
10.0
-112.0
-223.0
52.0
-96.0
-192.0
22.0
-171.0
-94.0
43.0
-148.0
-178.0
-69.0
-54.0
32.0
-186.0
-50.0
-93.0
-21.0
-93.0
-169.0
-74.0
-22.0
-67.0
1.0
-124.0
-182.0
-71.0
-35.0
-72.0
-30.0
-114.0
-56.0
-63.0
-138.0
-78.0
-173.0
-120.0
-94.0
-70.0
-63.0
-62.0
-96.0
-2.0
-66.0
-76.0
-58.0
-137.0
-96.0
-88.0
-81.0
-74.0
-22.0
-70.0
-62.0
-12.0
50.0
-79.0
-9.0
-21.0
-123.0
-87.0
-108.0
-106.0
-86.0
-65.0
-68.0
-25.0
-2.0
-25.0
-42.0
-76.0
-58.0
30.0
-43.0
-30.0
-48.0
45.0
-33.0
-82.0
-88.0
-121.0
-87.0
-95.0
-110.0
-100.0
-111.0
-72.0
-72.0
-102.0
-114.0
-67.0
-78.0
-109.0
-81.0
-67.0
-81.0
-80.0
-58.0
-45.0
-31.0
-43.0
-44.0
-114.0
-93.0
-61.0
-45.0
-95.0
-79.0
-66.0
-123.0
-122.0
-102.0
-84.0
-82.0
-84.0
-68.0
-73.0
-65.0
-35.0
-24.0
-129.0
-82.0
-69.0
-62.0
-64.0
-68.0
-86.0
-82.0
-69.0
-78.0
-86.0
-81.0
-53.0
-88.0
-105.0
-73.0
-51.0
-74.0
-38.0
-81.0
-48.0
-51.0
-61.0
-6.0
-37.0
-46.0
-53.0
-42.0
-55.0
-46.0
-64.0
-34.0
-59.0
-63.0
-17.0
-14.0
-89.0
-26.0
-16.0
-19.0
-4.0
5.0
-19.0
-23.0
-5.0
-28.0
-15.0
-16.0
-25.0
-45.0
-53.0
-33.0
-45.0
-53.0
-49.0
-39.0
-38.0
-15.0
-14.0
-20.0
-38.0
-51.0
-46.0
-39.0
-33.0
-40.0
-31.0
-27.0
-9.0
-54.0
-84.0
-88.0
-65.0
-56.0
-60.0
-46.0
-53.0
-86.0
-88.0
-87.0
-99.0
-82.0
-70.0
-65.0
-65.0
-62.0
-51.0
-27.0
-34.0
-59.0
-71.0
-50.0
-18.0
-31.0
-29.0
-11.0
-14.0
-31.0
-37.0
-29.0
-10.0
-15.0
-27.0
-32.0
-14.0
-18.0
-20.0
-27.0
-48.0
-39.0
-26.0
-25.0
-55.0
-85.0
-49.0
-40.0
-18.0
-22.0
-61.0
-74.0
-77.0
-81.0
-76.0
-90.0
-87.0
-79.0
-65.0
-58.0
-92.0
-85.0
-69.0
-52.0
-61.0
-77.0
-90.0
-70.0
-56.0
-58.0
-68.0
-93.0
-82.0
-55.0
-69.0
-63.0
-58.0
-63.0
-36.0
-30.0
-56.0
-44.0
-32.0
-18.0
-21.0
-18.0
-20.0
-25.0
-27.0
-17.0
-21.0
-40.0
-37.0
-25.0
-29.0
-62.0
-48.0
-36.0
-5.0
-49.0
-71.0
-68.0
-50.0
-31.0
-39.0
-52.0
-46.0
-80.0
-69.0
-76.0
-44.0
-20.0
-31.0
-58.0
-40.0
-17.0
-31.0
-45.0
-44.0
-52.0
-29.0
-23.0
-18.0
-11.0
-26.0
-26.0
-4.0
-15.0
-1.0
-14.0
-27.0
-21.0
10.0
15.0
-15.0
-10.0
-2.0
-11.0
20.0
8.0
18.0
39.0
55.0
41.0
5.0
2.0
24.0
39.0
35.0
40.0
45.0
12.0
2.0
15.0
27.0
14.0
22.0
38.0
32.0
21.0
43.0
48.0
25.0
33.0
42.0
23.0
1.0
21.0
32.0
50.0
62.0
76.0
86.0
65.0
50.0
58.0
55.0
20.0
26.0
55.0
41.0
32.0
41.0
40.0
27.0
46.0
77.0
59.0
56.0
47.0
70.0
85.0
105.0
155.0
221.0
241.0
282.0
359.0
404.0
472.0
522.0
550.0
558.0
561.0
543.0
513.0
411.0
366.0
304.0
230.0
180.0
128.0
72.0
32.0
-9.0
-31.0
-49.0
-84.0
-97.0
-116.0
-115.0
-107.0
-116.0
-124.0
-109.0
-146.0
-148.0
-170.0
-194.0
-203.0
-210.0
-167.0
-170.0
-184.0
-200.0
-195.0
-221.0
-208.0
-211.0
-210.0
-214.0
-229.0
-214.0
-219.0
-223.0
-216.0
-201.0
-193.0
-194.0
-191.0
-211.0
-211.0
-190.0
-164.0
-146.0
-158.0
-160.0
-168.0
-178.0
-178.0
-176.0
-175.0
-169.0
-175.0
-169.0
-188.0
-195.0
-194.0
-203.0
-177.0
-175.0
-179.0
-161.0
-178.0
-160.0
-153.0
-160.0
-147.0
-158.0
-180.0
-198.0
-170.0
-180.0
-174.0
-165.0
-181.0
-156.0
-184.0
-209.0
-194.0
-192.0
-188.0
-171.0
-185.0
-227.0
-222.0
-217.0
-216.0
-223.0
-223.0
-204.0
-203.0
-212.0
-237.0
-238.0
-228.0
-223.0
-226.0
-215.0
-231.0
-250.0
-259.0
-254.0
-218.0
-202.0
-216.0
-226.0
-220.0
-219.0
-186.0
-180.0
-176.0
-177.0
-164.0
-165.0
-163.0
-140.0
-143.0
-147.0
-143.0
-141.0
-139.0
-129.0
-140.0
-126.0
-134.0
-157.0
-164.0
-159.0
-162.0
-165.0
-167.0
-181.0
-207.0
-176.0
-181.0
-175.0
-158.0
-136.0
-137.0
-150.0
-158.0
-159.0
-129.0
-116.0
-137.0
-143.0
-116.0
-131.0
-145.0
-123.0
-131.0
-129.0
-134.0
-164.0
-176.0
-156.0
-147.0
-167.0
-159.0
-168.0
-164.0
-154.0
-142.0
-161.0
-164.0
-162.0
-158.0
-167.0
-181.0
-192.0
-187.0
-171.0
-194.0
-206.0
-201.0
-174.0
-157.0
-161.0
-169.0
-177.0
-199.0
-192.0
-168.0
-156.0
-144.0
-153.0
-168.0
-157.0
-140.0
-137.0
-138.0
-132.0
-123.0
-148.0
-143.0
-120.0
-143.0
-144.0
-144.0
-133.0
-140.0
-162.0
-126.0
-125.0
-140.0
-130.0
-112.0
-93.0
-101.0
-110.0
-117.0
-104.0
-91.0
-121.0
-129.0
-120.0
-111.0
-90.0
-49.0
-58.0
-77.0
-75.0
-121.0
-99.0
-82.0
-104.0
-130.0
-117.0
-131.0
-140.0
-141.0
-134.0
-91.0
-96.0
-93.0
-72.0
-85.0
-109.0
-59.0
-69.0
-76.0
-52.0
-52.0
-66.0
-64.0
-78.0
-69.0
-91.0
-93.0
-67.0
-62.0
-72.0
-79.0
-64.0
-45.0
-51.0
-44.0
-50.0
-76.0
-84.0
-74.0
-66.0
-64.0
-61.0
-59.0
-76.0
-91.0
-86.0
-83.0
-82.0
-83.0
-88.0
-55.0
-59.0
-57.0
-77.0
-82.0
-64.0
-70.0
-82.0
-129.0
-124.0
-116.0
-110.0
-111.0
-112.0
-89.0
-63.0
-43.0
-63.0
-63.0
-53.0
-27.0
-15.0
-46.0
-69.0
-56.0
-58.0
-73.0
-70.0
-49.0
-33.0
-56.0
-95.0
-51.0
-29.0
-59.0
-78.0
-76.0
-75.0
-92.0
-96.0
-87.0
-65.0
-63.0
-31.0
-12.0
-24.0
-41.0
-39.0
-12.0
-7.0
-16.0
-23.0
-49.0
-46.0
-52.0
-94.0
-46.0
-71.0
-62.0
-36.0
-46.0
-60.0
-73.0
-57.0
-35.0
-34.0
-46.0
-50.0
-51.0
-42.0
-61.0
-39.0
-29.0
-7.0
3.0
-16.0
-6.0
-14.0
-16.0
-18.0
-7.0
11.0
47.0
70.0
94.0
128.0
149.0
184.0
218.0
256.0
250.0
262.0
274.0
299.0
362.0
393.0
385.0
384.0
399.0
398.0
417.0
442.0
431.0
401.0
417.0
428.0
401.0
394.0
419.0
381.0
346.0
315.0
274.0
238.0
197.0
152.0
109.0
71.0
-1.0
-36.0
-23.0
-72.0
-128.0
-143.0
-125.0
-121.0
-119.0
-136.0
-162.0
-166.0
-187.0
-208.0
-232.0
-266.0
-281.0
-306.0
-295.0
-256.0
-245.0
-249.0
-252.0
-254.0
-271.0
-291.0
-282.0
-285.0
-290.0
-294.0
-283.0
-288.0
-286.0
-278.0
-301.0
-325.0
-307.0
-297.0
-301.0
-266.0
-268.0
-306.0
-284.0
-268.0
-265.0
-241.0
-263.0
-268.0
-254.0
-242.0
-259.0
-291.0
-286.0
-245.0
-233.0
-246.0
-251.0
-225.0
-223.0
-231.0
-229.0
-209.0
-221.0
-221.0
-209.0
-184.0
-168.0
-191.0
-202.0
-199.0
-188.0
-178.0
-194.0
-198.0
-183.0
-171.0
-176.0
-165.0
-182.0
-207.0
-179.0
-181.0
-205.0
-219.0
-188.0
-169.0
-169.0
-162.0
-174.0
-185.0
-170.0
-172.0
-169.0
-167.0
-166.0
-149.0
-163.0
-171.0
-142.0
-139.0
-154.0
-139.0
-136.0
-137.0
-166.0
-166.0
-157.0
-166.0
-172.0
-163.0
-159.0
-154.0
-137.0
-110.0
-107.0
-110.0
-117.0
-123.0
-117.0
-135.0
-128.0
-125.0
-119.0
-121.0
-149.0
-142.0
-121.0
-136.0
-143.0
-142.0
-125.0
-128.0
-132.0
-127.0
-131.0
-127.0
-102.0
-100.0
-106.0
-114.0
-134.0
-139.0
-150.0
-134.0
-124.0
-124.0
-130.0
-159.0
-155.0
-140.0
-125.0
-126.0
-134.0
-130.0
-127.0
-141.0
-134.0
-109.0
-133.0
-158.0
-172.0
-179.0
-151.0
-129.0
-121.0
-150.0
-166.0
-158.0
-162.0
-147.0
-135.0
-145.0
-159.0
-169.0
-183.0
-171.0
-154.0
-164.0
-168.0
-136.0
-134.0
-158.0
-164.0
-171.0
-171.0
-153.0
-136.0
-122.0
-110.0
-85.0
-89.0
-101.0
-90.0
-68.0
-74.0
-66.0
-60.0
-82.0
-111.0
-114.0
-104.0
-87.0
-77.0
-102.0
-97.0
-76.0
-83.0
-93.0
-87.0
-69.0
-100.0
-108.0
-99.0
-77.0
-59.0
-71.0
-73.0
-92.0
-88.0
-56.0
-89.0
-79.0
-73.0
-81.0
-93.0
-98.0
-86.0
-71.0
-51.0
-41.0
-33.0
-44.0
-32.0
-28.0
-44.0
-53.0
-52.0
-53.0
-55.0
-54.0
-25.0
-41.0
-53.0
-65.0
-83.0
-79.0
-59.0
-42.0
-30.0
-42.0
-54.0
-55.0
-49.0
-33.0
-22.0
-8.0
-24.0
-29.0
-6.0
2.0
9.0
13.0
2.0
15.0
11.0
6.0
4.0
-3.0
-10.0
1.0
-18.0
-33.0
-36.0
-24.0
-24.0
-34.0
-51.0
-23.0
-39.0
-39.0
-12.0
-31.0
-31.0
-14.0
-6.0
-22.0
-32.0
-33.0
-42.0
-49.0
-48.0
-43.0
-50.0
-47.0
-61.0
-67.0
-40.0
-23.0
-41.0
-73.0
-61.0
-45.0
-51.0
-38.0
-12.0
-14.0
-31.0
-15.0
-20.0
-31.0
-43.0
-36.0
-22.0
-19.0
-10.0
-5.0
-17.0
-33.0
-18.0
-10.0
-24.0
-20.0
-16.0
-23.0
-12.0
-10.0
-24.0
-31.0
-26.0
0.0
-4.0
-2.0
-9.0
-38.0
-23.0
-31.0
-38.0
-45.0
-23.0
-4.0
-8.0
-16.0
-11.0
23.0
26.0
-18.0
-34.0
-23.0
-11.0
-4.0
-14.0
3.0
3.0
10.0
-1.0
-26.0
-41.0
-36.0
-38.0
-26.0
-37.0
-32.0
-6.0
2.0
-3.0
-13.0
-17.0
-16.0
12.0
26.0
13.0
-1.0
11.0
7.0
36.0
31.0
27.0
36.0
30.0
42.0
37.0
22.0
17.0
16.0
9.0
1.0
2.0
10.0
5.0
4.0
-18.0
-55.0
-49.0
-39.0
-17.0
15.0
-11.0
-7.0
-4.0
-4.0
4.0
-5.0
-10.0
-3.0
-13.0
-9.0
2.0
-13.0
-14.0
2.0
4.0
-1.0
2.0
-3.0
0.0
-19.0
-19.0
-14.0
-42.0
-60.0
-58.0
-45.0
-48.0
-73.0
-72.0
-56.0
-28.0
-4.0
-7.0
2.0
4.0
-34.0
-30.0
-32.0
-33.0
-18.0
-27.0
-24.0
-29.0
-19.0
-17.0
-56.0
-60.0
-22.0
-22.0
-17.0
18.0
1.0
25.0
58.0
79.0
109.0
146.0
199.0
242.0
322.0
366.0
416.0
451.0
480.0
542.0
545.0
521.0
503.0
491.0
437.0
369.0
311.0
222.0
142.0
91.0
66.0
51.0
21.0
-15.0
-64.0
-69.0
-83.0
-88.0
-84.0
-122.0
-148.0
-148.0
-148.0
-130.0
-107.0
-114.0
-107.0
-162.0
-186.0
-168.0
-161.0
-147.0
-143.0
-159.0
-155.0
-134.0
-138.0
-157.0
-175.0
-188.0
-220.0
-233.0
-228.0
-217.0
-190.0
-187.0
-199.0
-190.0
-168.0
-148.0
-165.0
-161.0
-137.0
-142.0
-150.0
-174.0
-168.0
-154.0
-156.0
-167.0
-160.0
-179.0
-193.0
-192.0
-199.0
-194.0
-191.0
-176.0
-155.0
-188.0
-182.0
-184.0
-181.0
-144.0
-115.0
-92.0
-88.0
-124.0
-130.0
-152.0
-172.0
-135.0
-122.0
-138.0
-149.0
-145.0
-134.0
-116.0
-115.0
-115.0
-112.0
-126.0
-143.0
-134.0
-117.0
-123.0
-159.0
-149.0
-154.0
-178.0
-165.0
-153.0
-157.0
-138.0
-133.0
-138.0
-136.0
-138.0
-138.0
-158.0
-155.0
-168.0
-163.0
-170.0
-179.0
-169.0
-193.0
-173.0
-141.0
-118.0
-131.0
-129.0
-118.0
-113.0
-103.0
-111.0
-103.0
-73.0
-79.0
-86.0
-59.0
-53.0
-53.0
-45.0
-45.0
-64.0
-89.0
-99.0
-134.0
-135.0
-106.0
-119.0
-140.0
-160.0
-166.0
-158.0
-140.0
-148.0
-135.0
-131.0
-144.0
-148.0
-125.0
-124.0
-146.0
-160.0
-167.0
-168.0
-188.0
-194.0
-191.0
-180.0
-197.0
-156.0
-127.0
-133.0
-139.0
-155.0
-174.0
-175.0
-173.0
-164.0
-163.0
-139.0
-146.0
-157.0
-170.0
-154.0
-141.0
-136.0
-156.0
-174.0
-174.0
-171.0
-178.0
-191.0
-173.0
-166.0
-157.0
-146.0
-127.0
-115.0
-117.0
-116.0
-115.0
-120.0
-95.0
-102.0
-128.0
-115.0
-120.0
-138.0
-150.0
-127.0
-129.0
-82.0
-98.0
-117.0
-131.0
-117.0
-126.0
-155.0
-148.0
-152.0
-164.0
-142.0
-154.0
-168.0
-143.0
-139.0
-132.0
-135.0
-124.0
-100.0
-102.0
-108.0
-102.0
-89.0
-106.0
-108.0
-110.0
-138.0
-139.0
-142.0
-126.0
-100.0
-89.0
-115.0
-125.0
-129.0
-121.0
-106.0
-84.0
-100.0
-127.0
-88.0
-83.0
-67.0
-50.0
-46.0
-65.0
-87.0
-90.0
-76.0
-76.0
-63.0
-37.0
-36.0
-42.0
-43.0
-52.0
-70.0
-77.0
-34.0
-52.0
-55.0
-34.0
-60.0
-76.0
-58.0
-57.0
-64.0
-52.0
-51.0
-64.0
-69.0
-44.0
-33.0
-36.0
-81.0
-58.0
-56.0
-78.0
-92.0
-83.0
-72.0
-74.0
-61.0
-81.0
-77.0
-73.0
-89.0
-68.0
-40.0
-32.0
-18.0
-15.0
-39.0
-41.0
-27.0
-40.0
-37.0
-7.0
8.0
-8.0
-14.0
3.0
-12.0
-14.0
-8.0
-15.0
-22.0
-13.0
-12.0
-10.0
7.0
7.0
-7.0
-16.0
-26.0
-12.0
-18.0
-22.0
-29.0
-22.0
-19.0
5.0
-10.0
-32.0
-21.0
1.0
3.0
-46.0
-28.0
-9.0
-40.0
-41.0
-30.0
2.0
-12.0
-19.0
-18.0
-16.0
-15.0
-13.0
-24.0
-26.0
-22.0
-23.0
-27.0
-42.0
-48.0
-40.0
-40.0
-34.0
-37.0
-23.0
-59.0
-52.0
-50.0
-26.0
-15.0
-20.0
-30.0
-27.0
11.0
23.0
5.0
10.0
10.0
1.0
-3.0
-6.0
-14.0
-20.0
-3.0
-7.0
-14.0
-23.0
-11.0
6.0
8.0
24.0
28.0
24.0
13.0
17.0
29.0
41.0
33.0
36.0
47.0
54.0
36.0
33.0
42.0
18.0
17.0
15.0
22.0
45.0
74.0
46.0
31.0
36.0
48.0
42.0
40.0
41.0
50.0
56.0
48.0
5.0
31.0
45.0
14.0
1.0
-14.0
-13.0
-20.0
-32.0
-17.0
-14.0
-4.0
0.0
10.0
31.0
35.0
16.0
21.0
25.0
29.0
29.0
15.0
16.0
-3.0
4.0
16.0
14.0
24.0
23.0
33.0
14.0
23.0
22.0
34.0
25.0
54.0
74.0
43.0
56.0
64.0
59.0
59.0
48.0
54.0
69.0
63.0
57.0
62.0
61.0
63.0
78.0
88.0
48.0
51.0
81.0
80.0
57.0
50.0
72.0
79.0
92.0
94.0
69.0
51.0
51.0
47.0
48.0
59.0
76.0
87.0
88.0
51.0
13.0
49.0
63.0
64.0
55.0
69.0
54.0
62.0
82.0
55.0
53.0
57.0
58.0
39.0
24.0
23.0
25.0
11.0
-2.0
9.0
23.0
-13.0
-6.0
3.0
-3.0
1.0
15.0
20.0
-1.0
-13.0
22.0
29.0
25.0
51.0
64.0
55.0
44.0
45.0
52.0
47.0
48.0
41.0
18.0
9.0
4.0
-2.0
33.0
58.0
54.0
49.0
39.0
30.0
44.0
47.0
64.0
59.0
40.0
50.0
44.0
29.0
22.0
39.0
30.0
14.0
26.0
49.0
51.0
41.0
31.0
37.0
34.0
24.0
20.0
13.0
6.0
2.0
18.0
14.0
11.0
42.0
36.0
12.0
30.0
45.0
26.0
32.0
40.0
56.0
28.0
37.0
47.0
20.0
14.0
11.0
15.0
33.0
22.0
8.0
25.0
36.0
46.0
35.0
21.0
21.0
30.0
21.0
5.0
-2.0
2.0
1.0
-4.0
6.0
-11.0
-5.0
19.0
23.0
11.0
31.0
36.0
33.0
27.0
15.0
29.0
59.0
48.0
44.0
54.0
58.0
58.0
61.0
71.0
60.0
66.0
83.0
73.0
53.0
76.0
75.0
95.0
74.0
29.0
11.0
23.0
37.0
8.0
11.0
34.0
15.0
15.0
-11.0
25.0
20.0
9.0
32.0
26.0
44.0
54.0
65.0
51.0
41.0
45.0
30.0
37.0
35.0
25.0
17.0
-2.0
-10.0
4.0
-21.0
-27.0
-3.0
6.0
14.0
42.0
34.0
51.0
38.0
23.0
22.0
42.0
56.0
51.0
73.0
62.0
63.0
81.0
42.0
9.0
15.0
37.0
35.0
29.0
20.0
11.0
-3.0
-23.0
3.0
-6.0
5.0
22.0
26.0
14.0
10.0
18.0
24.0
35.0
28.0
40.0
36.0
29.0
28.0
22.0
18.0
18.0
49.0
67.0
47.0
35.0
38.0
34.0
39.0
50.0
44.0
31.0
17.0
8.0
2.0
17.0
12.0
31.0
42.0
16.0
16.0
70.0
86.0
62.0
56.0
84.0
74.0
62.0
57.0
49.0
53.0
33.0
13.0
23.0
33.0
14.0
23.0
40.0
39.0
54.0
45.0
72.0
75.0
79.0
84.0
86.0
91.0
89.0
67.0
63.0
48.0
90.0
81.0
76.0
82.0
82.0
74.0
82.0
61.0
24.0
22.0
39.0
54.0
56.0
58.0
63.0
51.0
40.0
35.0
27.0
64.0
61.0
44.0
47.0
23.0
15.0
39.0
49.0
49.0
33.0
33.0
24.0
44.0
82.0
62.0
49.0
32.0
37.0
48.0
58.0
52.0
71.0
85.0
73.0
18.0
47.0
58.0
27.0
16.0
8.0
2.0
-19.0
0.0
-8.0
-13.0
-3.0
16.0
22.0
40.0
27.0
22.0
14.0
29.0
37.0
60.0
59.0
56.0
75.0
116.0
122.0
142.0
197.0
257.0
294.0
346.0
363.0
387.0
395.0
399.0
393.0
447.0
439.0
453.0
464.0
467.0
527.0
541.0
508.0
496.0
484.0
466.0
478.0
450.0
426.0
381.0
354.0
356.0
371.0
372.0
389.0
422.0
462.0
424.0
406.0
390.0
340.0
256.0
193.0
142.0
109.0
81.0
29.0
22.0
3.0
-25.0
-34.0
-49.0
-96.0
-119.0
-114.0
-133.0
-160.0
-223.0
-266.0
-261.0
-289.0
-300.0
-267.0
-251.0
-270.0
-291.0
-265.0
-256.0
-254.0
-268.0
-269.0
-263.0
-269.0
-282.0
-313.0
-293.0
-278.0
-303.0
-297.0
-305.0
-290.0
-287.0
-290.0
-319.0
-308.0
-279.0
-279.0
-290.0
-282.0
-300.0
-298.0
-304.0
-297.0
-272.0
-256.0
-274.0
-250.0
-268.0
-296.0
-269.0
-239.0
-244.0
-228.0
-221.0
-249.0
-247.0
-238.0
-257.0
-240.0
-225.0
-220.0
-244.0
-296.0
-272.0
-239.0
-246.0
-250.0
-223.0
-214.0
-233.0
-229.0
-229.0
-227.0
-201.0
-201.0
-221.0
-237.0
-220.0
-219.0
-220.0
-217.0
-188.0
-204.0
-228.0
-220.0
-208.0
-194.0
-192.0
-182.0
-179.0
-206.0
-205.0
-168.0
-166.0
-158.0
-168.0
-178.0
-185.0
-196.0
-177.0
-159.0
-168.0
-147.0
-132.0
-142.0
-169.0
-158.0
-159.0
-175.0
-176.0
-176.0
-157.0
-158.0
-158.0
-175.0
-186.0
-172.0
-150.0
-142.0
-154.0
-171.0
-159.0
-150.0
-152.0
-181.0
-192.0
-169.0
-167.0
-137.0
-127.0
-126.0
-131.0
-147.0
-126.0
-132.0
-146.0
-154.0
-170.0
-174.0
-152.0
-192.0
-194.0
-164.0
-168.0
-173.0
-169.0
-158.0
-152.0
-163.0
-162.0
-145.0
-167.0
-186.0
-159.0
-141.0
-155.0
-164.0
-136.0
-136.0
-145.0
-143.0
-119.0
-126.0
-142.0
-155.0
-140.0
-150.0
-136.0
-130.0
-135.0
-116.0
-107.0
-85.0
-82.0
-92.0
-95.0
-99.0
-82.0
-88.0
-93.0
-81.0
-90.0
-103.0
-112.0
-115.0
-112.0
-122.0
-120.0
-105.0
-115.0
-128.0
-108.0
-85.0
-71.0
-37.0
-23.0
-11.0
24.0
64.0
120.0
173.0
218.0
269.0
354.0
421.0
476.0
521.0
536.0
535.0
523.0
478.0
404.0
340.0
288.0
238.0
186.0
120.0
72.0
37.0
4.0
-26.0
-258.0
-476.0
-431.0
-429.0
-426.0
-436.0
-432.0
-384.0
-385.0
-371.0
-385.0
-406.0
-410.0
-404.0
-413.0
-436.0
-441.0
-418.0
-408.0
-404.0
-413.0
-399.0
-385.0
-399.0
-409.0
-410.0
-401.0
-378.0
-369.0
-361.0
-346.0
-347.0
-354.0
-335.0
-374.0
-360.0
-340.0
-339.0
-336.0
-337.0
-337.0
-292.0
-294.0
-316.0
-367.0
-348.0
-325.0
-327.0
-315.0
-319.0
-305.0
-273.0
-287.0
-288.0
-288.0
-274.0
-277.0
-271.0
-268.0
-283.0
-271.0
-242.0
-253.0
-265.0
-241.0
-209.0
-208.0
-213.0
-228.0
-225.0
-227.0
-227.0
-232.0
-216.0
-192.0
-196.0
-199.0
-173.0
-149.0
-149.0
-166.0
-200.0
-199.0
-195.0
-181.0
-180.0
-181.0
-165.0
-204.0
-217.0
-202.0
-220.0
-228.0
-237.0
-208.0
-205.0
-201.0
-206.0
-178.0
-162.0
-166.0
-173.0
-188.0
-200.0
-203.0
-196.0
-192.0
-188.0
-207.0
-199.0
-206.0
-189.0
-199.0
-191.0
-167.0
-146.0
-130.0
-135.0
-141.0
-162.0
-196.0
-181.0
-188.0
-199.0
-177.0
-159.0
-167.0
-154.0
-146.0
-145.0
-162.0
-195.0
-170.0
-171.0
-166.0
-162.0
-162.0
-154.0
-168.0
-177.0
-188.0
-169.0
-167.0
-150.0
-126.0
-126.0
-121.0
-126.0
-133.0
-132.0
-125.0
-132.0
-128.0
-138.0
-133.0
-125.0
-139.0
-153.0
-166.0
-145.0
-122.0
-129.0
-106.0
-81.0
-71.0
-57.0
-42.0
-50.0
-86.0
-74.0
-75.0
-97.0
-87.0
-97.0
-90.0
-83.0
-100.0
-97.0
-117.0
-103.0
-112.0
-102.0
-44.0
-30.0
-24.0
-20.0
-43.0
-49.0
-53.0
-44.0
-37.0
-35.0
-51.0
-77.0
-90.0
-79.0
-75.0
-86.0
-78.0
-97.0
-114.0
-119.0
-98.0
-76.0
-67.0
-64.0
-55.0
-83.0
-89.0
-52.0
-16.0
-19.0
-31.0
-21.0
-10.0
-27.0
-27.0
-50.0
-52.0
-38.0
-46.0
-36.0
-12.0
-40.0
-42.0
-19.0
5.0
-3.0
22.0
16.0
-3.0
5.0
-16.0
-30.0
-37.0
-28.0
-27.0
-14.0
0.0
-8.0
-6.0
-27.0
-23.0
-17.0
-25.0
-21.0
-27.0
-14.0
-7.0
-7.0
1.0
-11.0
4.0
8.0
10.0
30.0
36.0
37.0
33.0
42.0
30.0
41.0
34.0
18.0
15.0
1.0
20.0
2.0
-16.0
17.0
16.0
-1.0
8.0
4.0
-2.0
0.0
1.0
-17.0
3.0
13.0
-1.0
-6.0
19.0
35.0
31.0
18.0
12.0
17.0
16.0
-2.0
2.0
3.0
-3.0
-2.0
-15.0
-19.0
-3.0
11.0
12.0
-3.0
-16.0
-2.0
27.0
24.0
30.0
23.0
12.0
6.0
6.0
-7.0
-22.0
-8.0
16.0
14.0
-2.0
3.0
18.0
24.0
-8.0
-20.0
2.0
32.0
-3.0
46.0
62.0
-13.0
-2.0
51.0
49.0
87.0
106.0
100.0
123.0
176.0
216.0
261.0
290.0
352.0
399.0
413.0
445.0
520.0
539.0
509.0
482.0
461.0
425.0
370.0
296.0
226.0
193.0
168.0
145.0
119.0
116.0
90.0
34.0
44.0
9.0
-50.0
-54.0
-69.0
-72.0
-57.0
-63.0
-74.0
-80.0
-67.0
-94.0
-143.0
-143.0
-119.0
-125.0
-139.0
-135.0
-126.0
-135.0
-127.0
-112.0
-147.0
-155.0
-133.0
-138.0
-146.0
-163.0
-174.0
-177.0
-182.0
-190.0
-177.0
-103.0
-72.0
-57.0
-39.0
-30.0
-43.0
-33.0
-58.0
-39.0
-25.0
-29.0
-20.0
-26.0
-20.0
-17.0
-54.0
-79.0
-81.0
-88.0
-76.0
-94.0
-82.0
-54.0
-34.0
-41.0
-40.0
-41.0
-33.0
-57.0
-61.0
-57.0
-99.0
-111.0
-124.0
-168.0
-138.0
-92.0
-100.0
-104.0
-109.0
-109.0
-84.0
-97.0
-119.0
-112.0
-128.0
-152.0
-146.0
-156.0
-131.0
-129.0
-135.0
-153.0
-172.0
-147.0
-119.0
-127.0
-125.0
-118.0
-113.0
-106.0
-97.0
-95.0
-81.0
-105.0
-98.0
-68.0
-53.0
-62.0
-77.0
-93.0
-94.0
-112.0
-99.0
-70.0
-72.0
-92.0
-117.0
-112.0
-78.0
-103.0
-102.0
-102.0
-99.0
-83.0
-76.0
-73.0
-37.0
-21.0
-27.0
-27.0
-4.0
-5.0
-21.0
-20.0
-24.0
-17.0
-12.0
-33.0
-41.0
-52.0
-60.0
-68.0
-51.0
-35.0
-6.0
-14.0
-25.0
-31.0
-10.0
-10.0
-25.0
-48.0
-25.0
-45.0
-59.0
-71.0
-102.0
-109.0
-71.0
-77.0
-70.0
-46.0
-49.0
-43.0
-61.0
-91.0
-114.0
-150.0
-180.0
-188.0
-194.0
-180.0
-158.0
-142.0
-144.0
-145.0
-143.0
-127.0
-142.0
-178.0
-213.0
-206.0
-223.0
-220.0
-210.0
-200.0
-203.0
-184.0
-183.0
-191.0
-173.0
-141.0
-131.0
-133.0
-162.0
-170.0
-166.0
-155.0
-140.0
-134.0
-145.0
-122.0
-121.0
-124.0
-128.0
-128.0
-108.0
-102.0
-98.0
-115.0
-114.0
-112.0
-118.0
-107.0
-104.0
-99.0
-74.0
-76.0
-61.0
-62.0
-72.0
-76.0
-87.0
-88.0
-105.0
-115.0
-114.0
-130.0
-118.0
-91.0
-85.0
-87.0
-82.0
-87.0
-109.0
-101.0
-115.0
-137.0
-141.0
-152.0
-143.0
-138.0
-138.0
-119.0
-134.0
-135.0
-114.0
-104.0
-114.0
-141.0
-148.0
-149.0
-144.0
-135.0
-133.0
-156.0
-148.0
-138.0
-121.0
-107.0
-90.0
-86.0
-97.0
-97.0
-89.0
-83.0
-99.0
-116.0
-117.0
-105.0
-108.0
-113.0
-129.0
-109.0
-90.0
-81.0
-89.0
-99.0
-81.0
-57.0
-48.0
-74.0
-76.0
-65.0
-64.0
-78.0
-79.0
-70.0
-38.0
-15.0
-6.0
-39.0
-70.0
-68.0
-72.0
-61.0
-59.0
-73.0
-73.0
-62.0
-40.0
-56.0
-95.0
-116.0
-111.0
-131.0
-136.0
-118.0
-97.0
-84.0
-89.0
-83.0
-100.0
-98.0
-79.0
-90.0
-60.0
-53.0
-67.0
-69.0
-72.0
-89.0
-91.0
-87.0
-105.0
-139.0
-97.0
-61.0
-67.0
-89.0
-62.0
-67.0
-77.0
-60.0
-45.0
-48.0
-56.0
-70.0
-62.0
-53.0
-44.0
-23.0
-36.0
-53.0
-56.0
-64.0
-50.0
-50.0
-83.0
-78.0
-48.0
-66.0
-84.0
-40.0
-45.0
-39.0
-31.0
-53.0
-25.0
-3.0
-12.0
-11.0
-24.0
-33.0
-49.0
-29.0
-13.0
-46.0
-48.0
-64.0
-67.0
-62.0
-51.0
-61.0
-61.0
-59.0
-59.0
-72.0
-54.0
-89.0
-102.0
-78.0
-71.0
-58.0
-51.0
-40.0
-59.0
-61.0
-50.0
-52.0
-47.0
5.0
1.0
-23.0
-21.0
-31.0
-13.0
7.0
-5.0
-10.0
-26.0
-40.0
-48.0
-14.0
-2.0
-7.0
6.0
24.0
46.0
51.0
90.0
126.0
196.0
223.0
261.0
311.0
369.0
416.0
452.0
451.0
469.0
498.0
466.0
504.0
520.0
503.0
506.0
484.0
480.0
484.0
470.0
451.0
448.0
474.0
492.0
487.0
472.0
461.0
427.0
471.0
510.0
518.0
542.0
533.0
492.0
472.0
501.0
491.0
461.0
433.0
396.0
359.0
407.0
423.0
419.0
378.0
356.0
347.0
291.0
236.0
