4 0.576319
5 0.635035
7 0.723396
9 0.782001
11 0.821328
13 0.848715
16 0.876350
20 0.898865
23 0.909507
28 0.920535
33 0.926811
38 0.930467
45 0.933041
52 0.933824
60 0.933365
69 0.931791
79 0.929303
91 0.925889
104 0.922113
119 0.917878
135 0.913563
154 0.908662
174 0.903573
198 0.897204
223 0.889920
252 0.880285
285 0.867701
321 0.852259
362 0.833143
407 0.811200
457 0.786469
513 0.758085
575 0.725293
645 0.688642
723 0.651085
809 0.613391
905 0.574891
1011 0.537028
1130 0.503117
1261 0.472207
1407 0.446240
1570 0.428351
1750 0.419055
