4 0.488406
5 0.514060
7 0.560720
9 0.597938
11 0.625430
13 0.645298
16 0.666256
20 0.685988
23 0.697785
28 0.714214
33 0.728074
38 0.739980
45 0.753123
52 0.762539
60 0.769838
69 0.774765
79 0.777449
91 0.778410
104 0.777922
119 0.776119
135 0.773230
154 0.768880
174 0.763774
198 0.757934
223 0.752763
252 0.747999
285 0.743642
321 0.739337
362 0.734294
407 0.728127
457 0.720221
513 0.711150
575 0.702512
645 0.695331
723 0.691023
809 0.689161
905 0.687773
1011 0.685456
1130 0.682353
1261 0.678324
1407 0.674170
1570 0.672226
1750 0.672531
