4 0.626542
5 0.645542
7 0.674192
9 0.693408
11 0.705319
13 0.712683
16 0.720987
20 0.730809
23 0.736522
28 0.743174
33 0.747733
38 0.751115
45 0.754003
52 0.754560
60 0.752720
69 0.748627
79 0.742747
91 0.734912
104 0.726078
119 0.715946
135 0.706081
154 0.696023
174 0.687001
198 0.677580
223 0.668801
252 0.659485
285 0.650794
321 0.643946
362 0.638104
407 0.632653
457 0.628356
513 0.624884
575 0.620814
645 0.614324
723 0.606837
809 0.601525
905 0.598150
1011 0.594363
1130 0.590940
1261 0.587535
1407 0.586702
1570 0.589473
