4 0.700820
5 0.716535
7 0.738401
9 0.752982
11 0.762251
13 0.768185
16 0.775123
20 0.783470
23 0.788356
28 0.793477
33 0.796462
38 0.798782
45 0.800914
52 0.801325
60 0.799983
69 0.797073
79 0.793114
91 0.788154
104 0.782841
119 0.777040
135 0.771967
154 0.767925
174 0.765374
198 0.762965
223 0.760126
252 0.756176
285 0.752294
321 0.750285
362 0.749287
407 0.747760
457 0.745451
513 0.741759
575 0.736008
645 0.727220
723 0.717329
809 0.709842
905 0.705286
1011 0.703462
1130 0.704066
1261 0.706341
1407 0.709135
1570 0.711044
