95.0
109.0
146.0
163.0
130.0
136.0
172.0
150.0
143.0
148.0
169.0
189.0
134.0
106.0
149.0
153.0
124.0
126.0
134.0
151.0
159.0
143.0
119.0
134.0
142.0
131.0
129.0
98.0
93.0
67.0
29.0
29.0
20.0
8.0
55.0
78.0
90.0
122.0
110.0
146.0
144.0
97.0
73.0
82.0
128.0
110.0
110.0
125.0
86.0
90.0
71.0
45.0
110.0
108.0
97.0
129.0
111.0
117.0
149.0
167.0
150.0
126.0
133.0
132.0
102.0
79.0
81.0
42.0
68.0
54.0
36.0
-2.0
-4.0
32.0
36.0
8.0
22.0
21.0
32.0
16.0
-32.0
26.0
25.0
17.0
50.0
52.0
31.0
84.0
90.0
83.0
76.0
68.0
112.0
147.0
172.0
171.0
135.0
130.0
114.0
109.0
99.0
70.0
67.0
50.0
-23.0
-2.0
24.0
52.0
43.0
32.0
33.0
19.0
16.0
39.0
20.0
-5.0
5.0
-11.0
31.0
45.0
17.0
11.0
6.0
-16.0
5.0
20.0
32.0
39.0
22.0
-12.0
-1.0
11.0
18.0
8.0
-39.0
-55.0
-52.0
-28.0
-4.0
-1.0
-5.0
3.0
-12.0
-45.0
-32.0
3.0
-23.0
1.0
-14.0
-50.0
-36.0
-23.0
-15.0
5.0
34.0
52.0
43.0
27.0
-7.0
20.0
3.0
-19.0
6.0
9.0
3.0
31.0
7.0
-24.0
-34.0
-23.0
3.0
-33.0
-53.0
-53.0
-60.0
-16.0
3.0
-20.0
-15.0
-32.0
-6.0
16.0
10.0
27.0
41.0
44.0
3.0
-25.0
0.0
-23.0
-18.0
8.0
-7.0
-30.0
-7.0
23.0
36.0
-4.0
-14.0
5.0
-15.0
-54.0
-43.0
-80.0
-64.0
-29.0
-82.0
-98.0
-86.0
-69.0
-28.0
-34.0
-50.0
-81.0
-105.0
-77.0
-92.0
-87.0
-41.0
-15.0
-26.0
-62.0
-33.0
-53.0
-82.0
-87.0
-49.0
-37.0
-90.0
-131.0
-124.0
-86.0
-88.0
-91.0
-94.0
-86.0
-89.0
-50.0
-61.0
-61.0
-68.0
-67.0
-16.0
-27.0
-21.0
-50.0
-62.0
-31.0
-51.0
-35.0
11.0
-25.0
-24.0
-26.0
-46.0
-36.0
-49.0
-56.0
-76.0
-113.0
-82.0
-67.0
-108.0
-106.0
-130.0
-144.0
-115.0
-120.0
-83.0
-73.0
-60.0
-72.0
-43.0
-40.0
-40.0
-59.0
-40.0
-54.0
-60.0
-46.0
-54.0
-68.0
-65.0
-108.0
-117.0
-126.0
-145.0
-143.0
-166.0
-150.0
-111.0
-108.0
-100.0
-105.0
-86.0
-34.0
-24.0
-67.0
-65.0
-63.0
-72.0
-54.0
-66.0
-60.0
-73.0
-89.0
-68.0
-19.0
-4.0
-44.0
-59.0
-33.0
-50.0
-22.0
-5.0
-50.0
18.0
-9.0
-31.0
-13.0
-14.0
-25.0
-31.0
-23.0
-24.0
-5.0
-58.0
-47.0
-30.0
-20.0
-18.0
-35.0
-6.0
-7.0
-34.0
-71.0
-126.0
-129.0
-90.0
-55.0
-39.0
-51.0
-39.0
-34.0
-63.0
-78.0
-68.0
-82.0
-91.0
-103.0
-107.0
-62.0
-64.0
-73.0
-86.0
-76.0
-48.0
-45.0
-40.0
-29.0
-74.0
-84.0
-60.0
-91.0
-86.0
-91.0
-98.0
-88.0
-113.0
-104.0
-101.0
-127.0
-135.0
-103.0
-77.0
-72.0
-53.0
-59.0
-50.0
-56.0
-58.0
-40.0
-22.0
-44.0
-46.0
-36.0
-43.0
-86.0
-83.0
-76.0
-93.0
-88.0
-95.0
-87.0
-130.0
-138.0
-127.0
-108.0
-81.0
-112.0
-121.0
-81.0
-83.0
-87.0
-78.0
-83.0
-70.0
-50.0
-75.0
-45.0
-52.0
-79.0
-85.0
-91.0
-96.0
-119.0
-96.0
-78.0
-88.0
-89.0
-69.0
-56.0
-43.0
-23.0
-44.0
-78.0
-100.0
-89.0
-82.0
-102.0
-109.0
-74.0
-69.0
-30.0
-17.0
-28.0
-20.0
-21.0
5.0
12.0
-39.0
-67.0
-73.0
-68.0
-54.0
-62.0
-85.0
-91.0
-91.0
-83.0
-77.0
-81.0
-77.0
-74.0
-78.0
-60.0
-57.0
-32.0
-74.0
-105.0
-84.0
-114.0
-140.0
-95.0
-85.0
-93.0
-110.0
-93.0
-51.0
-46.0
-38.0
-35.0
-80.0
-87.0
-78.0
-73.0
-78.0
-93.0
-75.0
-60.0
-91.0
-69.0
-87.0
-118.0
-136.0
-126.0
-108.0
-74.0
-106.0
-116.0
-128.0
-138.0
-131.0
-121.0
-79.0
-49.0
-50.0
-48.0
-46.0
-49.0
-49.0
-73.0
-91.0
-66.0
-73.0
-71.0
-81.0
-97.0
-84.0
-84.0
-94.0
-138.0
-119.0
-108.0
-126.0
-119.0
-137.0
-124.0
-129.0
-131.0
-97.0
-83.0
-47.0
-56.0
-74.0
-62.0
-27.0
-45.0
-94.0
-97.0
-91.0
-97.0
-104.0
-100.0
-100.0
-41.0
-51.0
-67.0
-41.0
-46.0
-86.0
-106.0
-95.0
-77.0
-112.0
-91.0
-59.0
-66.0
-59.0
-55.0
-60.0
-36.0
-65.0
-92.0
-72.0
-81.0
-114.0
-84.0
-65.0
-55.0
-78.0
-99.0
-115.0
-140.0
-92.0
-84.0
-66.0
-41.0
-98.0
-128.0
-110.0
-130.0
-124.0
-104.0
-115.0
-92.0
-129.0
-137.0
-88.0
-62.0
-83.0
-109.0
-103.0
-81.0
-106.0
-108.0
-100.0
-101.0
-93.0
-101.0
-78.0
-82.0
-127.0
-105.0
-103.0
-135.0
-122.0
-91.0
-158.0
-152.0
-129.0
-173.0
-163.0
-159.0
-152.0
-110.0
-82.0
-78.0
-97.0
-96.0
-86.0
-99.0
-83.0
-93.0
-111.0
-140.0
-182.0
-175.0
-144.0
-126.0
-86.0
-74.0
-88.0
-92.0
-111.0
-94.0
-58.0
-41.0
-56.0
-64.0
-100.0
-84.0
-92.0
-118.0
-116.0
-114.0
-109.0
-123.0
-114.0
-64.0
-47.0
-43.0
-43.0
-23.0
-10.0
-20.0
-60.0
-82.0
-98.0
-83.0
-86.0
-93.0
-107.0
-82.0
-52.0
-58.0
-84.0
-44.0
-26.0
-52.0
-69.0
-59.0
-55.0
-49.0
-51.0
-64.0
-70.0
-60.0
-72.0
-58.0
-63.0
-80.0
-93.0
-110.0
-101.0
-114.0
-87.0
-76.0
-72.0
-53.0
-55.0
-42.0
-35.0
-41.0
-8.0
-40.0
-67.0
-61.0
-92.0
-77.0
-102.0
-113.0
-63.0
-52.0
-67.0
-63.0
-78.0
-71.0
-43.0
-64.0
-65.0
-39.0
-21.0
-25.0
7.0
20.0
-26.0
-50.0
-27.0
-56.0
-63.0
-57.0
-63.0
-66.0
-91.0
-87.0
-71.0
-73.0
-92.0
-75.0
-73.0
-71.0
-72.0
-68.0
-52.0
-52.0
-24.0
15.0
5.0
49.0
57.0
-1.0
-25.0
-25.0
-61.0
-54.0
-56.0
-66.0
-88.0
-108.0
-85.0
-63.0
-72.0
-72.0
-52.0
-38.0
1.0
17.0
10.0
14.0
21.0
35.0
26.0
18.0
-12.0
-16.0
11.0
10.0
-40.0
-34.0
-42.0
-60.0
-53.0
-52.0
-42.0
-62.0
-54.0
-64.0
-51.0
-39.0
-5.0
4.0
-16.0
-21.0
-14.0
-7.0
-51.0
-41.0
-22.0
-26.0
-34.0
-43.0
-65.0
-54.0
-37.0
-44.0
-54.0
-61.0
-34.0
-30.0
-62.0
-79.0
-72.0
-45.0
-33.0
-66.0
-61.0
-36.0
-54.0
-58.0
-96.0
-115.0
-93.0
-98.0
-70.0
-67.0
-58.0
-49.0
-105.0
-101.0
-105.0
-98.0
-63.0
-56.0
-63.0
-44.0
-45.0
-20.0
-50.0
-88.0
-90.0
-83.0
-96.0
-97.0
-96.0
-78.0
-68.0
-51.0
-54.0
-76.0
-73.0
-61.0
-75.0
-63.0
-62.0
-36.0
-45.0
-64.0
-48.0
-27.0
-82.0
-76.0
-58.0
-79.0
-65.0
-73.0
-74.0
-73.0
-115.0
-109.0
-98.0
-100.0
-78.0
-77.0
-96.0
-103.0
-155.0
-166.0
-121.0
-114.0
-101.0
-87.0
-105.0
-114.0
-131.0
-133.0
-116.0
-127.0
-68.0
-60.0
-61.0
-79.0
-70.0
-37.0
-25.0
-37.0
-10.0
-11.0
-22.0
-27.0
-41.0
-31.0
-57.0
-46.0
-12.0
10.0
-33.0
-45.0
-91.0
-75.0
-18.0
-20.0
-4.0
12.0
9.0
39.0
29.0
-7.0
-33.0
-40.0
-1.0
-16.0
-8.0
27.0
32.0
47.0
24.0
-13.0
-30.0
-30.0
-27.0
-21.0
-27.0
-40.0
-48.0
-51.0
-38.0
-48.0
-50.0
-10.0
20.0
6.0
-35.0
-14.0
-8.0
-21.0
5.0
7.0
-21.0
-24.0
-33.0
-43.0
17.0
8.0
-3.0
3.0
-22.0
-6.0
-8.0
-23.0
-11.0
-17.0
0.0
6.0
-24.0
-35.0
8.0
2.0
27.0
24.0
13.0
55.0
8.0
-17.0
-8.0
-22.0
-36.0
-52.0
-65.0
-60.0
-103.0
-88.0
-51.0
-54.0
-73.0
-79.0
-61.0
-44.0
-45.0
-32.0
-27.0
-71.0
-58.0
-61.0
-62.0
-30.0
-8.0
-40.0
-47.0
-40.0
-27.0
-60.0
-62.0
-63.0
-62.0
-24.0
-31.0
-34.0
-16.0
-65.0
-100.0
-97.0
-76.0
-78.0
-73.0
-70.0
-50.0
-52.0
-58.0
-59.0
-37.0
-17.0
-22.0
-31.0
-26.0
-29.0
-30.0
-23.0
-62.0
-65.0
-68.0
-103.0
-127.0
-130.0
-115.0
-113.0
-105.0
-99.0
-116.0
-108.0
-92.0
-71.0
-83.0
-63.0
-59.0
-50.0
-22.0
-48.0
-65.0
-85.0
-88.0
-88.0
-78.0
-20.0
-10.0
-16.0
11.0
-23.0
-49.0
-32.0
-41.0
-36.0
-51.0
-82.0
-61.0
-74.0
-90.0
-91.0
-96.0
-93.0
-100.0
-103.0
-39.0
-61.0
-73.0
-76.0
-90.0
-87.0
-71.0
-89.0
-73.0
-58.0
-49.0
-77.0
-83.0
-72.0
-93.0
-117.0
-108.0
-121.0
-128.0
-92.0
-64.0
-50.0
-80.0
-60.0
-47.0
-63.0
-61.0
-39.0
-40.0
-45.0
-41.0
-56.0
-49.0
-53.0
-70.0
-69.0
-100.0
-115.0
-96.0
-88.0
-78.0
-54.0
-45.0
-49.0
-70.0
-45.0
-60.0
-45.0
-69.0
-86.0
-73.0
-70.0
-97.0
-90.0
-86.0
-110.0
-90.0
-97.0
-92.0
-83.0
-111.0
-94.0
-80.0
-96.0
-85.0
-59.0
-36.0
-16.0
-52.0
-67.0
-51.0
-58.0
-53.0
-57.0
-54.0
-52.0
-60.0
-36.0
-40.0
-50.0
-55.0
-58.0
-41.0
-48.0
-70.0
-45.0
-45.0
-63.0
-39.0
-21.0
-23.0
-8.0
-1.0
-7.0
-5.0
-42.0
-32.0
-29.0
-40.0
-35.0
-54.0
-31.0
-8.0
-42.0
-5.0
25.0
40.0
62.0
45.0
36.0
45.0
42.0
35.0
34.0
18.0
29.0
29.0
20.0
15.0
12.0
19.0
43.0
59.0
61.0
48.0
67.0
60.0
31.0
36.0
43.0
29.0
23.0
18.0
16.0
14.0
-6.0
34.0
31.0
38.0
77.0
42.0
53.0
82.0
48.0
52.0
-4.0
-39.0
-12.0
-9.0
-7.0
2.0
-1.0
-20.0
-42.0
-29.0
-46.0
-43.0
-53.0
-68.0
-61.0
-55.0
-68.0
-88.0
-68.0
-97.0
-80.0
-58.0
-43.0
-18.0
-18.0
25.0
20.0
-21.0
-29.0
-19.0
4.0
27.0
32.0
29.0
35.0
15.0
-1.0
9.0
-3.0
-46.0
-23.0
1.0
2.0
7.0
27.0
-1.0
38.0
78.0
41.0
16.0
-21.0
-32.0
-48.0
-69.0
-52.0
-51.0
-56.0
-36.0
-14.0
-32.0
-16.0
-31.0
-52.0
-53.0
-48.0
-33.0
-2.0
-31.0
-34.0
-49.0
-68.0
-69.0
-62.0
-61.0
-33.0
-31.0
-8.0
-17.0
-41.0
-28.0
-40.0
-59.0
-30.0
-4.0
-29.0
-49.0
-45.0
-42.0
-63.0
-76.0
-51.0
-65.0
-26.0
3.0
-21.0
-7.0
-37.0
-34.0
-33.0
-45.0
-32.0
-43.0
-54.0
-32.0
-30.0
-41.0
-20.0
-38.0
-12.0
13.0
2.0
6.0
-1.0
-16.0
-3.0
-1.0
-21.0
-9.0
-23.0
-23.0
-17.0
-33.0
-35.0
-33.0
3.0
-7.0
4.0
14.0
2.0
1.0
4.0
-23.0
-35.0
-37.0
-40.0
-22.0
-69.0
-72.0
-96.0
-106.0
-92.0
-83.0
-62.0
-22.0
-35.0
-58.0
-45.0
-48.0
-41.0
-11.0
-33.0
-43.0
-70.0
-64.0
-62.0
-79.0
-83.0
-69.0
-45.0
-31.0
-68.0
-69.0
-57.0
-61.0
-67.0
-83.0
-91.0
-85.0
-72.0
-67.0
-21.0
-35.0
-43.0
-17.0
-10.0
-21.0
-31.0
-22.0
-27.0
-57.0
-60.0
-91.0
-114.0
-102.0
-101.0
-108.0
-90.0
-92.0
-96.0
-89.0
-114.0
-94.0
-92.0
-73.0
-56.0
-73.0
-48.0
-48.0
-46.0
-56.0
-67.0
-50.0
-34.0
-78.0
-102.0
-86.0
-58.0
-68.0
-59.0
-83.0
-118.0
-118.0
-124.0
-136.0
-129.0
-134.0
-135.0
-104.0
-69.0
-69.0
-68.0
-44.0
-55.0
-43.0
-52.0
-60.0
-60.0
-63.0
-60.0
-36.0
-28.0
-32.0
-26.0
4.0
11.0
6.0
38.0
42.0
28.0
5.0
-11.0
-37.0
-10.0
0.0
-12.0
-41.0
-24.0
-28.0
-21.0
8.0
38.0
25.0
36.0
34.0
45.0
34.0
25.0
56.0
57.0
41.0
46.0
29.0
16.0
18.0
31.0
36.0
66.0
43.0
33.0
43.0
44.0
79.0
73.0
93.0
48.0
21.0
24.0
15.0
16.0
15.0
9.0
-14.0
-8.0
2.0
16.0
45.0
63.0
65.0
45.0
21.0
-5.0
-42.0
-51.0
-82.0
-86.0
-58.0
-41.0
-36.0
-33.0
-76.0
-57.0
-55.0
-67.0
-58.0
-65.0
-103.0
-83.0
-50.0
-41.0
-39.0
-53.0
-62.0
-60.0
-42.0
-52.0
-82.0
-69.0
-35.0
-76.0
-68.0
-58.0
-41.0
-34.0
-65.0
-22.0
-50.0
-65.0
-71.0
-74.0
-36.0
-70.0
-93.0
-70.0
-70.0
-70.0
-51.0
-61.0
-83.0
-99.0
-130.0
-142.0
-144.0
-152.0
-149.0
-118.0
-94.0
-106.0
-115.0
-93.0
-73.0
-52.0
-26.0
-26.0
-30.0
-31.0
-35.0
-39.0
-68.0
-51.0
-32.0
-24.0
-22.0
-16.0
-11.0
-6.0
6.0
8.0
15.0
22.0
16.0
36.0
41.0
56.0
50.0
18.0
14.0
33.0
43.0
28.0
0.0
24.0
15.0
-4.0
8.0
31.0
29.0
-19.0
-15.0
-31.0
-37.0
-65.0
-73.0
-112.0
-88.0
-65.0
-73.0
-32.0
-33.0
-48.0
-60.0
-85.0
-59.0
-77.0
-89.0
-80.0
-67.0
-70.0
-58.0
-66.0
-53.0
-29.0
-23.0
-43.0
-61.0
-28.0
-26.0
-62.0
-55.0
-20.0
-32.0
1.0
17.0
-16.0
-37.0
-49.0
-39.0
-17.0
-35.0
-28.0
12.0
2.0
-8.0
-25.0
-35.0
-12.0
-24.0
-45.0
-26.0
-30.0
-22.0
-12.0
-12.0
43.0
52.0
51.0
35.0
10.0
-2.0
-28.0
-11.0
18.0
-4.0
-21.0
-27.0
-36.0
-22.0
-35.0
-40.0
-21.0
-25.0
7.0
-5.0
-10.0
22.0
18.0
33.0
61.0
71.0
70.0
36.0
27.0
59.0
57.0
52.0
54.0
25.0
45.0
48.0
61.0
79.0
82.0
90.0
103.0
37.0
12.0
22.0
-35.0
-32.0
-19.0
-14.0
-30.0
-63.0
-42.0
-14.0
-1.0
36.0
41.0
23.0
8.0
-4.0
10.0
27.0
7.0
-9.0
-5.0
-4.0
-24.0
-22.0
-27.0
-30.0
-27.0
-20.0
-22.0
20.0
30.0
-5.0
-3.0
-9.0
-41.0
-69.0
-59.0
-30.0
0.0
-10.0
-5.0
6.0
-5.0
1.0
23.0
37.0
24.0
27.0
26.0
24.0
31.0
37.0
33.0
50.0
37.0
24.0
46.0
31.0
27.0
39.0
21.0
2.0
17.0
-1.0
-16.0
2.0
67.0
101.0
100.0
95.0
53.0
40.0
12.0
8.0
8.0
17.0
6.0
4.0
-20.0
-24.0
-42.0
-20.0
-23.0
17.0
16.0
2.0
14.0
-5.0
-2.0
-7.0
-36.0
-34.0
-41.0
-55.0
-24.0
2.0
20.0
25.0
12.0
24.0
29.0
8.0
-14.0
-16.0
-21.0
-2.0
21.0
41.0
24.0
-5.0
6.0
-21.0
-37.0
4.0
26.0
50.0
37.0
31.0
46.0
14.0
23.0
35.0
52.0
46.0
11.0
23.0
62.0
46.0
43.0
34.0
5.0
-4.0
-5.0
12.0
19.0
51.0
69.0
45.0
32.0
73.0
79.0
74.0
111.0
112.0
79.0
66.0
28.0
52.0
43.0
29.0
42.0
2.0
24.0
11.0
-3.0
40.0
73.0
95.0
130.0
107.0
83.0
78.0
62.0
35.0
0.0
-6.0
-2.0
-13.0
-8.0
-30.0
-42.0
-39.0
-11.0
33.0
30.0
-12.0
-11.0
4.0
23.0
43.0
15.0
8.0
20.0
-8.0
21.0
24.0
25.0
48.0
78.0
83.0
93.0
121.0
137.0
136.0
139.0
149.0
126.0
67.0
41.0
24.0
31.0
43.0
44.0
37.0
31.0
33.0
65.0
56.0
85.0
70.0
55.0
82.0
67.0
69.0
121.0
87.0
63.0
76.0
54.0
77.0
68.0
46.0
58.0
59.0
63.0
63.0
57.0
87.0
69.0
67.0
73.0
61.0
77.0
92.0
77.0
92.0
120.0
124.0
99.0
86.0
98.0
76.0
73.0
82.0
54.0
56.0
102.0
71.0
68.0
84.0
87.0
95.0
100.0
102.0
102.0
90.0
84.0
61.0
41.0
52.0
21.0
19.0
39.0
22.0
30.0
7.0
2.0
21.0
38.0
72.0
71.0
53.0
27.0
8.0
-3.0
-6.0
-2.0
-12.0
-8.0
6.0
33.0
39.0
19.0
22.0
2.0
13.0
54.0
31.0
52.0
45.0
5.0
11.0
-13.0
-18.0
13.0
-11.0
34.0
29.0
-13.0
7.0
13.0
27.0
18.0
24.0
62.0
34.0
14.0
16.0
4.0
8.0
-3.0
-12.0
-6.0
-11.0
-18.0
-12.0
-36.0
-41.0
-5.0
-14.0
-1.0
4.0
-21.0
-20.0
-52.0
-40.0
-21.0
-40.0
-28.0
43.0
62.0
56.0
46.0
42.0
55.0
77.0
97.0
83.0
86.0
101.0
96.0
91.0
86.0
56.0
44.0
71.0
65.0
36.0
50.0
73.0
95.0
61.0
81.0
95.0
106.0
144.0
170.0
127.0
134.0
109.0
103.0
94.0
84.0
93.0
102.0
86.0
105.0
101.0
112.0
116.0
73.0
121.0
111.0
64.0
82.0
79.0
99.0
115.0
89.0
95.0
106.0
121.0
131.0
125.0
107.0
118.0
139.0
116.0
79.0
84.0
86.0
65.0
72.0
65.0
27.0
68.0
65.0
73.0
78.0
84.0
65.0
47.0
55.0
79.0
77.0
82.0
73.0
60.0
80.0
91.0
77.0
77.0
65.0
43.0
86.0
83.0
51.0
63.0
73.0
115.0
118.0
119.0
99.0
79.0
102.0
112.0
116.0
110.0
111.0
124.0
140.0
133.0
149.0
161.0
142.0
132.0
126.0
118.0
116.0
106.0
109.0
93.0
86.0
83.0
72.0
65.0
92.0
90.0
93.0
88.0
58.0
68.0
70.0
97.0
91.0
67.0
56.0
54.0
48.0
74.0
104.0
105.0
121.0
119.0
112.0
140.0
154.0
142.0
133.0
108.0
83.0
83.0
140.0
159.0
119.0
119.0
110.0
97.0
96.0
71.0
106.0
118.0
90.0
102.0
110.0
107.0
120.0
128.0
128.0
114.0
100.0
100.0
84.0
102.0
125.0
85.0
69.0
45.0
21.0
15.0
24.0
12.0
10.0
-6.0
10.0
17.0
31.0
58.0
80.0
82.0
85.0
62.0
102.0
99.0
62.0
80.0
61.0
27.0
8.0
-3.0
-9.0
-31.0
-15.0
-3.0
6.0
-1.0
-29.0
-36.0
1.0
-7.0
-17.0
-12.0
-8.0
14.0
7.0
-20.0
18.0
50.0
39.0
57.0
61.0
74.0
97.0
79.0
89.0
86.0
79.0
54.0
18.0
46.0
59.0
61.0
39.0
23.0
18.0
40.0
53.0
64.0
61.0
51.0
59.0
69.0
51.0
50.0
13.0
-12.0
20.0
7.0
-15.0
-31.0
-45.0
2.0
-5.0
-3.0
-6.0
-8.0
21.0
33.0
-5.0
-6.0
-3.0
-13.0
-14.0
-13.0
4.0
-8.0
-29.0
-23.0
-7.0
25.0
21.0
16.0
34.0
34.0
39.0
70.0
51.0
49.0
36.0
18.0
41.0
35.0
3.0
8.0
-6.0
32.0
80.0
63.0
35.0
36.0
32.0
49.0
43.0
62.0
77.0
34.0
48.0
38.0
40.0
81.0
43.0
7.0
-6.0
-24.0
2.0
25.0
15.0
18.0
27.0
61.0
52.0
17.0
37.0
36.0
21.0
6.0
12.0
-1.0
19.0
15.0
35.0
43.0
65.0
90.0
66.0
45.0
33.0
22.0
4.0
-13.0
-7.0
22.0
38.0
26.0
29.0
31.0
47.0
47.0
45.0
88.0
57.0
20.0
60.0
70.0
89.0
101.0
77.0
88.0
68.0
82.0
122.0
90.0
93.0
116.0
93.0
58.0
49.0
74.0
101.0
53.0
49.0
56.0
12.0
29.0
41.0
49.0
69.0
50.0
48.0
84.0
52.0
73.0
97.0
114.0
140.0
118.0
97.0
116.0
74.0
77.0
71.0
45.0
35.0
22.0
30.0
10.0
27.0
77.0
79.0
75.0
90.0
40.0
9.0
26.0
29.0
59.0
86.0
79.0
91.0
95.0
72.0
67.0
70.0
73.0
90.0
89.0
86.0
99.0
102.0
117.0
145.0
135.0
130.0
123.0
109.0
72.0
88.0
137.0
112.0
71.0
43.0
63.0
89.0
96.0
92.0
49.0
37.0
65.0
43.0
39.0
71.0
65.0
44.0
69.0
58.0
64.0
80.0
77.0
43.0
43.0
44.0
23.0
13.0
40.0
29.0
34.0
45.0
39.0
74.0
136.0
133.0
95.0
95.0
102.0
99.0
69.0
109.0
125.0
122.0
149.0
144.0
142.0
167.0
154.0
163.0
149.0
116.0
102.0
58.0
25.0
56.0
38.0
55.0
92.0
106.0
114.0
96.0
114.0
134.0
107.0
113.0
106.0
64.0
34.0
20.0
-1.0
-3.0
-25.0
-42.0
-24.0
-15.0
0.0
40.0
65.0
65.0
46.0
43.0
49.0
37.0
80.0
60.0
32.0
80.0
80.0
44.0
58.0
76.0
88.0
47.0
41.0
77.0
46.0
41.0
48.0
51.0
51.0
69.0
100.0
105.0
102.0
108.0
62.0
58.0
40.0
20.0
37.0
54.0
48.0
55.0
74.0
86.0
87.0
76.0
85.0
82.0
72.0
102.0
98.0
74.0
69.0
28.0
-2.0
-24.0
-37.0
-42.0
-62.0
-46.0
-14.0
26.0
55.0
79.0
92.0
63.0
59.0
42.0
6.0
-17.0
-30.0
-21.0
-3.0
24.0
53.0
42.0
62.0
73.0
84.0
87.0
83.0
60.0
29.0
-3.0
-20.0
-52.0
-46.0
5.0
12.0
30.0
71.0
79.0
71.0
71.0
68.0
61.0
63.0
49.0
16.0
-7.0
-24.0
-23.0
-17.0
-12.0
-4.0
9.0
-8.0
-8.0
4.0
6.0
3.0
-8.0
-13.0
29.0
-38.0
-61.0
-30.0
-17.0
10.0
28.0
60.0
60.0
53.0
42.0
79.0
96.0
91.0
86.0
51.0
40.0
36.0
-3.0
11.0
24.0
35.0
39.0
24.0
24.0
34.0
23.0
16.0
2.0
25.0
45.0
11.0
18.0
40.0
54.0
56.0
31.0
25.0
-15.0
-53.0
-39.0
-49.0
-88.0
-59.0
-51.0
-37.0
-13.0
-14.0
11.0
4.0
-12.0
1.0
-21.0
-31.0
-32.0
-54.0
-66.0
-69.0
-88.0
-61.0
-46.0
-48.0
-42.0
-26.0
-31.0
-35.0
-58.0
-61.0
-72.0
-76.0
-89.0
-99.0
-87.0
-79.0
-64.0
-45.0
-33.0
-27.0
-18.0
-42.0
-41.0
-32.0
-24.0
-9.0
9.0
6.0
15.0
19.0
36.0
26.0
17.0
3.0
-33.0
-45.0
-23.0
-17.0
-5.0
22.0
18.0
34.0
23.0
-26.0
-18.0
-14.0
-14.0
-48.0
-69.0
-87.0
-136.0
-140.0
-109.0
-75.0
-36.0
-10.0
-1.0
-23.0
-54.0
-65.0
-103.0
-137.0
-126.0
-129.0
-110.0
-91.0
-90.0
-101.0
-80.0
-56.0
-29.0
8.0
27.0
10.0
-7.0
-3.0
-17.0
-46.0
-94.0
-88.0
-71.0
-65.0
-44.0
-39.0
-35.0
-28.0
-15.0
-25.0
-48.0
-51.0
-84.0
-118.0
-142.0
-150.0
-119.0
-78.0
-77.0
-69.0
-30.0
-7.0
6.0
-43.0
-49.0
-64.0
-91.0
-102.0
-101.0
-105.0
-64.0
-63.0
-49.0
-12.0
17.0
36.0
44.0
45.0
73.0
41.0
2.0
-14.0
-26.0
-47.0
-65.0
-54.0
-51.0
-69.0
-86.0
-102.0
-87.0
-21.0
-26.0
-33.0
-29.0
-68.0
-82.0
-93.0
-124.0
-121.0
-116.0
-126.0
-113.0
-82.0
-60.0
-22.0
-16.0
-37.0
-40.0
-40.0
-21.0
-15.0
-35.0
-61.0
-88.0
-71.0
-63.0
-65.0
-68.0
-101.0
-65.0
-99.0
-113.0
-68.0
-63.0
-59.0
-40.0
-59.0
-31.0
-38.0
-32.0
-39.0
-71.0
-80.0
-68.0
-46.0
-43.0
-44.0
-45.0
-55.0
-55.0
-78.0
-63.0
-59.0
-7.0
17.0
2.0
2.0
-4.0
-20.0
-36.0
-78.0
-73.0
-92.0
-95.0
-84.0
-92.0
-74.0
-50.0
-50.0
-45.0
-69.0
-86.0
-101.0
-121.0
-108.0
-72.0
-75.0
-56.0
-45.0
-39.0
-45.0
-98.0
-101.0
-68.0
-96.0
-90.0
-91.0
-83.0
-61.0
-119.0
-140.0
-139.0
-200.0
-199.0
-142.0
-135.0
-125.0
-156.0
-142.0
-130.0
-162.0
-171.0
-141.0
-166.0
-141.0
-101.0
-119.0
-92.0
-84.0
-78.0
-80.0
-103.0
-58.0
-45.0
-64.0
-57.0
-63.0
-76.0
-98.0
-61.0
-54.0
-77.0
-90.0
-74.0
-41.0
-36.0
-68.0
-81.0
-85.0
-69.0
-64.0
-64.0
-72.0
-67.0
-46.0
-60.0
-67.0
-70.0
-85.0
-62.0
-41.0
-62.0
-48.0
-58.0
-48.0
-40.0
-30.0
13.0
17.0
7.0
-15.0
-51.0
-39.0
-53.0
-61.0
-32.0
-24.0
-20.0
-43.0
-27.0
-4.0
-7.0
-7.0
-18.0
-34.0
-58.0
-99.0
-144.0
-130.0
-134.0
-106.0
-44.0
-75.0
-75.0
-48.0
-55.0
-68.0
-74.0
-108.0
-76.0
-60.0
-26.0
8.0
-14.0
-11.0
16.0
12.0
1.0
13.0
20.0
9.0
6.0
46.0
15.0
-25.0
1.0
-1.0
2.0
-2.0
-44.0
-46.0
-44.0
-87.0
-79.0
-81.0
-66.0
-39.0
-38.0
-32.0
-43.0
-44.0
-28.0
-46.0
-51.0
-41.0
-61.0
-20.0
-15.0
-31.0
-17.0
-16.0
4.0
3.0
-44.0
-24.0
-11.0
-13.0
4.0
-14.0
-34.0
-56.0
-80.0
-73.0
-67.0
-53.0
-61.0
-84.0
-80.0
-63.0
-69.0
-74.0
-79.0
-47.0
-40.0
-52.0
-56.0
-82.0
-118.0
-122.0
-123.0
-122.0
-106.0
-109.0
-101.0
-106.0
-103.0
-75.0
-47.0
-29.0
-36.0
-44.0
-40.0
-49.0
-52.0
-42.0
-45.0
-68.0
-34.0
-7.0
-13.0
-29.0
-50.0
-53.0
-63.0
-62.0
-54.0
-62.0
-69.0
-30.0
-33.0
-31.0
-39.0
-32.0
-41.0
-68.0
-92.0
-65.0
-63.0
-72.0
-59.0
-55.0
-42.0
-51.0
-21.0
0.0
-17.0
-5.0
-5.0
-3.0
23.0
6.0
-13.0
-14.0
-14.0
-8.0
-3.0
-6.0
-1.0
15.0
35.0
54.0
30.0
18.0
-3.0
-40.0
-40.0
-76.0
-104.0
-75.0
-56.0
-50.0
-54.0
-37.0
-32.0
-27.0
30.0
41.0
18.0
29.0
1.0
-18.0
7.0
-15.0
-3.0
-32.0
-64.0
-32.0
-26.0
-23.0
-18.0
-44.0
1.0
26.0
21.0
37.0
19.0
33.0
54.0
48.0
23.0
-2.0
-17.0
-17.0
-61.0
-94.0
-64.0
-52.0
-34.0
-34.0
-50.0
-72.0
-72.0
-75.0
-54.0
-62.0
-42.0
-31.0
-47.0
-47.0
-54.0
-55.0
-44.0
-37.0
-61.0
-29.0
-24.0
-18.0
-38.0
-71.0
-58.0
-59.0
-68.0
-69.0
-69.0
-63.0
-96.0
-110.0
-80.0
-88.0
-89.0
-119.0
-134.0
-115.0
-121.0
-135.0
-129.0
-146.0
-127.0
-111.0
-127.0
-99.0
-130.0
-139.0
-100.0
-108.0
-105.0
-103.0
-132.0
-117.0
-107.0
-129.0
-147.0
-144.0
-145.0
-167.0
-144.0
-102.0
-141.0
-128.0
-86.0
-103.0
-114.0
-81.0
-96.0
-133.0
-120.0
-105.0
-88.0
-93.0
-71.0
-69.0
-97.0
-103.0
-124.0
-132.0
-91.0
-93.0
-116.0
-129.0
-148.0
-160.0
-161.0
-149.0
-128.0
-145.0
-123.0
-117.0
-108.0
-80.0
-73.0
-68.0
-54.0
-73.0
-75.0
-88.0
-104.0
-84.0
-100.0
-118.0
-81.0
-109.0
-106.0
-85.0
-93.0
-91.0
-85.0
-70.0
-62.0
-97.0
-122.0
-121.0
-108.0
-100.0
-115.0
-119.0
-119.0
-152.0
-96.0
-76.0
-111.0
-95.0
-92.0
-105.0
-110.0
-143.0
-130.0
-115.0
-130.0
-95.0
-90.0
-101.0
-74.0
-58.0
-67.0
-71.0
-79.0
-78.0
-99.0
-103.0
-119.0
-133.0
-124.0
-89.0
-87.0
-79.0
-72.0
-71.0
-53.0
-71.0
-85.0
-100.0
-127.0
-137.0
-142.0
-158.0
-182.0
-178.0
-173.0
-182.0
-195.0
-175.0
-163.0
-181.0
-167.0
-156.0
-144.0
-130.0
-141.0
-148.0
-152.0
-150.0
-146.0
-161.0
-145.0
-124.0
-144.0
-149.0
-135.0
-127.0
-130.0
-193.0
-180.0
-153.0
-172.0
-154.0
-152.0
-154.0
-100.0
-84.0
-102.0
-126.0
-153.0
-156.0
-157.0
-138.0
-114.0
-109.0
-111.0
-119.0
-127.0
-108.0
-109.0
-116.0
-105.0
-139.0
-128.0
-104.0
-98.0
-94.0
-62.0
-61.0
-54.0
-63.0
-65.0
-65.0
-82.0
-50.0
-82.0
-77.0
-79.0
-101.0
-70.0
-71.0
-64.0
-51.0
-72.0
-65.0
-53.0
-68.0
-59.0
-37.0
-33.0
-42.0
-44.0
-66.0
-34.0
-58.0
-59.0
-40.0
-56.0
-36.0
-33.0
-67.0
-40.0
-52.0
-30.0
-25.0
-26.0
-8.0
16.0
-18.0
-9.0
-13.0
-21.0
-32.0
-55.0
-55.0
-86.0
-76.0
-63.0
-89.0
-95.0
-87.0
-65.0
-21.0
-29.0
-21.0
-11.0
-31.0
-55.0
-56.0
-71.0
-51.0
-36.0
-49.0
-63.0
-52.0
-12.0
-17.0
-61.0
-33.0
-50.0
-62.0
-54.0
-30.0
-4.0
19.0
-10.0
-10.0
1.0
9.0
12.0
11.0
16.0
-5.0
-10.0
-19.0
-20.0
-21.0
-23.0
-17.0
-46.0
-71.0
-52.0
-24.0
-13.0
-7.0
16.0
-24.0
-39.0
-6.0
-3.0
-2.0
-10.0
-47.0
-57.0
-82.0
-88.0
-106.0
-115.0
-102.0
-88.0
-88.0
-56.0
-50.0
-69.0
-56.0
-62.0
-59.0
-66.0
-93.0
-91.0
-112.0
-124.0
-114.0
-106.0
-62.0
-74.0
-95.0
-93.0
-113.0
-100.0
-71.0
-71.0
-44.0
-53.0
-83.0
-75.0
-111.0
-112.0
-90.0
-96.0
-86.0
-60.0
-52.0
-60.0
-64.0
-41.0
-23.0
-5.0
-26.0
-46.0
-31.0
-49.0
-73.0
-55.0
-51.0
-86.0
-93.0
-96.0
-121.0
-159.0
-139.0
-99.0
-62.0
-44.0
-35.0
-24.0
-26.0
-25.0
-29.0
18.0
20.0
-5.0
8.0
17.0
4.0
34.0
34.0
52.0
66.0
56.0
40.0
13.0
22.0
59.0
39.0
51.0
80.0
39.0
54.0
54.0
9.0
22.0
27.0
35.0
34.0
24.0
53.0
76.0
68.0
73.0
55.0
51.0
43.0
13.0
21.0
5.0
10.0
13.0
-24.0
-37.0
-32.0
-60.0
-31.0
-26.0
-42.0
-41.0
-72.0
-71.0
-81.0
-86.0
-60.0
-66.0
-84.0
-67.0
-80.0
-69.0
-40.0
-25.0
-21.0
-18.0
17.0
21.0
-17.0
1.0
-24.0
-42.0
-26.0
-14.0
-20.0
-9.0
-10.0
-31.0
-23.0
-21.0
-23.0
-48.0
-58.0
-71.0
-78.0
-36.0
-20.0
-54.0
-47.0
-18.0
-10.0
-21.0
-35.0
-7.0
-18.0
-15.0
-5.0
-43.0
-92.0
-93.0
-106.0
-90.0
-59.0
-67.0
-28.0
-21.0
-68.0
-67.0
-59.0
-59.0
-41.0
-39.0
-46.0
-58.0
-71.0
-61.0
-53.0
-52.0
-62.0
-81.0
-36.0
-20.0
-30.0
-19.0
-46.0
-52.0
-45.0
-50.0
-33.0
-83.0
-91.0
-68.0
-84.0
-64.0
-49.0
-58.0
-33.0
-8.0
-2.0
-15.0
-22.0
22.0
59.0
53.0
48.0
30.0
18.0
37.0
34.0
42.0
26.0
21.0
31.0
16.0
27.0
45.0
43.0
19.0
-5.0
-4.0
-17.0
-26.0
-18.0
-22.0
-59.0
-74.0
-61.0
-31.0
-30.0
-35.0
-15.0
14.0
12.0
21.0
37.0
29.0
14.0
10.0
-3.0
-2.0
-2.0
-1.0
-35.0
-63.0
-58.0
-36.0
-80.0
-69.0
-45.0
-23.0
-26.0
-34.0
-15.0
7.0
15.0
27.0
31.0
16.0
35.0
0.0
5.0
40.0
69.0
83.0
93.0
97.0
99.0
109.0
98.0
59.0
34.0
52.0
8.0
-16.0
-14.0
-31.0
-6.0
-6.0
-16.0
-9.0
2.0
1.0
12.0
28.0
23.0
16.0
-5.0
4.0
-6.0
-28.0
-13.0
-19.0
-27.0
-42.0
-37.0
-17.0
-11.0
-18.0
-16.0
-27.0
-31.0
-44.0
-5.0
42.0
25.0
36.0
47.0
41.0
75.0
60.0
63.0
52.0
39.0
59.0
58.0
47.0
43.0
42.0
41.0
67.0
57.0
58.0
68.0
57.0
68.0
51.0
53.0
83.0
101.0
102.0
93.0
101.0
132.0
102.0
77.0
94.0
90.0
86.0
81.0
71.0
79.0
53.0
66.0
88.0
86.0
88.0
91.0
87.0
88.0
77.0
89.0
95.0
72.0
51.0
53.0
57.0
95.0
132.0
156.0
182.0
120.0
116.0
140.0
98.0
114.0
119.0
114.0
102.0
106.0
120.0
113.0
92.0
95.0
100.0
99.0
84.0
61.0
58.0
69.0
67.0
82.0
76.0
62.0
57.0
64.0
77.0
93.0
85.0
137.0
162.0
172.0
179.0
137.0
104.0
119.0
137.0
153.0
141.0
124.0
121.0
128.0
149.0
142.0
131.0
157.0
138.0
112.0
121.0
126.0
146.0
127.0
134.0
183.0
187.0
195.0
221.0
180.0
191.0
203.0
194.0
184.0
181.0
191.0
136.0
85.0
90.0
94.0
109.0
118.0
127.0
129.0
133.0
119.0
163.0
175.0
142.0
149.0
105.0
105.0
127.0
110.0
106.0
117.0
124.0
119.0
106.0
110.0
112.0
93.0
72.0
99.0
100.0
115.0
96.0
89.0
96.0
53.0
34.0
58.0
85.0
91.0
107.0
137.0
131.0
135.0
152.0
137.0
129.0
133.0
108.0
100.0
120.0
126.0
176.0
168.0
164.0
191.0
199.0
198.0
192.0
171.0
194.0
173.0
115.0
135.0
150.0
135.0
128.0
99.0
129.0
163.0
119.0
103.0
91.0
94.0
105.0
91.0
109.0
117.0
113.0
134.0
133.0
148.0
143.0
158.0
157.0
155.0
129.0
166.0
156.0
112.0
115.0
129.0
138.0
161.0
171.0
185.0
185.0
199.0
212.0
180.0
141.0
132.0
109.0
143.0
149.0
151.0
199.0
178.0
148.0
159.0
148.0
137.0
115.0
96.0
104.0
107.0
126.0
152.0
160.0
181.0
177.0
188.0
207.0
190.0
186.0
151.0
136.0
171.0
158.0
162.0
150.0
153.0
159.0
127.0
142.0
140.0
127.0
146.0
172.0
146.0
127.0
118.0
132.0
168.0
169.0
174.0
186.0
156.0
162.0
166.0
160.0
169.0
131.0
100.0
111.0
109.0
126.0
129.0
105.0
73.0
84.0
81.0
68.0
102.0
106.0
98.0
100.0
98.0
93.0
96.0
95.0
89.0
110.0
105.0
102.0
97.0
72.0
71.0
86.0
82.0
65.0
54.0
63.0
69.0
53.0
64.0
90.0
94.0
92.0
84.0
89.0
113.0
127.0
115.0
84.0
58.0
92.0
120.0
101.0
120.0
125.0
150.0
165.0
149.0
166.0
153.0
158.0
169.0
162.0
168.0
149.0
140.0
138.0
137.0
128.0
127.0
112.0
86.0
102.0
122.0
138.0
182.0
158.0
157.0
152.0
142.0
157.0
143.0
156.0
158.0
127.0
143.0
132.0
161.0
166.0
127.0
108.0
132.0
145.0
149.0
153.0
146.0
126.0
101.0
95.0
85.0
89.0
114.0
115.0
121.0
124.0
102.0
114.0
122.0
120.0
113.0
117.0
128.0
148.0
110.0
90.0
72.0
56.0
81.0
78.0
51.0
82.0
90.0
70.0
73.0
63.0
87.0
108.0
107.0
122.0
112.0
126.0
112.0
116.0
140.0
113.0
76.0
107.0
114.0
88.0
110.0
89.0
71.0
112.0
105.0
98.0
92.0
103.0
97.0
103.0
95.0
54.0
48.0
53.0
40.0
45.0
58.0
57.0
39.0
33.0
38.0
27.0
25.0
41.0
41.0
27.0
35.0
54.0
70.0
76.0
76.0
44.0
-2.0
-5.0
20.0
2.0
3.0
33.0
7.0
22.0
39.0
24.0
22.0
25.0
29.0
33.0
27.0
11.0
6.0
25.0
55.0
55.0
42.0
52.0
37.0
52.0
39.0
25.0
21.0
12.0
11.0
7.0
-40.0
-58.0
-45.0
-79.0
-61.0
-30.0
-25.0
3.0
-1.0
0.0
-12.0
-17.0
-5.0
-18.0
-36.0
-30.0
-9.0
-1.0
-7.0
-25.0
-21.0
-40.0
-49.0
-44.0
-49.0
-24.0
23.0
26.0
10.0
-20.0
-32.0
0.0
-28.0
-26.0
-8.0
-5.0
-22.0
-24.0
-33.0
-15.0
-10.0
-7.0
22.0
23.0
40.0
25.0
1.0
-2.0
-4.0
15.0
43.0
30.0
7.0
-9.0
-20.0
-17.0
-52.0
-67.0
-44.0
-12.0
9.0
34.0
7.0
29.0
32.0
36.0
43.0
33.0
46.0
35.0
17.0
27.0
25.0
11.0
-1.0
3.0
-1.0
-18.0
-24.0
11.0
17.0
24.0
23.0
3.0
15.0
1.0
-17.0
19.0
16.0
7.0
33.0
26.0
35.0
54.0
46.0
55.0
31.0
23.0
4.0
-3.0
-15.0
-18.0
-13.0
1.0
-13.0
-31.0
-53.0
-47.0
-24.0
-16.0
-21.0
4.0
-6.0
-21.0
-45.0
-62.0
-23.0
-33.0
-22.0
2.0
20.0
8.0
-13.0
-7.0
4.0
9.0
18.0
8.0
2.0
11.0
3.0
-22.0
-22.0
-12.0
26.0
64.0
40.0
64.0
64.0
18.0
36.0
46.0
33.0
37.0
46.0
59.0
34.0
4.0
-12.0
-15.0
-1.0
29.0
34.0
31.0
28.0
25.0
49.0
69.0
31.0
16.0
25.0
50.0
52.0
21.0
33.0
40.0
14.0
22.0
15.0
25.0
26.0
11.0
30.0
0.0
-23.0
-21.0
-27.0
-17.0
-21.0
-22.0
12.0
-7.0
-20.0
-33.0
-34.0
-33.0
-30.0
-34.0
-37.0
-55.0
-53.0
-33.0
-28.0
-9.0
18.0
18.0
28.0
33.0
24.0
6.0
0.0
-7.0
-17.0
-39.0
-86.0
-77.0
-50.0
-32.0
-27.0
-35.0
-65.0
-63.0
-59.0
-73.0
-61.0
-6.0
-20.0
-27.0
-6.0
-14.0
-17.0
8.0
44.0
6.0
-16.0
-23.0
-27.0
-64.0
-64.0
-84.0
-126.0
-105.0
-103.0
-85.0
-79.0
-84.0
-48.0
-62.0
-80.0
-53.0
-35.0
-38.0
-52.0
-54.0
-50.0
-40.0
-59.0
-61.0
-89.0
-62.0
-44.0
-58.0
-88.0
-105.0
-87.0
-112.0
-104.0
-72.0
-67.0
-73.0
-67.0
-52.0
-35.0
-37.0
-72.0
-48.0
-44.0
-69.0
-45.0
-36.0
-77.0
-88.0
-69.0
-53.0
-58.0
-63.0
-65.0
-69.0
-57.0
-23.0
-34.0
-29.0
-21.0
-31.0
-16.0
-39.0
-30.0
-22.0
-34.0
-40.0
-58.0
-68.0
-69.0
-79.0
-60.0
-56.0
-68.0
-74.0
-59.0
-63.0
-61.0
-59.0
-41.0
-23.0
-33.0
-36.0
-18.0
-29.0
-30.0
-32.0
-57.0
-29.0
-33.0
-43.0
-41.0
-41.0
-18.0
-32.0
-20.0
17.0
-29.0
-16.0
-20.0
-43.0
-54.0
-70.0
-65.0
-37.0
-53.0
-64.0
-63.0
-69.0
-52.0
-53.0
-67.0
-71.0
-69.0
-45.0
-44.0
-63.0
-73.0
-89.0
-100.0
-87.0
-110.0
-117.0
-110.0
-138.0
-134.0
-138.0
-157.0
-145.0
-137.0
-154.0
-170.0
-191.0
-209.0
-203.0
-182.0
-204.0
-219.0
-174.0
-171.0
-181.0
-168.0
-190.0
-180.0
-149.0
-153.0
-150.0
-121.0
-120.0
-87.0
-77.0
-124.0
-124.0
-124.0
-173.0
-181.0
-176.0
-158.0
-149.0
-152.0
-159.0
-166.0
-142.0
-158.0
-169.0
-140.0
-131.0
-122.0
-97.0
-100.0
-72.0
-54.0
-49.0
-46.0
-52.0
-68.0
-45.0
-41.0
-46.0
-76.0
-96.0
-90.0
-118.0
-105.0
-97.0
-112.0
-101.0
-93.0
-122.0
-101.0
-93.0
-92.0
-103.0
-120.0
-117.0
-124.0
-100.0
-52.0
-37.0
-32.0
12.0
-5.0
-6.0
-14.0
-48.0
-67.0
-90.0
-112.0
-113.0
-114.0
-126.0
-131.0
-143.0
-120.0
-131.0
-165.0
-138.0
-97.0
-67.0
-46.0
-42.0
-60.0
-64.0
-54.0
-80.0
-112.0
-133.0
-161.0
-175.0
-157.0
-167.0
-165.0
-172.0
-180.0
-178.0
-158.0
-149.0
-86.0
-67.0
-59.0
-18.0
-41.0
-32.0
-22.0
-17.0
-21.0
-20.0
-29.0
-47.0
-97.0
-99.0
-92.0
-125.0
-121.0
-106.0
-112.0
-121.0
-131.0
-115.0
-86.0
-86.0
-62.0
-41.0
-78.0
-79.0
-118.0
-148.0
-139.0
-115.0
-124.0
-130.0
-127.0
-121.0
-122.0
-117.0
-138.0
-161.0
-140.0
-140.0
-135.0
-124.0
-161.0
-145.0
-121.0
-104.0
-88.0
-85.0
-77.0
-88.0
-121.0
-84.0
-72.0
-92.0
-76.0
-78.0
-60.0
-32.0
-62.0
-70.0
-66.0
-67.0
-45.0
-38.0
-56.0
-48.0
-64.0
-54.0
-80.0
-100.0
-87.0
-134.0
-109.0
-100.0
-126.0
-121.0
-123.0
-111.0
-82.0
-84.0
-86.0
-68.0
-60.0
-48.0
-67.0
-70.0
-42.0
-45.0
-70.0
-111.0
-114.0
-127.0
-173.0
-155.0
-146.0
-146.0
-119.0
-111.0
-114.0
-109.0
-90.0
-88.0
-56.0
-52.0
-44.0
-27.0
-42.0
-71.0
-64.0
-104.0
-150.0
-163.0
-158.0
-133.0
-156.0
-150.0
-109.0
-77.0
-70.0
-67.0
-67.0
-79.0
-110.0
-138.0
-133.0
-142.0
-122.0
-123.0
-119.0
-74.0
-45.0
-53.0
-51.0
-53.0
-69.0
-73.0
-114.0
-135.0
-142.0
-134.0
-131.0
-136.0
-130.0
-118.0
-121.0
-120.0
-131.0
-153.0
-137.0
-160.0
-178.0
-176.0
-199.0
-191.0
-222.0
-237.0
-231.0
-210.0
-161.0
-126.0
-124.0
-89.0
-124.0
-139.0
-129.0
-131.0
-118.0
-140.0
-134.0
-130.0
-128.0
-148.0
-171.0
-140.0
-137.0
-114.0
-80.0
-90.0
-110.0
-103.0
-108.0
-138.0
-142.0
-131.0
-156.0
-164.0
-169.0
-185.0
-196.0
-143.0
-111.0
-149.0
-143.0
-117.0
-108.0
-81.0
-107.0
-110.0
-67.0
-69.0
-102.0
-91.0
-90.0
-97.0
-105.0
-100.0
-64.0
-56.0
-62.0
-50.0
-50.0
-59.0
-58.0
-80.0
-83.0
-76.0
-81.0
-80.0
-87.0
-70.0
-78.0
-110.0
-103.0
-103.0
-87.0
-49.0
-60.0
-76.0
-65.0
-71.0
-26.0
1.0
-3.0
-12.0
-23.0
-10.0
10.0
4.0
10.0
-21.0
-19.0
23.0
2.0
-1.0
22.0
5.0
5.0
5.0
-24.0
-1.0
17.0
9.0
11.0
19.0
-3.0
-24.0
-30.0
-32.0
-40.0
-22.0
-22.0
-44.0
-13.0
-45.0
-62.0
-67.0
-108.0
-104.0
-91.0
-71.0
-59.0
-66.0
-79.0
-57.0
-59.0
-25.0
-21.0
-39.0
-60.0
-64.0
-68.0
-24.0
-15.0
-3.0
-6.0
-21.0
1.0
-24.0
-65.0
-63.0
-64.0
-80.0
-70.0
-89.0
-100.0
-89.0
-64.0
-23.0
-60.0
-76.0
-51.0
-63.0
-83.0
-114.0
-98.0
-65.0
-76.0
-113.0
-95.0
-87.0
-72.0
-63.0
-89.0
-64.0
-44.0
-43.0
-22.0
-21.0
-7.0
1.0
-24.0
-35.0
-44.0
-31.0
-16.0
-29.0
-14.0
-5.0
-23.0
-6.0
0.0
-36.0
-55.0
-58.0
-36.0
-67.0
-90.0
-81.0
-59.0
-27.0
-8.0
-12.0
6.0
-21.0
-16.0
-13.0
-16.0
-2.0
11.0
-13.0
-23.0
-13.0
-27.0
-43.0
-65.0
-39.0
-16.0
-39.0
-39.0
-17.0
-20.0
-36.0
-17.0
-41.0
-48.0
-70.0
-63.0
-34.0
-35.0
1.0
14.0
21.0
2.0
-20.0
10.0
-3.0
-11.0
6.0
6.0
-20.0
11.0
23.0
45.0
42.0
25.0
38.0
19.0
1.0
-14.0
-39.0
-45.0
-53.0
-40.0
-36.0
-51.0
-39.0
-33.0
-46.0
-42.0
-45.0
-32.0
-21.0
-13.0
6.0
-2.0
1.0
8.0
14.0
17.0
43.0
26.0
55.0
88.0
82.0
47.0
28.0
16.0
22.0
18.0
0.0
-7.0
-24.0
-43.0
-67.0
-45.0
-45.0
-55.0
-23.0
2.0
-17.0
-40.0
-63.0
-35.0
-21.0
-41.0
-10.0
35.0
34.0
48.0
72.0
99.0
121.0
118.0
114.0
125.0
134.0
119.0
90.0
58.0
65.0
54.0
67.0
54.0
24.0
10.0
-12.0
-17.0
-2.0
7.0
7.0
4.0
-3.0
13.0
10.0
17.0
42.0
36.0
55.0
60.0
64.0
67.0
67.0
62.0
63.0
48.0
49.0
87.0
87.0
77.0
67.0
49.0
18.0
-5.0
9.0
1.0
10.0
37.0
33.0
19.0
22.0
15.0
31.0
14.0
19.0
16.0
-31.0
-27.0
44.0
48.0
42.0
46.0
41.0
41.0
21.0
33.0
34.0
26.0
20.0
13.0
-10.0
-34.0
-18.0
-6.0
-5.0
2.0
23.0
39.0
37.0
80.0
121.0
124.0
125.0
110.0
95.0
86.0
95.0
115.0
105.0
100.0
107.0
87.0
94.0
86.0
79.0
81.0
92.0
83.0
78.0
65.0
96.0
139.0
121.0
131.0
138.0
115.0
110.0
73.0
44.0
55.0
73.0
101.0
82.0
58.0
51.0
3.0
7.0
27.0
16.0
10.0
28.0
14.0
29.0
41.0
42.0
81.0
51.0
15.0
19.0
16.0
40.0
68.0
86.0
82.0
83.0
96.0
43.0
52.0
96.0
116.0
109.0
122.0
117.0
106.0
112.0
93.0
99.0
82.0
100.0
100.0
53.0
73.0
61.0
61.0
102.0
110.0
113.0
109.0
45.0
43.0
59.0
73.0
47.0
40.0
24.0
49.0
79.0
83.0
52.0
46.0
25.0
25.0
26.0
-8.0
-43.0
-47.0
-20.0
-1.0
24.0
23.0
31.0
43.0
35.0
41.0
36.0
30.0
19.0
21.0
30.0
14.0
17.0
14.0
22.0
32.0
17.0
46.0
79.0
53.0
39.0
46.0
32.0
22.0
11.0
12.0
24.0
15.0
16.0
39.0
58.0
63.0
86.0
81.0
75.0
97.0
100.0
86.0
56.0
49.0
15.0
12.0
46.0
62.0
66.0
103.0
82.0
79.0
100.0
98.0
102.0
102.0
90.0
85.0
72.0
90.0
110.0
84.0
105.0
79.0
82.0
83.0
74.0
80.0
96.0
110.0
133.0
122.0
127.0
135.0
145.0
119.0
111.0
94.0
90.0
84.0
83.0
98.0
110.0
88.0
86.0
73.0
78.0
76.0
58.0
49.0
61.0
69.0
70.0
65.0
83.0
120.0
115.0
115.0
120.0
115.0
140.0
152.0
125.0
119.0
109.0
106.0
99.0
116.0
111.0
58.0
73.0
88.0
94.0
136.0
145.0
136.0
165.0
176.0
153.0
148.0
131.0
107.0
99.0
79.0
79.0
60.0
72.0
105.0
90.0
110.0
93.0
124.0
155.0
164.0
179.0
226.0
235.0
239.0
229.0
204.0
180.0
173.0
154.0
171.0
118.0
85.0
94.0
72.0
46.0
34.0
16.0
6.0
49.0
54.0
40.0
26.0
15.0
46.0
52.0
52.0
84.0
90.0
69.0
64.0
64.0
53.0
31.0
45.0
37.0
38.0
63.0
48.0
68.0
61.0
46.0
101.0
120.0
142.0
134.0
139.0
130.0
96.0
90.0
98.0
107.0
89.0
44.0
44.0
76.0
67.0
83.0
110.0
110.0
121.0
99.0
114.0
145.0
128.0
115.0
109.0
72.0
76.0
60.0
50.0
68.0
81.0
86.0
59.0
40.0
60.0
49.0
58.0
87.0
65.0
72.0
48.0
51.0
59.0
69.0
72.0
107.0
94.0
80.0
90.0
76.0
114.0
135.0
129.0
154.0
146.0
149.0
150.0
139.0
121.0
119.0
133.0
155.0
119.0
121.0
145.0
144.0
173.0
148.0
110.0
95.0
90.0
101.0
118.0
140.0
169.0
173.0
162.0
166.0
143.0
148.0
169.0
158.0
135.0
130.0
137.0
126.0
105.0
113.0
136.0
149.0
180.0
172.0
141.0
171.0
148.0
138.0
135.0
120.0
144.0
162.0
143.0
143.0
131.0
126.0
112.0
108.0
108.0
85.0
49.0
45.0
21.0
28.0
61.0
76.0
69.0
71.0
103.0
131.0
91.0
100.0
148.0
109.0
81.0
73.0
62.0
81.0
71.0
64.0
44.0
6.0
39.0
51.0
54.0
52.0
39.0
45.0
37.0
20.0
32.0
29.0
32.0
64.0
91.0
98.0
87.0
102.0
117.0
100.0
110.0
140.0
112.0
97.0
75.0
60.0
61.0
49.0
61.0
79.0
105.0
121.0
131.0
88.0
50.0
52.0
77.0
91.0
68.0
79.0
78.0
61.0
83.0
75.0
59.0
78.0
52.0
58.0
42.0
37.0
68.0
77.0
58.0
80.0
90.0
59.0
60.0
38.0
63.0
79.0
81.0
71.0
55.0
59.0
32.0
11.0
64.0
89.0
100.0
124.0
121.0
103.0
79.0
69.0
83.0
89.0
79.0
62.0
60.0
66.0
63.0
76.0
79.0
43.0
54.0
56.0
49.0
60.0
67.0
59.0
76.0
63.0
90.0
153.0
171.0
172.0
207.0
177.0
150.0
105.0
39.0
34.0
13.0
18.0
29.0
43.0
89.0
115.0
128.0
123.0
68.0
43.0
20.0
1.0
2.0
-65.0
-99.0
-65.0
-64.0
-22.0
38.0
77.0
127.0
166.0
152.0
98.0
64.0
32.0
-6.0
-14.0
-15.0
-29.0
-45.0
-44.0
-71.0
-69.0
-21.0
49.0
83.0
100.0
130.0
127.0
121.0
113.0
104.0
79.0
49.0
42.0
3.0
-3.0
13.0
40.0
10.0
-13.0
17.0
34.0
53.0
77.0
51.0
23.0
14.0
2.0
25.0
6.0
1.0
21.0
33.0
39.0
24.0
40.0
68.0
11.0
-35.0
-31.0
-18.0
-7.0
-2.0
-14.0
-9.0
29.0
25.0
31.0
39.0
37.0
34.0
50.0
56.0
43.0
7.0
-23.0
-27.0
-5.0
2.0
-13.0
-1.0
3.0
0.0
23.0
16.0
2.0
25.0
26.0
48.0
48.0
54.0
41.0
30.0
53.0
39.0
23.0
31.0
-9.0
-43.0
-40.0
-22.0
5.0
12.0
6.0
22.0
24.0
20.0
26.0
27.0
1.0
19.0
23.0
30.0
53.0
50.0
26.0
4.0
-7.0
-7.0
-19.0
-28.0
-8.0
-12.0
-3.0
-12.0
-6.0
-21.0
-29.0
-12.0
-11.0
-7.0
22.0
6.0
16.0
29.0
18.0
31.0
41.0
18.0
-10.0
-33.0
-24.0
-38.0
-48.0
-1.0
7.0
-4.0
-2.0
31.0
27.0
4.0
-27.0
-13.0
12.0
-5.0
13.0
-8.0
-18.0
15.0
32.0
62.0
34.0
39.0
59.0
16.0
15.0
-4.0
-48.0
-52.0
-72.0
-70.0
-36.0
-37.0
-32.0
-36.0
-67.0
-66.0
-62.0
-67.0
-80.0
-73.0
-69.0
-58.0
-70.0
-36.0
-19.0
-16.0
14.0
12.0
8.0
18.0
-23.0
-55.0
-83.0
-92.0
-96.0
-142.0
-149.0
-113.0
-109.0
-87.0
-44.0
-47.0
-55.0
-82.0
-55.0
-69.0
-95.0
-55.0
-53.0
-42.0
-46.0
-65.0
-59.0
-19.0
-24.0
-2.0
-1.0
-5.0
7.0
-39.0
-47.0
-32.0
-61.0
-80.0
-102.0
-125.0
-100.0
-88.0
-79.0
-62.0
-61.0
-56.0
-76.0
-81.0
-36.0
-60.0
-72.0
-69.0
-73.0
-60.0
-100.0
-119.0
-98.0
-89.0
-77.0
-62.0
-72.0
-81.0
-47.0
-61.0
-77.0
-85.0
-109.0
-112.0
-130.0
-110.0
-71.0
-74.0
-54.0
-53.0
-47.0
-36.0
-58.0
-25.0
-14.0
-38.0
-32.0
-65.0
-69.0
-72.0
-90.0
-124.0
-150.0
-159.0
-131.0
-126.0
-87.0
-58.0
-23.0
4.0
-11.0
-33.0
-38.0
-44.0
-41.0
-46.0
-65.0
-59.0
-52.0
-62.0
-54.0
-65.0
-95.0
-111.0
-134.0
-124.0
-119.0
-91.0
-65.0
-48.0
-41.0
7.0
-3.0
-11.0
-23.0
-57.0
-30.0
-31.0
-43.0
-46.0
-62.0
-91.0
-87.0
-65.0
-49.0
-53.0
-33.0
-60.0
-60.0
-24.0
-23.0
-30.0
-16.0
-23.0
-1.0
-22.0
-62.0
-38.0
-36.0
-40.0
-20.0
-45.0
-76.0
-41.0
-23.0
-10.0
-31.0
2.0
29.0
-6.0
-28.0
-10.0
-28.0
-22.0
-41.0
-61.0
-51.0
-63.0
-67.0
-63.0
-41.0
-26.0
-14.0
-63.0
-56.0
-50.0
-56.0
-56.0
-36.0
-24.0
-5.0
27.0
27.0
9.0
9.0
-21.0
-42.0
-49.0
-59.0
-87.0
-63.0
-58.0
-36.0
-26.0
-17.0
17.0
26.0
13.0
23.0
-18.0
-31.0
-45.0
-80.0
-74.0
-80.0
-59.0
-31.0
-49.0
-64.0
-62.0
-49.0
-63.0
-73.0
-46.0
-16.0
-11.0
-36.0
-45.0
-84.0
-70.0
-67.0
-61.0
-33.0
-39.0
-43.0
-21.0
-17.0
-26.0
-25.0
-30.0
-16.0
-19.0
-42.0
-89.0
-131.0
-119.0
-110.0
-100.0
-56.0
-62.0
-91.0
-112.0
-121.0
-108.0
-118.0
-131.0
-142.0
-157.0
-185.0
-190.0
-184.0
-158.0
-138.0
-101.0
-67.0
-59.0
-57.0
-63.0
-53.0
-63.0
-93.0
-100.0
-107.0
-148.0
-156.0
-126.0
-174.0
-161.0
-154.0
-137.0
-131.0
-126.0
-105.0
-96.0
-147.0
-155.0
-159.0
-149.0
-137.0
-126.0
-171.0
-168.0
-186.0
-203.0
-187.0
-176.0
-137.0
-93.0
-73.0
-74.0
-118.0
-113.0
-110.0
-129.0
-138.0
-165.0
-152.0
-157.0
-184.0
-164.0
-150.0
-139.0
-97.0
-73.0
-72.0
-67.0
-98.0
-98.0
-84.0
-98.0
-122.0
-118.0
-101.0
-96.0
-81.0
-55.0
-67.0
-64.0
-26.0
-22.0
-11.0
-31.0
-72.0
-94.0
-74.0
-105.0
-109.0
-145.0
-121.0
-76.0
-80.0
-41.0
-15.0
-48.0
-57.0
-61.0
-77.0
-88.0
-90.0
-100.0
-112.0
-129.0
-145.0
-136.0
-163.0
-163.0
-148.0
-162.0
-152.0
-129.0
-112.0
-89.0
-23.0
-26.0
-76.0
-52.0
-56.0
-98.0
-106.0
-134.0
-148.0
-149.0
-123.0
-88.0
-100.0
-82.0
-79.0
-91.0
-81.0
-96.0
-101.0
-79.0
-72.0
-92.0
-102.0
-99.0
-148.0
-139.0
-130.0
-126.0
-112.0
-96.0
-55.0
-52.0
-57.0
-83.0
-111.0
-127.0
-125.0
-121.0
-120.0
-121.0
-137.0
-140.0
-131.0
-133.0
-151.0
-134.0
-87.0
-106.0
-84.0
-56.0
-77.0
-85.0
-89.0
-91.0
-77.0
-95.0
-103.0
-89.0
-82.0
-113.0
-100.0
-76.0
-50.0
-73.0
-80.0
-31.0
-70.0
-95.0
-78.0
-88.0
-101.0
-137.0
-145.0
-130.0
-95.0
-94.0
-95.0
-75.0
-68.0
-65.0
-44.0
-50.0
-54.0
-27.0
-32.0
-47.0
-30.0
-49.0
-44.0
-27.0
-62.0
-94.0
-51.0
-25.0
-40.0
-61.0
-76.0
-55.0
-48.0
-37.0
-33.0
-52.0
-72.0
-104.0
-118.0
-99.0
-112.0
-115.0
-111.0
-106.0
-88.0
-102.0
-93.0
-79.0
-92.0
-86.0
-79.0
-88.0
-103.0
-145.0
-148.0
-153.0
-148.0
-112.0
-101.0
-93.0
-68.0
-82.0
-61.0
-65.0
-96.0
-90.0
-76.0
-83.0
-78.0
-101.0
-98.0
-110.0
-137.0
-126.0
-121.0
-129.0
-150.0
-145.0
-126.0
-90.0
-104.0
-101.0
-103.0
-123.0
-100.0
-127.0
-134.0
-146.0
-159.0
-160.0
-138.0
-125.0
-108.0
-125.0
-100.0
-108.0
-108.0
-122.0
-142.0
-133.0
-132.0
-159.0
-154.0
-171.0
-215.0
-201.0
-191.0
-171.0
-175.0
-172.0
-143.0
-128.0
-136.0
-136.0
-138.0
-171.0
-155.0
-142.0
-134.0
-101.0
-99.0
-66.0
-41.0
-23.0
-56.0
-72.0
-61.0
-55.0
-71.0
-88.0
-92.0
-101.0
-80.0
-92.0
-91.0
-74.0
-56.0
-46.0
-63.0
-64.0
-51.0
-43.0
-21.0
11.0
-2.0
-20.0
-26.0
-41.0
-58.0
-58.0
-61.0
-62.0
-36.0
-20.0
-31.0
-27.0
-18.0
-11.0
-23.0
-16.0
-16.0
-26.0
-52.0
-74.0
-65.0
-52.0
-42.0
-1.0
11.0
34.0
58.0
21.0
38.0
46.0
49.0
44.0
-11.0
-13.0
-21.0
-53.0
-41.0
-50.0
-38.0
-29.0
-10.0
34.0
46.0
45.0
58.0
79.0
80.0
44.0
32.0
21.0
27.0
31.0
18.0
-26.0
-51.0
-41.0
-77.0
-51.0
-16.0
-11.0
5.0
-21.0
-36.0
8.0
0.0
-4.0
-14.0
-48.0
-66.0
-54.0
-70.0
-99.0
-104.0
-91.0
-59.0
-43.0
-30.0
-23.0
8.0
15.0
-17.0
-21.0
-47.0
-87.0
-109.0
-155.0
-162.0
-143.0
-177.0
-196.0
-167.0
-148.0
-119.0
-115.0
-120.0
-96.0
-93.0
-71.0
-33.0
-36.0
-46.0
-71.0
-75.0
-59.0
-79.0
-71.0
-73.0
-81.0
-36.0
-48.0
-39.0
-3.0
7.0
2.0
-26.0
-53.0
-46.0
-48.0
-47.0
-42.0
-18.0
-18.0
-32.0
-42.0
8.0
22.0
54.0
80.0
87.0
69.0
65.0
51.0
62.0
30.0
1.0
-28.0
-78.0
-78.0
-41.0
-13.0
-1.0
19.0
44.0
62.0
71.0
79.0
126.0
126.0
89.0
47.0
35.0
25.0
-19.0
-27.0
-10.0
-4.0
7.0
-24.0
16.0
40.0
34.0
32.0
10.0
-15.0
-29.0
-40.0
-59.0
-90.0
-108.0
-91.0
-70.0
-54.0
-15.0
17.0
29.0
61.0
79.0
91.0
62.0
12.0
7.0
-4.0
-16.0
-35.0
-48.0
-60.0
-69.0
-57.0
-35.0
-27.0
-18.0
4.0
15.0
30.0
26.0
6.0
12.0
-41.0
-63.0
-71.0
-76.0
-72.0
-65.0
-68.0
-49.0
-37.0
11.0
71.0
62.0
51.0
24.0
2.0
-23.0
-39.0
-29.0
-52.0
-68.0
-42.0
-61.0
-69.0
-34.0
-29.0
-46.0
-66.0
-74.0
-54.0
-21.0
-28.0
-34.0
-38.0
-39.0
-6.0
-12.0
-23.0
-36.0
-29.0
-1.0
-1.0
-21.0
-5.0
-41.0
-77.0
-73.0
-91.0
-87.0
-99.0
-100.0
-103.0
-110.0
-109.0
-120.0
-90.0
-49.0
-70.0
-48.0
-40.0
-71.0
-59.0
-41.0
-32.0
6.0
36.0
67.0
70.0
55.0
49.0
20.0
-1.0
-1.0
-24.0
-25.0
-28.0
-51.0
-65.0
-78.0
-68.0
-26.0
-1.0
-5.0
-5.0
7.0
10.0
-7.0
14.0
27.0
14.0
13.0
14.0
3.0
6.0
-15.0
-43.0
-46.0
-33.0
-48.0
-35.0
-37.0
-29.0
-4.0
-12.0
-30.0
-20.0
-10.0
-21.0
-31.0
-4.0
0.0
-7.0
-5.0
-22.0
-3.0
-2.0
-12.0
-16.0
7.0
0.0
-6.0
-1.0
-20.0
-27.0
-36.0
-37.0
-18.0
-12.0
7.0
22.0
34.0
46.0
61.0
72.0
79.0
90.0
100.0
125.0
126.0
105.0
69.0
95.0
65.0
40.0
73.0
82.0
118.0
117.0
91.0
95.0
95.0
72.0
76.0
56.0
26.0
42.0
46.0
71.0
77.0
79.0
118.0
84.0
33.0
56.0
84.0
111.0
79.0
36.0
4.0
-15.0
16.0
48.0
59.0
59.0
71.0
61.0
64.0
53.0
79.0
93.0
42.0
53.0
79.0
68.0
69.0
84.0
62.0
67.0
52.0
55.0
56.0
48.0
82.0
83.0
69.0
98.0
70.0
41.0
51.0
51.0
50.0
30.0
18.0
11.0
-6.0
6.0
50.0
55.0
32.0
14.0
44.0
41.0
22.0
42.0
31.0
36.0
35.0
17.0
13.0
43.0
56.0
63.0
84.0
88.0
84.0
71.0
88.0
69.0
24.0
29.0
44.0
39.0
37.0
15.0
26.0
68.0
71.0
58.0
37.0
42.0
27.0
22.0
52.0
44.0
49.0
40.0
29.0
19.0
54.0
51.0
60.0
47.0
39.0
44.0
46.0
18.0
7.0
-1.0
-21.0
-7.0
6.0
-8.0
-29.0
-35.0
-8.0
-6.0
-22.0
-31.0
-35.0
-3.0
-13.0
-29.0
35.0
35.0
10.0
25.0
23.0
3.0
3.0
-5.0
-7.0
0.0
-11.0
5.0
8.0
11.0
31.0
36.0
33.0
29.0
18.0
11.0
-3.0
41.0
45.0
29.0
13.0
5.0
13.0
40.0
71.0
60.0
32.0
34.0
53.0
53.0
56.0
58.0
14.0
-5.0
-11.0
-14.0
-5.0
-21.0
10.0
46.0
42.0
32.0
17.0
11.0
4.0
-8.0
-29.0
-13.0
-8.0
-28.0
-10.0
10.0
30.0
7.0
25.0
48.0
21.0
41.0
53.0
25.0
31.0
24.0
24.0
36.0
22.0
-1.0
-1.0
11.0
-10.0
-46.0
-49.0
-37.0
-49.0
-26.0
4.0
-17.0
-22.0
-17.0
-46.0
-51.0
-72.0
-83.0
-59.0
-69.0
-95.0
-97.0
-89.0
-60.0
-59.0
-79.0
-73.0
-70.0
-53.0
-59.0
-63.0
-46.0
-37.0
-43.0
-44.0
-13.0
16.0
4.0
9.0
1.0
-23.0
-29.0
-43.0
-60.0
-22.0
-4.0
-21.0
-30.0
-6.0
6.0
-40.0
-10.0
22.0
20.0
23.0
54.0
24.0
57.0
45.0
22.0
12.0
13.0
29.0
71.0
74.0
68.0
80.0
77.0
88.0
89.0
102.0
72.0
53.0
67.0
63.0
75.0
87.0
42.0
36.0
59.0
45.0
56.0
73.0
88.0
103.0
80.0
78.0
83.0
97.0
111.0
109.0
112.0
117.0
89.0
93.0
111.0
115.0
108.0
96.0
100.0
90.0
44.0
13.0
9.0
21.0
46.0
72.0
53.0
53.0
22.0
18.0
36.0
26.0
20.0
36.0
46.0
48.0
27.0
21.0
62.0
62.0
45.0
41.0
36.0
60.0
65.0
93.0
124.0
100.0
118.0
102.0
53.0
46.0
16.0
55.0
56.0
46.0
45.0
29.0
25.0
28.0
16.0
14.0
39.0
68.0
76.0
64.0
92.0
93.0
77.0
81.0
101.0
84.0
79.0
63.0
43.0
54.0
55.0
23.0
31.0
52.0
48.0
49.0
75.0
104.0
119.0
148.0
163.0
137.0
154.0
136.0
115.0
108.0
114.0
107.0
120.0
79.0
35.0
29.0
6.0
15.0
25.0
9.0
36.0
66.0
93.0
69.0
56.0
82.0
62.0
79.0
97.0
69.0
74.0
81.0
77.0
77.0
68.0
68.0
67.0
34.0
26.0
29.0
44.0
48.0
61.0
68.0
69.0
58.0
51.0
32.0
1.0
13.0
20.0
4.0
21.0
48.0
67.0
100.0
94.0
53.0
63.0
54.0
19.0
-10.0
15.0
-13.0
-16.0
-18.0
-17.0
7.0
8.0
-2.0
-1.0
14.0
20.0
49.0
32.0
33.0
58.0
64.0
91.0
99.0
71.0
51.0
0.0
-11.0
11.0
14.0
39.0
44.0
50.0
77.0
86.0
90.0
69.0
78.0
85.0
106.0
86.0
83.0
60.0
46.0
83.0
66.0
78.0
76.0
48.0
22.0
-12.0
-23.0
19.0
9.0
-6.0
-1.0
-18.0
-34.0
-56.0
-33.0
-17.0
-31.0
7.0
8.0
-8.0
-5.0
15.0
19.0
62.0
89.0
125.0
127.0
92.0
73.0
58.0
55.0
68.0
54.0
73.0
81.0
44.0
51.0
62.0
48.0
52.0
55.0
31.0
43.0
20.0
2.0
15.0
13.0
21.0
0.0
-45.0
-32.0
-12.0
22.0
-12.0
26.0
50.0
57.0
87.0
55.0
46.0
42.0
18.0
1.0
7.0
-8.0
-2.0
0.0
1.0
13.0
22.0
41.0
43.0
21.0
18.0
15.0
8.0
16.0
35.0
46.0
59.0
58.0
89.0
110.0
116.0
145.0
126.0
112.0
136.0
129.0
123.0
140.0
150.0
154.0
146.0
118.0
70.0
42.0
50.0
51.0
27.0
62.0
97.0
69.0
65.0
66.0
64.0
89.0
87.0
100.0
124.0
133.0
133.0
140.0
128.0
115.0
109.0
88.0
56.0
57.0
71.0
106.0
140.0
145.0
119.0
87.0
60.0
58.0
92.0
102.0
105.0
92.0
101.0
127.0
71.0
88.0
110.0
113.0
142.0
140.0
94.0
107.0
84.0
69.0
98.0
90.0
97.0
97.0
67.0
80.0
106.0
131.0
144.0
130.0
131.0
130.0
104.0
91.0
103.0
75.0
68.0
85.0
63.0
62.0
60.0
66.0
75.0
81.0
70.0
69.0
61.0
43.0
29.0
45.0
48.0
56.0
64.0
74.0
99.0
83.0
82.0
110.0
79.0
82.0
117.0
103.0
88.0
73.0
87.0
97.0
89.0
102.0
126.0
112.0
110.0
108.0
78.0
98.0
114.0
109.0
114.0
118.0
121.0
129.0
134.0
126.0
112.0
125.0
116.0
82.0
67.0
90.0
107.0
138.0
112.0
88.0
76.0
49.0
13.0
26.0
22.0
48.0
37.0
58.0
73.0
59.0
101.0
109.0
88.0
100.0
94.0
89.0
131.0
155.0
148.0
127.0
96.0
89.0
92.0
105.0
106.0
127.0
143.0
153.0
139.0
137.0
146.0
143.0
144.0
144.0
136.0
115.0
95.0
98.0
79.0
103.0
148.0
122.0
135.0
149.0
151.0
176.0
171.0
148.0
165.0
137.0
115.0
93.0
68.0
88.0
67.0
81.0
112.0
124.0
152.0
145.0
100.0
123.0
160.0
153.0
133.0
97.0
87.0
118.0
89.0
98.0
100.0
101.0
107.0
104.0
112.0
134.0
131.0
121.0
146.0
147.0
144.0
146.0
154.0
176.0
137.0
112.0
111.0
63.0
67.0
121.0
111.0
100.0
106.0
119.0
114.0
115.0
117.0
89.0
89.0
77.0
54.0
44.0
27.0
24.0
13.0
40.0
68.0
86.0
95.0
120.0
115.0
125.0
136.0
142.0
157.0
147.0
98.0
97.0
115.0
95.0
55.0
5.0
5.0
47.0
79.0
115.0
130.0
165.0
210.0
250.0
242.0
215.0
209.0
214.0
185.0
172.0
137.0
110.0
130.0
110.0
121.0
125.0
119.0
120.0
143.0
162.0
170.0
176.0
191.0
183.0
163.0
154.0
157.0
172.0
169.0
175.0
171.0
176.0
185.0
183.0
174.0
136.0
140.0
169.0
204.0
196.0
177.0
181.0
203.0
210.0
178.0
150.0
146.0
173.0
145.0
146.0
139.0
103.0
118.0
124.0
125.0
142.0
121.0
119.0
137.0
145.0
162.0
158.0
146.0
181.0
173.0
193.0
209.0
167.0
157.0
181.0
177.0
168.0
180.0
154.0
143.0
134.0
134.0
131.0
91.0
72.0
67.0
70.0
94.0
101.0
135.0
167.0
146.0
159.0
154.0
147.0
146.0
124.0
147.0
122.0
119.0
127.0
125.0
106.0
131.0
105.0
100.0
103.0
121.0
150.0
173.0
179.0
183.0
178.0
186.0
168.0
149.0
163.0
173.0
140.0
127.0
126.0
142.0
162.0
158.0
154.0
158.0
161.0
171.0
138.0
115.0
124.0
145.0
154.0
170.0
180.0
165.0
169.0
183.0
209.0
231.0
223.0
176.0
149.0
135.0
101.0
65.0
68.0
60.0
73.0
99.0
145.0
198.0
187.0
216.0
240.0
242.0
268.0
221.0
211.0
218.0
199.0
152.0
88.0
36.0
26.0
21.0
9.0
33.0
42.0
77.0
141.0
139.0
165.0
180.0
171.0
141.0
136.0
142.0
130.0
110.0
93.0
84.0
75.0
81.0
69.0
106.0
128.0
140.0
127.0
117.0
102.0
125.0
110.0
91.0
69.0
33.0
38.0
30.0
25.0
56.0
54.0
84.0
101.0
155.0
208.0
197.0
166.0
131.0
116.0
136.0
128.0
67.0
48.0
29.0
35.0
73.0
88.0
82.0
101.0
96.0
115.0
129.0
148.0
180.0
165.0
155.0
153.0
116.0
106.0
71.0
68.0
71.0
16.0
2.0
-12.0
-23.0
-15.0
-2.0
-5.0
47.0
57.0
62.0
86.0
76.0
69.0
35.0
28.0
37.0
37.0
45.0
76.0
48.0
46.0
48.0
40.0
29.0
29.0
41.0
70.0
50.0
15.0
-23.0
5.0
14.0
-15.0
-36.0
-46.0
-39.0
-16.0
7.0
42.0
63.0
31.0
10.0
-8.0
-23.0
-2.0
6.0
34.0
31.0
9.0
23.0
25.0
18.0
22.0
5.0
28.0
44.0
33.0
33.0
42.0
50.0
41.0
12.0
33.0
17.0
-18.0
-36.0
-30.0
-6.0
4.0
8.0
2.0
26.0
39.0
63.0
86.0
63.0
68.0
80.0
83.0
89.0
82.0
71.0
49.0
32.0
25.0
15.0
-21.0
-4.0
-5.0
8.0
7.0
-4.0
-21.0
-53.0
-42.0
-63.0
-90.0
-70.0
-80.0
-102.0
-67.0
-78.0
-76.0
-55.0
-67.0
-61.0
-65.0
-77.0
-77.0
-81.0
-69.0
-54.0
-63.0
-70.0
-89.0
-99.0
-73.0
-71.0
-65.0
-53.0
-75.0
-37.0
-1.0
7.0
2.0
-5.0
-49.0
-71.0
-92.0
-89.0
-50.0
-38.0
-6.0
10.0
8.0
25.0
29.0
23.0
-8.0
-45.0
-57.0
-73.0
-101.0
-98.0
-110.0
-148.0
-134.0
-131.0
-149.0
-166.0
-169.0
-124.0
-79.0
-45.0
-60.0
-70.0
-41.0
-42.0
-68.0
-83.0
-80.0
-104.0
-124.0
-142.0
-137.0
-100.0
-90.0
-88.0
-72.0
-49.0
-63.0
-85.0
-94.0
-118.0
-113.0
-82.0
-72.0
-83.0
-105.0
-122.0
-101.0
-117.0
-109.0
-105.0
-96.0
-79.0
-78.0
-52.0
-37.0
-33.0
-44.0
-39.0
-48.0
-70.0
-93.0
-103.0
-70.0
-86.0
-88.0
-75.0
-71.0
-67.0
-81.0
-90.0
-55.0
-70.0
-64.0
-82.0
-88.0
-55.0
-73.0
-101.0
-90.0
-75.0
-90.0
-64.0
-62.0
-55.0
-35.0
-19.0
-8.0
-22.0
-26.0
5.0
-1.0
-10.0
-27.0
-64.0
-63.0
-52.0
-70.0
-72.0
-34.0
-25.0
7.0
2.0
-15.0
-31.0
-61.0
-30.0
-12.0
-23.0
-41.0
-43.0
-62.0
-98.0
-126.0
-119.0
-130.0
-113.0
-85.0
-83.0
-83.0
-74.0
-80.0
-70.0
-87.0
-77.0
-59.0
-79.0
-90.0
-65.0
-74.0
-68.0
-72.0
-76.0
-98.0
-112.0
-102.0
-109.0
-102.0
-88.0
-84.0
-97.0
-116.0
-118.0
-86.0
-56.0
-80.0
-61.0
-37.0
-45.0
-60.0
-86.0
-76.0
-82.0
-99.0
-109.0
-89.0
-94.0
-82.0
-74.0
-69.0
-50.0
-59.0
-39.0
3.0
37.0
31.0
15.0
26.0
16.0
13.0
15.0
15.0
20.0
24.0
-10.0
-10.0
-31.0
-39.0
-12.0
-6.0
23.0
43.0
25.0
59.0
59.0
39.0
55.0
58.0
59.0
58.0
46.0
48.0
23.0
1.0
5.0
-9.0
4.0
5.0
-14.0
-2.0
-7.0
-32.0
-20.0
-2.0
-22.0
-13.0
7.0
31.0
7.0
16.0
38.0
35.0
29.0
1.0
-39.0
-53.0
-63.0
-51.0
-27.0
-33.0
-35.0
-22.0
-23.0
-45.0
-58.0
-43.0
-31.0
-16.0
-22.0
-24.0
-48.0
-65.0
-61.0
-26.0
12.0
19.0
37.0
30.0
-3.0
-4.0
-22.0
-36.0
-36.0
-32.0
-17.0
-2.0
-12.0
27.0
49.0
21.0
5.0
-26.0
-7.0
26.0
32.0
45.0
43.0
31.0
36.0
40.0
12.0
1.0
-22.0
16.0
2.0
-8.0
42.0
29.0
-1.0
-12.0
16.0
17.0
-9.0
-16.0
-11.0
-33.0
-48.0
-21.0
-26.0
-27.0
-53.0
-61.0
-77.0
-114.0
-148.0
-140.0
-164.0
-136.0
-127.0
-134.0
-114.0
-111.0
-116.0
-107.0
-95.0
-69.0
-102.0
-127.0
-101.0
-131.0
-126.0
-114.0
-130.0
-118.0
-93.0
-117.0
-128.0
-107.0
-95.0
-122.0
-151.0
-171.0
-175.0
-159.0
-159.0
-163.0
-169.0
-157.0
-175.0
-175.0
-162.0
-165.0
-135.0
-120.0
-112.0
-130.0
-133.0
-153.0
-173.0
-173.0
-169.0
-189.0
-190.0
-192.0
-167.0
-142.0
-128.0
-116.0
-86.0
-78.0
-101.0
-125.0
-137.0
-102.0
-103.0
-110.0
-106.0
-104.0
-102.0
-92.0
-101.0
-95.0
-67.0
-50.0
-45.0
-58.0
-54.0
-45.0
-58.0
-87.0
-109.0
-135.0
-133.0
-108.0
-118.0
-131.0
-120.0
-91.0
-78.0
-89.0
-95.0
-120.0
-131.0
-115.0
-109.0
-116.0
-109.0
-119.0
-108.0
-105.0
-102.0
-63.0
-78.0
-71.0
-68.0
-87.0
-118.0
-128.0
-96.0
-105.0
-107.0
-89.0
-72.0
-46.0
-22.0
-33.0
-36.0
-51.0
-88.0
-102.0
-82.0
-63.0
-97.0
-111.0
-132.0
-116.0
-129.0
-148.0
-129.0
-127.0
-140.0
-145.0
-129.0
-108.0
-88.0
-81.0
-89.0
-104.0
-105.0
-122.0
-107.0
-72.0
-68.0
-67.0
-70.0
-96.0
-99.0
-105.0
-102.0
-114.0
-114.0
-104.0
-96.0
-116.0
-112.0
-108.0
-112.0
-82.0
-66.0
-70.0
-78.0
-81.0
-72.0
-67.0
-85.0
-91.0
-87.0
-72.0
-73.0
-86.0
-81.0
-91.0
-102.0
-131.0
-130.0
-111.0
-121.0
-122.0
-99.0
-94.0
-105.0
-135.0
-114.0
-74.0
-55.0
-45.0
-27.0
-21.0
-20.0
-11.0
-23.0
-18.0
-26.0
-23.0
-44.0
-70.0
-35.0
-39.0
-55.0
-32.0
-43.0
-59.0
-25.0
-36.0
-12.0
-10.0
-36.0
-21.0
-6.0
-41.0
-50.0
-39.0
-50.0
-35.0
-24.0
-28.0
-31.0
-29.0
-30.0
-49.0
-28.0
-1.0
-15.0
-10.0
-14.0
-11.0
-8.0
-10.0
-7.0
-30.0
-59.0
-33.0
-69.0
-86.0
-53.0
-55.0
-63.0
-44.0
-24.0
-22.0
-38.0
-59.0
-65.0
-68.0
-89.0
-109.0
-149.0
-161.0
-174.0
-201.0
-203.0
-208.0
-187.0
-139.0
-116.0
-72.0
-51.0
-49.0
-31.0
-32.0
-56.0
-68.0
-88.0
-47.0
-53.0
-76.0
-79.0
-107.0
-106.0
-70.0
-76.0
-69.0
-68.0
-92.0
-92.0
-74.0
-50.0
-62.0
-83.0
-90.0
-114.0
-139.0
-137.0
-143.0
-121.0
-88.0
-90.0
-87.0
-71.0
-76.0
-94.0
-97.0
-103.0
-127.0
-129.0
-121.0
-134.0
-135.0
-122.0
-133.0
-143.0
-118.0
-129.0
-131.0
-138.0
-127.0
-135.0
-165.0
-153.0
-143.0
-153.0
-140.0
-143.0
-130.0
-82.0
-60.0
-36.0
-41.0
-69.0
-67.0
-77.0
-86.0
-76.0
-119.0
-137.0
-118.0
-119.0
-92.0
-67.0
-54.0
-45.0
-63.0
-83.0
-84.0
-102.0
-95.0
-93.0
-97.0
-76.0
-51.0
-43.0
-60.0
-66.0
-48.0
-43.0
-24.0
-10.0
-43.0
-41.0
-36.0
-71.0
-71.0
-41.0
-64.0
-82.0
-76.0
-82.0
-108.0
-125.0
-119.0
-129.0
-133.0
-90.0
-76.0
-79.0
-72.0
-97.0
-111.0
-136.0
-130.0
-131.0
-142.0
-106.0
-51.0
-63.0
-83.0
-63.0
-76.0
-83.0
-99.0
-84.0
-75.0
-105.0
-87.0
-95.0
-99.0
-84.0
-119.0
-131.0
-124.0
-154.0
-140.0
-124.0
-137.0
-150.0
-168.0
-162.0
-155.0
-178.0
-178.0
-156.0
-197.0
-194.0
-180.0
-150.0
-141.0
-174.0
-205.0
-209.0
-201.0
-167.0
-191.0
-179.0
-171.0
-192.0
-178.0
-182.0
-196.0
-167.0
-135.0
-115.0
-107.0
-126.0
-142.0
-158.0
-150.0
-133.0
-128.0
-134.0
-95.0
-96.0
-96.0
-84.0
-81.0
-72.0
-77.0
-88.0
-68.0
-97.0
-91.0
-92.0
-93.0
-89.0
-107.0
-116.0
-123.0
-144.0
-102.0
-88.0
-95.0
-81.0
-103.0
-110.0
-86.0
-67.0
-79.0
-109.0
-135.0
-128.0
-134.0
-110.0
-108.0
-135.0
-103.0
-88.0
-100.0
-90.0
-117.0
-100.0
-64.0
-102.0
-102.0
-70.0
-82.0
-83.0
-103.0
-114.0
-92.0
-124.0
-118.0
-115.0
-120.0
-125.0
-130.0
-107.0
-86.0
-89.0
-118.0
-165.0
-172.0
-147.0
-147.0
-139.0
-129.0
-149.0
-177.0
-173.0
-197.0
-187.0
-199.0
-206.0
-174.0
-130.0
-103.0
-98.0
-72.0
-59.0
-100.0
-143.0
-157.0
-177.0
-193.0
-201.0
-216.0
-189.0
-227.0
-210.0
-162.0
-154.0
-115.0
-80.0
-50.0
-27.0
-44.0
-46.0
-67.0
-110.0
-116.0
-149.0
-195.0
-227.0
-239.0
-223.0
-197.0
-159.0
-115.0
-89.0
-37.0
-25.0
-18.0
-56.0
-129.0
-147.0
-135.0
-176.0
-181.0
-136.0
-130.0
-96.0
-99.0
-111.0
-74.0
-84.0
-86.0
-69.0
-103.0
-122.0
-131.0
-158.0
-158.0
-126.0
-123.0
-99.0
-88.0
-69.0
-27.0
-29.0
-34.0
-69.0
-72.0
-63.0
-89.0
-106.0
-105.0
-149.0
-134.0
-123.0
-128.0
-93.0
-69.0
-69.0
-64.0
-48.0
-39.0
-37.0
-43.0
-43.0
-73.0
-84.0
-99.0
-112.0
-91.0
-105.0
-110.0
-97.0
-69.0
-57.0
-68.0
-108.0
-122.0
-114.0
-134.0
-94.0
-84.0
-101.0
-96.0
-93.0
-86.0
-100.0
-137.0
-129.0
-156.0
-156.0
-124.0
-114.0
-95.0
-80.0
-96.0
-105.0
-98.0
-100.0
-78.0
-71.0
-82.0
-110.0
-90.0
-98.0
-134.0
-130.0
-144.0
-159.0
-131.0
-132.0
-146.0
-124.0
-130.0
-135.0
-120.0
-110.0
-94.0
-102.0
-92.0
-106.0
-105.0
-105.0
-117.0
-123.0
-144.0
-163.0
-124.0
-88.0
-87.0
-67.0
-73.0
-101.0
-53.0
-39.0
-28.0
-24.0
-35.0
-28.0
1.0
1.0
-43.0
-27.0
-16.0
-26.0
-25.0
-3.0
-9.0
-14.0
7.0
0.0
-5.0
-10.0
-55.0
-72.0
-63.0
-30.0
-6.0
-7.0
-63.0
-82.0
-56.0
-15.0
-11.0
-8.0
21.0
37.0
15.0
7.0
-2.0
15.0
21.0
6.0
7.0
-22.0
-28.0
-34.0
-67.0
-86.0
-79.0
-119.0
-128.0
-117.0
-124.0
-98.0
-104.0
-120.0
-132.0
-155.0
-158.0
-157.0
-135.0
-101.0
-51.0
-6.0
-4.0
-8.0
-6.0
-54.0
-71.0
-86.0
-80.0
-72.0
-60.0
-43.0
-6.0
-21.0
-16.0
-6.0
-37.0
-23.0
-30.0
-54.0
-24.0
-15.0
-41.0
-29.0
-24.0
-9.0
4.0
-7.0
5.0
-26.0
-45.0
-26.0
-11.0
-7.0
14.0
27.0
55.0
74.0
71.0
63.0
44.0
58.0
34.0
2.0
-21.0
5.0
27.0
50.0
46.0
23.0
7.0
-6.0
13.0
27.0
41.0
59.0
44.0
23.0
5.0
-12.0
-35.0
-30.0
-11.0
-11.0
-27.0
-4.0
35.0
23.0
6.0
3.0
5.0
37.0
32.0
18.0
45.0
43.0
39.0
15.0
7.0
-13.0
-18.0
18.0
30.0
1.0
16.0
16.0
-16.0
22.0
15.0
-15.0
-3.0
17.0
24.0
21.0
41.0
61.0
46.0
48.0
50.0
30.0
57.0
37.0
35.0
7.0
0.0
-10.0
13.0
16.0
2.0
3.0
-32.0
-39.0
-23.0
-9.0
22.0
18.0
32.0
21.0
8.0
4.0
-4.0
24.0
29.0
22.0
39.0
-4.0
-18.0
5.0
-12.0
-18.0
-21.0
-39.0
-4.0
-43.0
-72.0
-43.0
-31.0
-36.0
-49.0
-79.0
-60.0
-36.0
-29.0
5.0
6.0
22.0
39.0
10.0
-41.0
-8.0
-10.0
3.0
12.0
7.0
5.0
-9.0
-8.0
-12.0
-3.0
31.0
8.0
-39.0
-41.0
-45.0
-37.0
-11.0
-7.0
12.0
16.0
1.0
20.0
-6.0
-12.0
3.0
11.0
28.0
55.0
86.0
57.0
52.0
54.0
42.0
4.0
21.0
22.0
1.0
-15.0
13.0
4.0
-16.0
-9.0
18.0
22.0
49.0
70.0
49.0
39.0
52.0
46.0
44.0
25.0
22.0
24.0
25.0
40.0
67.0
76.0
106.0
108.0
102.0
124.0
137.0
146.0
162.0
123.0
105.0
126.0
129.0
124.0
136.0
164.0
191.0
197.0
212.0
208.0
210.0
185.0
166.0
203.0
201.0
185.0
172.0
162.0
152.0
140.0
136.0
138.0
119.0
98.0
126.0
147.0
178.0
199.0
189.0
203.0
166.0
156.0
161.0
143.0
134.0
132.0
130.0
118.0
128.0
145.0
147.0
137.0
148.0
182.0
191.0
182.0
205.0
215.0
216.0
172.0
138.0
139.0
145.0
161.0
174.0
160.0
169.0
186.0
211.0
232.0
203.0
180.0
173.0
137.0
124.0
128.0
120.0
119.0
82.0
77.0
106.0
110.0
129.0
158.0
176.0
193.0
213.0
216.0
195.0
188.0
183.0
119.0
54.0
22.0
-5.0
11.0
76.0
107.0
173.0
197.0
224.0
252.0
253.0
217.0
158.0
124.0
82.0
36.0
31.0
34.0
18.0
32.0
25.0
31.0
81.0
111.0
124.0
148.0
173.0
171.0
148.0
117.0
86.0
72.0
48.0
50.0
50.0
76.0
47.0
27.0
64.0
72.0
70.0
105.0
126.0
123.0
133.0
140.0
126.0
130.0
127.0
111.0
102.0
111.0
84.0
53.0
67.0
60.0
50.0
60.0
64.0
102.0
125.0
150.0
153.0
122.0
107.0
112.0
84.0
75.0
47.0
18.0
50.0
53.0
52.0
51.0
82.0
154.0
194.0
207.0
192.0
142.0
118.0
118.0
105.0
125.0
116.0
96.0
139.0
169.0
194.0
198.0
165.0
219.0
242.0
234.0
289.0
276.0
281.0
299.0
254.0
230.0
204.0
176.0
155.0
122.0
91.0
112.0
103.0
107.0
144.0
171.0
175.0
155.0
119.0
88.0
80.0
48.0
15.0
13.0
44.0
52.0
38.0
70.0
71.0
87.0
101.0
72.0
54.0
76.0
97.0
85.0
74.0
101.0
87.0
53.0
93.0
72.0
56.0
78.0
54.0
34.0
22.0
13.0
38.0
44.0
43.0
59.0
46.0
38.0
32.0
-1.0
36.0
45.0
16.0
44.0
41.0
59.0
60.0
37.0
31.0
56.0
89.0
65.0
50.0
52.0
55.0
49.0
67.0
68.0
80.0
98.0
97.0
105.0
87.0
102.0
138.0
121.0
101.0
84.0
83.0
76.0
79.0
109.0
120.0
94.0
89.0
98.0
67.0
82.0
97.0
100.0
108.0
105.0
121.0
139.0
134.0
152.0
149.0
117.0
122.0
130.0
144.0
135.0
145.0
158.0
172.0
171.0
156.0
123.0
109.0
120.0
109.0
129.0
140.0
129.0
145.0
131.0
106.0
157.0
162.0
174.0
157.0
115.0
97.0
99.0
122.0
130.0
108.0
116.0
143.0
153.0
139.0
126.0
120.0
115.0
108.0
111.0
113.0
120.0
76.0
42.0
61.0
90.0
49.0
55.0
72.0
59.0
50.0
17.0
63.0
88.0
93.0
86.0
79.0
72.0
70.0
69.0
87.0
90.0
84.0
79.0
92.0
80.0
81.0
62.0
36.0
39.0
28.0
38.0
57.0
76.0
100.0
124.0
118.0
134.0
135.0
114.0
88.0
81.0
72.0
70.0
70.0
67.0
37.0
49.0
62.0
40.0
51.0
60.0
74.0
84.0
72.0
82.0
38.0
33.0
-1.0
-7.0
9.0
36.0
23.0
0.0
11.0
15.0
61.0
71.0
80.0
106.0
87.0
85.0
75.0
49.0
48.0
37.0
25.0
22.0
13.0
32.0
40.0
41.0
37.0
36.0
54.0
84.0
51.0
31.0
30.0
43.0
28.0
45.0
52.0
65.0
71.0
65.0
31.0
18.0
36.0
71.0
74.0
39.0
10.0
21.0
2.0
7.0
16.0
10.0
42.0
53.0
54.0
77.0
43.0
38.0
61.0
61.0
25.0
21.0
48.0
31.0
43.0
38.0
84.0
61.0
15.0
4.0
-18.0
-29.0
-35.0
-60.0
-29.0
-5.0
17.0
14.0
-6.0
-2.0
-20.0
3.0
1.0
-12.0
-3.0
41.0
30.0
39.0
55.0
20.0
2.0
-22.0
-21.0
-20.0
-24.0
-6.0
-19.0
-22.0
-36.0
-49.0
-72.0
-96.0
-89.0
-72.0
-55.0
-79.0
-36.0
-26.0
-36.0
-19.0
-19.0
-15.0
-13.0
-25.0
-21.0
7.0
-15.0
-14.0
15.0
31.0
37.0
30.0
62.0
39.0
26.0
46.0
60.0
62.0
60.0
27.0
18.0
44.0
26.0
8.0
14.0
17.0
58.0
53.0
21.0
22.0
20.0
7.0
-19.0
-2.0
-4.0
-27.0
-4.0
-11.0
-14.0
32.0
14.0
7.0
28.0
25.0
16.0
44.0
62.0
48.0
45.0
64.0
67.0
46.0
29.0
34.0
63.0
76.0
53.0
54.0
43.0
17.0
6.0
25.0
41.0
61.0
37.0
14.0
34.0
46.0
55.0
55.0
46.0
79.0
66.0
74.0
58.0
37.0
61.0
59.0
93.0
101.0
39.0
39.0
28.0
33.0
54.0
38.0
34.0
44.0
66.0
61.0
59.0
32.0
-8.0
-24.0
2.0
20.0
27.0
23.0
20.0
14.0
10.0
3.0
28.0
69.0
25.0
17.0
60.0
66.0
36.0
20.0
44.0
37.0
19.0
56.0
78.0
65.0
63.0
59.0
48.0
29.0
30.0
42.0
36.0
38.0
71.0
70.0
61.0
69.0
33.0
13.0
39.0
52.0
35.0
26.0
14.0
-17.0
-17.0
-14.0
-15.0
-27.0
-34.0
-59.0
-42.0
-32.0
-48.0
-8.0
11.0
-5.0
5.0
-1.0
-24.0
-24.0
-11.0
-13.0
-28.0
-22.0
-26.0
-44.0
-31.0
-2.0
-18.0
-42.0
-51.0
-41.0
-24.0
-14.0
-21.0
-30.0
-7.0
16.0
34.0
23.0
17.0
-6.0
-21.0
-9.0
-16.0
-25.0
-23.0
-10.0
-18.0
-49.0
-33.0
1.0
-5.0
12.0
-11.0
-32.0
-39.0
-53.0
-95.0
-90.0
-67.0
-67.0
-89.0
-56.0
-52.0
-70.0
-91.0
-119.0
-109.0
-98.0
-75.0
-83.0
-81.0
-86.0
-112.0
-70.0
-37.0
-59.0
-62.0
-54.0
-35.0
-66.0
-48.0
-32.0
-55.0
-34.0
-77.0
-119.0
-131.0
-112.0
-111.0
-90.0
-127.0
-139.0
-138.0
-138.0
-135.0
-133.0
-99.0
-76.0
-42.0
-29.0
-33.0
-50.0
-37.0
-36.0
-45.0
-51.0
-80.0
-95.0
-77.0
-64.0
-64.0
-67.0
-90.0
-78.0
-95.0
-92.0
-91.0
-113.0
-97.0
-118.0
-121.0
-78.0
-83.0
-96.0
-73.0
-56.0
-23.0
-26.0
-35.0
-51.0
-74.0
-80.0
-78.0
-117.0
-143.0
-124.0
-107.0
-103.0
-128.0
-100.0
-81.0
-84.0
-56.0
-64.0
-102.0
-114.0
-95.0
-80.0
-81.0
-100.0
-122.0
-138.0
-139.0
-119.0
-80.0
-73.0
-86.0
-85.0
-56.0
-62.0
-87.0
-89.0
-115.0
-95.0
-109.0
-140.0
-126.0
-111.0
-82.0
-82.0
-103.0
-71.0
-90.0
-138.0
-149.0
-140.0
-98.0
-71.0
-95.0
-91.0
-77.0
-80.0
-81.0
-68.0
-53.0
-82.0
-100.0
-99.0
-91.0
-119.0
-118.0
-101.0
-125.0
-130.0
-141.0
-156.0
-163.0
-157.0
-146.0
-147.0
-109.0
-65.0
-52.0
-46.0
-45.0
-58.0
-63.0
-56.0
-57.0
-29.0
-19.0
-21.0
-48.0
-68.0
-54.0
-62.0
-58.0
-51.0
-44.0
-36.0
-60.0
-42.0
-11.0
-34.0
-64.0
-49.0
-51.0
-47.0
-40.0
-27.0
-20.0
-52.0
-90.0
-75.0
-81.0
-51.0
-52.0
-44.0
-44.0
-53.0
-55.0
-91.0
-102.0
-102.0
-79.0
-103.0
-114.0
-118.0
-127.0
-106.0
-97.0
-97.0
-106.0
-98.0
-77.0
-69.0
-75.0
-41.0
-41.0
-54.0
-60.0
-77.0
-69.0
-65.0
-32.0
-12.0
-52.0
-55.0
-41.0
-54.0
-64.0
-76.0
-62.0
-38.0
-23.0
-18.0
-13.0
-20.0
-15.0
-46.0
-66.0
-51.0
-71.0
-98.0
-89.0
-101.0
-99.0
-107.0
-71.0
-26.0
-37.0
-74.0
-57.0
-50.0
-73.0
-82.0
-92.0
-72.0
-51.0
-86.0
-76.0
-102.0
-103.0
-88.0
-140.0
-119.0
-147.0
-146.0
-146.0
-133.0
-118.0
-138.0
-147.0
-92.0
-75.0
-101.0
-118.0
-131.0
-127.0
-93.0
-66.0
-76.0
-82.0
-82.0
-102.0
-119.0
-91.0
-106.0
-126.0
-107.0
-115.0
-94.0
-82.0
-108.0
-128.0
-111.0
-112.0
-117.0
-94.0
-73.0
-68.0
-82.0
-87.0
-96.0
-67.0
-45.0
-65.0
-48.0
-50.0
-84.0
-79.0
-108.0
-131.0
-112.0
-113.0
-69.0
-41.0
-27.0
-59.0
-66.0
-57.0
-74.0
-68.0
-53.0
-33.0
-37.0
-14.0
-55.0
-68.0
-46.0
-80.0
-64.0
-37.0
-43.0
-34.0
-35.0
-35.0
-46.0
-52.0
-64.0
-60.0
-67.0
-50.0
-23.0
-6.0
21.0
23.0
12.0
5.0
-7.0
24.0
17.0
27.0
53.0
33.0
46.0
27.0
15.0
48.0
16.0
-15.0
-36.0
-26.0
21.0
20.0
8.0
16.0
-20.0
-11.0
29.0
20.0
31.0
46.0
58.0
94.0
72.0
7.0
14.0
10.0
1.0
-1.0
18.0
27.0
33.0
49.0
46.0
24.0
21.0
12.0
-30.0
-51.0
-55.0
-58.0
-48.0
-81.0
-70.0
-49.0
-69.0
-65.0
-72.0
-86.0
-97.0
-133.0
-82.0
-61.0
-65.0
-5.0
7.0
18.0
25.0
-5.0
-17.0
-14.0
-35.0
-56.0
-31.0
-31.0
-25.0
-45.0
-54.0
-58.0
-74.0
-68.0
-85.0
-107.0
-101.0
-71.0
-64.0
-57.0
-69.0
-60.0
-90.0
-79.0
-39.0
-32.0
-10.0
3.0
-10.0
-16.0
-50.0
-88.0
-82.0
-95.0
-73.0
-108.0
-136.0
-130.0
-116.0
-118.0
-116.0
-113.0
-114.0
-135.0
-161.0
-145.0
-126.0
-122.0
-82.0
-55.0
-11.0
-11.0
-56.0
-82.0
-76.0
-67.0
-71.0
-86.0
-64.0
-36.0
-68.0
-65.0
-91.0
-112.0
-117.0
-137.0
-100.0
-88.0
-126.0
-93.0
-77.0
-87.0
-73.0
-62.0
-43.0
-20.0
-41.0
-42.0
-35.0
-83.0
-95.0
-95.0
-70.0
-73.0
-63.0
-49.0
-58.0
-67.0
-48.0
-55.0
-80.0
-98.0
-86.0
-60.0
-79.0
-109.0
-99.0
-97.0
-84.0
-56.0
-59.0
-42.0
-46.0
-59.0
-44.0
7.0
-9.0
-25.0
-21.0
-39.0
-67.0
-58.0
-16.0
-24.0
-26.0
3.0
-18.0
-31.0
-44.0
-68.0
-43.0
-29.0
-55.0
-52.0
-57.0
-26.0
-4.0
17.0
30.0
4.0
-12.0
-10.0
-1.0
16.0
-11.0
-53.0
-23.0
-44.0
-59.0
-56.0
-69.0
-59.0
-57.0
-79.0
-68.0
-80.0
-76.0
-58.0
-83.0
-94.0
-98.0
-97.0
-83.0
-73.0
-59.0
-81.0
-80.0
-58.0
-81.0
-68.0
-43.0
-42.0
-21.0
-27.0
-27.0
-13.0
-8.0
-32.0
-26.0
-14.0
-5.0
-1.0
-2.0
-5.0
-21.0
-22.0
-32.0
-42.0
-24.0
-32.0
-51.0
-54.0
-57.0
-61.0
-77.0
-97.0
-63.0
-51.0
-34.0
-23.0
-20.0
-24.0
-20.0
-41.0
-59.0
-54.0
-55.0
-51.0
-45.0
-44.0
-46.0
-53.0
-36.0
-58.0
-65.0
-61.0
-67.0
-61.0
-67.0
-100.0
-84.0
-79.0
-99.0
-60.0
-27.0
-10.0
26.0
36.0
55.0
49.0
14.0
17.0
-9.0
-64.0
-89.0
-94.0
-98.0
-86.0
-63.0
-21.0
-14.0
8.0
32.0
39.0
23.0
22.0
21.0
-3.0
-28.0
-43.0
-92.0
-146.0
-130.0
-116.0
-132.0
-75.0
-64.0
-65.0
-29.0
-49.0
-39.0
-24.0
-32.0
-25.0
-30.0
-45.0
-54.0
-27.0
-22.0
-12.0
-12.0
-22.0
-30.0
-14.0
-4.0
-17.0
6.0
13.0
-17.0
-18.0
-33.0
-55.0
-52.0
-69.0
-87.0
-77.0
-75.0
-50.0
-10.0
26.0
61.0
61.0
67.0
76.0
29.0
38.0
45.0
27.0
29.0
32.0
24.0
16.0
13.0
34.0
21.0
7.0
37.0
26.0
11.0
10.0
6.0
19.0
36.0
18.0
35.0
32.0
42.0
65.0
15.0
-32.0
-42.0
-43.0
-20.0
-13.0
-36.0
-42.0
-37.0
-7.0
16.0
11.0
49.0
45.0
12.0
18.0
33.0
51.0
25.0
15.0
44.0
44.0
44.0
30.0
33.0
43.0
43.0
26.0
16.0
23.0
16.0
25.0
17.0
22.0
14.0
2.0
-6.0
-19.0
-29.0
-53.0
-70.0
-45.0
-26.0
-33.0
-37.0
-20.0
4.0
26.0
19.0
29.0
20.0
-27.0
-34.0
-25.0
-60.0
-38.0
-7.0
-2.0
-27.0
-63.0
-44.0
-53.0
-45.0
-18.0
-18.0
-11.0
6.0
19.0
24.0
-7.0
-25.0
-49.0
-67.0
-62.0
-44.0
-12.0
-6.0
-16.0
-35.0
-51.0
-78.0
-50.0
-18.0
-13.0
5.0
-4.0
-18.0
-16.0
-26.0
1.0
-12.0
-15.0
-7.0
-22.0
-13.0
-14.0
-20.0
15.0
-1.0
-37.0
-16.0
-20.0
-35.0
-35.0
-41.0
-53.0
-56.0
-59.0
-70.0
-75.0
-51.0
-38.0
-35.0
-14.0
-5.0
14.0
30.0
21.0
16.0
18.0
11.0
37.0
11.0
-24.0
-7.0
-5.0
14.0
31.0
13.0
12.0
13.0
11.0
0.0
-14.0
-22.0
-47.0
-52.0
-31.0
-41.0
-51.0
-45.0
-64.0
-68.0
-18.0
3.0
31.0
47.0
30.0
30.0
8.0
-11.0
4.0
-26.0
-11.0
-13.0
-41.0
-30.0
-13.0
-10.0
8.0
-18.0
3.0
18.0
13.0
24.0
10.0
-8.0
-10.0
-5.0
38.0
51.0
63.0
78.0
57.0
58.0
67.0
35.0
18.0
12.0
-11.0
-19.0
-33.0
-17.0
-9.0
-27.0
-21.0
-22.0
-38.0
-37.0
-51.0
-50.0
-46.0
-38.0
17.0
33.0
22.0
33.0
33.0
52.0
86.0
54.0
68.0
69.0
60.0
58.0
38.0
17.0
20.0
5.0
2.0
2.0
-15.0
-5.0
16.0
32.0
60.0
89.0
89.0
52.0
20.0
20.0
32.0
49.0
55.0
36.0
49.0
23.0
37.0
27.0
-11.0
0.0
36.0
31.0
50.0
53.0
42.0
49.0
-6.0
7.0
32.0
42.0
60.0
60.0
37.0
22.0
1.0
33.0
46.0
46.0
71.0
50.0
73.0
89.0
95.0
65.0
54.0
63.0
50.0
23.0
4.0
15.0
-4.0
-1.0
11.0
2.0
4.0
-7.0
4.0
12.0
-19.0
-17.0
15.0
24.0
45.0
64.0
35.0
23.0
25.0
26.0
34.0
-8.0
4.0
0.0
12.0
20.0
-4.0
-6.0
32.0
-2.0
-5.0
5.0
2.0
14.0
13.0
1.0
-11.0
-11.0
18.0
18.0
31.0
61.0
77.0
31.0
33.0
40.0
64.0
67.0
41.0
28.0
22.0
29.0
56.0
50.0
37.0
59.0
64.0
43.0
47.0
69.0
60.0
31.0
46.0
40.0
52.0
91.0
75.0
86.0
102.0
84.0
87.0
101.0
64.0
45.0
52.0
91.0
109.0
84.0
82.0
84.0
87.0
109.0
121.0
128.0
130.0
105.0
80.0
84.0
58.0
59.0
45.0
60.0
99.0
87.0
121.0
147.0
126.0
134.0
109.0
97.0
103.0
111.0
137.0
157.0
157.0
139.0
106.0
95.0
73.0
53.0
76.0
51.0
32.0
37.0
36.0
58.0
36.0
4.0
9.0
52.0
58.0
61.0
68.0
65.0
81.0
98.0
134.0
145.0
115.0
122.0
113.0
98.0
98.0
79.0
74.0
70.0
77.0
80.0
77.0
100.0
117.0
116.0
86.0
51.0
48.0
46.0
35.0
30.0
49.0
49.0
35.0
60.0
78.0
81.0
80.0
97.0
115.0
114.0
115.0
100.0
72.0
70.0
68.0
63.0
98.0
77.0
49.0
52.0
35.0
35.0
47.0
64.0
64.0
34.0
46.0
54.0
56.0
95.0
112.0
103.0
142.0
155.0
157.0
158.0
140.0
137.0
157.0
137.0
121.0
102.0
88.0
81.0
84.0
49.0
13.0
51.0
62.0
37.0
47.0
70.0
57.0
89.0
118.0
101.0
74.0
72.0
72.0
84.0
58.0
54.0
39.0
54.0
91.0
90.0
75.0
58.0
41.0
43.0
15.0
26.0
39.0
48.0
67.0
70.0
108.0
138.0
133.0
120.0
83.0
53.0
53.0
43.0
47.0
73.0
67.0
63.0
79.0
54.0
74.0
52.0
44.0
58.0
68.0
46.0
43.0
71.0
92.0
86.0
79.0
115.0
142.0
118.0
89.0
70.0
96.0
98.0
113.0
134.0
108.0
114.0
134.0
109.0
97.0
90.0
87.0
102.0
79.0
79.0
74.0
84.0
97.0
117.0
129.0
118.0
97.0
123.0
118.0
89.0
67.0
78.0
89.0
76.0
82.0
112.0
100.0
78.0
74.0
77.0
85.0
102.0
117.0
128.0
131.0
124.0
119.0
93.0
55.0
70.0
53.0
46.0
48.0
37.0
65.0
86.0
79.0
99.0
98.0
98.0
91.0
66.0
58.0
44.0
48.0
31.0
44.0
54.0
34.0
35.0
64.0
52.0
34.0
75.0
97.0
86.0
75.0
54.0
27.0
-1.0
-2.0
19.0
37.0
32.0
39.0
9.0
-10.0
21.0
37.0
33.0
25.0
22.0
37.0
5.0
8.0
22.0
17.0
48.0
52.0
64.0
73.0
49.0
61.0
53.0
31.0
39.0
57.0
98.0
93.0
63.0
65.0
97.0
98.0
89.0
112.0
130.0
103.0
101.0
117.0
76.0
64.0
98.0
133.0
140.0
149.0
136.0
140.0
136.0
117.0
93.0
81.0
63.0
77.0
77.0
69.0
56.0
56.0
79.0
58.0
38.0
33.0
41.0
39.0
72.0
80.0
111.0
116.0
102.0
107.0
115.0
90.0
69.0
26.0
20.0
31.0
13.0
19.0
-4.0
10.0
41.0
34.0
26.0
34.0
46.0
54.0
35.0
58.0
54.0
23.0
26.0
41.0
72.0
62.0
29.0
29.0
56.0
65.0
70.0
80.0
61.0
30.0
36.0
78.0
70.0
42.0
42.0
26.0
35.0
50.0
45.0
52.0
41.0
1.0
-2.0
-1.0
22.0
35.0
15.0
16.0
15.0
35.0
84.0
103.0
90.0
70.0
56.0
51.0
74.0
76.0
96.0
91.0
95.0
77.0
53.0
60.0
58.0
27.0
8.0
4.0
29.0
45.0
20.0
41.0
39.0
6.0
32.0
39.0
22.0
48.0
46.0
69.0
87.0
51.0
47.0
47.0
35.0
37.0
7.0
-16.0
-6.0
-7.0
-16.0
7.0
17.0
23.0
9.0
22.0
32.0
36.0
48.0
44.0
52.0
67.0
73.0
103.0
100.0
101.0
96.0
79.0
45.0
59.0
63.0
59.0
52.0
71.0
116.0
128.0
108.0
124.0
86.0
56.0
38.0
20.0
29.0
12.0
-17.0
-4.0
-3.0
17.0
48.0
38.0
44.0
45.0
42.0
68.0
52.0
36.0
26.0
20.0
15.0
12.0
-14.0
-29.0
-24.0
-22.0
-14.0
-27.0
-9.0
-10.0
-10.0
2.0
-21.0
12.0
14.0
20.0
30.0
-15.0
5.0
33.0
22.0
39.0
67.0
78.0
79.0
43.0
54.0
50.0
53.0
91.0
73.0
54.0
51.0
42.0
42.0
42.0
19.0
21.0
22.0
20.0
53.0
46.0
30.0
32.0
42.0
55.0
36.0
33.0
50.0
37.0
27.0
37.0
20.0
46.0
46.0
11.0
-11.0
-25.0
-16.0
12.0
-3.0
-2.0
9.0
10.0
52.0
26.0
14.0
1.0
-36.0
-43.0
-7.0
-8.0
16.0
-21.0
-20.0
40.0
4.0
13.0
24.0
6.0
-18.0
-24.0
-18.0
-25.0
-34.0
-15.0
-27.0
-42.0
-25.0
-27.0
3.0
25.0
22.0
35.0
38.0
26.0
27.0
22.0
16.0
36.0
55.0
64.0
36.0
16.0
12.0
-18.0
4.0
39.0
39.0
52.0
38.0
40.0
49.0
17.0
24.0
36.0
7.0
11.0
44.0
45.0
59.0
23.0
-3.0
-23.0
-16.0
13.0
34.0
45.0
36.0
16.0
46.0
48.0
53.0
60.0
65.0
35.0
34.0
54.0
72.0
89.0
71.0
52.0
56.0
62.0
66.0
54.0
67.0
62.0
38.0
69.0
73.0
35.0
25.0
47.0
40.0
40.0
46.0
77.0
115.0
70.0
71.0
67.0
56.0
74.0
107.0
114.0
77.0
73.0
77.0
46.0
26.0
54.0
49.0
52.0
55.0
83.0
134.0
137.0
122.0
115.0
85.0
83.0
79.0
67.0
76.0
31.0
36.0
87.0
75.0
74.0
98.0
99.0
105.0
82.0
65.0
92.0
88.0
99.0
91.0
65.0
77.0
83.0
71.0
84.0
108.0
119.0
126.0
93.0
83.0
73.0
78.0
64.0
35.0
36.0
48.0
16.0
18.0
39.0
37.0
35.0
42.0
75.0
99.0
88.0
94.0
74.0
68.0
73.0
53.0
45.0
20.0
42.0
71.0
51.0
53.0
81.0
89.0
85.0
98.0
82.0
65.0
61.0
67.0
74.0
60.0
74.0
78.0
19.0
36.0
59.0
42.0
37.0
50.0
53.0
40.0
50.0
87.0
87.0
65.0
64.0
67.0
76.0
93.0
87.0
84.0
87.0
97.0
111.0
51.0
48.0
53.0
84.0
79.0
60.0
56.0
70.0
59.0
61.0
40.0
31.0
56.0
51.0
48.0
-3.0
-22.0
14.0
23.0
21.0
18.0
44.0
43.0
16.0
21.0
28.0
20.0
35.0
63.0
29.0
4.0
4.0
-24.0
-22.0
-23.0
-23.0
12.0
21.0
39.0
53.0
23.0
32.0
52.0
21.0
-4.0
14.0
-22.0
-59.0
-50.0
-39.0
-6.0
26.0
60.0
60.0
71.0
68.0
39.0
19.0
26.0
47.0
45.0
44.0
53.0
41.0
41.0
17.0
25.0
5.0
-18.0
-30.0
-13.0
-1.0
3.0
36.0
50.0
51.0
40.0
23.0
31.0
32.0
26.0
34.0
1.0
-15.0
21.0
33.0
-1.0
41.0
49.0
44.0
46.0
4.0
-2.0
-46.0
-74.0
-87.0
-73.0
-61.0
-50.0
-54.0
-23.0
-8.0
3.0
55.0
32.0
-10.0
-23.0
-18.0
4.0
-18.0
-37.0
-61.0
-80.0
-63.0
-71.0
-76.0
-87.0
-68.0
-79.0
-79.0
-62.0
-55.0
-32.0
-7.0
-12.0
-35.0
-66.0
-55.0
-67.0
-69.0
-48.0
-57.0
-50.0
-22.0
-12.0
12.0
42.0
53.0
6.0
-16.0
-25.0
-69.0
-72.0
-43.0
-67.0
-59.0
-35.0
-17.0
-16.0
-15.0
-24.0
-34.0
-35.0
-36.0
-33.0
-39.0
-40.0
-54.0
-64.0
-71.0
-69.0
-69.0
-52.0
-52.0
-32.0
-10.0
-2.0
-8.0
-22.0
-35.0
-62.0
-77.0
-96.0
-108.0
-126.0
-105.0
-112.0
-81.0
-32.0
-57.0
-49.0
-15.0
13.0
19.0
1.0
-3.0
-1.0
-15.0
-36.0
-77.0
-96.0
-73.0
-95.0
-79.0
-77.0
-90.0
-56.0
-74.0
-73.0
-38.0
-50.0
-46.0
-41.0
-70.0
-56.0
-42.0
-69.0
-41.0
-48.0
-58.0
-32.0
-22.0
-5.0
6.0
12.0
-1.0
6.0
14.0
12.0
2.0
13.0
-1.0
-20.0
-23.0
-51.0
-42.0
-22.0
-17.0
-12.0
-20.0
-31.0
-25.0
-15.0
-12.0
-31.0
-20.0
14.0
4.0
-12.0
-13.0
-16.0
-30.0
-29.0
-22.0
23.0
38.0
29.0
31.0
11.0
-12.0
-14.0
-41.0
-44.0
-19.0
-48.0
-71.0
-72.0
-56.0
-34.0
-30.0
1.0
31.0
32.0
46.0
55.0
64.0
79.0
69.0
75.0
14.0
-23.0
-30.0
-58.0
-35.0
-36.0
-37.0
-42.0
-50.0
-55.0
-54.0
-56.0
-43.0
-27.0
-46.0
-49.0
-69.0
-110.0
-106.0
-90.0
-91.0
-73.0
-56.0
-50.0
-78.0
-96.0
-66.0
-65.0
-55.0
-54.0
-92.0
-77.0
-89.0
-80.0
-59.0
-51.0
-37.0
-28.0
-19.0
-23.0
-55.0
-78.0
-64.0
-44.0
-27.0
-44.0
-82.0
-84.0
-88.0
-92.0
-81.0
-70.0
-65.0
-46.0
-27.0
11.0
-6.0
-36.0
-14.0
-2.0
-11.0
-10.0
-16.0
-5.0
-14.0
-20.0
-17.0
-31.0
-26.0
-17.0
-13.0
1.0
-29.0
-68.0
-62.0
-60.0
-45.0
-39.0
-51.0
-41.0
-42.0
-41.0
-35.0
-56.0
-39.0
-32.0
-30.0
-20.0
-58.0
-69.0
-63.0
-74.0
-71.0
-64.0
-101.0
-76.0
-41.0
-23.0
3.0
4.0
35.0
53.0
15.0
3.0
12.0
18.0
26.0
20.0
12.0
-3.0
-3.0
23.0
21.0
-3.0
15.0
-1.0
2.0
22.0
15.0
32.0
7.0
-7.0
-6.0
-3.0
-2.0
-1.0
-5.0
-13.0
-48.0
-32.0
-10.0
-31.0
-5.0
28.0
-9.0
-11.0
14.0
18.0
38.0
54.0
71.0
61.0
24.0
6.0
-4.0
-3.0
-1.0
-2.0
-10.0
-10.0
6.0
22.0
40.0
50.0
64.0
31.0
60.0
89.0
87.0
90.0
95.0
96.0
95.0
70.0
89.0
78.0
23.0
41.0
40.0
34.0
22.0
-2.0
-4.0
11.0
25.0
18.0
1.0
17.0
18.0
23.0
-2.0
-31.0
-40.0
-48.0
-62.0
-59.0
-41.0
-40.0
-63.0
-87.0
-106.0
-60.0
-67.0
-107.0
-119.0
-129.0
-86.0
-73.0
-70.0
-41.0
-52.0
-28.0
26.0
-11.0
-28.0
-23.0
-22.0
-32.0
-60.0
-59.0
-51.0
-73.0
-37.0
-31.0
-61.0
-83.0
-98.0
-78.0
-70.0
-77.0
-74.0
-79.0
-89.0
-96.0
-87.0
-88.0
-81.0
-90.0
-74.0
-41.0
-54.0
-59.0
-36.0
-2.0
24.0
34.0
44.0
41.0
33.0
58.0
36.0
14.0
43.0
24.0
2.0
-36.0
-58.0
-30.0
-39.0
-77.0
-53.0
-62.0
-77.0
-67.0
-53.0
-27.0
-28.0
-29.0
-10.0
-59.0
-80.0
-43.0
-53.0
-32.0
-41.0
-91.0
-82.0
-55.0
-39.0
-21.0
-13.0
-11.0
14.0
15.0
21.0
-7.0
-24.0
-33.0
-51.0
-42.0
-31.0
-43.0
-50.0
-61.0
-62.0
-23.0
-6.0
-29.0
-20.0
-6.0
-11.0
-21.0
-30.0
-11.0
-7.0
-9.0
-2.0
8.0
1.0
-7.0
-7.0
-25.0
-14.0
20.0
8.0
11.0
39.0
33.0
39.0
40.0
15.0
4.0
-4.0
-30.0
-17.0
-18.0
-10.0
-34.0
-33.0
-25.0
-29.0
-2.0
6.0
-35.0
-35.0
-31.0
-30.0
-31.0
-39.0
-30.0
-23.0
-60.0
-57.0
-41.0
-62.0
-79.0
-76.0
-74.0
-61.0
-63.0
-70.0
-72.0
-58.0
-58.0
-64.0
-62.0
-61.0
-63.0
-73.0
-99.0
-138.0
-133.0
-124.0
-116.0
-52.0
-26.0
-27.0
-30.0
-45.0
-32.0
-44.0
-61.0
-40.0
-46.0
-32.0
-22.0
-23.0
10.0
10.0
11.0
10.0
-9.0
2.0
-11.0
-45.0
-79.0
-98.0
-55.0
-33.0
-41.0
-20.0
-1.0
-5.0
-9.0
-2.0
-11.0
28.0
51.0
30.0
25.0
-1.0
-13.0
-10.0
-10.0
20.0
6.0
-8.0
39.0
39.0
15.0
-3.0
-15.0
-8.0
5.0
34.0
18.0
-28.0
-13.0
-39.0
-61.0
-76.0
-78.0
-25.0
11.0
31.0
68.0
97.0
90.0
87.0
60.0
32.0
6.0
-30.0
-39.0
-70.0
-65.0
-74.0
-106.0
-105.0
-101.0
-78.0
-36.0
-23.0
-17.0
3.0
-36.0
-59.0
-48.0
-81.0
-83.0
-81.0
-105.0
-109.0
-157.0
-182.0
-144.0
-130.0
-97.0
-67.0
-72.0
-44.0
-80.0
-59.0
-54.0
-67.0
-65.0
-61.0
-78.0
-81.0
-88.0
-118.0
-132.0
-159.0
-145.0
-107.0
-100.0
-95.0
-55.0
-36.0
-10.0
-16.0
-30.0
-49.0
-65.0
-78.0
-74.0
-72.0
-58.0
-63.0
-79.0
-91.0
-88.0
-56.0
-55.0
-44.0
-37.0
-36.0
-53.0
-55.0
-90.0
-125.0
-114.0
-90.0
-99.0
-111.0
-58.0
-82.0
-97.0
-97.0
-107.0
-103.0
-74.0
-71.0
-69.0
-67.0
-56.0
-59.0
-61.0
-56.0
-45.0
-41.0
-44.0
-51.0
-41.0
-37.0
-72.0
-101.0
-92.0
-99.0
-73.0
-37.0
-58.0
-90.0
-93.0
-93.0
-78.0
-97.0
-58.0
-29.0
-44.0
-27.0
-42.0
-59.0
-25.0
-31.0
-2.0
12.0
-36.0
-68.0
-70.0
-68.0
-50.0
-65.0
-79.0
-55.0
-33.0
-26.0
-95.0
-84.0
-56.0
-90.0
-109.0
-114.0
-120.0
-102.0
-115.0
-114.0
-63.0
-33.0
6.0
26.0
7.0
-17.0
-43.0
-60.0
-46.0
-62.0
-75.0
-68.0
-62.0
-76.0
-69.0
-69.0
-103.0
-115.0
-93.0
-70.0
-52.0
-12.0
17.0
18.0
-1.0
-37.0
-67.0
-84.0
-82.0
-59.0
-63.0
-46.0
-26.0
-23.0
-6.0
-23.0
-76.0
-95.0
-119.0
-122.0
-84.0
-53.0
-31.0
-19.0
3.0
29.0
4.0
-31.0
-54.0
-74.0
-63.0
-40.0
-36.0
-42.0
-53.0
-57.0
-63.0
-80.0
-29.0
16.0
-3.0
3.0
-17.0
-48.0
-33.0
-25.0
-34.0
-63.0
-36.0
-12.0
-31.0
-42.0
-43.0
-70.0
-44.0
-43.0
-66.0
-40.0
-34.0
-29.0
-45.0
-86.0
-115.0
-127.0
-130.0
-101.0
-121.0
-117.0
-117.0
-127.0
-125.0
-122.0
-93.0
-93.0
-99.0
-101.0
-95.0
-116.0
-116.0
-104.0
-106.0
-100.0
-100.0
-79.0
-68.0
-50.0
-43.0
-43.0
-78.0
-74.0
-109.0
-123.0
-112.0
-124.0
-130.0
-134.0
-110.0
-96.0
-117.0
-138.0
-128.0
-116.0
-87.0
-82.0
-103.0
-109.0
-120.0
-90.0
-72.0
-92.0
-82.0
-71.0
-59.0
-32.0
-42.0
-29.0
22.0
37.0
22.0
-13.0
-35.0
-48.0
-101.0
-126.0
-110.0
-101.0
-79.0
-67.0
-64.0
-48.0
-51.0
-19.0
-29.0
-45.0
-27.0
-26.0
-38.0
-34.0
-46.0
-36.0
-3.0
-23.0
-26.0
-15.0
-9.0
4.0
-42.0
-37.0
-16.0
-7.0
18.0
22.0
-22.0
-27.0
-13.0
20.0
18.0
36.0
57.0
57.0
68.0
50.0
16.0
5.0
11.0
10.0
-2.0
-47.0
-87.0
-56.0
-64.0
-46.0
-31.0
-88.0
-88.0
-79.0
-93.0
-72.0
-62.0
-42.0
-23.0
-55.0
-53.0
-56.0
-71.0
-61.0
-45.0
-42.0
-46.0
-44.0
-34.0
-52.0
-72.0
-69.0
-68.0
-70.0
-29.0
-22.0
-20.0
-31.0
-69.0
-32.0
-8.0
-24.0
-12.0
-26.0
-28.0
-22.0
-22.0
15.0
-1.0
-7.0
26.0
21.0
10.0
-10.0
-7.0
-11.0
-24.0
-21.0
-17.0
-29.0
8.0
30.0
-4.0
12.0
17.0
20.0
20.0
31.0
43.0
16.0
4.0
-4.0
-18.0
4.0
7.0
-22.0
-53.0
-49.0
-64.0
-37.0
-26.0
-28.0
-21.0
-34.0
-35.0
-27.0
-32.0
-41.0
-39.0
-33.0
-7.0
-23.0
-16.0
-40.0
-37.0
-8.0
-6.0
-25.0
-29.0
-12.0
3.0
14.0
3.0
0.0
-17.0
-43.0
-80.0
-118.0
-112.0
-109.0
-125.0
-114.0
-111.0
-93.0
-67.0
-72.0
-67.0
-61.0
-78.0
-89.0
-76.0
-51.0
-15.0
-28.0
-54.0
-73.0
-71.0
-40.0
-50.0
-79.0
-83.0
-102.0
-115.0
-72.0
-55.0
-80.0
-117.0
-128.0
-134.0
-135.0
-100.0
-66.0
-46.0
-36.0
-48.0
-38.0
-58.0
-54.0
-24.0
-37.0
-42.0
-24.0
-56.0
-89.0
-99.0
-142.0
-162.0
-156.0
-118.0
-102.0
-101.0
-79.0
-44.0
-31.0
-18.0
-11.0
-3.0
7.0
-46.0
-54.0
-23.0
-63.0
-76.0
-61.0
-68.0
-63.0
-47.0
-30.0
-18.0
-29.0
-2.0
8.0
-10.0
-12.0
-39.0
-59.0
-88.0
-99.0
-55.0
-1.0
-1.0
-9.0
6.0
-4.0
8.0
40.0
88.0
85.0
76.0
76.0
5.0
-40.0
-31.0
-67.0
-83.0
-49.0
-31.0
-30.0
-62.0
-33.0
10.0
38.0
74.0
83.0
74.0
46.0
8.0
-32.0
-27.0
-24.0
-48.0
-74.0
-52.0
-30.0
-51.0
-97.0
-79.0
-56.0
-2.0
54.0
74.0
60.0
43.0
49.0
55.0
27.0
20.0
1.0
-38.0
-24.0
-21.0
-25.0
-52.0
-92.0
-64.0
-9.0
41.0
70.0
96.0
96.0
90.0
85.0
75.0
51.0
24.0
31.0
9.0
-37.0
-59.0
-54.0
-9.0
49.0
98.0
130.0
134.0
143.0
141.0
120.0
96.0
25.0
-24.0
-44.0
-55.0
-31.0
5.0
10.0
20.0
27.0
64.0
125.0
138.0
127.0
101.0
46.0
-16.0
-34.0
-61.0
-60.0
1.0
53.0
87.0
90.0
85.0
104.0
107.0
111.0
93.0
89.0
48.0
24.0
3.0
-17.0
-19.0
10.0
46.0
47.0
67.0
59.0
44.0
79.0
129.0
140.0
119.0
86.0
64.0
33.0
-11.0
-8.0
-5.0
21.0
34.0
56.0
59.0
68.0
97.0
103.0
97.0
71.0
49.0
51.0
62.0
46.0
30.0
31.0
26.0
54.0
32.0
9.0
2.0
1.0
22.0
51.0
55.0
73.0
60.0
16.0
10.0
-3.0
8.0
7.0
-15.0
-20.0
-22.0
2.0
-21.0
-15.0
33.0
18.0
18.0
25.0
-4.0
-18.0
-8.0
-17.0
-20.0
-14.0
-30.0
-8.0
-9.0
-26.0
-2.0
33.0
14.0
24.0
21.0
7.0
3.0
10.0
13.0
1.0
14.0
32.0
48.0
53.0
33.0
60.0
79.0
44.0
26.0
19.0
-18.0
-10.0
-1.0
-5.0
32.0
24.0
29.0
50.0
36.0
50.0
50.0
61.0
42.0
45.0
95.0
90.0
51.0
33.0
42.0
54.0
58.0
35.0
40.0
84.0
105.0
81.0
79.0
64.0
46.0
39.0
63.0
88.0
88.0
128.0
128.0
118.0
150.0
138.0
130.0
142.0
153.0
137.0
126.0
95.0
88.0
76.0
67.0
68.0
64.0
45.0
-6.0
7.0
24.0
19.0
17.0
12.0
12.0
53.0
63.0
75.0
75.0
57.0
24.0
41.0
71.0
103.0
117.0
97.0
92.0
63.0
50.0
52.0
26.0
20.0
-24.0
-43.0
-27.0
-33.0
12.0
40.0
40.0
55.0
73.0
53.0
14.0
-8.0
7.0
-2.0
-16.0
0.0
13.0
25.0
55.0
71.0
65.0
65.0
52.0
45.0
40.0
34.0
54.0
64.0
60.0
50.0
64.0
84.0
81.0
71.0
55.0
51.0
55.0
70.0
82.0
106.0
83.0
76.0
80.0
73.0
75.0
69.0
78.0
93.0
53.0
40.0
68.0
65.0
62.0
75.0
65.0
78.0
86.0
68.0
83.0
97.0
124.0
136.0
112.0
122.0
151.0
163.0
155.0
106.0
72.0
56.0
30.0
36.0
44.0
54.0
58.0
55.0
89.0
117.0
129.0
144.0
146.0
173.0
188.0
177.0
191.0
226.0
221.0
202.0
191.0
178.0
185.0
188.0
200.0
182.0
147.0
159.0
158.0
146.0
123.0
89.0
79.0
67.0
79.0
93.0
71.0
68.0
105.0
106.0
105.0
93.0
88.0
118.0
140.0
137.0
140.0
112.0
70.0
73.0
54.0
34.0
27.0
54.0
91.0
90.0
102.0
138.0
128.0
145.0
134.0
122.0
133.0
124.0
114.0
95.0
72.0
79.0
71.0
44.0
78.0
63.0
76.0
115.0
93.0
117.0
112.0
102.0
118.0
103.0
123.0
139.0
109.0
93.0
79.0
76.0
87.0
97.0
97.0
103.0
92.0
84.0
111.0
97.0
108.0
106.0
98.0
97.0
99.0
109.0
87.0
49.0
60.0
76.0
78.0
44.0
44.0
59.0
31.0
27.0
54.0
92.0
90.0
100.0
59.0
47.0
59.0
57.0
59.0
44.0
62.0
82.0
70.0
69.0
87.0
71.0
79.0
99.0
80.0
82.0
84.0
93.0
131.0
141.0
141.0
162.0
133.0
130.0
129.0
159.0
159.0
154.0
183.0
172.0
166.0
152.0
101.0
98.0
125.0
134.0
144.0
117.0
116.0
126.0
118.0
113.0
85.0
79.0
84.0
120.0
127.0
133.0
117.0
127.0
129.0
141.0
147.0
136.0
157.0
171.0
138.0
108.0
95.0
84.0
58.0
46.0
63.0
56.0
29.0
51.0
56.0
55.0
88.0
98.0
127.0
120.0
101.0
113.0
117.0
122.0
126.0
117.0
138.0
147.0
136.0
143.0
97.0
90.0
102.0
90.0
79.0
78.0
67.0
74.0
62.0
72.0
95.0
107.0
80.0
76.0
86.0
107.0
92.0
68.0
68.0
49.0
36.0
51.0
30.0
80.0
92.0
81.0
88.0
58.0
73.0
63.0
52.0
70.0
60.0
77.0
131.0
119.0
94.0
86.0
83.0
105.0
113.0
106.0
130.0
135.0
139.0
139.0
117.0
121.0
130.0
134.0
168.0
153.0
133.0
134.0
136.0
172.0
185.0
206.0
207.0
207.0
202.0
222.0
250.0
240.0
244.0
230.0
204.0
174.0
154.0
151.0
138.0
103.0
97.0
112.0
138.0
140.0
150.0
136.0
112.0
118.0
137.0
125.0
119.0
86.0
70.0
36.0
24.0
39.0
21.0
36.0
74.0
87.0
101.0
100.0
91.0
110.0
130.0
136.0
136.0
79.0
63.0
72.0
60.0
96.0
90.0
72.0
69.0
55.0
69.0
58.0
69.0
97.0
100.0
96.0
107.0
104.0
135.0
125.0
108.0
96.0
97.0
98.0
91.0
55.0
49.0
51.0
30.0
18.0
36.0
38.0
36.0
20.0
25.0
10.0
4.0
17.0
36.0
39.0
26.0
3.0
7.0
-11.0
-26.0
-2.0
4.0
-25.0
-10.0
-28.0
-53.0
-36.0
-22.0
-4.0
-1.0
-26.0
-11.0
-7.0
-1.0
-7.0
-27.0
-47.0
-76.0
-89.0
-98.0
-114.0
-114.0
-125.0
-123.0
-76.0
-82.0
-85.0
-53.0
-25.0
-23.0
24.0
22.0
11.0
14.0
-15.0
-14.0
-19.0
3.0
11.0
-15.0
20.0
17.0
10.0
12.0
-24.0
-2.0
-2.0
-27.0
4.0
-10.0
-51.0
-47.0
-70.0
-68.0
-44.0
-23.0
13.0
33.0
15.0
22.0
40.0
81.0
62.0
34.0
16.0
-5.0
-30.0
-29.0
-52.0
-62.0
-81.0
-91.0
-63.0
-50.0
-42.0
-7.0
-6.0
7.0
40.0
48.0
65.0
73.0
76.0
87.0
76.0
59.0
66.0
47.0
33.0
42.0
37.0
39.0
36.0
22.0
42.0
1.0
-16.0
-19.0
-21.0
1.0
-7.0
-2.0
18.0
24.0
11.0
6.0
9.0
28.0
41.0
52.0
63.0
40.0
24.0
7.0
-29.0
-40.0
-53.0
-43.0
-27.0
-47.0
-17.0
-4.0
8.0
31.0
27.0
22.0
55.0
4.0
12.0
22.0
-10.0
-10.0
-26.0
-37.0
-45.0
-27.0
-35.0
-57.0
-74.0
-89.0
-129.0
-139.0
-117.0
-118.0
-95.0
-74.0
-55.0
-79.0
-46.0
-44.0
-59.0
-84.0
-92.0
-69.0
-80.0
-76.0
-61.0
-67.0
-42.0
-73.0
-58.0
-18.0
-26.0
-1.0
-31.0
-46.0
-55.0
-64.0
-41.0
-47.0
-52.0
2.0
-2.0
-14.0
45.0
24.0
-21.0
-21.0
-17.0
-4.0
3.0
11.0
-21.0
-88.0
-74.0
-48.0
-34.0
-51.0
-96.0
-64.0
-28.0
-46.0
-34.0
-51.0
-53.0
-42.0
-45.0
-17.0
-17.0
-40.0
-38.0
-44.0
-44.0
-14.0
7.0
21.0
25.0
17.0
43.0
43.0
14.0
27.0
31.0
40.0
29.0
-6.0
1.0
31.0
58.0
67.0
62.0
56.0
60.0
77.0
74.0
80.0
55.0
36.0
25.0
35.0
23.0
1.0
15.0
17.0
1.0
-3.0
4.0
-1.0
-19.0
-8.0
10.0
-11.0
-7.0
16.0
-18.0
-62.0
-45.0
-34.0
0.0
24.0
22.0
0.0
-27.0
-7.0
-17.0
-15.0
1.0
-33.0
-61.0
-50.0
-30.0
-34.0
-47.0
-70.0
-42.0
-4.0
-44.0
-30.0
-26.0
-17.0
6.0
-18.0
-62.0
-82.0
-82.0
-77.0
-81.0
-70.0
-60.0
-74.0
-82.0
-67.0
-43.0
-33.0
-58.0
-61.0
-11.0
3.0
24.0
36.0
50.0
57.0
38.0
38.0
7.0
11.0
12.0
3.0
-3.0
22.0
15.0
-25.0
-42.0
-22.0
1.0
7.0
-3.0
2.0
4.0
21.0
27.0
-7.0
-8.0
2.0
10.0
33.0
20.0
4.0
18.0
9.0
12.0
-5.0
3.0
14.0
-10.0
-4.0
5.0
-39.0
-40.0
-27.0
-31.0
-29.0
-61.0
-91.0
-62.0
-17.0
-2.0
16.0
20.0
10.0
7.0
34.0
42.0
25.0
37.0
54.0
51.0
30.0
-43.0
-59.0
-40.0
-50.0
-40.0
-26.0
-26.0
-23.0
-15.0
0.0
5.0
-4.0
7.0
18.0
-11.0
-31.0
-55.0
-42.0
-24.0
-6.0
15.0
-2.0
-35.0
-4.0
10.0
6.0
-16.0
-53.0
-30.0
-9.0
1.0
-8.0
-40.0
-48.0
-56.0
-68.0
-62.0
-55.0
-67.0
-66.0
-96.0
-95.0
-89.0
-98.0
-84.0
-77.0
-78.0
-82.0
-80.0
-51.0
-28.0
-71.0
-101.0
-91.0
-87.0
-80.0
-86.0
-105.0
-100.0
-105.0
-92.0
-109.0
-89.0
-88.0
-116.0
-92.0
-82.0
-116.0
-126.0
-129.0
-142.0
-119.0
-111.0
-122.0
-128.0
-139.0
-130.0
-128.0
-131.0
-97.0
-93.0
-73.0
-34.0
-20.0
-21.0
6.0
-27.0
-43.0
-46.0
-63.0
-62.0
-97.0
-125.0
-164.0
-176.0
-180.0
-196.0
-188.0
-160.0
-148.0
-142.0
-152.0
-159.0
-127.0
-116.0
-103.0
-99.0
-92.0
-59.0
-23.0
-22.0
-43.0
-32.0
-40.0
-41.0
-35.0
-25.0
-35.0
-58.0
-47.0
-41.0
-59.0
-64.0
-55.0
-20.0
-41.0
-53.0
-48.0
-48.0
-43.0
-7.0
9.0
-5.0
-20.0
-49.0
-40.0
-31.0
-42.0
-53.0
-70.0
-78.0
-73.0
-63.0
-62.0
-70.0
-50.0
-73.0
-86.0
-74.0
-81.0
-55.0
-57.0
-77.0
-80.0
-70.0
-79.0
-46.0
-33.0
-37.0
-27.0
-43.0
-64.0
-53.0
-82.0
-101.0
-87.0
-82.0
-99.0
-128.0
-117.0
-99.0
-120.0
-94.0
-74.0
-88.0
-99.0
-106.0
-112.0
-91.0
-92.0
-98.0
-101.0
-83.0
-76.0
-87.0
-81.0
-105.0
-139.0
-146.0
-97.0
-102.0
-104.0
-114.0
-131.0
-122.0
-143.0
-138.0
-117.0
-103.0
-85.0
-89.0
-83.0
-85.0
-103.0
-74.0
-40.0
-44.0
-18.0
-23.0
-33.0
-41.0
-56.0
-45.0
-52.0
-80.0
-66.0
-91.0
-88.0
-80.0
-86.0
-53.0
-47.0
-51.0
-60.0
-85.0
-91.0
-95.0
-100.0
-108.0
-125.0
-107.0
-110.0
-153.0
-150.0
-127.0
-126.0
-120.0
-114.0
-108.0
-98.0
-91.0
-74.0
-71.0
-71.0
-63.0
-49.0
-60.0
-76.0
-79.0
-51.0
-34.0
-42.0
-32.0
-36.0
-33.0
-59.0
-71.0
-78.0
-88.0
-107.0
-91.0
-75.0
-72.0
-45.0
-65.0
-77.0
-48.0
-74.0
-84.0
-71.0
-50.0
-31.0
-32.0
-6.0
34.0
18.0
-18.0
-74.0
-105.0
-92.0
-61.0
-35.0
-25.0
-27.0
-53.0
-73.0
-82.0
-77.0
-96.0
-70.0
-60.0
-91.0
-91.0
-98.0
-120.0
-96.0
-96.0
-116.0
-93.0
-103.0
-93.0
-86.0
-96.0
-55.0
-46.0
-65.0
-83.0
-89.0
-86.0
-68.0
-85.0
-75.0
-67.0
-72.0
-43.0
-37.0
-15.0
-19.0
-46.0
-42.0
-59.0
-49.0
-41.0
-53.0
-33.0
-50.0
-43.0
2.0
-29.0
-41.0
-23.0
-41.0
-41.0
-16.0
-42.0
-63.0
-67.0
-82.0
-105.0
-127.0
-106.0
-81.0
-101.0
-102.0
-107.0
-90.0
-73.0
-67.0
-50.0
-55.0
-58.0
-43.0
-37.0
-13.0
-13.0
-32.0
-26.0
-69.0
-82.0
-63.0
-56.0
-76.0
-64.0
-77.0
-63.0
-43.0
-60.0
-37.0
-60.0
-89.0
-59.0
-45.0
-49.0
-49.0
-35.0
-21.0
-42.0
-53.0
-40.0
-32.0
-17.0
-27.0
-44.0
-37.0
-28.0
-46.0
-50.0
-45.0
-34.0
-36.0
-29.0
-54.0
-100.0
-125.0
-109.0
-84.0
-67.0
-51.0
-31.0
0.0
-1.0
-7.0
-13.0
-22.0
-2.0
16.0
4.0
-24.0
-34.0
-23.0
-16.0
-50.0
-53.0
-42.0
-45.0
-10.0
-13.0
1.0
62.0
64.0
33.0
7.0
-31.0
-65.0
-46.0
-38.0
-10.0
3.0
-1.0
-16.0
-59.0
-46.0
-56.0
-49.0
-36.0
-35.0
-12.0
-12.0
-30.0
-60.0
-74.0
-76.0
-75.0
-60.0
-75.0
-95.0
-108.0
-103.0
-107.0
-146.0
-124.0
-103.0
-102.0
-84.0
-78.0
-31.0
-35.0
-24.0
-13.0
-55.0
-49.0
-60.0
-89.0
-93.0
-136.0
-162.0
-148.0
-146.0
-137.0
-148.0
-133.0
-89.0
-88.0
-84.0
-62.0
-79.0
-79.0
-78.0
-114.0
-100.0
-116.0
-136.0
-136.0
-110.0
-87.0
-114.0
-137.0
-130.0
-136.0
-121.0
-131.0
-143.0
-128.0
-133.0
-139.0
-125.0
-107.0
-90.0
-72.0
-82.0
-115.0
-115.0
-118.0
-94.0
-107.0
-106.0
-89.0
-136.0
-183.0
-173.0
-166.0
-150.0
-133.0
-157.0
-145.0
-124.0
-90.0
-86.0
-115.0
-106.0
-96.0
-97.0
-72.0
-82.0
-85.0
-75.0
-92.0
-78.0
-90.0
-92.0
-58.0
-35.0
-37.0
-2.0
12.0
19.0
-2.0
-4.0
-11.0
-39.0
-34.0
-40.0
-45.0
-53.0
-55.0
-40.0
-61.0
-93.0
-81.0
-72.0
-79.0
-63.0
-77.0
-58.0
-37.0
-66.0
-70.0
-27.0
-1.0
26.0
10.0
-6.0
21.0
8.0
8.0
22.0
20.0
18.0
-33.0
-62.0
-72.0
-104.0
-120.0
-125.0
-112.0
-96.0
-79.0
-73.0
-54.0
-42.0
-22.0
-1.0
-5.0
4.0
-5.0
5.0
-4.0
-48.0
-64.0
-64.0
-82.0
-65.0
-79.0
-60.0
-34.0
-51.0
-38.0
-13.0
-16.0
-32.0
4.0
-4.0
-39.0
-26.0
-26.0
-57.0
-71.0
-50.0
-42.0
-28.0
-8.0
8.0
21.0
48.0
56.0
45.0
24.0
-30.0
-56.0
-68.0
-69.0
-87.0
-108.0
-87.0
-92.0
-93.0
-99.0
-89.0
-46.0
-20.0
-2.0
-11.0
-7.0
1.0
-12.0
-26.0
-30.0
-28.0
-40.0
-60.0
-59.0
-7.0
30.0
3.0
3.0
41.0
25.0
6.0
19.0
24.0
20.0
-5.0
-8.0
-25.0
-48.0
-53.0
-55.0
-47.0
-52.0
-73.0
-55.0
-38.0
-2.0
39.0
18.0
-7.0
-48.0
-119.0
-116.0
-88.0
-127.0
-128.0
-91.0
-93.0
-81.0
-61.0
-50.0
-27.0
-18.0
-24.0
-21.0
7.0
3.0
1.0
-1.0
-18.0
-21.0
-27.0
-37.0
-36.0
-26.0
-39.0
-56.0
-58.0
-44.0
-29.0
-22.0
-18.0
-31.0
-52.0
-53.0
-37.0
-31.0
-47.0
-50.0
-59.0
-46.0
-60.0
-81.0
-41.0
-15.0
-1.0
-26.0
-36.0
-61.0
-99.0
-95.0
-66.0
-48.0
-21.0
-35.0
-26.0
-1.0
-16.0
-32.0
-16.0
-3.0
1.0
13.0
10.0
15.0
19.0
44.0
64.0
62.0
39.0
-16.0
-24.0
-14.0
-55.0
-54.0
-46.0
-53.0
-20.0
7.0
29.0
32.0
14.0
17.0
16.0
18.0
30.0
3.0
-38.0
-37.0
-19.0
-8.0
-7.0
-3.0
-3.0
-27.0
1.0
36.0
42.0
61.0
73.0
51.0
37.0
3.0
-14.0
-25.0
-14.0
15.0
39.0
23.0
15.0
13.0
25.0
54.0
47.0
54.0
67.0
55.0
83.0
96.0
88.0
70.0
54.0
85.0
91.0
73.0
96.0
69.0
52.0
57.0
32.0
39.0
66.0
40.0
53.0
39.0
27.0
59.0
55.0
53.0
36.0
23.0
40.0
40.0
40.0
36.0
56.0
69.0
43.0
27.0
27.0
13.0
14.0
42.0
43.0
59.0
55.0
13.0
7.0
32.0
75.0
87.0
120.0
129.0
131.0
107.0
137.0
154.0
154.0
168.0
128.0
100.0
73.0
42.0
47.0
29.0
20.0
26.0
15.0
29.0
47.0
36.0
31.0
49.0
31.0
39.0
55.0
57.0
39.0
35.0
70.0
72.0
61.0
80.0
69.0
71.0
71.0
48.0
50.0
44.0
40.0
47.0
42.0
54.0
49.0
23.0
60.0
87.0
84.0
71.0
69.0
49.0
67.0
90.0
107.0
85.0
82.0
115.0
96.0
98.0
110.0
113.0
124.0
145.0
166.0
191.0
168.0
150.0
142.0
134.0
151.0
137.0
118.0
136.0
124.0
96.0
92.0
90.0
79.0
67.0
75.0
85.0
30.0
23.0
30.0
23.0
16.0
26.0
23.0
55.0
84.0
90.0
93.0
76.0
126.0
127.0
93.0
131.0
138.0
118.0
111.0
115.0
127.0
120.0
107.0
107.0
121.0
152.0
148.0
133.0
130.0
90.0
92.0
98.0
69.0
78.0
99.0
94.0
78.0
44.0
17.0
22.0
32.0
42.0
8.0
-2.0
8.0
13.0
-19.0
-20.0
-37.0
-55.0
-55.0
-71.0
-65.0
-70.0
-65.0
-6.0
29.0
22.0
36.0
35.0
16.0
20.0
-1.0
1.0
2.0
21.0
44.0
34.0
32.0
-6.0
-18.0
3.0
7.0
40.0
59.0
101.0
97.0
95.0
107.0
108.0
96.0
101.0
110.0
116.0
124.0
110.0
95.0
131.0
133.0
124.0
130.0
90.0
51.0
21.0
2.0
28.0
41.0
35.0
39.0
54.0
68.0
59.0
51.0
66.0
72.0
91.0
83.0
41.0
36.0
26.0
42.0
72.0
71.0
71.0
56.0
10.0
18.0
41.0
57.0
82.0
74.0
57.0
29.0
10.0
23.0
40.0
60.0
91.0
84.0
78.0
111.0
91.0
94.0
117.0
108.0
122.0
99.0
53.0
54.0
75.0
80.0
63.0
37.0
72.0
31.0
18.0
35.0
-14.0
-29.0
-32.0
-29.0
-8.0
-14.0
-15.0
21.0
20.0
4.0
12.0
9.0
18.0
32.0
61.0
82.0
67.0
60.0
49.0
20.0
-16.0
-16.0
-5.0
-29.0
-27.0
21.0
38.0
45.0
58.0
29.0
-1.0
44.0
74.0
58.0
57.0
62.0
55.0
27.0
26.0
24.0
0.0
4.0
13.0
13.0
21.0
22.0
31.0
32.0
7.0
1.0
-13.0
2.0
42.0
56.0
65.0
49.0
78.0
108.0
93.0
72.0
36.0
9.0
-7.0
-10.0
-13.0
-32.0
-40.0
-1.0
12.0
3.0
-14.0
-3.0
6.0
-14.0
-3.0
28.0
61.0
36.0
58.0
52.0
62.0
90.0
68.0
33.0
38.0
65.0
72.0
63.0
43.0
35.0
40.0
5.0
36.0
42.0
45.0
97.0
113.0
115.0
112.0
94.0
91.0
59.0
50.0
97.0
144.0
140.0
129.0
153.0
126.0
93.0
115.0
112.0
83.0
72.0
52.0
52.0
61.0
34.0
37.0
74.0
49.0
44.0
57.0
63.0
71.0
71.0
81.0
100.0
68.0
92.0
97.0
117.0
127.0
110.0
96.0
128.0
120.0
125.0
121.0
96.0
70.0
74.0
61.0
44.0
45.0
78.0
95.0
86.0
105.0
108.0
68.0
64.0
44.0
35.0
40.0
35.0
27.0
16.0
53.0
50.0
53.0
94.0
92.0
89.0
83.0
46.0
46.0
95.0
116.0
106.0
111.0
147.0
188.0
182.0
188.0
195.0
174.0
188.0
188.0
131.0
157.0
178.0
159.0
145.0
122.0
134.0
132.0
128.0
137.0
131.0
119.0
160.0
145.0
151.0
141.0
83.0
77.0
84.0
84.0
87.0
67.0
58.0
55.0
53.0
82.0
93.0
74.0
81.0
72.0
66.0
35.0
24.0
55.0
43.0
37.0
43.0
24.0
56.0
66.0
45.0
84.0
146.0
119.0
84.0
117.0
115.0
78.0
78.0
85.0
92.0
96.0
99.0
87.0
56.0
68.0
75.0
65.0
87.0
82.0
95.0
88.0
95.0
100.0
93.0
107.0
90.0
81.0
98.0
94.0
119.0
132.0
111.0
131.0
125.0
78.0
71.0
52.0
35.0
28.0
14.0
38.0
51.0
80.0
109.0
125.0
122.0
84.0
59.0
72.0
70.0
79.0
54.0
40.0
58.0
52.0
50.0
73.0
60.0
62.0
70.0
47.0
31.0
34.0
39.0
60.0
74.0
80.0
70.0
48.0
79.0
95.0
107.0
118.0
107.0
62.0
28.0
14.0
14.0
21.0
15.0
24.0
20.0
12.0
21.0
7.0
3.0
2.0
10.0
29.0
7.0
23.0
30.0
-3.0
3.0
11.0
13.0
49.0
58.0
70.0
46.0
24.0
26.0
31.0
44.0
49.0
-10.0
-7.0
-8.0
-33.0
5.0
11.0
36.0
72.0
52.0
51.0
59.0
14.0
-2.0
-4.0
-15.0
16.0
11.0
16.0
27.0
-4.0
-10.0
-25.0
-37.0
-30.0
2.0
2.0
-2.0
-32.0
-15.0
-16.0
6.0
36.0
6.0
12.0
26.0
35.0
67.0
38.0
-10.0
-4.0
-5.0
-1.0
-2.0
-42.0
-49.0
-79.0
-94.0
-71.0
-75.0
-35.0
6.0
-1.0
-7.0
-31.0
-39.0
6.0
12.0
24.0
37.0
8.0
17.0
22.0
-18.0
-29.0
-21.0
-25.0
-30.0
-48.0
-46.0
-47.0
-60.0
-56.0
-44.0
-29.0
-5.0
-16.0
-44.0
-52.0
-26.0
-12.0
-28.0
-20.0
-26.0
-25.0
-26.0
-45.0
-43.0
-44.0
-50.0
-20.0
0.0
-47.0
-43.0
-9.0
-7.0
-12.0
-14.0
-24.0
-12.0
-15.0
-34.0
-22.0
-20.0
9.0
25.0
31.0
53.0
51.0
41.0
39.0
53.0
70.0
70.0
74.0
80.0
70.0
55.0
41.0
34.0
32.0
11.0
25.0
36.0
-15.0
-19.0
27.0
31.0
41.0
22.0
-16.0
-2.0
-25.0
-16.0
1.0
45.0
81.0
71.0
62.0
73.0
68.0
88.0
95.0
69.0
37.0
29.0
51.0
52.0
32.0
50.0
42.0
5.0
-12.0
-15.0
0.0
-6.0
1.0
17.0
38.0
19.0
24.0
20.0
12.0
-14.0
-26.0
-49.0
-37.0
-37.0
-30.0
-30.0
-42.0
-26.0
-7.0
11.0
-1.0
-25.0
-10.0
-2.0
-33.0
5.0
41.0
39.0
46.0
39.0
45.0
54.0
68.0
62.0
32.0
12.0
-26.0
-44.0
-82.0
-104.0
-101.0
-70.0
-54.0
-42.0
-49.0
-42.0
-17.0
-35.0
-13.0
-5.0
-14.0
-15.0
-32.0
1.0
23.0
18.0
24.0
28.0
33.0
29.0
30.0
29.0
21.0
18.0
13.0
35.0
8.0
16.0
25.0
20.0
14.0
17.0
21.0
15.0
-27.0
-55.0
-74.0
-70.0
-51.0
-51.0
-64.0
-66.0
-63.0
-67.0
-50.0
-47.0
-43.0
-35.0
-11.0
7.0
4.0
10.0
1.0
-26.0
-18.0
-10.0
-39.0
-52.0
-67.0
-68.0
-55.0
-32.0
-29.0
-50.0
-27.0
-29.0
-50.0
-45.0
-37.0
-39.0
-24.0
-30.0
-44.0
-12.0
-31.0
-22.0
-18.0
-32.0
-45.0
-54.0
-42.0
-34.0
-62.0
-58.0
-49.0
-80.0
-86.0
-90.0
-105.0
-85.0
-91.0
-94.0
-86.0
-75.0
-71.0
-78.0
-76.0
-71.0
-49.0
-32.0
-64.0
-85.0
-49.0
-29.0
-10.0
-20.0
-56.0
-58.0
-20.0
-10.0
-18.0
-48.0
-60.0
-23.0
-46.0
-59.0
-25.0
-31.0
-44.0
-44.0
-41.0
-41.0
-62.0
-66.0
-45.0
-40.0
-42.0
-76.0
-81.0
-28.0
-24.0
-18.0
-35.0
-80.0
-87.0
-61.0
-61.0
-69.0
-66.0
-70.0
-70.0
-69.0
-59.0
-44.0
-41.0
-4.0
8.0
13.0
-26.0
-54.0
-48.0
-63.0
-76.0
-61.0
-54.0
-54.0
-33.0
-26.0
-13.0
-22.0
-55.0
-33.0
-22.0
9.0
-2.0
-30.0
-24.0
-14.0
-5.0
-7.0
-13.0
8.0
10.0
-14.0
-16.0
-21.0
-50.0
-61.0
-52.0
-49.0
-34.0
-18.0
1.0
17.0
0.0
13.0
29.0
10.0
-30.0
-64.0
-71.0
-65.0
-72.0
-72.0
-79.0
-76.0
-79.0
-84.0
-71.0
-41.0
-45.0
-50.0
-35.0
-11.0
-6.0
-57.0
-61.0
-42.0
-26.0
-42.0
-39.0
-4.0
6.0
-8.0
17.0
3.0
-36.0
-34.0
-44.0
-39.0
-17.0
-12.0
-13.0
-34.0
-48.0
-33.0
-25.0
-30.0
-39.0
-51.0
-43.0
-42.0
-45.0
-37.0
-32.0
-1.0
18.0
-5.0
11.0
27.0
17.0
16.0
-2.0
1.0
14.0
10.0
22.0
26.0
10.0
6.0
-10.0
-26.0
-49.0
-44.0
-44.0
-57.0
-69.0
-76.0
-85.0
-85.0
-87.0
-102.0
-81.0
-55.0
-43.0
-27.0
-3.0
29.0
17.0
-20.0
-39.0
-74.0
-107.0
-71.0
-40.0
-51.0
-46.0
-13.0
17.0
3.0
-3.0
22.0
7.0
-14.0
-13.0
-31.0
-61.0
-87.0
-65.0
-53.0
-64.0
-62.0
-24.0
12.0
39.0
-1.0
-1.0
-6.0
-45.0
-47.0
-44.0
-64.0
-54.0
-92.0
-109.0
-41.0
-2.0
15.0
36.0
24.0
11.0
-2.0
11.0
17.0
-15.0
-30.0
-59.0
-87.0
-111.0
-150.0
-182.0
-187.0
-172.0
-150.0
-113.0
-79.0
