4 0.236613
5 0.256165
7 0.295493
9 0.324341
11 0.340388
13 0.346764
16 0.345431
20 0.336541
23 0.328836
28 0.315820
33 0.304935
38 0.296075
45 0.284674
52 0.273128
60 0.259882
69 0.245611
79 0.230943
91 0.215305
104 0.201013
119 0.187633
135 0.176525
154 0.167247
174 0.162070
198 0.161636
223 0.166981
252 0.178308
285 0.194502
321 0.212878
362 0.232045
407 0.249938
457 0.267207
513 0.283658
575 0.298461
645 0.312730
723 0.327801
809 0.345828
905 0.368173
1011 0.394305
1130 0.425652
1261 0.461813
1407 0.499004
1570 0.534026
