4 0.342542
5 0.382017
7 0.468391
9 0.548227
11 0.612030
13 0.658779
16 0.705180
20 0.741119
23 0.757291
28 0.772976
33 0.780481
38 0.783082
45 0.781431
52 0.775843
60 0.766504
69 0.753732
79 0.738032
91 0.718469
104 0.697656
119 0.674987
135 0.652578
154 0.628210
174 0.605182
198 0.581306
223 0.560247
252 0.539420
285 0.519434
321 0.500762
362 0.482605
407 0.466046
457 0.449476
513 0.431939
575 0.413635
645 0.395142
723 0.378057
809 0.363008
905 0.350841
1011 0.344966
1130 0.346640
1261 0.356884
1407 0.374698
1570 0.397357
1750 0.421750
