4 0.369154
5 0.355499
7 0.353734
9 0.372728
11 0.400446
13 0.430033
16 0.471198
20 0.516405
23 0.542530
28 0.573177
33 0.593560
38 0.608228
45 0.622242
52 0.630338
60 0.633710
69 0.631608
79 0.624343
91 0.611885
104 0.597172
119 0.581514
135 0.567899
154 0.555587
174 0.545490
198 0.535931
223 0.528579
252 0.522826
285 0.518603
321 0.515193
362 0.512690
407 0.511627
457 0.511537
513 0.513111
575 0.516880
645 0.522963
723 0.531572
809 0.543580
905 0.559647
1011 0.578385
1130 0.599723
1261 0.623298
1407 0.647760
1570 0.671128
1750 0.692198
