4 0.252368
5 0.297699
7 0.398499
9 0.495654
11 0.577533
13 0.639803
16 0.704250
20 0.761285
23 0.793385
28 0.835289
33 0.866624
38 0.889797
45 0.912204
52 0.926545
60 0.936866
69 0.943938
79 0.948570
91 0.951600
104 0.953122
119 0.953605
135 0.953282
154 0.952314
174 0.950889
198 0.948959
223 0.946859
252 0.944470
285 0.942137
321 0.940094
362 0.938302
407 0.936618
457 0.934674
513 0.932304
575 0.929461
645 0.925999
723 0.921783
809 0.916715
905 0.910278
1011 0.903007
1130 0.895543
1261 0.888639
1407 0.882619
1570 0.877416
