4 0.773476
5 0.732182
7 0.691798
9 0.682235
11 0.681865
13 0.684520
16 0.689844
20 0.695404
23 0.697485
28 0.696862
33 0.693413
38 0.690230
45 0.687271
52 0.685285
60 0.684144
69 0.682802
79 0.681483
91 0.680673
104 0.680301
119 0.680293
135 0.680941
154 0.682113
174 0.683976
198 0.687194
223 0.690690
252 0.693076
285 0.692789
321 0.690249
362 0.685807
407 0.677674
457 0.664487
513 0.646724
575 0.623937
645 0.595645
723 0.563126
809 0.527586
905 0.491130
1011 0.455467
1130 0.423075
1261 0.396606
1407 0.376204
1570 0.359372
1750 0.342957
