4 0.800316
5 0.759255
7 0.708185
9 0.698595
11 0.706131
13 0.720194
16 0.745263
20 0.778859
23 0.802231
28 0.835272
33 0.860331
38 0.879086
45 0.897632
52 0.909967
60 0.919489
69 0.926362
79 0.930778
91 0.933220
104 0.933748
119 0.932747
135 0.930642
154 0.927496
174 0.924037
198 0.920250
223 0.916819
252 0.913002
285 0.908491
321 0.903263
362 0.897051
407 0.890398
457 0.883418
513 0.876626
575 0.871056
645 0.866862
723 0.863801
809 0.862141
905 0.862360
1011 0.862935
1130 0.862556
1261 0.861540
1407 0.860405
1570 0.859726
1750 0.859647
