4 0.562410
5 0.532231
7 0.501358
9 0.521221
11 0.555050
13 0.587797
16 0.628993
20 0.670274
23 0.694549
28 0.727531
33 0.754516
38 0.776352
45 0.799155
52 0.814860
60 0.826421
69 0.833739
79 0.837123
91 0.837012
104 0.833591
119 0.827007
135 0.818355
154 0.807045
174 0.794373
198 0.778263
223 0.760661
252 0.739482
285 0.714516
321 0.686885
362 0.656011
407 0.624370
457 0.592303
513 0.559457
575 0.526417
645 0.493776
723 0.463687
809 0.436117
905 0.410550
1011 0.387202
1130 0.365489
1261 0.346032
1407 0.328987
1570 0.314476
