4 0.535781
5 0.580553
7 0.659136
9 0.720183
11 0.763631
13 0.794008
16 0.825917
20 0.855094
23 0.870747
28 0.888928
33 0.900363
38 0.907495
45 0.913096
52 0.915526
60 0.915772
69 0.913814
79 0.909718
91 0.903154
104 0.894966
119 0.884951
135 0.873993
154 0.860939
174 0.847376
198 0.831112
223 0.814675
252 0.796635
285 0.777180
321 0.756945
362 0.734653
407 0.710332
457 0.682744
513 0.651230
575 0.616672
645 0.579083
723 0.538075
809 0.494052
905 0.448373
1011 0.405237
1130 0.369205
1261 0.344260
1407 0.331948
1570 0.326264
