4 0.577162
5 0.606701
7 0.654276
9 0.686830
11 0.708110
13 0.722658
16 0.738258
20 0.754098
23 0.764170
28 0.778417
33 0.789228
38 0.796778
45 0.802414
52 0.803218
60 0.800767
69 0.796100
79 0.789808
91 0.781038
104 0.769973
119 0.755499
135 0.738730
154 0.718197
174 0.696496
198 0.670677
223 0.644292
252 0.614572
285 0.582921
321 0.551854
362 0.520775
407 0.490872
457 0.461632
513 0.432859
575 0.405047
645 0.378427
723 0.353982
809 0.332022
905 0.312974
1011 0.296893
1130 0.283072
1261 0.272145
1407 0.264089
1570 0.262892
1750 0.273389
