4 0.873048
5 0.886510
7 0.910715
9 0.929895
11 0.943438
13 0.952581
16 0.961671
20 0.969555
23 0.973606
28 0.978185
33 0.981063
38 0.982972
45 0.984727
52 0.985855
60 0.986704
69 0.987360
79 0.987885
91 0.988336
104 0.988665
119 0.988892
135 0.989001
154 0.988999
174 0.988885
198 0.988615
223 0.988169
252 0.987439
285 0.986327
321 0.984813
362 0.982807
407 0.980348
457 0.977421
513 0.974003
575 0.970345
645 0.966779
723 0.963473
809 0.960534
905 0.957759
1011 0.955275
1130 0.953397
1261 0.951783
1407 0.950320
1570 0.948858
