4 0.797768
5 0.807274
7 0.825541
9 0.841187
11 0.854504
13 0.866039
16 0.881392
20 0.899367
23 0.910534
28 0.924233
33 0.932913
38 0.938285
45 0.942562
52 0.944529
60 0.945038
69 0.944277
79 0.942437
91 0.939441
104 0.935607
119 0.930769
135 0.925409
154 0.918997
174 0.912293
198 0.904452
223 0.896917
252 0.889404
285 0.882380
321 0.875763
362 0.869125
407 0.863267
457 0.858805
513 0.855957
575 0.854607
645 0.854689
723 0.856180
809 0.858180
905 0.858793
1011 0.857924
1130 0.856089
1261 0.854068
1407 0.852851
1570 0.851631
