4 0.092719
5 0.127731
7 0.206949
9 0.284258
11 0.350601
13 0.404314
16 0.466342
20 0.523986
23 0.553320
28 0.584742
33 0.602236
38 0.610771
45 0.612832
52 0.607831
60 0.597603
69 0.583458
79 0.566377
91 0.545673
104 0.524277
119 0.501500
135 0.478881
154 0.453648
174 0.429100
198 0.403167
223 0.380999
252 0.361146
285 0.344200
321 0.330766
362 0.321460
407 0.318174
457 0.320535
513 0.326674
575 0.335334
645 0.346348
723 0.358949
809 0.371635
905 0.383990
1011 0.394819
1130 0.406622
1261 0.419721
1407 0.430947
1570 0.434393
