4 0.512098
5 0.517351
7 0.535014
9 0.552029
11 0.567007
13 0.580981
16 0.601082
20 0.625106
23 0.638838
28 0.651913
33 0.657061
38 0.660401
45 0.665286
52 0.668309
60 0.669903
69 0.670220
79 0.668507
91 0.664588
104 0.658298
119 0.648587
135 0.636393
154 0.621730
174 0.608713
198 0.597359
223 0.588891
252 0.580576
285 0.571776
321 0.562974
362 0.554257
407 0.547721
457 0.544343
513 0.544039
575 0.545075
645 0.547188
723 0.550152
809 0.552732
905 0.555030
1011 0.558128
1130 0.563213
1261 0.569960
1407 0.577281
1570 0.584629
