4 0.638152
5 0.632505
7 0.625265
9 0.624582
11 0.630038
13 0.639152
16 0.654796
20 0.675901
23 0.691214
28 0.712219
33 0.728541
38 0.742393
45 0.758267
52 0.770072
60 0.779971
69 0.787496
79 0.792422
91 0.795338
104 0.796408
119 0.796040
135 0.794471
154 0.791371
174 0.787374
198 0.782724
223 0.778174
252 0.772882
285 0.767388
321 0.762405
362 0.757734
407 0.752867
457 0.747325
513 0.741651
575 0.735824
645 0.730240
723 0.724832
809 0.717947
905 0.708752
1011 0.698026
1130 0.685798
1261 0.674308
1407 0.667938
1570 0.661655
