4 0.839868
5 0.805080
7 0.740310
9 0.716403
11 0.720317
13 0.739314
16 0.778766
20 0.826930
23 0.854344
28 0.885539
33 0.904737
38 0.916789
45 0.926868
52 0.932391
60 0.935552
69 0.936760
79 0.936410
91 0.934649
104 0.931801
119 0.927765
135 0.922885
154 0.916689
174 0.910172
198 0.902672
223 0.895407
252 0.887892
285 0.880275
321 0.872975
362 0.865794
407 0.858705
457 0.850900
513 0.841601
575 0.830765
645 0.818698
723 0.805974
809 0.792644
905 0.778215
1011 0.763524
1130 0.748064
1261 0.731312
1407 0.713281
1570 0.695390
