4 0.239720
5 0.254229
7 0.293924
9 0.346049
11 0.398279
13 0.441146
16 0.490122
20 0.539269
23 0.568518
28 0.607973
33 0.638369
38 0.662261
45 0.687172
52 0.704510
60 0.718321
69 0.728620
79 0.735627
91 0.739256
104 0.738648
119 0.734374
135 0.727789
154 0.718861
174 0.708888
198 0.696476
223 0.683656
252 0.668730
285 0.651062
321 0.632666
362 0.614139
407 0.596039
457 0.579347
513 0.565565
575 0.555570
645 0.549248
723 0.547258
809 0.549013
905 0.553850
1011 0.559948
1130 0.565492
1261 0.572054
1407 0.585098
1570 0.600252
