4 0.424550
5 0.428757
7 0.446323
9 0.472527
11 0.501458
13 0.529782
16 0.569878
20 0.618621
23 0.649624
28 0.689095
33 0.716896
38 0.737936
45 0.759056
52 0.772759
60 0.782349
69 0.787746
79 0.789306
91 0.787122
104 0.781741
119 0.773977
135 0.765473
154 0.755637
174 0.745755
198 0.734611
223 0.723924
252 0.713133
285 0.702235
321 0.691009
362 0.680094
407 0.669828
457 0.660693
513 0.653588
575 0.648065
645 0.642125
723 0.636632
809 0.631969
905 0.629281
1011 0.628378
1130 0.628411
1261 0.627754
1407 0.627208
1570 0.628549
