4 0.540878
5 0.577457
7 0.639079
9 0.688878
11 0.727928
13 0.758022
16 0.791501
20 0.823006
23 0.841013
28 0.864285
33 0.881718
38 0.894866
45 0.908096
52 0.917228
60 0.924492
69 0.930148
79 0.934402
91 0.937556
104 0.939346
119 0.940122
135 0.939994
154 0.938975
174 0.937313
198 0.934885
223 0.932012
252 0.928244
285 0.923433
321 0.917911
362 0.911298
407 0.903236
457 0.893316
513 0.881718
575 0.868670
645 0.854721
723 0.840342
809 0.825578
905 0.810215
1011 0.795926
1130 0.782359
1261 0.767674
1407 0.751817
1570 0.735249
1750 0.718768
