55.0
46.0
38.0
26.0
18.0
16.0
18.0
41.0
18.0
14.0
48.0
-2.0
-7.0
-6.0
-20.0
-41.0
-44.0
-77.0
-42.0
-36.0
-33.0
-20.0
-15.0
0.0
-14.0
-39.0
-70.0
-61.0
-48.0
-61.0
-78.0
-89.0
-109.0
-87.0
-101.0
-96.0
-72.0
-93.0
-88.0
-111.0
-110.0
-97.0
-83.0
-87.0
-76.0
-100.0
-107.0
-106.0
-137.0
-139.0
-125.0
-136.0
-128.0
-139.0
-140.0
-134.0
-128.0
-148.0
-143.0
-106.0
-99.0
-99.0
-56.0
-67.0
-36.0
-58.0
-44.0
-25.0
-25.0
-17.0
14.0
-5.0
13.0
14.0
14.0
26.0
34.0
40.0
61.0
49.0
62.0
60.0
64.0
43.0
37.0
33.0
63.0
76.0
70.0
78.0
88.0
104.0
75.0
87.0
56.0
62.0
30.0
62.0
60.0
84.0
81.0
57.0
70.0
57.0
37.0
41.0
32.0
43.0
52.0
52.0
71.0
88.0
81.0
71.0
70.0
84.0
18.0
28.0
38.0
41.0
34.0
36.0
38.0
45.0
44.0
22.0
39.0
54.0
48.0
48.0
34.0
49.0
45.0
25.0
40.0
26.0
26.0
47.0
46.0
10.0
49.0
6.0
2.0
4.0
-5.0
-8.0
-17.0
-36.0
-53.0
-49.0
-38.0
-40.0
-77.0
-76.0
-71.0
-88.0
-74.0
-108.0
-88.0
-82.0
-77.0
-110.0
-107.0
-99.0
-133.0
-147.0
-123.0
-153.0
-117.0
-136.0
-123.0
-129.0
-119.0
-133.0
-152.0
-150.0
-149.0
-152.0
-151.0
-153.0
-156.0
-156.0
-128.0
-149.0
-116.0
-95.0
-106.0
-121.0
-133.0
-106.0
-112.0
-109.0
-128.0
-116.0
-127.0
-139.0
-128.0
-132.0
-123.0
-126.0
-109.0
-114.0
-140.0
-139.0
-155.0
-137.0
-139.0
-138.0
-130.0
-147.0
-126.0
-149.0
-160.0
-175.0
-169.0
-147.0
-142.0
-135.0
-124.0
-131.0
-130.0
-133.0
-114.0
-116.0
-99.0
-91.0
-42.0
-48.0
-55.0
-62.0
-53.0
-49.0
-16.0
-14.0
1.0
-21.0
-4.0
-2.0
-4.0
-10.0
-4.0
14.0
-5.0
46.0
39.0
16.0
12.0
37.0
64.0
73.0
75.0
48.0
42.0
1.0
9.0
-2.0
-1.0
-15.0
-39.0
-44.0
-58.0
-42.0
-57.0
-39.0
-43.0
-34.0
-36.0
-32.0
-26.0
-43.0
-47.0
-60.0
-37.0
-43.0
-44.0
-76.0
-48.0
-48.0
-18.0
-45.0
-61.0
-58.0
-70.0
-67.0
-44.0
-40.0
-32.0
-21.0
-42.0
-34.0
-41.0
-45.0
-60.0
-74.0
-61.0
-39.0
-50.0
-47.0
-57.0
-56.0
-57.0
-78.0
-90.0
-70.0
-84.0
-88.0
-99.0
-98.0
-74.0
-95.0
-76.0
-109.0
-116.0
-86.0
-136.0
-142.0
-133.0
-121.0
-88.0
-128.0
-92.0
-111.0
-82.0
-105.0
-103.0
-93.0
-105.0
-108.0
-135.0
-88.0
-118.0
-96.0
-74.0
-83.0
-67.0
-78.0
-83.0
-100.0
-59.0
-101.0
-111.0
-79.0
-90.0
-89.0
-68.0
-57.0
-61.0
-70.0
-71.0
-84.0
-81.0
-105.0
-68.0
-88.0
-103.0
-127.0
-121.0
-100.0
-108.0
-107.0
-110.0
-101.0
-105.0
-46.0
-60.0
-108.0
-74.0
-100.0
-107.0
-102.0
-102.0
-110.0
-120.0
-112.0
-126.0
-124.0
-114.0
-96.0
-100.0
-106.0
-93.0
-119.0
-104.0
-81.0
-94.0
-82.0
-80.0
-69.0
-45.0
-50.0
-43.0
-34.0
-3.0
-7.0
13.0
-11.0
-14.0
-12.0
-40.0
-21.0
-3.0
-23.0
-20.0
-8.0
2.0
15.0
15.0
13.0
31.0
10.0
-3.0
5.0
14.0
-15.0
-12.0
11.0
-3.0
10.0
-21.0
-4.0
14.0
0.0
-17.0
4.0
26.0
12.0
35.0
20.0
30.0
32.0
12.0
40.0
46.0
44.0
46.0
35.0
37.0
36.0
36.0
26.0
49.0
38.0
27.0
31.0
26.0
20.0
8.0
35.0
15.0
30.0
5.0
11.0
-9.0
-8.0
10.0
15.0
-6.0
14.0
13.0
-14.0
13.0
13.0
-17.0
-10.0
-12.0
-23.0
-40.0
-22.0
-31.0
-20.0
-16.0
-12.0
-37.0
-17.0
-24.0
-32.0
-40.0
-49.0
-34.0
-50.0
-49.0
-78.0
-35.0
-39.0
-6.0
-20.0
-14.0
-41.0
-44.0
-40.0
-35.0
-32.0
-48.0
-70.0
-68.0
-64.0
-93.0
-70.0
-82.0
-79.0
-100.0
-96.0
-89.0
-116.0
-100.0
-104.0
-119.0
-115.0
-110.0
-139.0
-117.0
-127.0
-87.0
-90.0
-101.0
-97.0
-121.0
-141.0
-148.0
-145.0
-155.0
-131.0
-153.0
-141.0
-135.0
-156.0
-186.0
-158.0
-163.0
-155.0
-138.0
-126.0
-119.0
-116.0
-105.0
-93.0
-98.0
-84.0
-104.0
-107.0
-78.0
-69.0
-64.0
-84.0
-71.0
-54.0
-55.0
-52.0
-48.0
-38.0
-44.0
-44.0
-41.0
-13.0
-22.0
-20.0
-24.0
16.0
0.0
-12.0
-1.0
-15.0
-8.0
21.0
-12.0
-8.0
-24.0
-43.0
-32.0
-42.0
-39.0
-65.0
-59.0
-70.0
-53.0
-27.0
-21.0
-20.0
-66.0
-42.0
-49.0
-29.0
-29.0
-4.0
-20.0
-36.0
-18.0
-55.0
-44.0
-52.0
-15.0
-23.0
25.0
8.0
14.0
24.0
39.0
0.0
33.0
9.0
24.0
5.0
21.0
-14.0
-1.0
-24.0
-27.0
-23.0
-14.0
14.0
-7.0
-19.0
-25.0
-58.0
-67.0
-60.0
-72.0
-53.0
-37.0
-24.0
-45.0
-43.0
-53.0
-53.0
-46.0
-46.0
-52.0
-64.0
-66.0
-67.0
-64.0
-64.0
-73.0
-65.0
-98.0
-106.0
-82.0
-106.0
-85.0
-110.0
-110.0
-115.0
-92.0
-93.0
-93.0
-87.0
-99.0
-87.0
-85.0
-95.0
-100.0
-124.0
-134.0
-140.0
-120.0
-118.0
-94.0
-73.0
-84.0
-85.0
-64.0
-30.0
-21.0
-20.0
-28.0
-37.0
-46.0
-36.0
-19.0
-46.0
-56.0
-52.0
-38.0
-48.0
-34.0
-57.0
-59.0
-88.0
-90.0
-75.0
-69.0
-43.0
-77.0
-53.0
-62.0
-87.0
-20.0
-22.0
-26.0
-32.0
-16.0
-6.0
-2.0
-11.0
-2.0
29.0
32.0
44.0
44.0
36.0
51.0
36.0
38.0
18.0
40.0
39.0
50.0
57.0
41.0
70.0
84.0
84.0
79.0
98.0
67.0
80.0
70.0
71.0
56.0
63.0
44.0
43.0
36.0
-8.0
30.0
69.0
72.0
86.0
62.0
85.0
74.0
69.0
82.0
93.0
68.0
58.0
39.0
64.0
63.0
57.0
53.0
52.0
59.0
46.0
33.0
9.0
31.0
-5.0
6.0
5.0
5.0
-11.0
5.0
11.0
4.0
10.0
5.0
-3.0
-4.0
1.0
-24.0
-16.0
-25.0
-13.0
-21.0
-17.0
-4.0
-13.0
-2.0
-34.0
-45.0
-25.0
-44.0
-29.0
-48.0
-61.0
-56.0
-30.0
-43.0
-18.0
-32.0
-33.0
-33.0
-33.0
-34.0
-37.0
-60.0
-58.0
-26.0
-31.0
-13.0
-34.0
-44.0
-62.0
-76.0
-69.0
-65.0
-62.0
-69.0
-68.0
-71.0
-57.0
-70.0
-59.0
-55.0
-71.0
-61.0
-61.0
-50.0
-59.0
-50.0
-65.0
-53.0
-59.0
-27.0
-48.0
-57.0
-96.0
-85.0
-99.0
-80.0
-92.0
-61.0
-98.0
-82.0
-69.0
-81.0
-79.0
-61.0
-45.0
-32.0
-42.0
-37.0
-2.0
-6.0
-8.0
14.0
22.0
23.0
4.0
7.0
15.0
17.0
26.0
36.0
26.0
24.0
-6.0
2.0
32.0
29.0
32.0
59.0
59.0
58.0
64.0
60.0
96.0
73.0
61.0
64.0
76.0
73.0
70.0
63.0
69.0
61.0
42.0
60.0
64.0
64.0
64.0
58.0
58.0
85.0
58.0
65.0
75.0
44.0
70.0
44.0
54.0
68.0
52.0
71.0
45.0
53.0
37.0
39.0
47.0
29.0
21.0
39.0
27.0
19.0
4.0
36.0
27.0
22.0
-12.0
10.0
-1.0
15.0
-10.0
-38.0
-31.0
-45.0
-37.0
-13.0
-24.0
-40.0
-45.0
-34.0
-33.0
-63.0
-46.0
-67.0
-49.0
-72.0
-51.0
-56.0
-65.0
-45.0
-48.0
-58.0
-41.0
-39.0
-39.0
-49.0
-70.0
-60.0
-56.0
-31.0
-44.0
-46.0
-60.0
-83.0
-76.0
-59.0
-59.0
-55.0
-32.0
-40.0
-67.0
-57.0
-36.0
-55.0
-51.0
-47.0
-66.0
-78.0
-77.0
-71.0
-85.0
-81.0
-76.0
-83.0
-81.0
-101.0
-96.0
-89.0
-99.0
-108.0
-122.0
-119.0
-112.0
-131.0
-88.0
-104.0
-93.0
-92.0
-76.0
-48.0
-27.0
4.0
-3.0
-10.0
10.0
23.0
21.0
55.0
64.0
91.0
59.0
76.0
71.0
74.0
72.0
84.0
79.0
84.0
89.0
85.0
109.0
161.0
148.0
146.0
138.0
145.0
126.0
134.0
123.0
119.0
144.0
139.0
127.0
128.0
126.0
141.0
152.0
149.0
161.0
141.0
156.0
138.0
121.0
139.0
144.0
125.0
111.0
101.0
109.0
116.0
103.0
92.0
105.0
112.0
103.0
100.0
88.0
82.0
79.0
72.0
69.0
76.0
54.0
80.0
82.0
67.0
81.0
86.0
72.0
43.0
14.0
30.0
36.0
30.0
32.0
43.0
41.0
20.0
13.0
30.0
16.0
39.0
25.0
35.0
18.0
7.0
9.0
-10.0
-25.0
-19.0
-4.0
-36.0
-30.0
-42.0
-44.0
-20.0
-22.0
-29.0
-64.0
-61.0
-61.0
-50.0
-43.0
-43.0
-55.0
-31.0
-45.0
-60.0
-69.0
-54.0
-59.0
-84.0
-73.0
-64.0
-63.0
-79.0
-73.0
-69.0
-76.0
-77.0
-76.0
-84.0
-80.0
-101.0
-108.0
-107.0
-105.0
-97.0
-90.0
-98.0
-97.0
-103.0
-128.0
-114.0
-117.0
-96.0
-124.0
-94.0
-98.0
-83.0
-63.0
-54.0
-46.0
-43.0
-27.0
-26.0
-27.0
15.0
18.0
14.0
34.0
34.0
4.0
11.0
55.0
45.0
58.0
51.0
58.0
93.0
76.0
121.0
93.0
112.0
117.0
111.0
115.0
160.0
147.0
137.0
126.0
119.0
112.0
125.0
85.0
119.0
123.0
78.0
90.0
91.0
103.0
84.0
158.0
128.0
121.0
152.0
114.0
125.0
110.0
105.0
115.0
116.0
97.0
63.0
114.0
89.0
94.0
107.0
64.0
88.0
63.0
76.0
74.0
65.0
79.0
51.0
54.0
43.0
45.0
54.0
50.0
37.0
11.0
23.0
10.0
8.0
2.0
2.0
1.0
-11.0
5.0
-10.0
-30.0
0.0
-16.0
-23.0
-14.0
0.0
-21.0
-32.0
-34.0
-22.0
-54.0
-44.0
-53.0
-44.0
-36.0
-64.0
-48.0
-69.0
-54.0
-83.0
-77.0
-58.0
-74.0
-62.0
-33.0
-48.0
-63.0
-62.0
-54.0
-27.0
-4.0
-24.0
-5.0
-54.0
-62.0
-66.0
-89.0
-106.0
-88.0
-87.0
-54.0
-80.0
-91.0
-120.0
-120.0
-122.0
-116.0
-118.0
-95.0
-81.0
-92.0
-121.0
-131.0
-166.0
-168.0
-167.0
-169.0
-166.0
-125.0
-142.0
-115.0
-110.0
-120.0
-117.0
-121.0
-115.0
-103.0
-92.0
-80.0
-63.0
-36.0
-19.0
-6.0
-19.0
-12.0
-6.0
19.0
11.0
-7.0
-23.0
-23.0
-22.0
8.0
17.0
28.0
41.0
71.0
44.0
64.0
83.0
68.0
58.0
59.0
33.0
48.0
73.0
71.0
93.0
95.0
103.0
90.0
56.0
50.0
29.0
14.0
20.0
7.0
18.0
14.0
30.0
21.0
34.0
26.0
27.0
32.0
35.0
49.0
41.0
41.0
3.0
-24.0
-8.0
7.0
12.0
31.0
32.0
13.0
11.0
34.0
17.0
36.0
25.0
48.0
48.0
25.0
24.0
29.0
1.0
21.0
-21.0
1.0
-20.0
-36.0
-15.0
-44.0
-33.0
-36.0
-56.0
-48.0
-42.0
-36.0
-59.0
-46.0
-26.0
-58.0
-45.0
-71.0
-65.0
-73.0
-88.0
-76.0
-83.0
-80.0
-45.0
-63.0
-70.0
-65.0
-100.0
-66.0
-71.0
-62.0
-85.0
-87.0
-103.0
-121.0
-141.0
-135.0
-154.0
-142.0
-166.0
-171.0
-186.0
-193.0
-187.0
-213.0
-193.0
-196.0
-228.0
-226.0
-242.0
-231.0
-256.0
-240.0
-243.0
-262.0
-264.0
-250.0
-249.0
-282.0
-267.0
-278.0
-280.0
-271.0
-277.0
-282.0
-276.0
-280.0
-287.0
-291.0
-283.0
-280.0
-269.0
-256.0
-274.0
-216.0
-259.0
-235.0
-225.0
-223.0
-194.0
-184.0
-158.0
-144.0
-129.0
-115.0
-150.0
-135.0
-144.0
-125.0
-132.0
-104.0
-84.0
-103.0
-69.0
-34.0
-29.0
-33.0
-27.0
-25.0
-23.0
-50.0
6.0
-18.0
11.0
15.0
26.0
18.0
0.0
16.0
8.0
34.0
54.0
51.0
11.0
-7.0
-3.0
11.0
23.0
44.0
3.0
14.0
10.0
27.0
49.0
21.0
39.0
39.0
41.0
74.0
71.0
74.0
30.0
17.0
40.0
14.0
56.0
39.0
48.0
49.0
88.0
90.0
96.0
65.0
72.0
98.0
85.0
113.0
105.0
95.0
120.0
67.0
76.0
112.0
83.0
142.0
150.0
196.0
167.0
208.0
233.0
212.0
243.0
194.0
237.0
254.0
209.0
232.0
202.0
285.0
295.0
308.0
306.0
309.0
311.0
306.0
309.0
311.0
310.0
291.0
303.0
273.0
258.0
230.0
216.0
252.0
211.0
221.0
168.0
162.0
125.0
93.0
91.0
68.0
42.0
55.0
15.0
-4.0
-17.0
-28.0
-52.0
-46.0
-87.0
-101.0
-110.0
-113.0
-98.0
-130.0
-122.0
-154.0
-160.0
-164.0
-171.0
-167.0
-190.0
-189.0
-181.0
-187.0
-213.0
-224.0
-179.0
-202.0
-162.0
-176.0
-156.0
-172.0
-161.0
-131.0
-137.0
-128.0
-129.0
-122.0
-139.0
-134.0
-113.0
-108.0
-136.0
-145.0
-145.0
-147.0
-167.0
-150.0
-137.0
-168.0
-128.0
-140.0
-131.0
-123.0
-144.0
-150.0
-136.0
-150.0
-140.0
-159.0
-148.0
-116.0
-133.0
-112.0
-97.0
-96.0
-84.0
-98.0
-126.0
-130.0
-135.0
-138.0
-137.0
-115.0
-109.0
-116.0
-106.0
-96.0
-93.0
-92.0
-82.0
-76.0
-77.0
-61.0
-44.0
-102.0
-61.0
-58.0
-49.0
-24.0
-55.0
-68.0
2.0
-46.0
-43.0
-95.0
-89.0
-62.0
-50.0
-114.0
-173.0
-128.0
-173.0
-110.0
-169.0
-119.0
-108.0
-135.0
-100.0
-116.0
-114.0
-166.0
-106.0
-74.0
-58.0
-20.0
-69.0
-42.0
-34.0
-3.0
41.0
49.0
102.0
99.0
157.0
113.0
164.0
171.0
178.0
172.0
199.0
229.0
184.0
202.0
248.0
192.0
262.0
246.0
259.0
231.0
180.0
192.0
156.0
154.0
174.0
114.0
143.0
67.0
108.0
-15.0
55.0
79.0
82.0
69.0
96.0
137.0
261.0
268.0
309.0
296.0
293.0
282.0
286.0
293.0
280.0
288.0
287.0
304.0
295.0
291.0
301.0
305.0
306.0
276.0
289.0
211.0
223.0
218.0
174.0
142.0
188.0
51.0
119.0
12.0
-5.0
-21.0
-53.0
-12.0
-91.0
-101.0
-88.0
-120.0
-167.0
-209.0
-229.0
-201.0
-258.0
-208.0
-241.0
-287.0
-284.0
-287.0
-288.0
-293.0
-290.0
-291.0
-290.0
-289.0
-289.0
-288.0
-286.0
-288.0
-289.0
-287.0
-288.0
-286.0
-287.0
-286.0
-289.0
-288.0
-289.0
-289.0
-290.0
-289.0
-290.0
-291.0
-291.0
-292.0
-291.0
-291.0
-291.0
-290.0
-288.0
-286.0
-286.0
-286.0
-283.0
-282.0
-281.0
-280.0
-280.0
-278.0
-281.0
-281.0
-282.0
-283.0
-282.0
-285.0
-285.0
-287.0
-288.0
-289.0
-289.0
-289.0
-290.0
-291.0
-290.0
-270.0
-282.0
-266.0
-279.0
-288.0
-271.0
-281.0
-280.0
-265.0
-266.0
-259.0
-243.0
-229.0
-237.0
-232.0
-210.0
-212.0
-181.0
-178.0
-165.0
-175.0
-174.0
-145.0
-161.0
-165.0
-156.0
-95.0
-142.0
-124.0
-114.0
-102.0
-105.0
-93.0
-120.0
-82.0
-61.0
-78.0
-106.0
-114.0
-139.0
-112.0
-111.0
-116.0
-139.0
-163.0
-190.0
-155.0
-133.0
-176.0
-162.0
-134.0
-131.0
-159.0
-130.0
-117.0
-97.0
-99.0
-89.0
-78.0
-24.0
-36.0
-13.0
2.0
49.0
79.0
71.0
97.0
54.0
114.0
64.0
102.0
149.0
176.0
182.0
204.0
225.0
190.0
228.0
237.0
224.0
234.0
271.0
293.0
309.0
312.0
311.0
312.0
312.0
307.0
307.0
304.0
291.0
284.0
281.0
273.0
258.0
299.0
291.0
308.0
303.0
312.0
310.0
310.0
312.0
308.0
310.0
304.0
295.0
286.0
311.0
304.0
312.0
309.0
303.0
254.0
240.0
272.0
278.0
296.0
294.0
294.0
306.0
275.0
281.0
275.0
289.0
274.0
294.0
244.0
250.0
216.0
218.0
237.0
229.0
229.0
199.0
195.0
206.0
240.0
180.0
188.0
183.0
190.0
187.0
202.0
201.0
183.0
188.0
211.0
197.0
174.0
166.0
194.0
206.0
199.0
213.0
217.0
184.0
193.0
185.0
211.0
184.0
171.0
203.0
190.0
164.0
204.0
168.0
196.0
201.0
175.0
180.0
191.0
197.0
185.0
243.0
229.0
244.0
241.0
234.0
186.0
215.0
197.0
213.0
203.0
231.0
229.0
231.0
249.0
264.0
307.0
305.0
312.0
310.0
312.0
310.0
311.0
311.0
309.0
311.0
310.0
309.0
310.0
310.0
312.0
311.0
312.0
312.0
312.0
310.0
286.0
295.0
294.0
308.0
287.0
271.0
288.0
260.0
253.0
251.0
258.0
275.0
280.0
286.0
271.0
302.0
263.0
246.0
269.0
243.0
240.0
238.0
219.0
241.0
216.0
209.0
221.0
201.0
195.0
189.0
218.0
239.0
193.0
171.0
154.0
135.0
140.0
140.0
164.0
165.0
161.0
192.0
164.0
147.0
169.0
133.0
122.0
117.0
119.0
111.0
105.0
97.0
115.0
106.0
115.0
142.0
135.0
119.0
136.0
114.0
106.0
82.0
87.0
73.0
85.0
100.0
73.0
95.0
101.0
88.0
91.0
77.0
73.0
98.0
84.0
93.0
85.0
73.0
64.0
62.0
63.0
55.0
44.0
35.0
49.0
80.0
88.0
101.0
92.0
102.0
94.0
67.0
29.0
32.0
23.0
30.0
-1.0
5.0
1.0
12.0
-8.0
-2.0
-4.0
-5.0
-28.0
4.0
-11.0
12.0
14.0
-13.0
11.0
1.0
-16.0
-30.0
-39.0
-40.0
-36.0
-12.0
-5.0
-4.0
3.0
29.0
20.0
25.0
51.0
1.0
41.0
51.0
48.0
64.0
107.0
89.0
129.0
153.0
121.0
113.0
97.0
86.0
88.0
102.0
116.0
111.0
103.0
92.0
95.0
142.0
130.0
148.0
150.0
118.0
142.0
157.0
153.0
137.0
145.0
152.0
141.0
127.0
149.0
157.0
143.0
157.0
150.0
152.0
137.0
120.0
102.0
145.0
117.0
117.0
113.0
94.0
116.0
119.0
126.0
142.0
120.0
137.0
136.0
117.0
104.0
140.0
125.0
144.0
136.0
131.0
127.0
127.0
139.0
112.0
108.0
105.0
109.0
111.0
109.0
105.0
104.0
98.0
118.0
147.0
148.0
129.0
162.0
181.0
124.0
142.0
141.0
146.0
128.0
118.0
108.0
90.0
79.0
74.0
58.0
63.0
50.0
69.0
59.0
44.0
35.0
29.0
57.0
55.0
48.0
38.0
46.0
13.0
49.0
58.0
49.0
56.0
63.0
50.0
33.0
19.0
7.0
18.0
15.0
15.0
-22.0
-10.0
-8.0
1.0
-7.0
-1.0
-1.0
15.0
-10.0
3.0
-7.0
2.0
2.0
-35.0
-24.0
-16.0
-2.0
-41.0
-2.0
-29.0
-5.0
-40.0
-11.0
-14.0
-22.0
4.0
-13.0
41.0
30.0
58.0
55.0
59.0
57.0
76.0
68.0
84.0
94.0
88.0
112.0
129.0
102.0
130.0
142.0
139.0
135.0
130.0
144.0
154.0
115.0
112.0
128.0
126.0
123.0
126.0
138.0
134.0
148.0
100.0
97.0
114.0
114.0
105.0
141.0
114.0
120.0
147.0
152.0
152.0
143.0
158.0
149.0
186.0
176.0
172.0
176.0
159.0
163.0
167.0
157.0
163.0
156.0
160.0
138.0
136.0
122.0
143.0
133.0
142.0
125.0
138.0
151.0
159.0
128.0
131.0
119.0
98.0
88.0
110.0
58.0
88.0
81.0
62.0
36.0
64.0
74.0
63.0
56.0
68.0
34.0
29.0
24.0
44.0
30.0
36.0
32.0
35.0
38.0
18.0
16.0
-10.0
4.0
-1.0
-40.0
-26.0
-31.0
-8.0
-31.0
-3.0
2.0
-6.0
-1.0
-2.0
1.0
22.0
22.0
25.0
16.0
-6.0
-9.0
6.0
2.0
-10.0
-12.0
-21.0
-25.0
-22.0
-6.0
-25.0
7.0
-20.0
0.0
9.0
-11.0
13.0
10.0
2.0
10.0
6.0
1.0
4.0
-15.0
1.0
21.0
-8.0
1.0
2.0
26.0
31.0
64.0
54.0
70.0
73.0
86.0
92.0
92.0
125.0
87.0
111.0
127.0
133.0
139.0
157.0
158.0
157.0
167.0
164.0
150.0
150.0
165.0
149.0
155.0
146.0
162.0
135.0
153.0
181.0
161.0
151.0
166.0
135.0
139.0
144.0
157.0
139.0
155.0
117.0
112.0
115.0
134.0
115.0
108.0
102.0
126.0
137.0
148.0
156.0
128.0
115.0
121.0
131.0
151.0
145.0
139.0
138.0
148.0
139.0
143.0
120.0
137.0
140.0
143.0
119.0
124.0
118.0
120.0
131.0
158.0
136.0
118.0
114.0
112.0
129.0
97.0
119.0
120.0
98.0
98.0
100.0
109.0
93.0
98.0
84.0
70.0
79.0
74.0
69.0
41.0
53.0
63.0
71.0
39.0
45.0
55.0
26.0
25.0
44.0
74.0
76.0
51.0
44.0
28.0
46.0
76.0
78.0
110.0
113.0
92.0
118.0
61.0
62.0
63.0
49.0
70.0
66.0
90.0
38.0
57.0
50.0
46.0
74.0
48.0
15.0
11.0
32.0
53.0
55.0
55.0
55.0
26.0
36.0
43.0
27.0
26.0
6.0
17.0
22.0
20.0
22.0
24.0
45.0
57.0
61.0
87.0
48.0
84.0
85.0
108.0
113.0
128.0
117.0
131.0
129.0
139.0
164.0
155.0
146.0
146.0
158.0
166.0
159.0
191.0
165.0
165.0
154.0
153.0
161.0
167.0
201.0
172.0
162.0
177.0
174.0
161.0
157.0
150.0
122.0
138.0
139.0
157.0
133.0
143.0
122.0
134.0
148.0
157.0
134.0
122.0
194.0
183.0
199.0
192.0
220.0
196.0
183.0
217.0
188.0
200.0
218.0
209.0
218.0
205.0
189.0
200.0
198.0
167.0
156.0
177.0
175.0
149.0
170.0
151.0
148.0
138.0
118.0
117.0
110.0
115.0
100.0
90.0
96.0
110.0
99.0
114.0
137.0
101.0
98.0
82.0
100.0
100.0
63.0
72.0
93.0
109.0
89.0
110.0
75.0
103.0
76.0
47.0
54.0
62.0
35.0
55.0
53.0
49.0
24.0
49.0
38.0
37.0
31.0
41.0
56.0
53.0
43.0
29.0
38.0
46.0
54.0
46.0
45.0
19.0
15.0
-1.0
6.0
5.0
-13.0
-13.0
6.0
-23.0
-8.0
-12.0
-6.0
-19.0
-1.0
26.0
17.0
5.0
4.0
1.0
21.0
0.0
1.0
1.0
35.0
50.0
50.0
64.0
34.0
44.0
64.0
44.0
56.0
65.0
72.0
78.0
40.0
80.0
61.0
55.0
56.0
70.0
77.0
71.0
66.0
90.0
88.0
75.0
76.0
96.0
110.0
83.0
103.0
99.0
109.0
100.0
94.0
107.0
106.0
119.0
120.0
118.0
87.0
79.0
117.0
95.0
88.0
89.0
77.0
70.0
58.0
61.0
83.0
103.0
98.0
105.0
108.0
121.0
134.0
124.0
121.0
105.0
107.0
124.0
109.0
120.0
119.0
133.0
145.0
149.0
130.0
137.0
138.0
121.0
119.0
125.0
95.0
122.0
87.0
95.0
68.0
63.0
71.0
83.0
88.0
92.0
99.0
93.0
96.0
99.0
90.0
68.0
84.0
101.0
90.0
102.0
104.0
81.0
71.0
78.0
84.0
54.0
68.0
74.0
96.0
68.0
51.0
40.0
55.0
28.0
40.0
45.0
39.0
32.0
36.0
11.0
8.0
-25.0
30.0
22.0
27.0
38.0
22.0
16.0
-36.0
-6.0
10.0
-18.0
-9.0
-35.0
-22.0
-29.0
-42.0
-28.0
-24.0
-33.0
-41.0
-26.0
-23.0
-36.0
-32.0
-25.0
-32.0
-34.0
-53.0
-33.0
-32.0
-18.0
-50.0
-46.0
-12.0
-53.0
-30.0
-40.0
-11.0
3.0
16.0
27.0
14.0
12.0
41.0
61.0
76.0
79.0
81.0
84.0
62.0
56.0
76.0
92.0
84.0
106.0
111.0
106.0
129.0
106.0
118.0
98.0
117.0
122.0
122.0
114.0
138.0
145.0
121.0
126.0
112.0
121.0
148.0
139.0
133.0
131.0
119.0
106.0
86.0
110.0
106.0
114.0
115.0
112.0
111.0
110.0
93.0
135.0
123.0
149.0
136.0
150.0
164.0
146.0
148.0
141.0
163.0
165.0
173.0
163.0
136.0
143.0
112.0
126.0
122.0
137.0
127.0
127.0
134.0
121.0
118.0
100.0
70.0
51.0
67.0
54.0
99.0
58.0
43.0
46.0
30.0
34.0
47.0
70.0
58.0
36.0
36.0
46.0
47.0
52.0
50.0
27.0
28.0
35.0
40.0
43.0
34.0
32.0
25.0
54.0
14.0
22.0
18.0
35.0
27.0
33.0
37.0
52.0
28.0
54.0
50.0
15.0
29.0
23.0
11.0
0.0
-7.0
-10.0
5.0
-2.0
-8.0
6.0
23.0
7.0
-11.0
-2.0
-2.0
8.0
5.0
-11.0
-8.0
-24.0
-35.0
-44.0
-34.0
-33.0
-38.0
-18.0
-36.0
-29.0
-44.0
-52.0
-73.0
-94.0
-69.0
-41.0
-27.0
-10.0
-4.0
20.0
-26.0
-5.0
6.0
25.0
50.0
69.0
64.0
45.0
64.0
58.0
50.0
51.0
54.0
53.0
44.0
67.0
43.0
69.0
63.0
68.0
71.0
60.0
58.0
52.0
54.0
35.0
61.0
69.0
73.0
102.0
55.0
64.0
65.0
105.0
110.0
127.0
123.0
135.0
106.0
118.0
119.0
100.0
134.0
129.0
102.0
160.0
143.0
132.0
123.0
116.0
90.0
112.0
99.0
96.0
97.0
87.0
97.0
78.0
91.0
90.0
74.0
66.0
53.0
77.0
44.0
61.0
38.0
52.0
46.0
12.0
14.0
36.0
31.0
38.0
44.0
41.0
43.0
68.0
36.0
23.0
26.0
21.0
21.0
12.0
33.0
26.0
-8.0
18.0
-24.0
14.0
-4.0
-1.0
-6.0
-5.0
-14.0
-14.0
-14.0
-15.0
-16.0
-15.0
-3.0
-31.0
-31.0
-31.0
-44.0
-17.0
7.0
6.0
2.0
-9.0
14.0
5.0
17.0
12.0
-1.0
-7.0
-12.0
1.0
23.0
34.0
-3.0
5.0
7.0
-15.0
-45.0
-21.0
-38.0
-42.0
-55.0
-30.0
-33.0
-42.0
-27.0
-50.0
-48.0
-52.0
-55.0
-77.0
-87.0
-42.0
-57.0
-39.0
-43.0
-21.0
-12.0
-7.0
-32.0
-13.0
7.0
22.0
31.0
31.0
46.0
58.0
75.0
73.0
80.0
74.0
71.0
74.0
77.0
86.0
120.0
115.0
127.0
108.0
106.0
133.0
140.0
151.0
127.0
163.0
153.0
131.0
135.0
160.0
140.0
144.0
145.0
143.0
135.0
119.0
160.0
164.0
128.0
130.0
108.0
72.0
81.0
99.0
90.0
128.0
136.0
146.0
108.0
96.0
128.0
86.0
89.0
103.0
132.0
121.0
149.0
138.0
138.0
129.0
120.0
120.0
84.0
109.0
60.0
62.0
66.0
79.0
71.0
67.0
67.0
74.0
65.0
61.0
41.0
36.0
55.0
59.0
52.0
33.0
35.0
24.0
18.0
8.0
14.0
-10.0
-8.0
-3.0
-14.0
-2.0
4.0
4.0
0.0
-5.0
-23.0
7.0
36.0
19.0
13.0
27.0
1.0
1.0
-11.0
-1.0
-5.0
-12.0
-2.0
-30.0
-45.0
-31.0
-20.0
-51.0
-43.0
-77.0
-57.0
-52.0
-52.0
-52.0
-61.0
-72.0
-80.0
-85.0
-56.0
-63.0
-72.0
-59.0
-43.0
-74.0
-43.0
-33.0
-19.0
-35.0
-51.0
-43.0
-57.0
-50.0
-67.0
-65.0
-63.0
-68.0
-74.0
-45.0
-67.0
-64.0
-82.0
-64.0
-46.0
-70.0
-63.0
-72.0
-74.0
-84.0
-79.0
-84.0
-94.0
-90.0
-83.0
-83.0
-87.0
-56.0
-48.0
-33.0
-24.0
-1.0
29.0
64.0
46.0
56.0
32.0
27.0
43.0
64.0
48.0
63.0
35.0
53.0
86.0
54.0
100.0
97.0
115.0
137.0
135.0
145.0
168.0
159.0
165.0
185.0
195.0
192.0
198.0
186.0
182.0
177.0
172.0
179.0
153.0
171.0
157.0
139.0
157.0
152.0
176.0
175.0
144.0
151.0
136.0
132.0
164.0
141.0
155.0
144.0
150.0
121.0
154.0
136.0
115.0
152.0
163.0
148.0
125.0
145.0
126.0
133.0
138.0
121.0
111.0
127.0
105.0
113.0
93.0
96.0
108.0
94.0
106.0
61.0
84.0
90.0
45.0
55.0
34.0
51.0
52.0
67.0
48.0
34.0
53.0
47.0
60.0
49.0
50.0
44.0
31.0
26.0
33.0
-10.0
10.0
31.0
23.0
43.0
18.0
-2.0
7.0
-4.0
-21.0
-27.0
-18.0
-23.0
-4.0
2.0
-14.0
1.0
18.0
-21.0
-21.0
-64.0
-34.0
-39.0
-12.0
-24.0
-52.0
-27.0
-32.0
-50.0
-38.0
-50.0
-39.0
-39.0
-39.0
-48.0
-52.0
-44.0
-44.0
-56.0
-58.0
-61.0
-19.0
-56.0
-58.0
-69.0
-60.0
-52.0
-53.0
-49.0
-62.0
-79.0
-104.0
-80.0
-94.0
-89.0
-99.0
-126.0
-119.0
-58.0
-62.0
-53.0
-38.0
-59.0
-65.0
-93.0
-64.0
-69.0
-67.0
-74.0
-64.0
-76.0
-50.0
-59.0
-42.0
-14.0
12.0
-16.0
-4.0
15.0
29.0
33.0
54.0
52.0
42.0
39.0
71.0
79.0
59.0
75.0
54.0
63.0
66.0
46.0
60.0
39.0
68.0
76.0
79.0
90.0
93.0
130.0
130.0
128.0
135.0
136.0
128.0
112.0
139.0
146.0
133.0
120.0
116.0
117.0
115.0
130.0
127.0
143.0
89.0
117.0
117.0
115.0
130.0
114.0
125.0
135.0
122.0
126.0
90.0
117.0
84.0
110.0
106.0
112.0
115.0
81.0
99.0
72.0
79.0
72.0
108.0
89.0
102.0
87.0
84.0
79.0
71.0
73.0
48.0
77.0
70.0
83.0
53.0
52.0
41.0
32.0
20.0
22.0
20.0
35.0
15.0
2.0
5.0
-12.0
17.0
-13.0
8.0
8.0
-11.0
-22.0
-23.0
2.0
9.0
-8.0
-15.0
-14.0
-5.0
17.0
-12.0
-17.0
-5.0
1.0
-5.0
-9.0
7.0
-34.0
-28.0
-58.0
-26.0
-30.0
-36.0
-26.0
-54.0
-53.0
-34.0
-41.0
-25.0
-41.0
-32.0
-26.0
-22.0
-18.0
-48.0
-40.0
-72.0
-49.0
-25.0
-40.0
-37.0
-84.0
-78.0
-86.0
-81.0
-54.0
-92.0
-89.0
-106.0
-115.0
-111.0
-91.0
-109.0
-72.0
-96.0
-60.0
-129.0
-87.0
-55.0
-77.0
-98.0
-54.0
-77.0
-33.0
-45.0
-62.0
-3.0
-33.0
-13.0
-14.0
-10.0
-13.0
-11.0
29.0
23.0
40.0
51.0
49.0
48.0
39.0
20.0
25.0
23.0
39.0
51.0
77.0
70.0
73.0
69.0
59.0
63.0
68.0
89.0
80.0
96.0
119.0
110.0
133.0
97.0
117.0
64.0
74.0
85.0
83.0
69.0
97.0
90.0
101.0
102.0
105.0
126.0
108.0
115.0
83.0
76.0
77.0
93.0
103.0
108.0
108.0
90.0
92.0
83.0
79.0
66.0
82.0
87.0
78.0
84.0
81.0
74.0
87.0
93.0
83.0
98.0
82.0
84.0
76.0
73.0
80.0
56.0
63.0
62.0
74.0
69.0
41.0
40.0
18.0
23.0
41.0
27.0
39.0
12.0
25.0
9.0
23.0
30.0
39.0
29.0
22.0
4.0
-4.0
-2.0
-7.0
18.0
30.0
4.0
-7.0
2.0
-18.0
-27.0
-17.0
-28.0
-20.0
-37.0
-34.0
-39.0
-41.0
-23.0
-36.0
-36.0
-34.0
-33.0
-14.0
-14.0
-24.0
-36.0
-35.0
-11.0
-38.0
-45.0
-80.0
-81.0
-75.0
-54.0
-51.0
-52.0
-55.0
-47.0
-54.0
-61.0
-59.0
-73.0
-69.0
-78.0
-64.0
-98.0
-78.0
-66.0
-50.0
-44.0
-23.0
-32.0
-55.0
-58.0
-72.0
-77.0
-83.0
-69.0
-91.0
-101.0
-103.0
-103.0
-93.0
-63.0
-48.0
-56.0
-22.0
-29.0
-43.0
-29.0
-31.0
-3.0
11.0
-3.0
7.0
11.0
-3.0
-9.0
5.0
39.0
43.0
20.0
17.0
9.0
6.0
5.0
23.0
33.0
4.0
2.0
5.0
18.0
5.0
12.0
16.0
16.0
5.0
10.0
19.0
8.0
10.0
11.0
17.0
18.0
-14.0
13.0
-3.0
1.0
-6.0
-4.0
8.0
31.0
12.0
32.0
39.0
32.0
55.0
64.0
63.0
81.0
83.0
83.0
73.0
65.0
74.0
57.0
67.0
64.0
65.0
94.0
78.0
83.0
67.0
77.0
51.0
55.0
50.0
39.0
24.0
39.0
49.0
21.0
7.0
11.0
-14.0
-16.0
-45.0
-30.0
-38.0
-18.0
-42.0
-10.0
-48.0
-52.0
-41.0
-41.0
-35.0
-41.0
-40.0
-36.0
-35.0
-52.0
-59.0
-52.0
-86.0
-82.0
-45.0
-52.0
-44.0
-42.0
-37.0
-43.0
-66.0
-58.0
-37.0
-43.0
-43.0
-58.0
-59.0
-57.0
-68.0
-68.0
-56.0
-64.0
-87.0
-52.0
-68.0
-61.0
-56.0
-58.0
-65.0
-77.0
-81.0
-103.0
-99.0
-121.0
-82.0
-72.0
-93.0
-93.0
-96.0
-91.0
-77.0
-81.0
-86.0
-93.0
-98.0
-83.0
-72.0
-84.0
-74.0
-49.0
-54.0
-16.0
-40.0
-39.0
-21.0
-5.0
-3.0
1.0
-4.0
-19.0
-12.0
-12.0
4.0
19.0
13.0
23.0
58.0
63.0
75.0
60.0
49.0
54.0
77.0
88.0
83.0
84.0
118.0
134.0
129.0
106.0
97.0
97.0
86.0
78.0
92.0
74.0
90.0
79.0
110.0
96.0
86.0
71.0
68.0
59.0
91.0
95.0
89.0
88.0
89.0
108.0
117.0
114.0
112.0
139.0
111.0
115.0
101.0
111.0
120.0
97.0
116.0
135.0
108.0
101.0
115.0
111.0
97.0
105.0
91.0
92.0
56.0
32.0
35.0
27.0
37.0
16.0
37.0
27.0
35.0
32.0
21.0
2.0
8.0
7.0
-7.0
5.0
-16.0
-15.0
-34.0
-61.0
-57.0
-51.0
-63.0
-60.0
-49.0
-53.0
-29.0
-13.0
-44.0
-58.0
-57.0
-54.0
-41.0
-46.0
-53.0
-77.0
-78.0
-56.0
-96.0
-73.0
-69.0
-43.0
-42.0
-30.0
-33.0
-33.0
-42.0
-51.0
-55.0
-56.0
-76.0
-67.0
-90.0
-57.0
-55.0
-48.0
-62.0
-77.0
-67.0
-96.0
-60.0
-62.0
-44.0
-63.0
-55.0
-81.0
-89.0
-82.0
-93.0
-123.0
-107.0
-112.0
-95.0
-82.0
-81.0
-67.0
-65.0
-71.0
-37.0
-38.0
-39.0
-22.0
-12.0
-7.0
-8.0
14.0
8.0
39.0
16.0
32.0
23.0
31.0
43.0
58.0
46.0
58.0
91.0
77.0
91.0
97.0
119.0
99.0
106.0
102.0
88.0
106.0
69.0
92.0
110.0
122.0
146.0
144.0
162.0
182.0
183.0
192.0
177.0
147.0
175.0
157.0
146.0
131.0
131.0
148.0
155.0
112.0
119.0
129.0
135.0
125.0
99.0
123.0
115.0
114.0
98.0
111.0
96.0
78.0
65.0
109.0
75.0
70.0
80.0
90.0
61.0
82.0
41.0
26.0
33.0
34.0
42.0
37.0
11.0
29.0
8.0
-5.0
5.0
11.0
-1.0
-12.0
-13.0
-21.0
-8.0
-2.0
7.0
-1.0
13.0
18.0
-23.0
-12.0
-25.0
-8.0
-29.0
-23.0
-31.0
-22.0
-46.0
-41.0
-50.0
-43.0
-50.0
-48.0
-32.0
-51.0
-52.0
-35.0
-30.0
-43.0
-70.0
-53.0
-72.0
-34.0
-39.0
-30.0
-54.0
-56.0
-46.0
-53.0
-78.0
-53.0
-36.0
-52.0
-18.0
-67.0
-55.0
-91.0
-70.0
-44.0
-25.0
-54.0
-60.0
-79.0
-43.0
-2.0
-14.0
-14.0
-51.0
-54.0
-64.0
-106.0
-108.0
-91.0
-68.0
-55.0
-51.0
-54.0
-56.0
-96.0
-117.0
-141.0
-134.0
-145.0
-136.0
-77.0
-67.0
-43.0
-52.0
-67.0
-54.0
-26.0
-8.0
-18.0
-32.0
-12.0
-1.0
15.0
85.0
123.0
151.0
149.0
153.0
157.0
141.0
167.0
168.0
164.0
174.0
199.0
186.0
177.0
195.0
208.0
208.0
192.0
193.0
204.0
176.0
217.0
185.0
168.0
163.0
146.0
137.0
140.0
133.0
121.0
141.0
125.0
108.0
116.0
109.0
88.0
79.0
78.0
97.0
88.0
104.0
107.0
116.0
93.0
117.0
93.0
111.0
120.0
115.0
116.0
105.0
106.0
86.0
70.0
82.0
38.0
45.0
32.0
41.0
65.0
71.0
49.0
34.0
9.0
26.0
4.0
17.0
-1.0
20.0
16.0
21.0
-19.0
-16.0
-8.0
-1.0
4.0
7.0
-11.0
10.0
23.0
2.0
-12.0
-25.0
-29.0
-39.0
-44.0
-39.0
-55.0
-47.0
-61.0
-61.0
-54.0
-74.0
-74.0
-69.0
-63.0
-92.0
-90.0
-84.0
-74.0
-74.0
-73.0
-89.0
-98.0
-101.0
-100.0
-129.0
-107.0
-112.0
-111.0
-91.0
-98.0
-95.0
-107.0
-122.0
-141.0
-158.0
-157.0
-142.0
-129.0
-124.0
-117.0
-149.0
-172.0
-188.0
-175.0
-158.0
-119.0
-134.0
-125.0
-129.0
-163.0
-178.0
-125.0
-122.0
-144.0
-138.0
-147.0
-148.0
-171.0
-154.0
-156.0
-130.0
-99.0
-109.0
-109.0
-111.0
-92.0
-77.0
-83.0
-54.0
-63.0
-51.0
-58.0
-47.0
-23.0
-7.0
5.0
-10.0
15.0
25.0
8.0
28.0
26.0
40.0
13.0
27.0
42.0
30.0
27.0
36.0
13.0
30.0
48.0
42.0
51.0
60.0
50.0
67.0
52.0
50.0
42.0
65.0
39.0
29.0
44.0
21.0
43.0
23.0
33.0
41.0
33.0
43.0
38.0
51.0
61.0
46.0
34.0
53.0
32.0
35.0
71.0
81.0
72.0
68.0
62.0
55.0
62.0
50.0
46.0
44.0
46.0
37.0
59.0
35.0
36.0
34.0
14.0
18.0
3.0
-15.0
-7.0
1.0
-2.0
-13.0
-11.0
-11.0
-1.0
-7.0
-23.0
-30.0
-48.0
-35.0
-35.0
-26.0
-15.0
-16.0
-23.0
-38.0
-49.0
-46.0
-42.0
-48.0
-56.0
-48.0
-32.0
-25.0
-35.0
-40.0
-31.0
-22.0
-19.0
-15.0
-33.0
-38.0
-22.0
-35.0
-33.0
-37.0
-56.0
-46.0
-68.0
-81.0
-80.0
-61.0
-67.0
-39.0
-65.0
-55.0
-80.0
-62.0
-78.0
-93.0
-79.0
-93.0
-98.0
-73.0
-80.0
-77.0
-91.0
-110.0
-118.0
-142.0
-124.0
-135.0
-123.0
-106.0
-73.0
-117.0
-110.0
-125.0
-112.0
-112.0
-110.0
-128.0
-115.0
-119.0
-109.0
-98.0
-95.0
-94.0
-75.0
-56.0
-80.0
-84.0
-114.0
-129.0
-126.0
-115.0
-95.0
-90.0
-76.0
-65.0
-71.0
-107.0
-119.0
-128.0
-109.0
-108.0
-95.0
-74.0
-64.0
-53.0
-52.0
-38.0
-4.0
18.0
18.0
11.0
6.0
11.0
6.0
13.0
32.0
45.0
50.0
47.0
48.0
40.0
35.0
42.0
71.0
81.0
95.0
76.0
83.0
66.0
99.0
93.0
80.0
88.0
80.0
89.0
109.0
103.0
102.0
110.0
94.0
96.0
123.0
131.0
143.0
121.0
147.0
142.0
137.0
137.0
114.0
105.0
103.0
116.0
119.0
141.0
163.0
134.0
148.0
98.0
95.0
87.0
86.0
63.0
62.0
47.0
56.0
53.0
58.0
60.0
53.0
46.0
60.0
24.0
27.0
30.0
53.0
40.0
45.0
32.0
18.0
2.0
3.0
7.0
14.0
21.0
27.0
6.0
-6.0
26.0
9.0
11.0
-3.0
-20.0
-12.0
-13.0
-17.0
-24.0
-12.0
-10.0
-10.0
-15.0
-37.0
-18.0
-32.0
-49.0
-43.0
-40.0
-55.0
-69.0
-67.0
-62.0
-79.0
-73.0
-72.0
-50.0
-62.0
-59.0
-65.0
-83.0
-73.0
-62.0
-60.0
-86.0
-64.0
-81.0
-73.0
-74.0
-78.0
-76.0
-90.0
-79.0
-97.0
-102.0
-90.0
-78.0
-83.0
-106.0
-89.0
-110.0
-90.0
-99.0
-88.0
-78.0
-76.0
-86.0
-89.0
-115.0
-100.0
-107.0
-118.0
-93.0
-88.0
-96.0
-106.0
-97.0
-103.0
-89.0
-86.0
-103.0
-78.0
-111.0
-105.0
-107.0
-85.0
-82.0
-79.0
-86.0
-71.0
-59.0
-63.0
-82.0
-80.0
-68.0
-64.0
-83.0
-101.0
-101.0
-70.0
-81.0
-39.0
-42.0
-52.0
-68.0
-33.0
7.0
-14.0
-2.0
1.0
-4.0
15.0
15.0
22.0
27.0
22.0
33.0
54.0
56.0
39.0
42.0
45.0
64.0
65.0
62.0
79.0
80.0
75.0
81.0
96.0
99.0
100.0
124.0
102.0
109.0
93.0
118.0
106.0
98.0
97.0
81.0
92.0
84.0
90.0
97.0
76.0
78.0
67.0
64.0
78.0
76.0
94.0
93.0
78.0
100.0
90.0
84.0
75.0
68.0
83.0
105.0
59.0
60.0
67.0
72.0
81.0
49.0
56.0
30.0
21.0
24.0
3.0
-21.0
9.0
-3.0
-23.0
-9.0
-19.0
-39.0
-24.0
-43.0
-55.0
-36.0
-49.0
-32.0
-69.0
-45.0
-58.0
-58.0
-73.0
-87.0
-80.0
-65.0
-62.0
-46.0
-50.0
-70.0
-54.0
-57.0
-45.0
-70.0
-96.0
-76.0
-77.0
-83.0
-95.0
-80.0
-92.0
-99.0
-111.0
-86.0
-93.0
-77.0
-74.0
-73.0
-79.0
-92.0
-96.0
-83.0
-100.0
-112.0
-66.0
-92.0
-111.0
-102.0
-90.0
-102.0
-82.0
-70.0
-69.0
-69.0
-83.0
-69.0
-81.0
-83.0
-106.0
-116.0
-120.0
-130.0
-115.0
-111.0
-86.0
-62.0
-82.0
-80.0
-105.0
-81.0
-93.0
-92.0
-81.0
-80.0
-92.0
-105.0
-102.0
-94.0
-106.0
-103.0
-106.0
-105.0
-103.0
-98.0
-87.0
-88.0
-99.0
-72.0
-83.0
-63.0
-60.0
-16.0
30.0
49.0
49.0
49.0
44.0
42.0
51.0
54.0
79.0
72.0
61.0
64.0
69.0
96.0
107.0
103.0
110.0
103.0
94.0
105.0
122.0
120.0
131.0
117.0
132.0
101.0
112.0
102.0
87.0
109.0
115.0
101.0
102.0
127.0
89.0
109.0
98.0
84.0
89.0
85.0
76.0
83.0
67.0
55.0
86.0
69.0
72.0
70.0
62.0
89.0
92.0
92.0
69.0
71.0
77.0
50.0
45.0
55.0
65.0
44.0
37.0
36.0
24.0
38.0
27.0
37.0
20.0
24.0
4.0
5.0
11.0
6.0
15.0
-3.0
-2.0
15.0
5.0
1.0
-34.0
-41.0
-25.0
-25.0
-17.0
-23.0
-12.0
-27.0
-21.0
-44.0
-19.0
-32.0
-22.0
-36.0
-39.0
-40.0
-46.0
-26.0
-36.0
-35.0
-50.0
-37.0
-28.0
-50.0
-40.0
-49.0
-50.0
-50.0
-48.0
-35.0
-58.0
-64.0
-76.0
-63.0
-52.0
-26.0
-52.0
-76.0
-82.0
-76.0
-72.0
-80.0
-85.0
-90.0
-78.0
-77.0
-89.0
-84.0
-73.0
-98.0
-90.0
-101.0
-103.0
-99.0
-103.0
-102.0
-97.0
-78.0
-93.0
-100.0
-125.0
-134.0
-135.0
-117.0
-137.0
-112.0
-75.0
-64.0
-73.0
-55.0
-74.0
-67.0
-53.0
-46.0
-20.0
-4.0
-21.0
10.0
-13.0
-12.0
3.0
4.0
14.0
16.0
16.0
22.0
24.0
27.0
36.0
-4.0
14.0
0.0
32.0
50.0
54.0
49.0
64.0
63.0
82.0
74.0
80.0
81.0
63.0
53.0
87.0
76.0
89.0
133.0
126.0
120.0
145.0
133.0
136.0
124.0
128.0
127.0
100.0
121.0
106.0
110.0
107.0
108.0
102.0
78.0
70.0
63.0
83.0
96.0
97.0
98.0
118.0
82.0
79.0
68.0
69.0
58.0
72.0
48.0
49.0
41.0
37.0
40.0
67.0
38.0
22.0
25.0
5.0
5.0
-5.0
9.0
29.0
-8.0
5.0
-18.0
23.0
17.0
18.0
16.0
18.0
21.0
24.0
17.0
21.0
-1.0
1.0
-14.0
-7.0
-13.0
-9.0
3.0
-10.0
-11.0
-56.0
-53.0
-53.0
-52.0
-58.0
-77.0
-61.0
-41.0
-73.0
-69.0
-84.0
-77.0
-54.0
-91.0
-46.0
-48.0
-36.0
-41.0
-32.0
-30.0
-36.0
-60.0
-92.0
-69.0
-77.0
-78.0
-91.0
-97.0
-88.0
-71.0
-107.0
-108.0
-95.0
-84.0
-101.0
-117.0
-105.0
-82.0
-108.0
-110.0
-108.0
-100.0
-122.0
-136.0
-143.0
-145.0
-143.0
-140.0
-151.0
-129.0
-140.0
-125.0
-128.0
-113.0
-112.0
-115.0
-110.0
-97.0
-90.0
-88.0
-90.0
-87.0
-80.0
-88.0
-89.0
-101.0
-87.0
-90.0
-96.0
-59.0
-75.0
-59.0
-86.0
-75.0
-83.0
-78.0
-86.0
-62.0
-34.0
-17.0
-25.0
-24.0
-32.0
-32.0
-25.0
-22.0
-23.0
8.0
2.0
-1.0
-25.0
-17.0
-18.0
-1.0
-4.0
-24.0
-29.0
-38.0
-42.0
-36.0
-13.0
-12.0
-26.0
-16.0
-29.0
-60.0
-62.0
-65.0
-38.0
-62.0
-44.0
-50.0
-38.0
-27.0
-9.0
1.0
-4.0
-26.0
-48.0
-78.0
-80.0
-103.0
-102.0
-95.0
-72.0
-60.0
-68.0
-106.0
-99.0
-77.0
-45.0
-40.0
-23.0
-27.0
-23.0
-24.0
-26.0
-35.0
-64.0
-49.0
-34.0
-14.0
4.0
4.0
34.0
39.0
21.0
41.0
19.0
18.0
7.0
-18.0
-8.0
-19.0
-50.0
-48.0
-75.0
-59.0
-44.0
-76.0
-70.0
-64.0
-51.0
-43.0
-36.0
-45.0
-36.0
-34.0
-51.0
-37.0
-58.0
-60.0
-71.0
-95.0
-77.0
-69.0
-61.0
-83.0
-92.0
-115.0
-118.0
-126.0
-149.0
-154.0
-147.0
-133.0
-130.0
-109.0
-110.0
-96.0
-93.0
-73.0
-64.0
-83.0
-102.0
-114.0
-129.0
-138.0
-166.0
-144.0
-149.0
-134.0
-150.0
-126.0
-124.0
-98.0
-97.0
-64.0
-53.0
-63.0
-50.0
-69.0
-66.0
-51.0
-81.0
-99.0
-83.0
-40.0
7.0
5.0
31.0
45.0
42.0
30.0
-13.0
-11.0
-11.0
-9.0
18.0
-20.0
-24.0
-25.0
-24.0
-4.0
22.0
44.0
31.0
41.0
24.0
23.0
38.0
11.0
-10.0
-24.0
-29.0
-30.0
-24.0
-4.0
9.0
32.0
17.0
-20.0
12.0
-4.0
3.0
-50.0
-59.0
-74.0
-42.0
-33.0
32.0
20.0
29.0
26.0
-7.0
-7.0
-5.0
0.0
-16.0
-37.0
-38.0
-56.0
-62.0
-40.0
-39.0
-29.0
-33.0
-31.0
-36.0
-34.0
-53.0
-61.0
-78.0
-76.0
-80.0
-61.0
-59.0
-53.0
-63.0
-38.0
-61.0
-83.0
-73.0
-71.0
-40.0
-23.0
-33.0
-50.0
-52.0
-53.0
-51.0
-32.0
-48.0
-35.0
-40.0
-47.0
-51.0
-70.0
-74.0
-70.0
-61.0
-77.0
-56.0
-70.0
-119.0
-93.0
-100.0
-92.0
-104.0
-97.0
-69.0
-66.0
-110.0
-79.0
-98.0
-98.0
-83.0
-84.0
-44.0
-60.0
-90.0
-101.0
-100.0
-110.0
-83.0
-91.0
-105.0
-120.0
-116.0
-133.0
-107.0
-135.0
-129.0
-115.0
-115.0
-130.0
-109.0
-81.0
-85.0
-95.0
-129.0
-143.0
-144.0
-165.0
-165.0
-147.0
-147.0
-131.0
-126.0
-89.0
-121.0
-105.0
-134.0
-112.0
-105.0
-84.0
-63.0
-61.0
-85.0
-82.0
-87.0
-68.0
-43.0
-41.0
-46.0
-43.0
-29.0
-34.0
-25.0
-37.0
-42.0
-35.0
-27.0
-27.0
-20.0
-5.0
4.0
21.0
46.0
54.0
58.0
64.0
55.0
53.0
50.0
76.0
45.0
79.0
93.0
79.0
89.0
70.0
49.0
82.0
45.0
74.0
73.0
88.0
87.0
87.0
100.0
86.0
78.0
114.0
95.0
99.0
104.0
103.0
127.0
117.0
115.0
122.0
115.0
155.0
114.0
126.0
129.0
99.0
133.0
91.0
93.0
101.0
83.0
112.0
87.0
105.0
88.0
112.0
98.0
86.0
97.0
90.0
87.0
75.0
75.0
36.0
36.0
42.0
63.0
39.0
31.0
51.0
56.0
49.0
61.0
50.0
35.0
43.0
-7.0
-1.0
-24.0
-3.0
14.0
-17.0
15.0
7.0
31.0
7.0
-8.0
-8.0
9.0
-9.0
-6.0
23.0
15.0
8.0
11.0
18.0
-4.0
-16.0
5.0
22.0
26.0
26.0
10.0
13.0
54.0
9.0
37.0
54.0
106.0
148.0
145.0
128.0
119.0
132.0
129.0
139.0
126.0
145.0
113.0
98.0
112.0
139.0
134.0
126.0
164.0
178.0
163.0
154.0
147.0
204.0
203.0
188.0
242.0
234.0
269.0
231.0
234.0
222.0
227.0
208.0
205.0
249.0
260.0
257.0
250.0
233.0
207.0
200.0
219.0
225.0
222.0
214.0
221.0
218.0
219.0
215.0
200.0
185.0
173.0
220.0
182.0
169.0
161.0
141.0
141.0
150.0
151.0
160.0
177.0
155.0
129.0
119.0
118.0
112.0
125.0
143.0
121.0
108.0
136.0
136.0
116.0
133.0
97.0
126.0
139.0
139.0
124.0
137.0
112.0
114.0
129.0
109.0
110.0
108.0
118.0
102.0
98.0
97.0
99.0
101.0
100.0
111.0
114.0
82.0
135.0
123.0
153.0
138.0
138.0
119.0
131.0
105.0
111.0
90.0
97.0
97.0
91.0
100.0
76.0
64.0
74.0
63.0
71.0
79.0
62.0
60.0
42.0
33.0
38.0
51.0
68.0
77.0
65.0
59.0
33.0
25.0
35.0
51.0
54.0
65.0
42.0
28.0
-7.0
13.0
17.0
21.0
31.0
43.0
30.0
21.0
13.0
26.0
25.0
-18.0
-6.0
-12.0
-17.0
-11.0
-47.0
-21.0
-1.0
-6.0
20.0
-1.0
-18.0
-54.0
-68.0
-61.0
-39.0
-43.0
-41.0
-12.0
-22.0
-24.0
-29.0
-15.0
-9.0
-14.0
-23.0
7.0
17.0
3.0
-1.0
-9.0
11.0
-4.0
18.0
1.0
-17.0
12.0
23.0
33.0
32.0
34.0
72.0
50.0
32.0
25.0
26.0
42.0
46.0
62.0
57.0
59.0
55.0
35.0
51.0
68.0
73.0
83.0
84.0
68.0
55.0
69.0
60.0
50.0
43.0
27.0
51.0
48.0
40.0
19.0
39.0
60.0
22.0
33.0
36.0
10.0
34.0
19.0
16.0
34.0
56.0
51.0
41.0
27.0
26.0
6.0
25.0
41.0
51.0
45.0
13.0
-6.0
-6.0
-12.0
-30.0
-32.0
-18.0
-7.0
-28.0
-29.0
-27.0
-27.0
-26.0
-29.0
-5.0
-31.0
-27.0
-52.0
-56.0
-30.0
-15.0
-30.0
-45.0
-16.0
-31.0
-61.0
-44.0
-60.0
-31.0
-32.0
-38.0
-33.0
-24.0
-45.0
-55.0
-46.0
-57.0
-36.0
-25.0
-43.0
-44.0
-28.0
-91.0
-59.0
-74.0
-75.0
-87.0
-63.0
-68.0
-70.0
-84.0
-59.0
-79.0
-76.0
-86.0
-84.0
-88.0
-65.0
-64.0
-46.0
-42.0
-68.0
-64.0
-68.0
-65.0
-92.0
-102.0
-101.0
-124.0
-110.0
-126.0
-127.0
-98.0
-98.0
-99.0
-88.0
-55.0
-66.0
-61.0
-51.0
-36.0
-26.0
-27.0
-3.0
-3.0
-20.0
-16.0
-4.0
43.0
38.0
34.0
42.0
24.0
20.0
41.0
39.0
42.0
29.0
35.0
51.0
34.0
41.0
24.0
17.0
17.0
-4.0
7.0
-1.0
8.0
23.0
1.0
19.0
3.0
9.0
-8.0
-3.0
-13.0
3.0
2.0
-13.0
-7.0
-21.0
-8.0
-21.0
-30.0
-38.0
-36.0
-31.0
-49.0
-56.0
-35.0
-15.0
-62.0
-53.0
-15.0
-46.0
-35.0
-56.0
-35.0
-36.0
-25.0
-60.0
-61.0
-62.0
-80.0
-87.0
-115.0
-119.0
-107.0
-109.0
-102.0
-107.0
-136.0
-164.0
-163.0
-155.0
-158.0
-186.0
-159.0
-191.0
-192.0
-190.0
-186.0
-182.0
-186.0
-167.0
-173.0
-180.0
-175.0
-185.0
-205.0
-195.0
-175.0
-193.0
-194.0
-203.0
-197.0
-209.0
-187.0
-201.0
-196.0
-205.0
-196.0
-195.0
-191.0
-184.0
-182.0
-198.0
-190.0
-158.0
-158.0
-178.0
-155.0
-177.0
-144.0
-126.0
-127.0
-115.0
-127.0
-107.0
-118.0
-110.0
-95.0
-99.0
-77.0
-65.0
-69.0
-65.0
-36.0
-51.0
-53.0
-45.0
-55.0
-41.0
-52.0
-34.0
-61.0
-42.0
-53.0
-26.0
-31.0
-45.0
-22.0
-17.0
-1.0
15.0
17.0
21.0
6.0
60.0
62.0
54.0
67.0
70.0
69.0
78.0
72.0
72.0
58.0
58.0
54.0
64.0
88.0
92.0
73.0
70.0
85.0
72.0
60.0
45.0
87.0
101.0
93.0
108.0
100.0
77.0
81.0
85.0
91.0
89.0
88.0
78.0
57.0
70.0
63.0
76.0
71.0
125.0
131.0
149.0
172.0
156.0
145.0
150.0
135.0
139.0
136.0
119.0
131.0
97.0
77.0
76.0
84.0
72.0
88.0
65.0
30.0
18.0
-13.0
-33.0
-70.0
-65.0
-53.0
-71.0
-55.0
-65.0
-78.0
-68.0
-82.0
-78.0
-101.0
-85.0
-110.0
-133.0
-107.0
-109.0
-120.0
-72.0
-86.0
-50.0
-66.0
-33.0
-29.0
-27.0
-58.0
-56.0
-50.0
-75.0
-70.0
-64.0
-66.0
-98.0
-117.0
-115.0
-86.0
-79.0
-106.0
-98.0
-116.0
-112.0
-99.0
-105.0
-97.0
-93.0
-107.0
-134.0
-97.0
-119.0
-83.0
-115.0
-99.0
-143.0
-112.0
-74.0
-87.0
-85.0
-62.0
-61.0
-30.0
11.0
22.0
35.0
69.0
79.0
155.0
172.0
259.0
310.0
312.0
310.0
310.0
310.0
310.0
309.0
306.0
308.0
311.0
312.0
310.0
309.0
309.0
310.0
311.0
310.0
307.0
310.0
307.0
306.0
286.0
288.0
268.0
228.0
234.0
256.0
290.0
262.0
242.0
254.0
240.0
281.0
247.0
227.0
263.0
256.0
237.0
186.0
168.0
204.0
156.0
211.0
195.0
177.0
180.0
197.0
203.0
174.0
158.0
137.0
101.0
99.0
58.0
14.0
17.0
-9.0
-20.0
-44.0
-22.0
-36.0
-49.0
-49.0
-63.0
-80.0
-50.0
-46.0
-73.0
-80.0
-116.0
-66.0
-106.0
-116.0
-69.0
-99.0
-90.0
-93.0
-130.0
-127.0
-107.0
-138.0
-146.0
-137.0
-159.0
-152.0
-154.0
-158.0
-203.0
-215.0
-202.0
-246.0
-277.0
-257.0
-276.0
-285.0
-287.0
-291.0
-291.0
-293.0
-292.0
-292.0
-291.0
-290.0
-290.0
-288.0
-289.0
-289.0
-286.0
-288.0
-287.0
-288.0
-287.0
-287.0
-289.0
-289.0
-287.0
-290.0
-289.0
-289.0
-289.0
-289.0
-290.0
-289.0
-290.0
-291.0
-291.0
-291.0
-291.0
-291.0
-291.0
-290.0
-290.0
-289.0
-290.0
-290.0
-290.0
-290.0
-291.0
-290.0
-289.0
-289.0
-290.0
-290.0
-290.0
-290.0
-290.0
-291.0
-290.0
-290.0
-290.0
-289.0
-291.0
-288.0
-291.0
-289.0
-286.0
-262.0
-281.0
-259.0
-275.0
-246.0
-237.0
-221.0
-195.0
-193.0
-153.0
-113.0
-96.0
-51.0
-31.0
4.0
7.0
25.0
40.0
67.0
133.0
124.0
142.0
216.0
209.0
251.0
288.0
287.0
313.0
311.0
309.0
311.0
308.0
305.0
305.0
304.0
304.0
307.0
306.0
302.0
301.0
305.0
306.0
304.0
303.0
305.0
307.0
308.0
309.0
307.0
308.0
309.0
310.0
295.0
309.0
311.0
312.0
312.0
308.0
269.0
276.0
294.0
280.0
263.0
277.0
264.0
263.0
238.0
232.0
208.0
221.0
175.0
177.0
211.0
223.0
209.0
192.0
190.0
193.0
188.0
171.0
182.0
188.0
185.0
183.0
185.0
167.0
174.0
182.0
183.0
193.0
178.0
199.0
182.0
181.0
158.0
160.0
158.0
150.0
146.0
142.0
170.0
178.0
161.0
165.0
166.0
144.0
152.0
133.0
137.0
125.0
130.0
140.0
124.0
153.0
134.0
136.0
126.0
139.0
152.0
131.0
128.0
121.0
121.0
112.0
98.0
131.0
101.0
116.0
143.0
134.0
140.0
124.0
127.0
109.0
99.0
99.0
121.0
118.0
130.0
96.0
116.0
125.0
78.0
118.0
82.0
119.0
121.0
133.0
145.0
158.0
185.0
227.0
236.0
237.0
259.0
285.0
280.0
287.0
225.0
285.0
292.0
259.0
281.0
309.0
306.0
308.0
272.0
312.0
303.0
305.0
309.0
304.0
284.0
280.0
260.0
244.0
250.0
234.0
262.0
296.0
290.0
279.0
275.0
295.0
281.0
288.0
260.0
257.0
222.0
223.0
196.0
208.0
215.0
195.0
216.0
193.0
219.0
193.0
214.0
213.0
186.0
196.0
208.0
223.0
212.0
212.0
206.0
215.0
211.0
219.0
235.0
222.0
259.0
262.0
251.0
230.0
214.0
223.0
206.0
209.0
189.0
194.0
199.0
167.0
169.0
161.0
135.0
142.0
145.0
157.0
167.0
180.0
134.0
161.0
134.0
140.0
110.0
85.0
100.0
101.0
103.0
126.0
115.0
130.0
79.0
75.0
99.0
38.0
101.0
100.0
60.0
59.0
2.0
37.0
-18.0
-3.0
-56.0
-23.0
-11.0
-1.0
-34.0
-35.0
-46.0
-62.0
-78.0
-81.0
-139.0
-116.0
-122.0
-110.0
-97.0
-81.0
-61.0
-15.0
-41.0
-27.0
-15.0
-48.0
-34.0
-44.0
-44.0
-35.0
-20.0
-28.0
-1.0
-27.0
6.0
29.0
42.0
42.0
48.0
35.0
36.0
19.0
50.0
58.0
81.0
76.0
76.0
97.0
95.0
125.0
162.0
167.0
186.0
149.0
203.0
195.0
195.0
182.0
169.0
169.0
195.0
197.0
254.0
285.0
203.0
242.0
262.0
255.0
268.0
235.0
241.0
233.0
218.0
184.0
191.0
203.0
201.0
174.0
214.0
176.0
167.0
140.0
137.0
104.0
100.0
78.0
114.0
102.0
83.0
109.0
65.0
77.0
64.0
81.0
53.0
33.0
34.0
9.0
37.0
11.0
15.0
7.0
-46.0
-44.0
-27.0
-33.0
-39.0
-43.0
-63.0
-61.0
-86.0
-53.0
-34.0
-52.0
-68.0
-45.0
-49.0
-62.0
-50.0
-43.0
-26.0
45.0
38.0
28.0
64.0
82.0
13.0
26.0
32.0
72.0
22.0
32.0
37.0
35.0
17.0
36.0
51.0
26.0
0.0
-26.0
-6.0
-16.0
-31.0
13.0
-36.0
-3.0
-11.0
-25.0
-19.0
-27.0
-99.0
-114.0
-106.0
-150.0
-153.0
-235.0
-256.0
-228.0
-262.0
-211.0
-253.0
-261.0
-273.0
-250.0
-271.0
-220.0
-233.0
-194.0
-186.0
-162.0
-167.0
-73.0
-85.0
12.0
60.0
108.0
228.0
296.0
298.0
313.0
305.0
308.0
307.0
302.0
297.0
299.0
305.0
301.0
304.0
309.0
309.0
310.0
310.0
280.0
305.0
277.0
253.0
200.0
191.0
181.0
120.0
65.0
103.0
51.0
65.0
35.0
127.0
55.0
116.0
169.0
212.0
184.0
262.0
234.0
303.0
282.0
304.0
281.0
305.0
305.0
308.0
303.0
311.0
268.0
284.0
248.0
244.0
245.0
163.0
139.0
69.0
63.0
45.0
-4.0
-46.0
-40.0
-102.0
-93.0
-153.0
-167.0
-152.0
-169.0
-242.0
-235.0
-252.0
-234.0
-296.0
-288.0
-286.0
-293.0
-291.0
-291.0
-291.0
-291.0
-291.0
-291.0
-290.0
-291.0
-291.0
-291.0
-291.0
-291.0
-290.0
-291.0
-289.0
-288.0
-291.0
-290.0
-289.0
-289.0
-290.0
-288.0
-288.0
-288.0
-288.0
-288.0
-289.0
-288.0
-290.0
-289.0
-289.0
-290.0
-290.0
-290.0
-290.0
-291.0
-291.0
-291.0
-291.0
-288.0
-288.0
-261.0
-266.0
-279.0
-261.0
-285.0
-264.0
-271.0
-267.0
-265.0
-237.0
-248.0
-260.0
-254.0
-270.0
-256.0
-251.0
-245.0
-240.0
-217.0
-217.0
-215.0
-187.0
-156.0
-159.0
-174.0
-192.0
-187.0
-166.0
-173.0
-166.0
-159.0
-144.0
-157.0
-173.0
-153.0
-180.0
-169.0
-182.0
-193.0
-201.0
-190.0
-166.0
-144.0
-129.0
-164.0
-122.0
-126.0
-135.0
-108.0
-95.0
-71.0
-95.0
-91.0
-80.0
-60.0
-67.0
-56.0
-40.0
-20.0
-6.0
24.0
36.0
44.0
52.0
69.0
77.0
81.0
92.0
116.0
128.0
159.0
177.0
169.0
247.0
245.0
287.0
246.0
248.0
264.0
294.0
306.0
304.0
309.0
307.0
300.0
304.0
313.0
312.0
312.0
312.0
311.0
312.0
312.0
312.0
312.0
312.0
312.0
306.0
304.0
301.0
307.0
294.0
294.0
284.0
292.0
291.0
260.0
287.0
300.0
304.0
284.0
267.0
282.0
267.0
293.0
287.0
287.0
279.0
304.0
233.0
258.0
253.0
288.0
301.0
309.0
310.0
309.0
308.0
308.0
294.0
310.0
282.0
299.0
276.0
261.0
260.0
211.0
198.0
199.0
193.0
179.0
169.0
158.0
146.0
139.0
165.0
116.0
119.0
114.0
120.0
147.0
133.0
107.0
151.0
103.0
92.0
124.0
138.0
135.0
125.0
144.0
142.0
137.0
121.0
112.0
106.0
124.0
112.0
126.0
115.0
134.0
142.0
132.0
114.0
157.0
142.0
146.0
125.0
115.0
124.0
112.0
115.0
117.0
138.0
128.0
139.0
109.0
126.0
109.0
115.0
104.0
109.0
125.0
134.0
135.0
130.0
111.0
126.0
118.0
118.0
128.0
108.0
118.0
122.0
125.0
139.0
173.0
147.0
177.0
150.0
164.0
175.0
179.0
185.0
171.0
176.0
184.0
190.0
240.0
220.0
239.0
254.0
243.0
239.0
247.0
230.0
233.0
236.0
220.0
220.0
230.0
212.0
204.0
197.0
187.0
192.0
206.0
203.0
204.0
209.0
197.0
209.0
188.0
209.0
189.0
192.0
204.0
196.0
165.0
179.0
222.0
222.0
220.0
249.0
222.0
217.0
184.0
202.0
167.0
194.0
187.0
203.0
193.0
176.0
190.0
174.0
157.0
185.0
194.0
190.0
197.0
150.0
155.0
148.0
133.0
168.0
155.0
128.0
135.0
155.0
149.0
120.0
126.0
124.0
110.0
110.0
105.0
101.0
101.0
121.0
110.0
105.0
107.0
92.0
122.0
120.0
142.0
121.0
123.0
124.0
126.0
123.0
134.0
90.0
84.0
91.0
69.0
66.0
87.0
103.0
62.0
84.0
88.0
91.0
89.0
93.0
97.0
97.0
96.0
105.0
112.0
125.0
137.0
127.0
119.0
99.0
93.0
88.0
81.0
70.0
68.0
69.0
64.0
56.0
49.0
70.0
61.0
69.0
61.0
71.0
50.0
32.0
35.0
17.0
31.0
19.0
19.0
14.0
6.0
8.0
13.0
-4.0
-9.0
23.0
14.0
8.0
31.0
37.0
46.0
50.0
87.0
49.0
74.0
68.0
93.0
99.0
109.0
100.0
83.0
101.0
108.0
95.0
98.0
112.0
135.0
116.0
129.0
128.0
106.0
136.0
114.0
132.0
148.0
158.0
183.0
168.0
150.0
173.0
172.0
171.0
137.0
151.0
152.0
171.0
163.0
169.0
175.0
173.0
185.0
191.0
192.0
199.0
198.0
183.0
181.0
204.0
194.0
185.0
202.0
193.0
196.0
217.0
212.0
194.0
184.0
183.0
166.0
169.0
179.0
157.0
145.0
152.0
122.0
122.0
137.0
125.0
121.0
137.0
146.0
147.0
139.0
122.0
91.0
112.0
114.0
79.0
74.0
95.0
86.0
81.0
76.0
96.0
105.0
96.0
110.0
110.0
109.0
108.0
125.0
99.0
101.0
67.0
93.0
82.0
82.0
89.0
70.0
73.0
88.0
78.0
70.0
46.0
72.0
91.0
78.0
76.0
73.0
64.0
86.0
80.0
84.0
86.0
103.0
101.0
93.0
92.0
80.0
83.0
76.0
81.0
96.0
69.0
76.0
67.0
44.0
43.0
49.0
22.0
44.0
20.0
7.0
7.0
7.0
10.0
29.0
16.0
16.0
58.0
35.0
48.0
60.0
66.0
59.0
68.0
89.0
68.0
93.0
75.0
72.0
101.0
110.0
134.0
128.0
156.0
142.0
146.0
137.0
131.0
121.0
121.0
112.0
150.0
143.0
158.0
161.0
147.0
152.0
137.0
155.0
167.0
197.0
189.0
184.0
161.0
161.0
187.0
172.0
158.0
145.0
140.0
162.0
143.0
169.0
150.0
157.0
162.0
157.0
156.0
171.0
183.0
188.0
192.0
159.0
155.0
151.0
155.0
149.0
154.0
174.0
166.0
182.0
161.0
139.0
171.0
181.0
166.0
158.0
164.0
191.0
188.0
181.0
183.0
175.0
177.0
176.0
170.0
167.0
169.0
138.0
149.0
174.0
166.0
165.0
150.0
149.0
148.0
134.0
119.0
129.0
115.0
124.0
125.0
108.0
95.0
93.0
90.0
86.0
90.0
73.0
86.0
68.0
51.0
72.0
41.0
43.0
37.0
58.0
68.0
63.0
74.0
90.0
68.0
100.0
76.0
76.0
77.0
45.0
8.0
38.0
37.0
60.0
70.0
59.0
43.0
51.0
60.0
70.0
86.0
73.0
53.0
30.0
27.0
27.0
11.0
46.0
37.0
68.0
32.0
46.0
31.0
34.0
25.0
9.0
21.0
13.0
11.0
-20.0
9.0
9.0
50.0
61.0
74.0
98.0
120.0
103.0
125.0
105.0
120.0
114.0
84.0
113.0
115.0
131.0
131.0
135.0
134.0
168.0
184.0
163.0
163.0
162.0
178.0
178.0
190.0
183.0
176.0
163.0
143.0
136.0
134.0
164.0
182.0
194.0
193.0
183.0
154.0
181.0
182.0
185.0
165.0
130.0
122.0
108.0
86.0
68.0
80.0
74.0
101.0
108.0
116.0
125.0
133.0
122.0
138.0
139.0
148.0
136.0
121.0
110.0
90.0
101.0
107.0
118.0
133.0
138.0
138.0
135.0
167.0
157.0
171.0
165.0
183.0
127.0
165.0
153.0
152.0
166.0
174.0
151.0
174.0
167.0
191.0
180.0
164.0
150.0
125.0
126.0
154.0
135.0
142.0
237.0
218.0
232.0
225.0
228.0
192.0
216.0
204.0
179.0
183.0
172.0
164.0
156.0
144.0
152.0
136.0
139.0
135.0
151.0
157.0
183.0
164.0
159.0
139.0
134.0
120.0
111.0
119.0
114.0
102.0
110.0
105.0
123.0
114.0
99.0
100.0
104.0
90.0
81.0
86.0
77.0
67.0
61.0
52.0
44.0
30.0
39.0
39.0
44.0
33.0
32.0
49.0
30.0
52.0
49.0
63.0
88.0
58.0
81.0
117.0
117.0
99.0
130.0
139.0
139.0
151.0
158.0
159.0
154.0
169.0
190.0
169.0
172.0
158.0
159.0
173.0
177.0
168.0
176.0
185.0
211.0
193.0
228.0
224.0
217.0
209.0
210.0
229.0
186.0
203.0
182.0
195.0
188.0
182.0
175.0
182.0
173.0
167.0
192.0
163.0
166.0
168.0
172.0
173.0
157.0
152.0
154.0
161.0
153.0
137.0
149.0
161.0
154.0
133.0
150.0
167.0
159.0
155.0
171.0
187.0
180.0
177.0
181.0
151.0
155.0
153.0
165.0
161.0
182.0
167.0
171.0
182.0
161.0
143.0
150.0
116.0
111.0
106.0
115.0
131.0
100.0
97.0
95.0
77.0
57.0
24.0
34.0
28.0
31.0
39.0
33.0
37.0
53.0
28.0
39.0
52.0
50.0
58.0
39.0
30.0
6.0
18.0
27.0
25.0
30.0
18.0
31.0
33.0
30.0
28.0
49.0
29.0
35.0
31.0
20.0
13.0
11.0
15.0
17.0
27.0
8.0
4.0
13.0
21.0
20.0
22.0
27.0
19.0
12.0
32.0
3.0
11.0
16.0
21.0
9.0
29.0
2.0
18.0
-8.0
-10.0
-7.0
7.0
-12.0
-12.0
-1.0
7.0
30.0
80.0
55.0
63.0
69.0
72.0
95.0
106.0
103.0
105.0
119.0
119.0
134.0
102.0
149.0
159.0
169.0
152.0
163.0
150.0
169.0
177.0
190.0
193.0
172.0
171.0
171.0
173.0
153.0
168.0
162.0
178.0
165.0
157.0
158.0
155.0
182.0
191.0
208.0
183.0
185.0
183.0
175.0
174.0
162.0
182.0
156.0
204.0
228.0
251.0
259.0
252.0
244.0
213.0
187.0
203.0
150.0
154.0
132.0
131.0
128.0
109.0
148.0
162.0
167.0
154.0
162.0
187.0
168.0
149.0
114.0
119.0
92.0
57.0
31.0
27.0
37.0
45.0
68.0
65.0
92.0
75.0
111.0
120.0
112.0
133.0
101.0
77.0
34.0
32.0
-2.0
-7.0
-14.0
35.0
57.0
68.0
59.0
84.0
80.0
88.0
50.0
41.0
52.0
15.0
41.0
44.0
25.0
4.0
35.0
35.0
29.0
76.0
54.0
62.0
74.0
104.0
84.0
59.0
54.0
48.0
45.0
50.0
60.0
31.0
52.0
59.0
51.0
41.0
45.0
40.0
31.0
24.0
-15.0
-8.0
-22.0
-58.0
-44.0
-42.0
-33.0
16.0
7.0
-35.0
-2.0
0.0
-7.0
-21.0
-50.0
-47.0
-59.0
-35.0
-33.0
-35.0
-25.0
-12.0
43.0
38.0
62.0
81.0
91.0
90.0
78.0
73.0
75.0
73.0
90.0
99.0
99.0
115.0
102.0
124.0
97.0
116.0
142.0
159.0
147.0
168.0
162.0
185.0
176.0
175.0
149.0
144.0
131.0
138.0
138.0
138.0
133.0
131.0
129.0
138.0
149.0
173.0
173.0
167.0
161.0
149.0
142.0
172.0
162.0
186.0
176.0
152.0
175.0
163.0
172.0
180.0
171.0
178.0
176.0
168.0
175.0
155.0
172.0
162.0
166.0
169.0
178.0
150.0
173.0
177.0
179.0
181.0
162.0
155.0
164.0
167.0
165.0
152.0
151.0
159.0
159.0
159.0
179.0
150.0
161.0
160.0
140.0
154.0
114.0
127.0
130.0
122.0
135.0
134.0
106.0
97.0
104.0
85.0
84.0
84.0
86.0
62.0
77.0
80.0
54.0
62.0
53.0
30.0
36.0
58.0
38.0
34.0
35.0
59.0
50.0
40.0
65.0
82.0
92.0
67.0
16.0
31.0
61.0
53.0
34.0
71.0
35.0
42.0
36.0
34.0
21.0
-5.0
-5.0
-25.0
-3.0
1.0
-1.0
-19.0
-34.0
-26.0
-33.0
-25.0
-42.0
-27.0
-33.0
-32.0
-42.0
-42.0
-49.0
-40.0
-30.0
-1.0
26.0
10.0
51.0
50.0
67.0
64.0
52.0
64.0
67.0
86.0
82.0
80.0
75.0
100.0
98.0
106.0
125.0
143.0
118.0
125.0
115.0
120.0
139.0
156.0
144.0
133.0
143.0
143.0
124.0
129.0
118.0
136.0
155.0
140.0
121.0
137.0
125.0
114.0
129.0
110.0
117.0
143.0
132.0
137.0
143.0
158.0
127.0
128.0
119.0
119.0
127.0
151.0
138.0
110.0
109.0
119.0
129.0
150.0
146.0
134.0
153.0
127.0
119.0
131.0
129.0
149.0
120.0
117.0
102.0
89.0
104.0
104.0
88.0
75.0
109.0
63.0
62.0
84.0
71.0
71.0
53.0
29.0
15.0
31.0
13.0
53.0
58.0
65.0
49.0
40.0
6.0
12.0
5.0
-2.0
8.0
-20.0
-41.0
-22.0
-34.0
-16.0
2.0
30.0
6.0
11.0
8.0
2.0
-4.0
-14.0
-12.0
-18.0
-30.0
12.0
-37.0
-34.0
-20.0
-7.0
-18.0
-24.0
-17.0
-20.0
-45.0
-75.0
-74.0
-67.0
-67.0
-101.0
-70.0
-103.0
-85.0
-105.0
-89.0
-84.0
-87.0
-96.0
-112.0
-103.0
-116.0
-130.0
-117.0
-115.0
-94.0
-89.0
-100.0
-86.0
-97.0
-83.0
-105.0
-111.0
-120.0
-138.0
-128.0
-114.0
-84.0
-88.0
-78.0
-69.0
-52.0
-63.0
-55.0
-59.0
-60.0
-47.0
-47.0
-32.0
4.0
4.0
11.0
14.0
-3.0
24.0
26.0
10.0
16.0
17.0
29.0
51.0
50.0
50.0
48.0
45.0
48.0
69.0
64.0
70.0
76.0
64.0
44.0
49.0
51.0
47.0
39.0
22.0
27.0
24.0
25.0
36.0
48.0
33.0
23.0
26.0
19.0
39.0
11.0
6.0
-6.0
-4.0
28.0
31.0
1.0
19.0
-3.0
-43.0
-13.0
-6.0
-12.0
12.0
-2.0
-5.0
-36.0
-15.0
1.0
-18.0
26.0
-1.0
2.0
-6.0
7.0
-16.0
-11.0
-25.0
-27.0
-29.0
-39.0
-29.0
-35.0
-30.0
-25.0
-15.0
-20.0
-16.0
-38.0
-48.0
-38.0
-26.0
-41.0
-23.0
-22.0
-48.0
-67.0
-66.0
-68.0
-60.0
-65.0
-49.0
-50.0
-60.0
-45.0
-68.0
-44.0
-37.0
-53.0
-80.0
-67.0
-59.0
-74.0
-59.0
-73.0
-48.0
-61.0
-52.0
-77.0
-61.0
-40.0
-46.0
-48.0
-53.0
-79.0
-87.0
-91.0
-74.0
-45.0
-39.0
-78.0
-57.0
-61.0
-72.0
-49.0
-57.0
-64.0
-79.0
-52.0
-96.0
-71.0
-61.0
-64.0
-59.0
-70.0
-55.0
-51.0
-96.0
-73.0
-119.0
-99.0
-104.0
-108.0
-100.0
-95.0
-63.0
-63.0
-52.0
-62.0
-63.0
-46.0
-37.0
-36.0
16.0
2.0
26.0
82.0
117.0
134.0
113.0
126.0
121.0
142.0
96.0
98.0
104.0
98.0
88.0
114.0
81.0
82.0
58.0
54.0
48.0
50.0
80.0
77.0
71.0
78.0
76.0
90.0
73.0
60.0
81.0
89.0
88.0
76.0
64.0
80.0
83.0
86.0
107.0
119.0
125.0
132.0
132.0
105.0
74.0
86.0
43.0
58.0
34.0
47.0
45.0
48.0
45.0
63.0
59.0
83.0
44.0
63.0
42.0
56.0
56.0
71.0
55.0
96.0
99.0
86.0
98.0
88.0
41.0
50.0
50.0
67.0
76.0
70.0
87.0
66.0
70.0
41.0
27.0
22.0
13.0
17.0
35.0
38.0
52.0
52.0
51.0
17.0
19.0
16.0
1.0
2.0
-35.0
-38.0
-25.0
-14.0
-3.0
-27.0
-23.0
-54.0
-17.0
-35.0
-35.0
-17.0
-34.0
-22.0
-11.0
-3.0
5.0
-6.0
-13.0
-33.0
-30.0
-8.0
-13.0
-18.0
-32.0
-13.0
-17.0
-36.0
-45.0
-25.0
-40.0
-30.0
-33.0
-32.0
-30.0
-47.0
-49.0
-30.0
-36.0
-27.0
-40.0
-51.0
-56.0
-45.0
-39.0
-16.0
-34.0
-32.0
1.0
-45.0
-50.0
-26.0
-46.0
-44.0
-58.0
-67.0
-67.0
-52.0
-75.0
-68.0
-72.0
-81.0
-75.0
-96.0
-96.0
-111.0
-88.0
-83.0
-68.0
-43.0
-43.0
-33.0
-40.0
-35.0
-13.0
-12.0
15.0
16.0
11.0
33.0
43.0
44.0
61.0
50.0
65.0
78.0
69.0
83.0
67.0
82.0
107.0
106.0
117.0
108.0
114.0
131.0
120.0
142.0
152.0
128.0
142.0
130.0
148.0
142.0
166.0
162.0
133.0
143.0
127.0
136.0
122.0
133.0
142.0
121.0
156.0
146.0
145.0
148.0
145.0
127.0
120.0
110.0
147.0
136.0
137.0
143.0
133.0
130.0
144.0
166.0
133.0
150.0
143.0
127.0
135.0
110.0
106.0
81.0
85.0
107.0
78.0
86.0
84.0
70.0
68.0
74.0
86.0
70.0
96.0
79.0
87.0
69.0
81.0
41.0
27.0
41.0
41.0
27.0
64.0
51.0
68.0
48.0
61.0
50.0
29.0
35.0
29.0
12.0
32.0
20.0
22.0
30.0
55.0
51.0
42.0
40.0
55.0
62.0
38.0
37.0
23.0
20.0
20.0
25.0
51.0
31.0
17.0
19.0
15.0
30.0
-1.0
15.0
9.0
22.0
17.0
40.0
41.0
8.0
-7.0
-14.0
-4.0
-30.0
-46.0
-30.0
-17.0
-22.0
-18.0
-18.0
-40.0
-41.0
-33.0
-39.0
-48.0
-35.0
-43.0
-43.0
-29.0
-61.0
-49.0
-72.0
-71.0
-77.0
-91.0
-92.0
-55.0
-48.0
-13.0
-3.0
0.0
14.0
21.0
23.0
37.0
43.0
46.0
64.0
81.0
100.0
99.0
124.0
133.0
141.0
135.0
144.0
139.0
139.0
126.0
129.0
122.0
122.0
138.0
148.0
155.0
146.0
174.0
163.0
176.0
161.0
168.0
209.0
172.0
172.0
160.0
178.0
167.0
190.0
221.0
197.0
206.0
191.0
190.0
180.0
162.0
177.0
159.0
159.0
151.0
169.0
171.0
171.0
168.0
164.0
158.0
130.0
139.0
126.0
153.0
150.0
152.0
160.0
127.0
124.0
138.0
99.0
116.0
117.0
110.0
105.0
113.0
109.0
82.0
95.0
89.0
82.0
96.0
72.0
76.0
70.0
51.0
61.0
34.0
29.0
56.0
24.0
38.0
33.0
12.0
7.0
5.0
14.0
23.0
34.0
24.0
16.0
15.0
0.0
17.0
6.0
19.0
-6.0
-10.0
-7.0
13.0
-15.0
-6.0
-5.0
2.0
-13.0
4.0
1.0
11.0
8.0
6.0
3.0
14.0
-5.0
-1.0
-20.0
-48.0
-25.0
-36.0
-28.0
49.0
55.0
52.0
48.0
53.0
43.0
46.0
49.0
63.0
53.0
52.0
43.0
36.0
46.0
41.0
48.0
45.0
26.0
8.0
13.0
-6.0
12.0
-6.0
-9.0
-41.0
-10.0
-42.0
-43.0
-59.0
-37.0
-30.0
-29.0
-45.0
-70.0
-40.0
-32.0
-24.0
-10.0
30.0
54.0
80.0
108.0
84.0
86.0
97.0
86.0
74.0
65.0
69.0
78.0
80.0
79.0
116.0
131.0
143.0
155.0
159.0
129.0
130.0
113.0
101.0
116.0
112.0
129.0
147.0
149.0
151.0
197.0
224.0
210.0
205.0
199.0
191.0
169.0
169.0
134.0
126.0
93.0
87.0
84.0
99.0
83.0
112.0
127.0
141.0
128.0
133.0
128.0
130.0
116.0
140.0
145.0
138.0
115.0
121.0
100.0
83.0
95.0
93.0
86.0
90.0
92.0
91.0
96.0
106.0
91.0
93.0
75.0
107.0
87.0
68.0
54.0
58.0
31.0
51.0
55.0
35.0
25.0
15.0
-1.0
-4.0
3.0
6.0
1.0
0.0
-35.0
-5.0
-11.0
3.0
-22.0
-12.0
-8.0
-4.0
-14.0
-12.0
1.0
-11.0
-14.0
-25.0
-43.0
-23.0
-43.0
-49.0
-36.0
-33.0
-45.0
-69.0
-45.0
-52.0
-39.0
-65.0
-67.0
-72.0
-69.0
-88.0
-88.0
-73.0
-73.0
-78.0
-116.0
-109.0
-120.0
-112.0
-111.0
-107.0
-130.0
-135.0
-129.0
-145.0
-164.0
-156.0
-142.0
-161.0
-166.0
-154.0
-149.0
-155.0
-133.0
-147.0
-143.0
-158.0
-144.0
-143.0
-157.0
-165.0
-159.0
-159.0
-172.0
-165.0
-163.0
-155.0
-142.0
-120.0
-126.0
-124.0
-101.0
-73.0
-67.0
-64.0
-58.0
-50.0
-17.0
-5.0
-2.0
-2.0
18.0
18.0
5.0
23.0
38.0
46.0
48.0
57.0
77.0
55.0
64.0
85.0
81.0
76.0
84.0
68.0
101.0
98.0
108.0
102.0
94.0
79.0
62.0
81.0
62.0
61.0
53.0
66.0
52.0
59.0
66.0
65.0
58.0
45.0
45.0
56.0
31.0
76.0
60.0
74.0
68.0
41.0
72.0
67.0
62.0
65.0
63.0
62.0
68.0
93.0
70.0
101.0
65.0
69.0
51.0
35.0
36.0
58.0
53.0
30.0
26.0
4.0
4.0
5.0
7.0
-28.0
-15.0
-33.0
-20.0
-22.0
-20.0
-20.0
-31.0
-19.0
-38.0
-37.0
-32.0
-30.0
-33.0
-33.0
-32.0
-41.0
-45.0
-33.0
-36.0
-45.0
-34.0
-40.0
-13.0
-59.0
-44.0
-51.0
-58.0
-62.0
-46.0
-64.0
-77.0
-67.0
-57.0
-47.0
-62.0
-51.0
-61.0
-72.0
-66.0
-56.0
-48.0
-49.0
-47.0
-70.0
-65.0
-39.0
-28.0
-29.0
-48.0
-30.0
-53.0
-45.0
-44.0
-55.0
-65.0
-68.0
-76.0
-67.0
-77.0
-63.0
-80.0
-64.0
-69.0
-83.0
-113.0
-95.0
-105.0
-87.0
-78.0
-103.0
-83.0
-104.0
-116.0
-114.0
-118.0
-96.0
-89.0
-97.0
-86.0
-110.0
-90.0
-110.0
-89.0
-79.0
-67.0
-70.0
-56.0
-60.0
-44.0
-23.0
-17.0
-25.0
-24.0
-38.0
-18.0
-22.0
-7.0
31.0
-2.0
-2.0
17.0
-31.0
-23.0
-24.0
-3.0
-2.0
-21.0
-50.0
-34.0
-25.0
-44.0
-53.0
-51.0
-50.0
-32.0
-38.0
-48.0
-62.0
-39.0
-39.0
-22.0
-23.0
-24.0
-12.0
8.0
1.0
-12.0
-24.0
-34.0
-45.0
-27.0
4.0
-11.0
-1.0
18.0
22.0
-29.0
-14.0
-21.0
-4.0
11.0
-1.0
4.0
-9.0
-19.0
-13.0
-11.0
-16.0
7.0
-23.0
-42.0
-65.0
-64.0
-51.0
-47.0
-49.0
-58.0
-47.0
-52.0
-40.0
-52.0
-51.0
-50.0
-78.0
-74.0
-67.0
-36.0
-73.0
-69.0
-54.0
-84.0
-76.0
-77.0
-55.0
-43.0
-67.0
-65.0
-65.0
-92.0
-87.0
-71.0
-63.0
-98.0
-109.0
-87.0
-115.0
-101.0
-93.0
-87.0
-115.0
-106.0
-90.0
-96.0
-89.0
-102.0
-90.0
-102.0
-108.0
-115.0
-93.0
-91.0
-100.0
-86.0
-80.0
-61.0
-76.0
-76.0
-46.0
-55.0
-56.0
-43.0
-29.0
-51.0
-44.0
-31.0
-52.0
-51.0
-42.0
-46.0
-40.0
-42.0
-46.0
-70.0
-19.0
-17.0
-37.0
-70.0
-58.0
-65.0
-59.0
-75.0
-60.0
-90.0
-88.0
-109.0
-100.0
-100.0
-106.0
-89.0
-90.0
-70.0
-59.0
-63.0
-80.0
-68.0
-68.0
-53.0
-39.0
-45.0
-34.0
-23.0
-25.0
-28.0
-18.0
-31.0
6.0
10.0
6.0
4.0
-18.0
-7.0
-30.0
4.0
-1.0
4.0
5.0
11.0
14.0
8.0
13.0
19.0
29.0
48.0
47.0
48.0
67.0
103.0
97.0
92.0
98.0
117.0
128.0
118.0
85.0
94.0
76.0
80.0
86.0
84.0
72.0
68.0
59.0
56.0
71.0
78.0
67.0
54.0
37.0
36.0
52.0
57.0
49.0
41.0
27.0
13.0
22.0
18.0
34.0
49.0
56.0
102.0
81.0
70.0
33.0
20.0
51.0
69.0
74.0
68.0
52.0
33.0
15.0
32.0
34.0
26.0
21.0
14.0
34.0
6.0
31.0
2.0
4.0
-6.0
-14.0
-13.0
-5.0
1.0
-6.0
-15.0
-31.0
-31.0
-37.0
-7.0
-8.0
5.0
-30.0
-13.0
-36.0
-12.0
-36.0
-23.0
-30.0
-42.0
-34.0
-40.0
-43.0
-62.0
-67.0
-23.0
-42.0
-51.0
-56.0
-95.0
-73.0
-80.0
-63.0
-60.0
-65.0
-63.0
-71.0
-74.0
-70.0
-86.0
-61.0
-53.0
-92.0
-100.0
-95.0
-105.0
-88.0
-81.0
-91.0
-106.0
-108.0
-110.0
-108.0
-135.0
-120.0
-111.0
-114.0
-112.0
-118.0
-156.0
-136.0
-114.0
-110.0
-114.0
-118.0
-132.0
-128.0
-122.0
-113.0
-118.0
-119.0
-122.0
-103.0
-134.0
-144.0
-146.0
-159.0
-137.0
-118.0
-96.0
-92.0
-96.0
-81.0
-73.0
-61.0
-63.0
-51.0
-52.0
-37.0
-21.0
-14.0
-19.0
-25.0
11.0
-1.0
31.0
31.0
46.0
52.0
34.0
45.0
64.0
72.0
77.0
77.0
73.0
86.0
71.0
83.0
103.0
78.0
82.0
97.0
76.0
56.0
41.0
37.0
52.0
31.0
30.0
30.0
35.0
39.0
48.0
43.0
28.0
38.0
36.0
48.0
42.0
28.0
22.0
12.0
3.0
16.0
32.0
50.0
34.0
73.0
44.0
56.0
35.0
21.0
27.0
15.0
16.0
7.0
4.0
-2.0
15.0
4.0
34.0
3.0
-31.0
-7.0
-11.0
3.0
2.0
10.0
10.0
-4.0
15.0
6.0
-9.0
5.0
3.0
5.0
5.0
15.0
-2.0
6.0
0.0
0.0
-12.0
-5.0
-10.0
-30.0
-14.0
-26.0
-41.0
-10.0
-6.0
-21.0
-16.0
5.0
-27.0
-37.0
-37.0
-36.0
-27.0
-59.0
-49.0
-57.0
-67.0
-75.0
-91.0
-67.0
-70.0
-69.0
-71.0
-100.0
-120.0
-102.0
-98.0
-63.0
-60.0
-20.0
-31.0
-67.0
-79.0
-95.0
-122.0
-118.0
-117.0
-115.0
-114.0
-96.0
-62.0
-64.0
-48.0
-43.0
-53.0
-68.0
-82.0
-94.0
-108.0
-135.0
-150.0
-144.0
-131.0
-119.0
-118.0
-87.0
-70.0
-51.0
-67.0
-67.0
-72.0
-64.0
-73.0
-79.0
-73.0
-119.0
-86.0
-88.0
-72.0
-56.0
-37.0
-8.0
11.0
12.0
26.0
34.0
11.0
-1.0
32.0
14.0
25.0
27.0
13.0
14.0
26.0
6.0
8.0
18.0
28.0
9.0
7.0
15.0
17.0
8.0
-1.0
20.0
17.0
25.0
-5.0
3.0
49.0
58.0
65.0
45.0
39.0
24.0
14.0
-4.0
-10.0
-2.0
17.0
29.0
45.0
47.0
52.0
34.0
15.0
36.0
33.0
39.0
46.0
53.0
45.0
35.0
16.0
29.0
36.0
33.0
65.0
56.0
47.0
34.0
5.0
-6.0
36.0
21.0
35.0
41.0
39.0
40.0
46.0
14.0
33.0
5.0
28.0
10.0
26.0
33.0
45.0
33.0
26.0
10.0
-14.0
-16.0
4.0
24.0
32.0
27.0
23.0
-5.0
-14.0
-31.0
-18.0
-20.0
-2.0
3.0
10.0
55.0
98.0
70.0
46.0
53.0
33.0
5.0
21.0
11.0
18.0
42.0
31.0
21.0
-5.0
-22.0
-5.0
-9.0
11.0
3.0
-6.0
10.0
9.0
0.0
-1.0
8.0
-1.0
-31.0
-22.0
-25.0
-29.0
-41.0
-29.0
-26.0
-26.0
-20.0
-42.0
-48.0
-54.0
-57.0
-40.0
-38.0
-36.0
-39.0
-62.0
-51.0
-65.0
-68.0
-66.0
-73.0
-54.0
-62.0
-50.0
-66.0
-36.0
-42.0
-39.0
-20.0
5.0
-6.0
2.0
35.0
16.0
21.0
48.0
60.0
48.0
48.0
43.0
42.0
64.0
49.0
55.0
76.0
63.0
65.0
77.0
70.0
68.0
102.0
121.0
101.0
96.0
109.0
123.0
112.0
131.0
123.0
130.0
119.0
142.0
126.0
148.0
156.0
164.0
138.0
130.0
134.0
143.0
128.0
124.0
128.0
134.0
147.0
139.0
112.0
111.0
132.0
106.0
131.0
127.0
126.0
118.0
123.0
109.0
92.0
97.0
90.0
97.0
97.0
98.0
108.0
78.0
68.0
89.0
62.0
52.0
46.0
43.0
34.0
39.0
40.0
34.0
25.0
27.0
21.0
20.0
32.0
36.0
77.0
48.0
34.0
78.0
32.0
6.0
77.0
78.0
70.0
65.0
44.0
44.0
28.0
42.0
60.0
4.0
35.0
8.0
18.0
21.0
21.0
37.0
8.0
19.0
7.0
28.0
3.0
12.0
1.0
0.0
-8.0
-32.0
-16.0
-2.0
17.0
32.0
10.0
29.0
9.0
-4.0
7.0
4.0
9.0
-23.0
-30.0
-41.0
-51.0
-46.0
-67.0
-69.0
-72.0
-88.0
-85.0
-86.0
-67.0
-101.0
-80.0
-107.0
-114.0
-96.0
-105.0
-96.0
-102.0
-78.0
-91.0
-88.0
-90.0
-108.0
-115.0
-130.0
-116.0
-99.0
-116.0
-113.0
-116.0
-105.0
-107.0
-93.0
-99.0
-78.0
-50.0
-36.0
-24.0
-7.0
-4.0
20.0
4.0
21.0
35.0
30.0
27.0
20.0
35.0
43.0
50.0
51.0
65.0
63.0
73.0
61.0
66.0
84.0
88.0
87.0
83.0
90.0
82.0
67.0
63.0
81.0
87.0
89.0
72.0
86.0
81.0
82.0
86.0
69.0
82.0
87.0
77.0
52.0
71.0
69.0
71.0
87.0
96.0
98.0
98.0
105.0
110.0
108.0
128.0
123.0
131.0
109.0
83.0
92.0
62.0
78.0
64.0
52.0
79.0
67.0
66.0
68.0
77.0
52.0
60.0
48.0
68.0
47.0
73.0
82.0
85.0
80.0
76.0
61.0
80.0
75.0
55.0
77.0
41.0
69.0
53.0
36.0
38.0
11.0
28.0
15.0
-3.0
13.0
-3.0
1.0
-13.0
-2.0
-4.0
-15.0
3.0
-14.0
-17.0
-20.0
-29.0
-23.0
-37.0
-34.0
-61.0
-45.0
-56.0
-34.0
-7.0
-5.0
-26.0
-15.0
-38.0
-23.0
-42.0
-32.0
-27.0
-34.0
-37.0
-53.0
-33.0
-24.0
-32.0
-58.0
-49.0
-68.0
-54.0
-46.0
-61.0
-59.0
-89.0
-76.0
-54.0
-68.0
-71.0
-95.0
-89.0
-87.0
-83.0
-52.0
-65.0
-97.0
-114.0
-84.0
-107.0
-89.0
-88.0
-105.0
-100.0
-121.0
-103.0
-118.0
-105.0
-111.0
-107.0
-97.0
-82.0
-82.0
-83.0
-55.0
-38.0
-25.0
-15.0
-12.0
-7.0
-15.0
6.0
7.0
3.0
-1.0
-29.0
-6.0
5.0
14.0
20.0
29.0
24.0
23.0
20.0
29.0
13.0
40.0
31.0
36.0
33.0
21.0
30.0
50.0
42.0
31.0
43.0
32.0
36.0
32.0
36.0
12.0
21.0
22.0
16.0
14.0
1.0
21.0
36.0
37.0
45.0
30.0
54.0
49.0
29.0
41.0
40.0
27.0
16.0
-15.0
13.0
-5.0
34.0
19.0
32.0
37.0
43.0
10.0
-1.0
-5.0
11.0
-8.0
-17.0
4.0
-5.0
10.0
10.0
-3.0
6.0
-11.0
8.0
0.0
-15.0
-15.0
-5.0
-15.0
-27.0
-42.0
-63.0
-72.0
-63.0
-72.0
-55.0
-50.0
-50.0
-45.0
-46.0
-46.0
-48.0
-55.0
-52.0
-49.0
-68.0
-60.0
-54.0
-49.0
-44.0
-71.0
-63.0
-72.0
-87.0
-97.0
-102.0
-100.0
-73.0
-70.0
-73.0
-99.0
-102.0
-88.0
-88.0
-84.0
-78.0
-87.0
-67.0
-75.0
-59.0
-59.0
-76.0
-61.0
-37.0
-81.0
-63.0
-41.0
-60.0
-64.0
-63.0
-46.0
-78.0
-90.0
-73.0
-69.0
-82.0
-82.0
-90.0
-103.0
-87.0
-86.0
-109.0
-145.0
-141.0
-142.0
-134.0
-131.0
-133.0
-161.0
-168.0
-161.0
-160.0
-169.0
-153.0
-125.0
-117.0
-98.0
-105.0
-103.0
-99.0
-94.0
-98.0
-112.0
-87.0
-56.0
-61.0
-51.0
-46.0
-68.0
-59.0
-39.0
-36.0
-48.0
-24.0
-21.0
-18.0
2.0
4.0
-11.0
4.0
0.0
19.0
24.0
22.0
24.0
24.0
12.0
36.0
20.0
-5.0
10.0
15.0
17.0
17.0
12.0
17.0
13.0
7.0
10.0
-19.0
17.0
10.0
-1.0
3.0
-14.0
11.0
17.0
20.0
40.0
49.0
71.0
45.0
44.0
51.0
8.0
-6.0
-6.0
21.0
24.0
16.0
12.0
25.0
14.0
14.0
33.0
3.0
-7.0
-13.0
6.0
-9.0
-8.0
-10.0
-26.0
-21.0
-5.0
-23.0
-1.0
-4.0
-32.0
-37.0
-47.0
-52.0
-48.0
-33.0
-35.0
-32.0
-43.0
-36.0
-35.0
-32.0
-49.0
-55.0
-55.0
-32.0
-46.0
-59.0
-47.0
-59.0
-70.0
-55.0
-58.0
-53.0
-49.0
-43.0
-41.0
-20.0
-51.0
-59.0
-70.0
-64.0
-67.0
-59.0
-45.0
-49.0
-72.0
-54.0
-59.0
-17.0
-36.0
-51.0
-44.0
-28.0
-29.0
-15.0
-32.0
-39.0
-44.0
-65.0
-24.0
-36.0
-56.0
-46.0
-46.0
-78.0
-74.0
-87.0
-65.0
-62.0
-62.0
-76.0
-70.0
-111.0
-125.0
-149.0
-148.0
-127.0
-131.0
-118.0
-145.0
-144.0
-147.0
-140.0
-131.0
-146.0
-149.0
-136.0
-132.0
-95.0
-103.0
-95.0
-71.0
-59.0
-60.0
-44.0
-62.0
-73.0
-35.0
3.0
10.0
30.0
32.0
17.0
21.0
50.0
53.0
39.0
20.0
21.0
20.0
-1.0
25.0
25.0
39.0
43.0
52.0
43.0
33.0
70.0
54.0
95.0
85.0
53.0
43.0
27.0
33.0
39.0
63.0
52.0
57.0
52.0
48.0
44.0
59.0
3.0
20.0
1.0
20.0
39.0
41.0
47.0
54.0
33.0
47.0
48.0
50.0
55.0
61.0
39.0
31.0
2.0
5.0
41.0
73.0
63.0
83.0
79.0
54.0
63.0
62.0
4.0
3.0
22.0
40.0
35.0
27.0
33.0
17.0
12.0
10.0
21.0
18.0
19.0
5.0
11.0
-4.0
-5.0
-21.0
14.0
-3.0
8.0
0.0
-11.0
-8.0
-18.0
-21.0
-33.0
-2.0
-40.0
-3.0
3.0
-17.0
-11.0
1.0
-39.0
-48.0
-21.0
-35.0
-58.0
-44.0
-47.0
-59.0
-73.0
-71.0
-84.0
-69.0
-58.0
-43.0
-16.0
-4.0
-21.0
-25.0
-44.0
-32.0
-63.0
-76.0
-76.0
-71.0
-64.0
-41.0
-28.0
-59.0
-32.0
-37.0
-52.0
-42.0
-46.0
-50.0
-44.0
-39.0
-62.0
-48.0
-76.0
-81.0
-96.0
-70.0
-83.0
-102.0
-95.0
-79.0
-48.0
-47.0
-31.0
-30.0
-44.0
-24.0
-54.0
-71.0
-73.0
-57.0
-56.0
-46.0
-30.0
-35.0
-27.0
-22.0
-12.0
-13.0
1.0
9.0
8.0
22.0
35.0
43.0
53.0
60.0
75.0
78.0
64.0
79.0
78.0
99.0
129.0
140.0
158.0
157.0
173.0
190.0
186.0
185.0
195.0
176.0
171.0
166.0
157.0
187.0
169.0
165.0
154.0
154.0
146.0
162.0
153.0
129.0
117.0
107.0
119.0
131.0
121.0
102.0
118.0
121.0
124.0
143.0
127.0
101.0
106.0
84.0
95.0
99.0
121.0
111.0
116.0
106.0
120.0
97.0
78.0
72.0
66.0
80.0
69.0
74.0
41.0
47.0
20.0
67.0
62.0
36.0
24.0
14.0
-1.0
1.0
-7.0
8.0
-6.0
2.0
21.0
3.0
32.0
16.0
-8.0
1.0
-21.0
-21.0
-7.0
-16.0
-2.0
18.0
17.0
3.0
2.0
-16.0
11.0
7.0
10.0
13.0
0.0
-12.0
-54.0
-64.0
-91.0
-79.0
-60.0
-55.0
-53.0
-41.0
-45.0
-64.0
-45.0
-45.0
-39.0
-65.0
-48.0
-91.0
-79.0
-103.0
-80.0
-80.0
-60.0
-64.0
-40.0
-40.0
-74.0
-98.0
-110.0
-130.0
-131.0
-115.0
-112.0
-97.0
-103.0
-109.0
-101.0
-87.0
-80.0
-84.0
-90.0
-100.0
-118.0
-134.0
-133.0
-144.0
-92.0
-89.0
-68.0
-81.0
-73.0
-93.0
-56.0
-69.0
-50.0
-41.0
-50.0
-49.0
-33.0
-41.0
-22.0
5.0
10.0
35.0
14.0
36.0
24.0
41.0
18.0
30.0
41.0
45.0
34.0
39.0
37.0
14.0
38.0
40.0
39.0
56.0
67.0
57.0
62.0
36.0
51.0
35.0
49.0
56.0
36.0
43.0
13.0
8.0
33.0
43.0
45.0
74.0
80.0
76.0
64.0
62.0
71.0
67.0
73.0
76.0
66.0
84.0
62.0
-2.0
15.0
20.0
53.0
46.0
51.0
48.0
39.0
19.0
38.0
31.0
45.0
52.0
59.0
31.0
5.0
-15.0
-11.0
-22.0
2.0
14.0
25.0
34.0
14.0
-3.0
-8.0
-33.0
-30.0
-26.0
-16.0
-26.0
-48.0
-29.0
-7.0
6.0
13.0
46.0
30.0
35.0
2.0
-30.0
-42.0
-51.0
-73.0
-65.0
-39.0
-8.0
-13.0
-1.0
-25.0
-26.0
-49.0
-56.0
-54.0
-53.0
-43.0
-74.0
-55.0
-59.0
-18.0
-36.0
-60.0
-23.0
-36.0
-22.0
-40.0
-14.0
-38.0
-37.0
-72.0
-82.0
-105.0
-91.0
-101.0
-63.0
-55.0
-52.0
-79.0
-74.0
-107.0
-111.0
-107.0
-105.0
-102.0
-112.0
-115.0
-119.0
-112.0
-116.0
-70.0
-79.0
-82.0
-77.0
-40.0
-33.0
-36.0
-44.0
-31.0
-44.0
-20.0
-28.0
24.0
10.0
36.0
48.0
67.0
52.0
36.0
52.0
47.0
35.0
38.0
37.0
48.0
26.0
36.0
65.0
74.0
99.0
111.0
107.0
79.0
90.0
73.0
78.0
67.0
89.0
79.0
102.0
96.0
118.0
119.0
109.0
97.0
98.0
112.0
105.0
115.0
116.0
95.0
89.0
93.0
90.0
115.0
114.0
110.0
123.0
89.0
115.0
126.0
139.0
127.0
153.0
128.0
117.0
114.0
141.0
114.0
112.0
85.0
80.0
58.0
82.0
67.0
71.0
63.0
84.0
50.0
61.0
40.0
33.0
26.0
45.0
46.0
38.0
66.0
43.0
39.0
12.0
1.0
-22.0
-39.0
-27.0
-20.0
-6.0
-23.0
2.0
-10.0
-17.0
-52.0
-58.0
-52.0
-16.0
3.0
15.0
37.0
40.0
31.0
29.0
27.0
6.0
10.0
-5.0
-21.0
-31.0
-35.0
-55.0
-56.0
-52.0
-53.0
-77.0
-72.0
-64.0
-51.0
-25.0
-2.0
-9.0
-13.0
-18.0
-14.0
-6.0
-13.0
-23.0
-27.0
-19.0
-26.0
-18.0
-8.0
3.0
7.0
-9.0
-17.0
-37.0
-26.0
-44.0
-75.0
-84.0
-74.0
-62.0
-80.0
-77.0
-79.0
-55.0
-48.0
-41.0
-50.0
-40.0
-11.0
-13.0
-19.0
-20.0
-12.0
3.0
12.0
48.0
58.0
69.0
70.0
80.0
70.0
81.0
84.0
104.0
122.0
109.0
110.0
128.0
113.0
133.0
118.0
168.0
165.0
167.0
184.0
166.0
150.0
155.0
143.0
137.0
136.0
149.0
126.0
122.0
119.0
118.0
130.0
137.0
128.0
115.0
96.0
93.0
91.0
93.0
112.0
105.0
71.0
82.0
69.0
98.0
112.0
129.0
109.0
103.0
81.0
77.0
92.0
84.0
85.0
77.0
75.0
64.0
99.0
89.0
77.0
71.0
61.0
68.0
74.0
64.0
84.0
72.0
52.0
54.0
72.0
58.0
60.0
50.0
45.0
36.0
25.0
24.0
13.0
10.0
12.0
13.0
29.0
21.0
6.0
-22.0
-5.0
-24.0
-22.0
-6.0
-3.0
-23.0
-2.0
-18.0
-3.0
-3.0
-6.0
-18.0
-23.0
-39.0
-48.0
-63.0
-69.0
-50.0
-63.0
-64.0
-54.0
-58.0
-46.0
-52.0
-39.0
-46.0
-36.0
-77.0
-76.0
-83.0
-81.0
-58.0
-62.0
-53.0
-39.0
-52.0
-49.0
-68.0
-66.0
-75.0
-82.0
-68.0
-80.0
-87.0
-100.0
-89.0
-90.0
-103.0
-93.0
-74.0
-80.0
-92.0
-105.0
-112.0
-116.0
-110.0
-134.0
-119.0
-139.0
-123.0
-131.0
-107.0
-112.0
-78.0
-57.0
-51.0
-30.0
-33.0
-24.0
18.0
19.0
38.0
31.0
16.0
7.0
21.0
22.0
42.0
30.0
44.0
56.0
52.0
55.0
45.0
42.0
31.0
24.0
36.0
29.0
13.0
23.0
27.0
20.0
29.0
21.0
38.0
28.0
39.0
39.0
31.0
39.0
15.0
15.0
15.0
-8.0
29.0
27.0
22.0
30.0
27.0
41.0
12.0
45.0
39.0
37.0
44.0
41.0
45.0
53.0
51.0
65.0
23.0
16.0
23.0
18.0
16.0
29.0
23.0
35.0
43.0
43.0
22.0
46.0
3.0
20.0
6.0
-4.0
-3.0
14.0
12.0
19.0
-4.0
-1.0
-14.0
-5.0
-5.0
-13.0
-48.0
-54.0
-66.0
-61.0
-68.0
-61.0
-51.0
-50.0
-45.0
-30.0
-35.0
-16.0
-21.0
-32.0
-33.0
-71.0
-67.0
-53.0
-20.0
-56.0
-28.0
-50.0
-26.0
-37.0
-30.0
-30.0
-37.0
-31.0
-17.0
-48.0
-55.0
-72.0
-84.0
-64.0
-75.0
-51.0
-52.0
-57.0
-70.0
-76.0
-77.0
-63.0
-56.0
-79.0
-101.0
-100.0
-115.0
-109.0
-99.0
-98.0
-70.0
-86.0
-98.0
-107.0
-112.0
-139.0
-137.0
-138.0
-144.0
-173.0
-180.0
-189.0
-192.0
-190.0
-164.0
-121.0
-128.0
-119.0
-128.0
-119.0
-118.0
-104.0
-85.0
-83.0
-70.0
-66.0
-63.0
-62.0
-40.0
-27.0
12.0
38.0
44.0
45.0
29.0
25.0
59.0
35.0
23.0
25.0
22.0
39.0
39.0
26.0
24.0
49.0
49.0
73.0
77.0
51.0
69.0
46.0
31.0
18.0
43.0
37.0
50.0
56.0
33.0
34.0
51.0
58.0
47.0
51.0
42.0
39.0
29.0
15.0
13.0
25.0
22.0
35.0
39.0
63.0
58.0
89.0
48.0
44.0
60.0
52.0
61.0
55.0
38.0
56.0
77.0
60.0
49.0
61.0
76.0
51.0
47.0
33.0
48.0
33.0
13.0
14.0
3.0
-13.0
-34.0
-14.0
3.0
-7.0
-23.0
-6.0
-26.0
12.0
3.0
-10.0
5.0
-4.0
-31.0
-37.0
-50.0
-43.0
-41.0
-42.0
-23.0
-22.0
-15.0
-37.0
-23.0
-45.0
-12.0
-30.0
-14.0
-30.0
-42.0
-34.0
-61.0
-64.0
-44.0
-46.0
-8.0
-54.0
-60.0
-52.0
-43.0
-32.0
16.0
-10.0
-10.0
-20.0
-20.0
-21.0
-16.0
-30.0
-14.0
-16.0
-37.0
-36.0
-70.0
-60.0
-78.0
-70.0
-83.0
-89.0
-86.0
-103.0
-112.0
-120.0
-130.0
-106.0
-90.0
-95.0
-63.0
-70.0
-60.0
-86.0
-120.0
-128.0
-152.0
-142.0
-133.0
-124.0
-112.0
-111.0
-120.0
-98.0
-84.0
-88.0
-83.0
-81.0
-66.0
-34.0
-32.0
-16.0
-18.0
-12.0
-1.0
-6.0
-1.0
6.0
6.0
7.0
12.0
14.0
14.0
20.0
33.0
48.0
40.0
58.0
54.0
37.0
53.0
62.0
71.0
56.0
53.0
61.0
63.0
56.0
36.0
29.0
34.0
25.0
29.0
42.0
44.0
48.0
61.0
48.0
66.0
57.0
48.0
56.0
75.0
58.0
48.0
40.0
31.0
68.0
68.0
72.0
61.0
74.0
60.0
65.0
51.0
63.0
54.0
44.0
30.0
22.0
43.0
40.0
31.0
37.0
22.0
21.0
10.0
13.0
19.0
13.0
8.0
31.0
25.0
46.0
27.0
21.0
17.0
9.0
19.0
-1.0
-8.0
9.0
9.0
21.0
13.0
10.0
2.0
3.0
2.0
4.0
-21.0
-21.0
-8.0
-6.0
-36.0
-39.0
-67.0
-57.0
-27.0
-26.0
-13.0
-11.0
-31.0
-60.0
-33.0
-60.0
-64.0
-65.0
-51.0
-69.0
-67.0
-64.0
-60.0
-58.0
-51.0
-62.0
-59.0
-55.0
-51.0
-42.0
-51.0
-60.0
-35.0
-39.0
-71.0
-64.0
-73.0
-59.0
-66.0
-55.0
-62.0
-81.0
-67.0
-44.0
-48.0
-59.0
-45.0
-39.0
-69.0
-84.0
-121.0
-116.0
-145.0
-109.0
-101.0
-75.0
-99.0
-66.0
-63.0
-75.0
-55.0
-45.0
-44.0
-49.0
-32.0
-48.0
-26.0
-31.0
-15.0
11.0
6.0
30.0
35.0
59.0
68.0
99.0
68.0
90.0
70.0
52.0
41.0
18.0
42.0
51.0
50.0
66.0
71.0
69.0
73.0
65.0
76.0
67.0
59.0
37.0
51.0
30.0
58.0
49.0
62.0
55.0
51.0
74.0
68.0
57.0
55.0
67.0
70.0
80.0
100.0
80.0
90.0
89.0
91.0
74.0
80.0
90.0
86.0
93.0
110.0
83.0
87.0
81.0
111.0
93.0
100.0
99.0
51.0
49.0
59.0
54.0
81.0
75.0
83.0
67.0
43.0
37.0
34.0
47.0
29.0
21.0
10.0
21.0
-3.0
12.0
15.0
-14.0
20.0
1.0
7.0
3.0
11.0
-7.0
5.0
-8.0
-18.0
-14.0
-23.0
15.0
2.0
-24.0
-24.0
-10.0
-5.0
-8.0
11.0
-4.0
1.0
12.0
-24.0
-35.0
-40.0
-51.0
-32.0
-30.0
-10.0
-14.0
-10.0
1.0
7.0
13.0
-7.0
-28.0
-46.0
-51.0
-58.0
-59.0
-60.0
-84.0
-93.0
-67.0
-42.0
-23.0
-27.0
-25.0
-16.0
-39.0
-73.0
-76.0
-123.0
-116.0
-155.0
-143.0
-120.0
-87.0
-66.0
-42.0
-40.0
-59.0
-63.0
-63.0
-88.0
-67.0
-102.0
-135.0
-159.0
-168.0
-157.0
-138.0
-117.0
-84.0
-53.0
-35.0
-20.0
-3.0
-5.0
-3.0
12.0
2.0
-16.0
-34.0
-35.0
-38.0
-25.0
-4.0
-1.0
16.0
46.0
60.0
39.0
37.0
44.0
32.0
53.0
70.0
52.0
70.0
64.0
80.0
96.0
91.0
95.0
96.0
101.0
93.0
76.0
91.0
103.0
133.0
139.0
126.0
116.0
115.0
107.0
94.0
90.0
90.0
88.0
87.0
74.0
121.0
125.0
136.0
157.0
163.0
169.0
131.0
135.0
109.0
126.0
98.0
113.0
117.0
109.0
128.0
124.0
114.0
124.0
107.0
123.0
115.0
129.0
77.0
96.0
89.0
102.0
81.0
76.0
68.0
41.0
39.0
30.0
51.0
48.0
72.0
73.0
63.0
66.0
49.0
21.0
19.0
11.0
18.0
24.0
48.0
15.0
12.0
-16.0
-14.0
-29.0
-26.0
-27.0
-21.0
-21.0
-17.0
-31.0
-37.0
-31.0
-51.0
-30.0
-32.0
-38.0
-36.0
-62.0
-37.0
-45.0
-45.0
-56.0
-59.0
-54.0
-53.0
-75.0
-42.0
-59.0
-44.0
-49.0
-42.0
-50.0
-40.0
-42.0
-38.0
-49.0
-53.0
-48.0
-73.0
-75.0
-36.0
-53.0
-48.0
-45.0
-49.0
-88.0
-81.0
-85.0
-85.0
-73.0
-70.0
-55.0
-64.0
-72.0
-97.0
-97.0
-95.0
-87.0
-70.0
-59.0
-75.0
-113.0
-115.0
-120.0
-110.0
-100.0
-74.0
-68.0
-42.0
-37.0
-45.0
-30.0
-34.0
-22.0
-3.0
3.0
-5.0
1.0
19.0
23.0
2.0
12.0
35.0
64.0
81.0
87.0
71.0
49.0
55.0
43.0
88.0
77.0
84.0
88.0
80.0
64.0
50.0
34.0
8.0
5.0
40.0
63.0
72.0
77.0
88.0
67.0
54.0
43.0
68.0
55.0
30.0
47.0
47.0
53.0
68.0
95.0
109.0
70.0
93.0
73.0
64.0
63.0
49.0
36.0
11.0
28.0
21.0
23.0
17.0
24.0
55.0
58.0
71.0
55.0
89.0
95.0
68.0
63.0
55.0
80.0
83.0
82.0
63.0
64.0
43.0
45.0
48.0
26.0
39.0
48.0
56.0
53.0
61.0
44.0
35.0
-4.0
-19.0
-19.0
7.0
20.0
24.0
9.0
15.0
-8.0
-3.0
-3.0
-8.0
-1.0
7.0
-5.0
-23.0
-19.0
-29.0
-9.0
-22.0
-10.0
-8.0
-27.0
-22.0
-32.0
-13.0
-49.0
-20.0
-43.0
-26.0
-46.0
-42.0
-44.0
-57.0
-70.0
-60.0
-89.0
-65.0
-62.0
-60.0
-62.0
-81.0
-84.0
-80.0
-61.0
-55.0
-52.0
-70.0
-68.0
-91.0
-97.0
-118.0
-105.0
-120.0
-115.0
-87.0
-102.0
-95.0
-116.0
-121.0
-109.0
-88.0
-114.0
-115.0
-127.0
-107.0
-96.0
-94.0
-96.0
-73.0
-69.0
-69.0
-57.0
-35.0
-62.0
-50.0
-31.0
-27.0
-32.0
-11.0
-14.0
-17.0
-30.0
-25.0
-25.0
-16.0
-11.0
10.0
-18.0
2.0
-1.0
1.0
2.0
14.0
5.0
-18.0
-16.0
-22.0
-25.0
-17.0
-29.0
-5.0
-8.0
25.0
42.0
70.0
70.0
55.0
48.0
39.0
53.0
46.0
46.0
38.0
13.0
14.0
24.0
30.0
42.0
91.0
128.0
127.0
115.0
110.0
108.0
86.0
63.0
70.0
101.0
93.0
121.0
131.0
125.0
131.0
93.0
84.0
69.0
45.0
43.0
32.0
41.0
40.0
41.0
23.0
29.0
25.0
20.0
33.0
28.0
11.0
37.0
2.0
-1.0
8.0
-8.0
-33.0
-20.0
5.0
11.0
-3.0
3.0
-20.0
-23.0
-34.0
-4.0
-16.0
-15.0
-1.0
-6.0
-33.0
-19.0
-35.0
-51.0
-20.0
-37.0
-6.0
-18.0
-13.0
-43.0
-49.0
-48.0
-46.0
-53.0
-53.0
-56.0
-50.0
-51.0
-26.0
-36.0
-48.0
-60.0
-69.0
-46.0
-51.0
-46.0
-73.0
-56.0
-42.0
-27.0
-14.0
-39.0
-33.0
-56.0
-42.0
-60.0
-58.0
-65.0
-54.0
-64.0
-70.0
-78.0
-72.0
-66.0
-54.0
-64.0
-60.0
-58.0
-71.0
-64.0
-77.0
-86.0
-99.0
-99.0
-99.0
-137.0
-123.0
-129.0
-122.0
-105.0
-105.0
-100.0
-90.0
-99.0
-77.0
-59.0
-52.0
-52.0
-43.0
-49.0
-30.0
-13.0
-5.0
2.0
22.0
33.0
46.0
21.0
35.0
23.0
30.0
46.0
32.0
27.0
55.0
48.0
68.0
82.0
108.0
111.0
120.0
128.0
125.0
122.0
119.0
119.0
113.0
99.0
105.0
110.0
111.0
97.0
104.0
122.0
92.0
98.0
87.0
97.0
77.0
83.0
89.0
96.0
96.0
95.0
100.0
95.0
125.0
105.0
104.0
101.0
121.0
92.0
95.0
83.0
73.0
87.0
110.0
102.0
106.0
88.0
97.0
95.0
90.0
63.0
53.0
65.0
54.0
48.0
47.0
27.0
34.0
59.0
47.0
29.0
28.0
27.0
25.0
14.0
4.0
3.0
12.0
10.0
13.0
5.0
2.0
-12.0
-21.0
-27.0
-4.0
-7.0
16.0
-33.0
-13.0
-18.0
-20.0
-21.0
-35.0
-25.0
-15.0
-8.0
14.0
-20.0
-31.0
-50.0
-49.0
-67.0
-76.0
-64.0
-35.0
-46.0
-28.0
-51.0
-40.0
-50.0
-59.0
-64.0
-59.0
-71.0
-80.0
-72.0
-67.0
-51.0
-73.0
-68.0
-48.0
-58.0
-49.0
-59.0
-48.0
-70.0
-67.0
-84.0
-82.0
-62.0
-59.0
-93.0
-99.0
-95.0
-100.0
-87.0
-88.0
-76.0
-68.0
-58.0
-82.0
-77.0
-71.0
-87.0
-76.0
-92.0
-72.0
-91.0
-77.0
-82.0
-77.0
-55.0
-57.0
-68.0
-86.0
-89.0
-77.0
-69.0
-63.0
-61.0
-65.0
-62.0
-54.0
-32.0
-22.0
4.0
11.0
20.0
8.0
14.0
26.0
12.0
15.0
30.0
32.0
38.0
38.0
42.0
40.0
70.0
85.0
76.0
87.0
70.0
62.0
87.0
106.0
95.0
108.0
113.0
103.0
110.0
110.0
95.0
89.0
53.0
55.0
63.0
63.0
64.0
77.0
71.0
88.0
91.0
102.0
111.0
145.0
115.0
116.0
101.0
93.0
103.0
63.0
76.0
78.0
92.0
81.0
67.0
69.0
71.0
89.0
90.0
109.0
78.0
64.0
49.0
41.0
38.0
44.0
11.0
36.0
57.0
40.0
58.0
48.0
49.0
42.0
55.0
40.0
40.0
21.0
5.0
11.0
6.0
-19.0
-21.0
-28.0
-16.0
-12.0
-41.0
-6.0
-12.0
-10.0
4.0
2.0
-9.0
-16.0
-13.0
-13.0
-13.0
-21.0
-18.0
-21.0
-20.0
-1.0
-3.0
1.0
1.0
-27.0
-37.0
-26.0
-17.0
-36.0
-16.0
-22.0
-38.0
-53.0
-34.0
-41.0
-24.0
-19.0
-33.0
-34.0
-45.0
-31.0
-40.0
-43.0
-48.0
-42.0
-55.0
-64.0
-61.0
-56.0
-50.0
-61.0
-36.0
-62.0
-86.0
-68.0
-64.0
-72.0
-95.0
-83.0
-61.0
-62.0
-87.0
-116.0
-121.0
-126.0
-120.0
-124.0
-115.0
-103.0
-95.0
-92.0
-125.0
-118.0
-93.0
-41.0
-41.0
-32.0
-33.0
-23.0
-25.0
-45.0
-16.0
22.0
10.0
24.0
24.0
29.0
43.0
40.0
45.0
58.0
53.0
45.0
43.0
59.0
65.0
57.0
48.0
38.0
65.0
69.0
102.0
76.0
70.0
39.0
33.0
14.0
30.0
23.0
63.0
39.0
61.0
56.0
38.0
39.0
36.0
44.0
37.0
28.0
56.0
51.0
48.0
37.0
32.0
46.0
36.0
28.0
37.0
45.0
68.0
45.0
77.0
62.0
65.0
55.0
67.0
46.0
45.0
29.0
24.0
26.0
25.0
10.0
17.0
11.0
13.0
32.0
15.0
-3.0
2.0
-12.0
9.0
9.0
16.0
13.0
3.0
1.0
-4.0
-8.0
-16.0
-24.0
-21.0
-16.0
-39.0
-39.0
-25.0
-15.0
-35.0
-10.0
-27.0
-44.0
-14.0
-36.0
-29.0
-7.0
-10.0
-17.0
-12.0
-22.0
-10.0
-12.0
-23.0
-33.0
-42.0
-65.0
-53.0
-73.0
-61.0
-48.0
-54.0
-51.0
-54.0
-63.0
-75.0
-54.0
-37.0
-30.0
-31.0
-33.0
-37.0
-53.0
-63.0
-48.0
-50.0
-41.0
-40.0
-43.0
-52.0
-49.0
-56.0
-46.0
-62.0
-74.0
-71.0
-72.0
-82.0
-52.0
-71.0
-55.0
-75.0
-60.0
-61.0
-68.0
-48.0
-66.0
-69.0
-73.0
-79.0
-69.0
-61.0
-42.0
-59.0
-32.0
-41.0
-49.0
-29.0
-17.0
-18.0
1.0
2.0
24.0
1.0
-5.0
1.0
-16.0
20.0
13.0
25.0
26.0
44.0
24.0
34.0
49.0
46.0
50.0
49.0
71.0
86.0
95.0
108.0
74.0
103.0
100.0
97.0
74.0
92.0
98.0
101.0
122.0
98.0
96.0
76.0
79.0
73.0
53.0
65.0
54.0
48.0
53.0
45.0
67.0
72.0
53.0
78.0
84.0
65.0
83.0
77.0
84.0
77.0
96.0
84.0
79.0
73.0
65.0
63.0
91.0
62.0
55.0
73.0
67.0
77.0
79.0
72.0
54.0
49.0
35.0
30.0
32.0
29.0
25.0
25.0
39.0
29.0
19.0
51.0
45.0
50.0
11.0
46.0
57.0
60.0
57.0
48.0
36.0
39.0
44.0
50.0
35.0
38.0
45.0
29.0
59.0
71.0
76.0
50.0
59.0
36.0
36.0
11.0
18.0
24.0
18.0
-9.0
-15.0
-17.0
4.0
-4.0
-6.0
12.0
7.0
4.0
-4.0
-13.0
-24.0
-16.0
-2.0
-4.0
-12.0
-23.0
-29.0
-30.0
-40.0
-25.0
-22.0
-21.0
-12.0
-17.0
-26.0
-32.0
-46.0
-41.0
-59.0
-46.0
-56.0
-65.0
-60.0
-42.0
-58.0
-56.0
-65.0
-68.0
-78.0
-76.0
-79.0
-86.0
-89.0
-79.0
-48.0
-32.0
-24.0
-6.0
-4.0
18.0
10.0
22.0
39.0
57.0
86.0
65.0
121.0
98.0
77.0
80.0
87.0
90.0
104.0
107.0
120.0
86.0
84.0
79.0
105.0
126.0
135.0
144.0
120.0
121.0
117.0
128.0
121.0
118.0
146.0
127.0
99.0
94.0
83.0
117.0
196.0
233.0
265.0
240.0
242.0
182.0
173.0
191.0
191.0
171.0
172.0
192.0
166.0
163.0
152.0
155.0
143.0
107.0
105.0
97.0
82.0
97.0
71.0
58.0
26.0
37.0
54.0
72.0
84.0
86.0
77.0
65.0
18.0
14.0
17.0
16.0
25.0
5.0
-22.0
-25.0
-14.0
-40.0
-19.0
-18.0
62.0
69.0
62.0
43.0
49.0
48.0
31.0
43.0
35.0
33.0
25.0
11.0
14.0
9.0
22.0
19.0
-17.0
-20.0
-14.0
-1.0
-8.0
-14.0
16.0
-11.0
-27.0
-29.0
-43.0
-26.0
-55.0
-74.0
-71.0
-61.0
-80.0
-76.0
-90.0
-68.0
-79.0
-63.0
-72.0
-52.0
-78.0
-62.0
-97.0
-102.0
-107.0
-124.0
-120.0
-116.0
-131.0
-101.0
-106.0
-109.0
-79.0
-94.0
-85.0
-119.0
-133.0
-133.0
-121.0
-147.0
-136.0
-131.0
-118.0
-143.0
-152.0
-156.0
-176.0
-152.0
-121.0
-131.0
-130.0
-114.0
-109.0
-105.0
-133.0
-127.0
-114.0
-91.0
-98.0
-77.0
-82.0
-72.0
-81.0
-53.0
-54.0
-29.0
-12.0
-25.0
4.0
1.0
8.0
-5.0
9.0
7.0
24.0
41.0
57.0
74.0
58.0
64.0
66.0
62.0
51.0
39.0
47.0
76.0
72.0
91.0
64.0
64.0
49.0
31.0
12.0
30.0
20.0
18.0
8.0
-4.0
-8.0
3.0
11.0
20.0
23.0
40.0
44.0
46.0
52.0
30.0
40.0
12.0
15.0
28.0
36.0
25.0
36.0
39.0
18.0
17.0
34.0
46.0
54.0
47.0
39.0
38.0
33.0
1.0
-15.0
-20.0
-24.0
-10.0
-15.0
-11.0
-12.0
-5.0
-40.0
-58.0
-69.0
-83.0
-111.0
-108.0
-97.0
-80.0
-84.0
-60.0
-53.0
-48.0
-25.0
-42.0
-42.0
-53.0
-92.0
-111.0
-154.0
-162.0
-139.0
-123.0
-83.0
-64.0
-37.0
-57.0
-40.0
-55.0
-56.0
-69.0
-82.0
-100.0
-115.0
-114.0
-110.0
-124.0
-122.0
-119.0
-100.0
-81.0
-95.0
-125.0
-106.0
-103.0
-90.0
-105.0
-106.0
-112.0
-132.0
-118.0
-110.0
-122.0
-119.0
-110.0
-117.0
-118.0
-116.0
-100.0
-106.0
-112.0
-107.0
-116.0
-110.0
-103.0
-124.0
-115.0
-114.0
-124.0
-118.0
-116.0
-117.0
-155.0
-133.0
-124.0
-96.0
-87.0
-112.0
-91.0
-95.0
-70.0
-60.0
-39.0
-5.0
5.0
22.0
15.0
13.0
25.0
37.0
51.0
51.0
58.0
69.0
64.0
54.0
75.0
81.0
83.0
93.0
116.0
109.0
112.0
95.0
103.0
89.0
89.0
97.0
108.0
139.0
149.0
163.0
165.0
165.0
162.0
129.0
112.0
104.0
110.0
117.0
120.0
111.0
109.0
97.0
94.0
94.0
116.0
110.0
92.0
107.0
89.0
104.0
97.0
107.0
96.0
117.0
117.0
115.0
102.0
74.0
75.0
73.0
66.0
64.0
97.0
56.0
66.0
50.0
57.0
39.0
24.0
7.0
-2.0
-12.0
-11.0
-9.0
-21.0
-8.0
10.0
13.0
-13.0
-21.0
-33.0
-29.0
-61.0
-61.0
-76.0
-55.0
-77.0
-68.0
-66.0
-67.0
-69.0
-63.0
-72.0
-86.0
-70.0
-93.0
-64.0
-62.0
-87.0
-69.0
-80.0
-68.0
-63.0
-68.0
-78.0
-69.0
-73.0
-65.0
-69.0
-48.0
-60.0
-35.0
-50.0
-53.0
-62.0
-54.0
-44.0
-67.0
-62.0
-88.0
-70.0
-91.0
-91.0
-81.0
-115.0
-86.0
-79.0
-78.0
-63.0
-33.0
-48.0
-59.0
-60.0
-67.0
-79.0
-85.0
-86.0
-90.0
-86.0
-86.0
-65.0
-75.0
-51.0
-37.0
-28.0
-4.0
-18.0
-10.0
-19.0
-8.0
9.0
-4.0
-2.0
-13.0
15.0
-34.0
-18.0
-59.0
-32.0
-37.0
-29.0
-22.0
-20.0
-20.0
-42.0
-23.0
4.0
22.0
16.0
38.0
89.0
91.0
109.0
101.0
105.0
103.0
83.0
58.0
71.0
77.0
71.0
103.0
105.0
121.0
126.0
126.0
130.0
159.0
126.0
146.0
142.0
138.0
148.0
145.0
150.0
133.0
134.0
156.0
144.0
148.0
131.0
147.0
137.0
143.0
146.0
110.0
95.0
96.0
78.0
87.0
84.0
97.0
83.0
97.0
96.0
93.0
73.0
89.0
104.0
96.0
95.0
99.0
98.0
58.0
63.0
71.0
76.0
67.0
56.0
71.0
64.0
68.0
60.0
68.0
70.0
38.0
22.0
14.0
42.0
29.0
24.0
14.0
2.0
16.0
27.0
24.0
19.0
26.0
17.0
17.0
7.0
-20.0
-6.0
11.0
-15.0
-25.0
-24.0
-27.0
-24.0
-21.0
-41.0
-37.0
-20.0
-31.0
-50.0
-48.0
-41.0
-40.0
-33.0
-62.0
-76.0
-78.0
-56.0
-40.0
-77.0
-73.0
-93.0
-78.0
-75.0
-100.0
-116.0
-92.0
-80.0
-62.0
-76.0
-66.0
-82.0
-80.0
-89.0
-90.0
-103.0
-110.0
-88.0
-94.0
-78.0
-102.0
-84.0
-86.0
-89.0
-79.0
-103.0
-105.0
-134.0
-135.0
-133.0
-146.0
-131.0
-118.0
-126.0
-138.0
-153.0
-147.0
-140.0
-135.0
-150.0
-172.0
-149.0
-171.0
-158.0
-149.0
-128.0
-101.0
-111.0
-105.0
-101.0
-101.0
-81.0
-65.0
-58.0
-62.0
-55.0
-36.0
-30.0
-30.0
-14.0
-17.0
11.0
8.0
12.0
7.0
-2.0
-4.0
8.0
15.0
29.0
37.0
40.0
37.0
24.0
23.0
32.0
52.0
64.0
59.0
61.0
51.0
46.0
45.0
60.0
69.0
76.0
105.0
109.0
100.0
112.0
115.0
133.0
97.0
112.0
80.0
101.0
136.0
130.0
144.0
130.0
129.0
111.0
108.0
122.0
96.0
114.0
100.0
131.0
99.0
81.0
89.0
77.0
72.0
82.0
80.0
75.0
88.0
92.0
71.0
55.0
33.0
45.0
31.0
31.0
17.0
17.0
-1.0
-9.0
-16.0
7.0
15.0
1.0
-8.0
-28.0
-35.0
-24.0
-24.0
-33.0
-29.0
9.0
1.0
20.0
43.0
42.0
42.0
42.0
13.0
0.0
10.0
10.0
-4.0
6.0
7.0
30.0
25.0
17.0
-1.0
5.0
-15.0
-8.0
-4.0
-25.0
-22.0
12.0
14.0
14.0
29.0
13.0
2.0
-32.0
-72.0
-66.0
-97.0
-80.0
-56.0
-42.0
-16.0
-2.0
-6.0
-29.0
-10.0
-12.0
-28.0
-29.0
-26.0
-11.0
3.0
4.0
20.0
7.0
-23.0
-46.0
-16.0
-18.0
-42.0
-34.0
-49.0
-44.0
-46.0
-68.0
-68.0
-79.0
-77.0
-82.0
-69.0
-96.0
-80.0
-87.0
-114.0
-133.0
-135.0
-156.0
-156.0
-154.0
-164.0
-164.0
-136.0
-137.0
-134.0
-130.0
-95.0
-97.0
-84.0
-79.0
-96.0
-71.0
-96.0
-56.0
-42.0
-41.0
-28.0
-18.0
-13.0
-2.0
1.0
12.0
3.0
23.0
21.0
38.0
37.0
59.0
50.0
50.0
35.0
43.0
39.0
21.0
54.0
56.0
66.0
108.0
129.0
176.0
176.0
182.0
168.0
159.0
120.0
139.0
127.0
121.0
129.0
139.0
142.0
152.0
133.0
145.0
156.0
142.0
128.0
121.0
145.0
122.0
112.0
118.0
122.0
149.0
150.0
138.0
138.0
162.0
166.0
145.0
125.0
143.0
133.0
140.0
140.0
137.0
106.0
89.0
89.0
87.0
72.0
72.0
90.0
79.0
76.0
80.0
53.0
50.0
63.0
60.0
80.0
72.0
69.0
56.0
40.0
6.0
-12.0
-16.0
-16.0
-1.0
7.0
19.0
18.0
10.0
18.0
15.0
6.0
8.0
-1.0
-27.0
-42.0
-55.0
-21.0
-32.0
-4.0
-6.0
-11.0
14.0
5.0
-10.0
-6.0
-16.0
-22.0
-29.0
-35.0
-37.0
-54.0
-45.0
-54.0
-57.0
-65.0
-53.0
-73.0
-77.0
-52.0
-54.0
-71.0
-79.0
-78.0
-103.0
-83.0
-86.0
-78.0
-52.0
-59.0
-83.0
-86.0
-82.0
-107.0
-102.0
-97.0
-97.0
-88.0
-95.0
-78.0
-78.0
-55.0
-47.0
-55.0
-52.0
-73.0
-72.0
-60.0
-83.0
-81.0
-90.0
-107.0
-109.0
-102.0
-123.0
-118.0
-133.0
-135.0
-131.0
-90.0
-135.0
-139.0
-120.0
-125.0
-117.0
-86.0
-80.0
-69.0
-65.0
-53.0
-53.0
-32.0
-22.0
-3.0
-2.0
1.0
7.0
14.0
27.0
19.0
30.0
16.0
23.0
-3.0
14.0
15.0
16.0
21.0
26.0
50.0
53.0
41.0
40.0
68.0
71.0
68.0
50.0
53.0
54.0
51.0
60.0
27.0
36.0
64.0
50.0
50.0
52.0
33.0
42.0
33.0
29.0
36.0
27.0
30.0
20.0
26.0
22.0
30.0
45.0
42.0
49.0
62.0
41.0
58.0
26.0
28.0
22.0
39.0
6.0
40.0
2.0
20.0
14.0
13.0
20.0
24.0
16.0
11.0
-8.0
-26.0
-32.0
-10.0
-6.0
-15.0
-10.0
-27.0
-36.0
-27.0
-30.0
-2.0
-26.0
-33.0
-39.0
-41.0
-30.0
-51.0
-30.0
-51.0
-39.0
-47.0
-54.0
-55.0
-44.0
-26.0
-34.0
-30.0
-41.0
-67.0
-60.0
-65.0
-60.0
-64.0
-53.0
-70.0
-90.0
-84.0
-92.0
-117.0
-109.0
-92.0
-90.0
-76.0
-48.0
-64.0
-85.0
-124.0
-142.0
-104.0
-87.0
-58.0
-80.0
-87.0
-80.0
-98.0
-79.0
-87.0
-97.0
-93.0
-99.0
-97.0
-98.0
-121.0
-125.0
-118.0
-111.0
-111.0
-91.0
-110.0
-114.0
-122.0
-124.0
-138.0
-145.0
-136.0
-135.0
-137.0
-133.0
-117.0
-88.0
-78.0
-78.0
-44.0
-35.0
-27.0
-14.0
-11.0
-5.0
-7.0
7.0
-1.0
25.0
33.0
22.0
18.0
45.0
33.0
42.0
53.0
48.0
42.0
39.0
24.0
35.0
49.0
42.0
84.0
77.0
79.0
63.0
68.0
49.0
66.0
79.0
82.0
88.0
88.0
71.0
80.0
79.0
68.0
54.0
73.0
64.0
54.0
43.0
49.0
50.0
55.0
51.0
50.0
49.0
88.0
73.0
54.0
36.0
19.0
77.0
69.0
62.0
70.0
97.0
96.0
87.0
132.0
130.0
107.0
90.0
96.0
106.0
105.0
114.0
114.0
87.0
80.0
60.0
79.0
84.0
75.0
70.0
58.0
56.0
46.0
9.0
-3.0
14.0
12.0
17.0
36.0
39.0
43.0
37.0
18.0
6.0
1.0
-15.0
-2.0
-10.0
-1.0
-12.0
-29.0
-28.0
-55.0
-34.0
-26.0
-17.0
-4.0
12.0
-17.0
-7.0
-8.0
-24.0
-30.0
-40.0
-69.0
-59.0
-54.0
-55.0
-69.0
-61.0
-68.0
-69.0
-68.0
-77.0
-58.0
-48.0
-31.0
-41.0
-85.0
-84.0
-90.0
-115.0
-90.0
-100.0
-107.0
-87.0
-95.0
-81.0
-77.0
-70.0
-100.0
-93.0
-99.0
-105.0
-130.0
-130.0
-142.0
-137.0
-130.0
-117.0
-121.0
-110.0
-122.0
-108.0
-135.0
-122.0
-119.0
-131.0
-116.0
-112.0
-114.0
-106.0
-76.0
-67.0
-42.0
-44.0
-14.0
-6.0
5.0
6.0
6.0
-14.0
-16.0
-1.0
18.0
50.0
39.0
68.0
30.0
52.0
43.0
60.0
41.0
67.0
50.0
60.0
40.0
50.0
69.0
74.0
63.0
79.0
108.0
76.0
78.0
81.0
68.0
66.0
50.0
80.0
69.0
81.0
76.0
83.0
88.0
101.0
87.0
100.0
68.0
77.0
52.0
57.0
49.0
51.0
54.0
56.0
42.0
64.0
76.0
80.0
60.0
70.0
55.0
50.0
46.0
82.0
81.0
52.0
69.0
73.0
106.0
102.0
86.0
119.0
113.0
103.0
83.0
87.0
72.0
54.0
50.0
21.0
27.0
28.0
29.0
37.0
43.0
40.0
31.0
27.0
12.0
4.0
-23.0
-18.0
-20.0
-26.0
-61.0
-52.0
-61.0
-40.0
-33.0
-52.0
-55.0
-40.0
-72.0
-55.0
-48.0
-37.0
-20.0
-15.0
-22.0
-49.0
-65.0
-51.0
-50.0
-41.0
-53.0
-60.0
-61.0
-55.0
-44.0
-47.0
-23.0
-20.0
-52.0
-65.0
-70.0
-68.0
-81.0
-81.0
-74.0
-73.0
-53.0
-58.0
-53.0
-47.0
-62.0
-69.0
-60.0
-86.0
-84.0
-88.0
-97.0
-115.0
-86.0
-92.0
-90.0
-66.0
-72.0
-68.0
-65.0
-68.0
-97.0
-81.0
-88.0
-83.0
-99.0
-105.0
-108.0
-112.0
-105.0
-107.0
-98.0
-95.0
-109.0
-122.0
-120.0
-123.0
-100.0
-86.0
-92.0
-79.0
-67.0
-46.0
-39.0
-30.0
-14.0
-5.0
-16.0
-24.0
-16.0
-7.0
-4.0
-4.0
14.0
36.0
36.0
30.0
48.0
105.0
116.0
127.0
116.0
115.0
130.0
133.0
161.0
138.0
130.0
151.0
158.0
164.0
156.0
178.0
178.0
165.0
139.0
120.0
114.0
94.0
106.0
88.0
102.0
84.0
95.0
102.0
81.0
86.0
80.0
78.0
65.0
70.0
68.0
49.0
49.0
41.0
52.0
31.0
26.0
36.0
37.0
61.0
57.0
52.0
50.0
48.0
29.0
21.0
17.0
20.0
24.0
14.0
20.0
23.0
51.0
34.0
6.0
2.0
5.0
-31.0
-19.0
-5.0
-8.0
6.0
-4.0
4.0
-8.0
-27.0
-24.0
-47.0
-66.0
-66.0
-41.0
-38.0
-15.0
-2.0
2.0
17.0
12.0
-9.0
-49.0
-48.0
-73.0
-102.0
-74.0
-60.0
-61.0
-48.0
-53.0
-55.0
-62.0
-84.0
-81.0
-99.0
-124.0
-110.0
-150.0
-142.0
-97.0
-126.0
-107.0
-119.0
-114.0
-99.0
-122.0
-123.0
-111.0
-118.0
-108.0
-89.0
-90.0
-71.0
-68.0
-67.0
-81.0
-114.0
-120.0
-137.0
-150.0
-154.0
-138.0
-115.0
-139.0
-125.0
-134.0
-151.0
-133.0
-126.0
-136.0
-141.0
-143.0
-168.0
-176.0
-171.0
-157.0
-140.0
-139.0
-143.0
-132.0
-73.0
-73.0
-65.0
-70.0
-75.0
-56.0
-55.0
-51.0
-51.0
-41.0
-39.0
-39.0
-31.0
-30.0
-24.0
-21.0
-53.0
-38.0
-54.0
-45.0
-27.0
-13.0
-13.0
-18.0
-4.0
-4.0
-8.0
-3.0
3.0
24.0
1.0
8.0
26.0
11.0
-7.0
-7.0
4.0
14.0
8.0
4.0
-18.0
-21.0
5.0
3.0
28.0
3.0
18.0
17.0
19.0
23.0
35.0
41.0
41.0
57.0
40.0
33.0
42.0
64.0
60.0
70.0
78.0
62.0
69.0
45.0
41.0
30.0
31.0
14.0
21.0
2.0
20.0
5.0
24.0
-18.0
-3.0
-26.0
-33.0
-27.0
-15.0
-22.0
-27.0
-29.0
-18.0
-18.0
-22.0
-16.0
-10.0
-13.0
-17.0
-20.0
-8.0
4.0
20.0
43.0
40.0
61.0
56.0
66.0
60.0
57.0
56.0
34.0
60.0
37.0
43.0
46.0
60.0
64.0
61.0
49.0
30.0
32.0
-7.0
0.0
-3.0
13.0
10.0
-12.0
-14.0
-20.0
-23.0
-15.0
-34.0
-44.0
-62.0
-40.0
-17.0
1.0
-1.0
-25.0
-31.0
-36.0
-44.0
-97.0
-99.0
-106.0
-88.0
-71.0
-54.0
-55.0
-74.0
-71.0
-82.0
-93.0
-97.0
-103.0
-110.0
-127.0
-131.0
-134.0
-129.0
-121.0
-116.0
-134.0
-113.0
-128.0
-105.0
-116.0
-95.0
-97.0
-90.0
-75.0
-88.0
-78.0
-61.0
-44.0
-46.0
-39.0
-44.0
-13.0
-4.0
-5.0
37.0
13.0
6.0
-34.0
-24.0
-8.0
-15.0
10.0
80.0
87.0
77.0
61.0
44.0
72.0
76.0
110.0
99.0
146.0
166.0
168.0
148.0
146.0
154.0
180.0
157.0
152.0
113.0
134.0
137.0
131.0
135.0
135.0
142.0
142.0
121.0
120.0
121.0
116.0
116.0
89.0
93.0
122.0
107.0
105.0
111.0
127.0
129.0
137.0
121.0
110.0
111.0
102.0
110.0
116.0
120.0
106.0
80.0
67.0
35.0
78.0
83.0
90.0
82.0
50.0
83.0
76.0
70.0
61.0
49.0
44.0
17.0
6.0
2.0
11.0
26.0
1.0
27.0
20.0
5.0
4.0
2.0
-5.0
5.0
-24.0
-53.0
-63.0
-51.0
-44.0
-41.0
-53.0
-34.0
-41.0
-52.0
-61.0
-51.0
-46.0
-34.0
-44.0
-37.0
-33.0
32.0
23.0
6.0
4.0
4.0
-2.0
13.0
15.0
27.0
29.0
3.0
-7.0
-15.0
-7.0
5.0
-4.0
23.0
10.0
23.0
21.0
-30.0
-18.0
-20.0
-13.0
-14.0
-20.0
-16.0
-44.0
-34.0
-50.0
-69.0
-56.0
-76.0
-59.0
-63.0
-74.0
-67.0
-62.0
-77.0
-58.0
-53.0
-71.0
-65.0
-80.0
-87.0
-100.0
-80.0
-67.0
-77.0
-63.0
-50.0
-76.0
-90.0
-114.0
-129.0
-113.0
-102.0
-69.0
-69.0
-36.0
-51.0
-34.0
-51.0
-29.0
-14.0
-1.0
-1.0
24.0
16.0
15.0
-1.0
-5.0
1.0
18.0
43.0
45.0
51.0
62.0
69.0
64.0
76.0
81.0
88.0
86.0
96.0
99.0
119.0
122.0
114.0
102.0
101.0
112.0
123.0
125.0
131.0
142.0
114.0
96.0
99.0
87.0
106.0
105.0
111.0
120.0
113.0
107.0
106.0
108.0
120.0
89.0
96.0
92.0
90.0
98.0
112.0
89.0
111.0
108.0
106.0
120.0
123.0
117.0
96.0
105.0
88.0
82.0
85.0
83.0
78.0
80.0
68.0
60.0
59.0
59.0
37.0
46.0
35.0
35.0
32.0
52.0
21.0
22.0
46.0
30.0
5.0
-6.0
6.0
-2.0
-7.0
-5.0
-14.0
-18.0
-34.0
-22.0
-42.0
-13.0
-14.0
-23.0
-33.0
-17.0
-8.0
2.0
-11.0
-22.0
0.0
16.0
-18.0
-6.0
-13.0
7.0
2.0
-13.0
-14.0
2.0
-14.0
-13.0
-43.0
-54.0
-65.0
-66.0
-64.0
-64.0
-61.0
-51.0
-32.0
-54.0
-55.0
-54.0
-56.0
-70.0
-52.0
-30.0
-74.0
-61.0
-52.0
-52.0
-62.0
-80.0
-89.0
-96.0
-87.0
-88.0
-108.0
-99.0
-91.0
-100.0
-79.0
-99.0
-100.0
-99.0
-101.0
-78.0
-83.0
-106.0
-93.0
-109.0
-96.0
-98.0
-88.0
-73.0
-95.0
-108.0
-107.0
-113.0
-115.0
-115.0
-99.0
-88.0
-79.0
-72.0
-53.0
-34.0
-32.0
-11.0
-17.0
13.0
9.0
21.0
5.0
11.0
29.0
43.0
40.0
43.0
42.0
60.0
53.0
70.0
77.0
72.0
66.0
74.0
81.0
77.0
73.0
67.0
87.0
93.0
98.0
101.0
73.0
73.0
61.0
71.0
73.0
69.0
73.0
77.0
74.0
86.0
83.0
76.0
89.0
81.0
93.0
107.0
117.0
115.0
106.0
138.0
126.0
133.0
140.0
138.0
150.0
131.0
129.0
117.0
102.0
107.0
114.0
82.0
88.0
58.0
87.0
59.0
53.0
67.0
68.0
84.0
45.0
29.0
50.0
30.0
2.0
-6.0
11.0
-6.0
-10.0
-10.0
-26.0
-17.0
-16.0
-9.0
-2.0
2.0
0.0
-6.0
-35.0
-46.0
-29.0
-33.0
-44.0
-56.0
-68.0
-30.0
11.0
-2.0
-1.0
-4.0
-12.0
-6.0
-3.0
1.0
-18.0
-22.0
-23.0
-18.0
-36.0
-51.0
-39.0
-53.0
-24.0
-46.0
-60.0
-31.0
-38.0
-42.0
-49.0
-70.0
-70.0
-81.0
-61.0
-64.0
-80.0
-81.0
-62.0
-77.0
-55.0
-51.0
-33.0
-59.0
-55.0
-52.0
-65.0
-88.0
-87.0
-119.0
-105.0
-98.0
-70.0
-60.0
-64.0
-35.0
-25.0
-14.0
-41.0
-56.0
-89.0
-112.0
-129.0
-111.0
-142.0
-146.0
-138.0
-116.0
-107.0
-77.0
-65.0
-38.0
-67.0
-58.0
-90.0
-88.0
-106.0
-125.0
-107.0
-99.0
-57.0
-41.0
-6.0
-14.0
2.0
-16.0
5.0
10.0
7.0
9.0
1.0
-1.0
-5.0
0.0
23.0
18.0
20.0
30.0
55.0
52.0
45.0
62.0
71.0
84.0
99.0
109.0
109.0
112.0
125.0
112.0
124.0
114.0
107.0
110.0
112.0
74.0
85.0
101.0
84.0
98.0
114.0
94.0
101.0
97.0
100.0
111.0
91.0
90.0
80.0
71.0
68.0
69.0
68.0
57.0
70.0
55.0
12.0
55.0
55.0
54.0
61.0
55.0
52.0
52.0
41.0
48.0
56.0
41.0
29.0
17.0
44.0
33.0
39.0
39.0
3.0
13.0
-1.0
-6.0
-14.0
-22.0
-37.0
-41.0
-47.0
-54.0
-40.0
-53.0
-66.0
-44.0
-69.0
-84.0
-96.0
-87.0
-69.0
-107.0
-81.0
-88.0
-72.0
-89.0
-74.0
-55.0
-72.0
-61.0
-76.0
-79.0
-53.0
-56.0
-70.0
-69.0
-82.0
-65.0
-90.0
-78.0
-78.0
-86.0
-97.0
-77.0
-70.0
-92.0
-89.0
-99.0
-97.0
-80.0
-83.0
-64.0
-59.0
-72.0
-86.0
-90.0
-97.0
-78.0
-78.0
-80.0
-62.0
-52.0
-74.0
-98.0
-78.0
-68.0
-63.0
-70.0
-74.0
-84.0
-58.0
-68.0
-69.0
-85.0
-89.0
-83.0
-84.0
-107.0
-111.0
-111.0
-95.0
-111.0
-125.0
-105.0
-92.0
-82.0
-83.0
-79.0
-65.0
-55.0
-47.0
-34.0
-34.0
-22.0
-11.0
-13.0
-3.0
-19.0
-22.0
-4.0
-2.0
1.0
16.0
7.0
33.0
20.0
37.0
64.0
44.0
51.0
76.0
72.0
73.0
92.0
83.0
107.0
48.0
65.0
99.0
88.0
83.0
86.0
64.0
86.0
85.0
70.0
65.0
52.0
46.0
40.0
51.0
41.0
51.0
65.0
42.0
45.0
62.0
77.0
82.0
88.0
77.0
54.0
51.0
65.0
69.0
86.0
77.0
86.0
70.0
91.0
87.0
84.0
91.0
81.0
67.0
30.0
32.0
26.0
23.0
19.0
25.0
25.0
25.0
29.0
11.0
10.0
18.0
4.0
5.0
9.0
-27.0
-20.0
-23.0
-26.0
-20.0
-24.0
-39.0
-21.0
-14.0
-22.0
-24.0
-24.0
-18.0
-15.0
-35.0
-40.0
-39.0
-52.0
-45.0
-46.0
-59.0
-31.0
-45.0
-53.0
-33.0
-34.0
-48.0
-50.0
-41.0
-22.0
-42.0
-17.0
-6.0
7.0
-15.0
-7.0
-2.0
-16.0
-12.0
-37.0
-32.0
-16.0
-31.0
-67.0
-68.0
-70.0
-80.0
-73.0
-74.0
-78.0
-88.0
-87.0
-95.0
-71.0
-87.0
-82.0
-103.0
-117.0
-135.0
-111.0
2.0
0.0
-1.0
11.0
-12.0
-18.0
-12.0
-22.0
-20.0
-18.0
2.0
10.0
32.0
32.0
