4 0.827692
5 0.800389
7 0.749236
9 0.728015
11 0.725477
13 0.733499
16 0.756354
20 0.791958
23 0.816470
28 0.847981
33 0.869980
38 0.885447
45 0.899216
52 0.907638
60 0.913318
69 0.916802
79 0.918671
91 0.919635
104 0.920072
119 0.920096
135 0.919402
154 0.917467
174 0.914366
198 0.909724
223 0.904185
252 0.897263
285 0.889117
321 0.880110
362 0.869870
407 0.858942
457 0.847437
513 0.835033
575 0.821392
645 0.806362
723 0.791127
809 0.777157
905 0.765357
1011 0.756861
1130 0.752014
1261 0.750753
1407 0.751023
1570 0.750698
