4 0.828816
5 0.801351
7 0.751237
9 0.730827
11 0.728202
13 0.735490
16 0.756567
20 0.789510
23 0.812167
28 0.841217
33 0.861363
38 0.875336
45 0.887355
52 0.894266
60 0.898409
69 0.900396
79 0.900898
91 0.900585
104 0.899959
119 0.899049
135 0.897626
154 0.894994
174 0.891183
198 0.885683
223 0.879315
252 0.871354
285 0.861853
321 0.851243
362 0.839176
407 0.826459
457 0.813558
513 0.800289
575 0.786238
645 0.771269
723 0.756639
809 0.743630
905 0.733163
1011 0.726034
1130 0.721971
1261 0.719878
1407 0.717794
1570 0.713607
1750 0.707556
