4 0.215037
5 0.215680
7 0.242686
9 0.319154
11 0.417225
13 0.513360
16 0.631356
20 0.735222
23 0.784184
28 0.833218
33 0.859755
38 0.874781
45 0.885643
52 0.890058
60 0.890786
69 0.888611
79 0.884399
91 0.878430
104 0.871739
119 0.863929
135 0.855192
154 0.843798
174 0.830448
198 0.813067
223 0.794006
252 0.771068
285 0.744460
321 0.715272
362 0.682051
407 0.646481
457 0.609043
513 0.569582
575 0.528755
645 0.486683
723 0.445201
809 0.404991
905 0.364608
1011 0.323815
1130 0.284117
1261 0.249240
1407 0.220671
1570 0.198424
1750 0.181814
