4 0.465438
5 0.445553
7 0.422735
9 0.410931
11 0.405266
13 0.402734
16 0.401020
20 0.399661
23 0.399049
28 0.398958
33 0.399856
38 0.400635
45 0.399519
52 0.395382
60 0.387908
69 0.377294
79 0.363845
91 0.346432
104 0.326475
119 0.302143
135 0.274297
154 0.239284
174 0.202742
198 0.164524
223 0.135069
252 0.113995
285 0.102121
321 0.097420
362 0.098631
407 0.106608
457 0.121859
513 0.144561
575 0.172408
645 0.203183
723 0.234933
809 0.264283
905 0.286342
1011 0.298892
1130 0.303599
1261 0.303348
1407 0.299310
1570 0.293163
1750 0.289855
