4 0.612582
5 0.649966
7 0.708151
9 0.747634
11 0.773964
13 0.792297
16 0.811619
20 0.829149
23 0.838500
28 0.849525
33 0.856821
38 0.861609
45 0.865567
52 0.867607
60 0.868630
69 0.868998
79 0.869044
91 0.868882
104 0.868501
119 0.867814
135 0.866737
154 0.864984
174 0.862797
198 0.859854
223 0.856252
252 0.851554
285 0.846064
321 0.840179
362 0.833562
407 0.826043
457 0.816697
513 0.804170
575 0.789654
645 0.774767
723 0.760015
809 0.743980
905 0.725203
1011 0.703645
1130 0.682389
1261 0.663141
1407 0.644062
1570 0.626014
1750 0.608407
