4 0.725377
5 0.704613
7 0.681407
9 0.681211
11 0.694238
13 0.712735
16 0.742323
20 0.777554
23 0.798503
28 0.824480
33 0.842659
38 0.855043
45 0.865810
52 0.871406
60 0.873711
69 0.872895
79 0.869252
91 0.862372
104 0.852644
119 0.839003
135 0.822042
154 0.799357
174 0.773372
198 0.740438
223 0.705028
252 0.663506
285 0.617106
321 0.568558
362 0.517387
407 0.469398
457 0.427777
513 0.393185
575 0.365908
645 0.344931
723 0.331308
809 0.326501
905 0.330484
1011 0.341940
1130 0.358318
1261 0.375745
1407 0.392985
1570 0.409737
1750 0.425924
