4 0.429746
5 0.445919
7 0.492640
9 0.540100
11 0.581617
13 0.617503
16 0.661270
20 0.704824
23 0.728365
28 0.754745
33 0.771192
38 0.781922
45 0.790909
52 0.795126
60 0.797085
69 0.798172
79 0.799116
91 0.800161
104 0.801309
119 0.802271
135 0.802614
154 0.803048
174 0.804490
198 0.807736
223 0.811720
252 0.815070
285 0.815764
321 0.813837
362 0.810503
407 0.805970
457 0.799862
513 0.793473
575 0.787711
645 0.781849
723 0.775146
809 0.766785
905 0.756220
1011 0.743275
1130 0.728507
1261 0.712420
1407 0.694909
1570 0.674029
1750 0.648492
