4 0.434020
5 0.450672
7 0.497470
9 0.544662
11 0.586049
13 0.621840
16 0.665502
20 0.708636
23 0.731801
28 0.757789
33 0.774146
38 0.784835
45 0.793663
52 0.797825
60 0.800022
69 0.801758
79 0.803595
91 0.805631
104 0.807626
119 0.809316
135 0.810302
154 0.811393
174 0.813582
198 0.817820
223 0.822729
252 0.826996
285 0.828535
321 0.827297
362 0.824642
407 0.820799
457 0.815720
513 0.810910
575 0.807391
645 0.804427
723 0.801603
809 0.798257
905 0.793578
1011 0.787364
1130 0.780699
1261 0.774205
1407 0.767183
1570 0.758014
