4 0.697184
5 0.717780
7 0.739776
9 0.751314
11 0.759356
13 0.765472
16 0.770806
20 0.770315
23 0.764744
28 0.749489
33 0.733244
38 0.719015
45 0.702281
52 0.688695
60 0.676490
69 0.666097
79 0.657098
91 0.648253
104 0.640065
119 0.631339
135 0.622159
154 0.610936
174 0.598769
198 0.584401
223 0.570623
252 0.556874
285 0.544445
321 0.534457
362 0.526953
407 0.523138
457 0.523958
513 0.529534
575 0.539184
645 0.552538
723 0.568487
809 0.585918
905 0.604948
1011 0.625148
1130 0.646605
1261 0.668835
1407 0.690128
1570 0.708352
1750 0.722406
