4 0.580679
5 0.622215
7 0.690969
9 0.743754
11 0.782251
13 0.810088
16 0.839516
20 0.865474
23 0.879090
28 0.895337
33 0.906496
38 0.914337
45 0.921562
52 0.925817
60 0.928322
69 0.929164
79 0.928480
91 0.926240
104 0.922600
119 0.917217
135 0.910581
154 0.901834
174 0.891766
198 0.878623
223 0.863832
252 0.845709
285 0.824275
321 0.800069
362 0.772185
407 0.741895
457 0.708975
513 0.673181
575 0.636001
645 0.598476
723 0.563881
809 0.534368
905 0.508568
1011 0.485703
1130 0.465069
1261 0.447016
1407 0.429920
1570 0.412064
