4 0.290327
5 0.289984
7 0.302292
9 0.324868
11 0.353364
13 0.385215
16 0.435583
20 0.499831
23 0.540561
28 0.591343
33 0.626707
38 0.653517
45 0.680017
52 0.697455
60 0.710653
69 0.719830
79 0.725268
91 0.726954
104 0.724470
119 0.718387
135 0.710749
154 0.702445
174 0.695910
198 0.690367
223 0.685590
252 0.680562
285 0.676125
321 0.672504
362 0.668388
407 0.663147
457 0.657130
513 0.652238
575 0.649800
645 0.650086
723 0.653021
809 0.656625
905 0.659889
1011 0.662498
1130 0.664423
1261 0.665873
1407 0.666805
1570 0.665271
1750 0.660502
