4 0.696522
5 0.705621
7 0.740552
9 0.774659
11 0.799335
13 0.816489
16 0.833942
20 0.849403
23 0.858111
28 0.869666
33 0.878823
38 0.886058
45 0.893090
52 0.897173
60 0.899513
69 0.900348
79 0.899794
91 0.897601
104 0.893830
119 0.888186
135 0.880863
154 0.870855
174 0.859326
198 0.844339
223 0.826998
252 0.804392
285 0.776078
321 0.743308
362 0.705009
407 0.663996
457 0.621698
513 0.580328
575 0.543409
645 0.512097
723 0.487418
809 0.468890
905 0.456056
1011 0.449447
1130 0.448910
1261 0.454741
1407 0.464971
1570 0.475746
