4 0.534000
5 0.596594
7 0.671494
9 0.708532
11 0.727788
13 0.739641
16 0.753079
20 0.771258
23 0.786403
28 0.812224
33 0.835196
38 0.853314
45 0.871220
52 0.883355
60 0.893035
69 0.900527
79 0.906320
91 0.911102
104 0.914603
119 0.917391
135 0.919501
154 0.921313
174 0.922655
198 0.923502
223 0.923507
252 0.922485
285 0.920433
321 0.918070
362 0.915911
407 0.913902
457 0.911896
513 0.909844
575 0.907599
645 0.905100
723 0.902657
809 0.900937
905 0.900599
1011 0.901929
1130 0.904159
1261 0.906980
1407 0.909456
1570 0.911039
