4 0.579039
5 0.553005
7 0.538033
9 0.546036
11 0.558690
13 0.569853
16 0.583196
20 0.599397
23 0.612970
28 0.636652
33 0.655557
38 0.670513
45 0.689708
52 0.704680
60 0.717467
69 0.726555
79 0.732752
91 0.736571
104 0.738003
119 0.737708
135 0.736682
154 0.735992
174 0.735993
198 0.735853
223 0.734109
252 0.728810
285 0.718674
321 0.704667
362 0.687583
407 0.668602
457 0.648414
513 0.628290
575 0.608775
645 0.591255
723 0.576765
809 0.564803
905 0.553740
1011 0.542505
1130 0.530210
1261 0.516460
1407 0.500664
1570 0.483752
