4 0.492285
5 0.529626
7 0.608328
9 0.672647
11 0.719682
13 0.753203
16 0.786008
20 0.811983
23 0.825732
28 0.845333
33 0.863147
38 0.878561
45 0.895210
52 0.907179
60 0.916845
69 0.924255
79 0.929770
91 0.934053
104 0.936923
119 0.938815
135 0.939793
154 0.940063
174 0.939619
198 0.938375
223 0.936434
252 0.933479
285 0.929265
321 0.923736
362 0.916425
407 0.907384
457 0.896539
513 0.883939
575 0.869348
645 0.852736
723 0.835017
809 0.817637
905 0.801547
1011 0.787651
1130 0.776418
1261 0.768629
1407 0.764649
1570 0.764002
1750 0.765755
