4 0.527801
5 0.539604
7 0.581781
9 0.630136
11 0.671633
13 0.702638
16 0.734912
20 0.764275
23 0.780232
28 0.800243
33 0.815930
38 0.828591
45 0.841321
52 0.849219
60 0.854374
69 0.857359
79 0.858875
91 0.859417
104 0.858926
119 0.857369
135 0.854718
154 0.850375
174 0.844525
198 0.835793
223 0.824706
252 0.809510
285 0.789879
321 0.766403
362 0.737590
407 0.704115
457 0.665576
513 0.622359
575 0.576288
645 0.528191
723 0.478810
809 0.429018
905 0.381888
1011 0.342464
1130 0.313551
1261 0.293088
1407 0.277649
1570 0.266326
1750 0.261265
