4 0.639154
5 0.635748
7 0.637435
9 0.642408
11 0.647288
13 0.650893
16 0.652949
20 0.650285
23 0.645547
28 0.636054
33 0.627381
38 0.620575
45 0.613322
52 0.607100
60 0.600205
69 0.592242
79 0.583274
91 0.572976
104 0.563363
119 0.554349
135 0.546731
154 0.540263
174 0.535449
198 0.529453
223 0.520994
252 0.509370
285 0.497322
321 0.486069
362 0.473969
407 0.463450
457 0.456029
513 0.452924
575 0.454136
645 0.458035
723 0.462568
809 0.464968
905 0.463506
1011 0.458400
1130 0.448299
1261 0.433330
1407 0.412299
1570 0.387198
1750 0.363469
