4 0.253934
5 0.312089
7 0.429240
9 0.531744
11 0.609976
13 0.665672
16 0.720700
20 0.764894
23 0.786089
28 0.808971
33 0.822773
38 0.831323
45 0.838163
52 0.841477
60 0.842548
69 0.841369
79 0.837994
91 0.832225
104 0.824922
119 0.815961
135 0.806377
154 0.794752
174 0.781544
198 0.763809
223 0.743220
252 0.718428
285 0.692003
321 0.666422
362 0.640454
407 0.616171
457 0.594505
513 0.575485
575 0.559233
645 0.542679
723 0.525624
809 0.509545
905 0.495060
1011 0.483890
1130 0.475789
1261 0.469098
1407 0.463591
1570 0.459323
