-91.0
-18.0
-102.0
-63.0
-72.0
-78.0
-49.0
-60.0
-74.0
-25.0
-136.0
-64.0
-65.0
-137.0
-82.0
-135.0
-138.0
-95.0
-134.0
-108.0
-92.0
-144.0
-115.0
-99.0
-95.0
-31.0
-53.0
9.0
-28.0
-79.0
-27.0
-61.0
-51.0
-29.0
-118.0
-69.0
-73.0
-124.0
-72.0
-98.0
-98.0
-49.0
-72.0
-60.0
-62.0
-90.0
-34.0
-73.0
-73.0
-58.0
-95.0
-35.0
-50.0
-144.0
-54.0
-103.0
-122.0
-60.0
-92.0
-40.0
-35.0
-93.0
-27.0
-39.0
-53.0
-49.0
-118.0
-82.0
-68.0
-80.0
-63.0
-95.0
-82.0
-35.0
-84.0
-16.0
-22.0
-58.0
-13.0
-33.0
3.0
11.0
-41.0
18.0
-1.0
-49.0
-20.0
-70.0
-77.0
-49.0
-148.0
-92.0
-102.0
-152.0
-120.0
-122.0
-150.0
-113.0
-167.0
-119.0
-111.0
-157.0
-124.0
-116.0
-131.0
-89.0
-127.0
-87.0
-97.0
-134.0
-96.0
-158.0
-165.0
-104.0
-117.0
-97.0
-90.0
-140.0
-109.0
-143.0
-145.0
-65.0
-122.0
-89.0
-106.0
-114.0
-41.0
-67.0
-73.0
-41.0
-110.0
-63.0
-76.0
-91.0
-59.0
-87.0
-52.0
-31.0
-79.0
-31.0
-55.0
-55.0
29.0
37.0
88.0
122.0
127.0
164.0
211.0
137.0
205.0
156.0
155.0
131.0
29.0
77.0
92.0
-6.0
22.0
-40.0
-181.0
83.0
-63.0
-9.0
-46.0
-122.0
22.0
-96.0
-85.0
-63.0
-124.0
-74.0
-106.0
-97.0
-90.0
-137.0
-129.0
-111.0
-207.0
-162.0
-152.0
-189.0
-157.0
-205.0
-194.0
-165.0
-155.0
-145.0
-107.0
-141.0
-101.0
-155.0
-155.0
-99.0
-168.0
-145.0
-146.0
-183.0
-142.0
-181.0
-201.0
-143.0
-195.0
-200.0
-201.0
-175.0
-146.0
-144.0
-121.0
-92.0
-139.0
-99.0
-116.0
-136.0
-81.0
-112.0
-126.0
-99.0
-158.0
-145.0
-102.0
-164.0
-119.0
-197.0
-175.0
-125.0
-131.0
-109.0
-100.0
-161.0
-83.0
-119.0
-135.0
-110.0
-196.0
-73.0
-167.0
-221.0
-193.0
-240.0
-224.0
-158.0
-200.0
-173.0
-174.0
-223.0
-159.0
-178.0
-144.0
-126.0
-140.0
-130.0
-147.0
-157.0
-111.0
-149.0
-138.0
-93.0
-172.0
-165.0
-131.0
-182.0
-143.0
-168.0
-187.0
-168.0
-155.0
-148.0
-146.0
-175.0
-136.0
-188.0
-178.0
-164.0
-203.0
-146.0
-145.0
-184.0
-177.0
-196.0
-218.0
-167.0
-212.0
-168.0
-168.0
-186.0
-121.0
-141.0
-119.0
-67.0
-114.0
-71.0
-73.0
-142.0
-103.0
-167.0
-152.0
-143.0
-173.0
-128.0
-126.0
-166.0
-145.0
-184.0
-158.0
-141.0
-199.0
-91.0
-109.0
-114.0
-55.0
-88.0
-100.0
-50.0
-107.0
-106.0
-120.0
-136.0
-91.0
-123.0
-142.0
-109.0
-196.0
-107.0
-140.0
-168.0
-96.0
-145.0
-149.0
-108.0
-143.0
-74.0
-91.0
-112.0
-46.0
-70.0
-95.0
-49.0
-103.0
-54.0
-52.0
-99.0
-67.0
-132.0
-112.0
-72.0
-128.0
-82.0
-13.0
-31.0
51.0
42.0
60.0
119.0
124.0
178.0
219.0
210.0
281.0
232.0
220.0
257.0
281.0
272.0
296.0
259.0
243.0
249.0
176.0
118.0
146.0
122.0
152.0
58.0
17.0
56.0
20.0
21.0
-44.0
24.0
-64.0
-95.0
21.0
-62.0
-56.0
-68.0
-56.0
-48.0
-77.0
-92.0
-38.0
-67.0
-51.0
-30.0
-77.0
-79.0
-67.0
-101.0
-73.0
-144.0
-139.0
-146.0
-162.0
-97.0
-97.0
-102.0
-60.0
-114.0
-172.0
-85.0
-171.0
-168.0
-147.0
-192.0
-135.0
-190.0
-170.0
-133.0
-180.0
-127.0
-111.0
-139.0
-62.0
-92.0
-75.0
10.0
-70.0
1.0
-48.0
-78.0
-42.0
-65.0
-88.0
-100.0
-139.0
-108.0
-120.0
-191.0
-178.0
-119.0
-171.0
-93.0
-188.0
-90.0
-109.0
-131.0
-58.0
-132.0
-78.0
-73.0
-146.0
-137.0
-112.0
-132.0
-103.0
-139.0
-171.0
-100.0
-182.0
-116.0
-137.0
-155.0
-120.0
-172.0
-154.0
-106.0
-183.0
-93.0
-114.0
-131.0
-86.0
-137.0
-175.0
-138.0
-217.0
-177.0
-180.0
-209.0
-149.0
-212.0
-219.0
-176.0
-231.0
-149.0
-188.0
-228.0
-137.0
-173.0
-163.0
-138.0
-181.0
-183.0
-210.0
-227.0
-167.0
-185.0
-154.0
-108.0
-171.0
-168.0
-168.0
-191.0
-86.0
-128.0
-119.0
-87.0
-182.0
-111.0
-99.0
-100.0
-39.0
-101.0
-68.0
-60.0
-110.0
-45.0
-43.0
-115.0
-49.0
-75.0
-103.0
-67.0
-118.0
-95.0
-122.0
-116.0
-76.0
-116.0
-80.0
-52.0
-103.0
-108.0
-107.0
-140.0
-86.0
-121.0
-124.0
-99.0
-165.0
-100.0
-96.0
-139.0
-65.0
-100.0
-101.0
-65.0
-112.0
-108.0
-96.0
-102.0
-60.0
-102.0
-70.0
-37.0
-60.0
-61.0
-45.0
-98.0
-63.0
-96.0
-90.0
-68.0
-70.0
-23.0
-31.0
-61.0
-39.0
-36.0
-25.0
-11.0
-83.0
-39.0
-16.0
-72.0
-24.0
-39.0
-60.0
42.0
-46.0
-7.0
5.0
-43.0
-8.0
-51.0
-55.0
-15.0
-84.0
-70.0
-83.0
-92.0
-29.0
-81.0
-81.0
-45.0
-92.0
-62.0
-52.0
-110.0
-39.0
-63.0
-86.0
-22.0
-102.0
-31.0
-24.0
-38.0
-19.0
1.0
-2.0
-2.0
-67.0
-21.0
-3.0
-45.0
-39.0
-84.0
-52.0
-21.0
-67.0
-11.0
-24.0
-62.0
-12.0
-89.0
-53.0
-39.0
-97.0
-38.0
-37.0
-95.0
-56.0
-41.0
-21.0
29.0
-23.0
-18.0
-25.0
-81.0
-30.0
-16.0
-47.0
-10.0
-52.0
-36.0
-43.0
-86.0
-79.0
-46.0
-69.0
-56.0
-93.0
-74.0
-72.0
-114.0
-49.0
-68.0
-56.0
-30.0
-81.0
-55.0
-60.0
-94.0
-24.0
-44.0
-37.0
-30.0
-84.0
-24.0
-32.0
-83.0
-28.0
-32.0
-55.0
-34.0
-72.0
2.0
8.0
-38.0
10.0
-40.0
-55.0
-20.0
-72.0
-44.0
9.0
-50.0
-39.0
-41.0
-40.0
22.0
14.0
69.0
53.0
20.0
77.0
43.0
72.0
132.0
112.0
144.0
144.0
101.0
145.0
97.0
84.0
118.0
59.0
139.0
122.0
119.0
159.0
127.0
163.0
161.0
122.0
110.0
96.0
61.0
69.0
48.0
44.0
69.0
17.0
30.0
10.0
-5.0
-2.0
-11.0
-11.0
4.0
-31.0
19.0
25.0
21.0
70.0
-16.0
20.0
53.0
-15.0
13.0
5.0
-25.0
50.0
26.0
10.0
31.0
-9.0
59.0
51.0
-23.0
48.0
11.0
11.0
40.0
-4.0
42.0
20.0
4.0
36.0
-26.0
-33.0
5.0
-20.0
-1.0
-12.0
-27.0
25.0
13.0
7.0
43.0
-18.0
34.0
5.0
-16.0
22.0
-17.0
-2.0
29.0
-12.0
27.0
1.0
-30.0
24.0
-10.0
5.0
31.0
-18.0
39.0
37.0
17.0
50.0
17.0
-20.0
1.0
-71.0
-11.0
-23.0
-50.0
-10.0
-58.0
-62.0
-27.0
-105.0
-14.0
-25.0
-53.0
-5.0
-17.0
0.0
34.0
-4.0
46.0
31.0
27.0
55.0
33.0
1.0
67.0
-2.0
14.0
-5.0
-78.0
-8.0
-61.0
-69.0
-56.0
-126.0
-80.0
-76.0
-122.0
-67.0
-97.0
-103.0
-80.0
-137.0
-89.0
-88.0
-114.0
-50.0
-98.0
-127.0
-110.0
-126.0
-78.0
-87.0
-95.0
-82.0
-102.0
-100.0
-82.0
-129.0
-111.0
-109.0
-156.0
-77.0
-129.0
-104.0
-96.0
-117.0
-97.0
-46.0
-102.0
-76.0
-162.0
-115.0
-100.0
-133.0
-88.0
-78.0
-140.0
-107.0
-146.0
-144.0
-82.0
-118.0
-98.0
-117.0
-143.0
-126.0
-75.0
-100.0
-62.0
-86.0
-39.0
-35.0
-77.0
-15.0
-81.0
-51.0
-25.0
-62.0
-12.0
-35.0
-52.0
14.0
-58.0
-68.0
-74.0
-94.0
-78.0
-70.0
-104.0
-56.0
-88.0
-82.0
-63.0
-88.0
-85.0
-67.0
-103.0
-49.0
-68.0
-71.0
-77.0
-121.0
-83.0
-119.0
-130.0
-96.0
-112.0
-101.0
-78.0
-134.0
-75.0
-66.0
-105.0
-99.0
-134.0
-110.0
-54.0
-87.0
-49.0
-64.0
-84.0
-68.0
-100.0
-89.0
-62.0
-136.0
-76.0
-75.0
-112.0
-56.0
-139.0
-137.0
-77.0
-119.0
-86.0
-143.0
-121.0
-108.0
-156.0
-114.0
-89.0
-137.0
-105.0
-131.0
-135.0
-77.0
-90.0
-117.0
-85.0
-130.0
-87.0
-55.0
-98.0
-42.0
-120.0
-80.0
-79.0
-112.0
-96.0
-66.0
-132.0
-101.0
-130.0
-117.0
-85.0
-118.0
-88.0
-81.0
-87.0
-53.0
-117.0
-120.0
-69.0
-115.0
-102.0
-106.0
-140.0
-126.0
-126.0
-118.0
-81.0
-124.0
-68.0
-48.0
-74.0
-46.0
-42.0
-43.0
-16.0
-36.0
3.0
-14.0
-52.0
-24.0
-63.0
-55.0
-25.0
-115.0
-51.0
-87.0
-115.0
-79.0
-131.0
-125.0
-126.0
-192.0
-135.0
-136.0
-144.0
-85.0
-108.0
-96.0
-67.0
-51.0
-18.0
-24.0
-40.0
1.0
-33.0
-1.0
25.0
-43.0
-20.0
-61.0
-88.0
-35.0
-65.0
-73.0
-63.0
-98.0
-87.0
-76.0
-115.0
-33.0
-60.0
-50.0
9.0
-11.0
20.0
77.0
90.0
133.0
98.0
100.0
100.0
55.0
90.0
86.0
68.0
101.0
58.0
72.0
115.0
65.0
85.0
77.0
33.0
79.0
33.0
56.0
76.0
-18.0
45.0
58.0
27.0
79.0
55.0
67.0
102.0
56.0
118.0
117.0
118.0
185.0
164.0
180.0
181.0
140.0
166.0
134.0
101.0
136.0
119.0
128.0
136.0
92.0
121.0
77.0
64.0
59.0
-20.0
59.0
35.0
12.0
36.0
88.0
52.0
88.0
40.0
69.0
150.0
119.0
133.0
121.0
73.0
139.0
105.0
105.0
125.0
84.0
91.0
33.0
48.0
99.0
65.0
27.0
64.0
11.0
89.0
107.0
56.0
125.0
95.0
124.0
174.0
123.0
169.0
107.0
113.0
154.0
112.0
132.0
135.0
77.0
138.0
103.0
80.0
145.0
84.0
74.0
109.0
30.0
67.0
67.0
43.0
100.0
61.0
95.0
100.0
25.0
73.0
63.0
19.0
88.0
59.0
82.0
129.0
82.0
105.0
77.0
82.0
136.0
79.0
100.0
110.0
51.0
71.0
94.0
66.0
132.0
98.0
111.0
157.0
99.0
124.0
110.0
73.0
116.0
59.0
54.0
58.0
75.0
93.0
102.0
74.0
96.0
15.0
4.0
42.0
1.0
26.0
49.0
24.0
44.0
-24.0
18.0
66.0
39.0
71.0
74.0
-3.0
36.0
-1.0
21.0
29.0
-2.0
30.0
47.0
4.0
50.0
-5.0
15.0
46.0
25.0
82.0
71.0
37.0
64.0
49.0
68.0
84.0
49.0
93.0
142.0
127.0
181.0
154.0
172.0
186.0
147.0
213.0
232.0
204.0
250.0
190.0
173.0
256.0
167.0
195.0
168.0
99.0
124.0
151.0
96.0
69.0
62.0
99.0
109.0
-4.0
136.0
17.0
35.0
68.0
70.0
60.0
41.0
-29.0
36.0
39.0
34.0
64.0
30.0
70.0
59.0
6.0
72.0
-4.0
-41.0
72.0
58.0
65.0
64.0
10.0
66.0
27.0
41.0
85.0
52.0
74.0
43.0
-61.0
110.0
3.0
12.0
23.0
-23.0
61.0
35.0
5.0
66.0
12.0
9.0
24.0
13.0
69.0
32.0
45.0
66.0
25.0
57.0
122.0
78.0
154.0
146.0
115.0
165.0
105.0
110.0
174.0
149.0
167.0
169.0
138.0
177.0
109.0
80.0
110.0
38.0
86.0
68.0
30.0
93.0
36.0
26.0
10.0
-35.0
-6.0
-23.0
-45.0
-7.0
-34.0
-26.0
-8.0
-82.0
-42.0
67.0
18.0
89.0
68.0
100.0
142.0
73.0
133.0
122.0
117.0
103.0
60.0
60.0
68.0
58.0
105.0
114.0
108.0
166.0
98.0
108.0
138.0
91.0
148.0
133.0
115.0
149.0
106.0
133.0
132.0
64.0
81.0
75.0
19.0
92.0
43.0
45.0
73.0
31.0
53.0
58.0
49.0
95.0
64.0
61.0
91.0
11.0
48.0
49.0
14.0
48.0
12.0
8.0
46.0
1.0
18.0
15.0
-35.0
24.0
-11.0
-3.0
58.0
7.0
77.0
90.0
82.0
111.0
89.0
113.0
112.0
69.0
100.0
105.0
99.0
136.0
110.0
117.0
138.0
72.0
116.0
95.0
70.0
102.0
44.0
31.0
54.0
55.0
56.0
63.0
33.0
86.0
53.0
64.0
90.0
26.0
95.0
71.0
55.0
89.0
73.0
80.0
103.0
72.0
80.0
66.0
40.0
91.0
41.0
37.0
59.0
8.0
31.0
33.0
11.0
56.0
44.0
62.0
118.0
63.0
86.0
93.0
76.0
104.0
89.0
78.0
112.0
54.0
142.0
129.0
112.0
147.0
115.0
130.0
175.0
114.0
141.0
138.0
120.0
146.0
110.0
106.0
145.0
59.0
105.0
86.0
61.0
136.0
98.0
120.0
176.0
122.0
158.0
171.0
154.0
191.0
159.0
139.0
152.0
88.0
135.0
129.0
79.0
163.0
121.0
108.0
145.0
129.0
154.0
142.0
146.0
168.0
107.0
120.0
122.0
111.0
137.0
139.0
117.0
174.0
144.0
147.0
178.0
114.0
139.0
105.0
64.0
115.0
88.0
105.0
120.0
77.0
107.0
86.0
67.0
129.0
105.0
117.0
174.0
144.0
168.0
127.0
98.0
112.0
66.0
135.0
136.0
104.0
137.0
147.0
117.0
187.0
151.0
144.0
146.0
85.0
117.0
82.0
51.0
99.0
68.0
102.0
154.0
80.0
104.0
124.0
99.0
177.0
131.0
128.0
122.0
71.0
127.0
135.0
107.0
177.0
113.0
132.0
157.0
118.0
150.0
158.0
137.0
224.0
184.0
200.0
185.0
164.0
203.0
185.0
178.0
229.0
206.0
208.0
205.0
135.0
153.0
138.0
119.0
167.0
129.0
117.0
134.0
126.0
193.0
159.0
149.0
173.0
117.0
140.0
164.0
131.0
156.0
179.0
144.0
186.0
165.0
195.0
223.0
201.0
210.0
239.0
219.0
274.0
230.0
267.0
296.0
244.0
296.0
269.0
224.0
237.0
191.0
201.0
266.0
205.0
227.0
244.0
197.0
257.0
210.0
212.0
228.0
165.0
220.0
202.0
198.0
256.0
200.0
218.0
258.0
237.0
260.0
281.0
244.0
289.0
253.0
215.0
231.0
202.0
267.0
250.0
209.0
261.0
224.0
225.0
247.0
210.0
242.0
266.0
219.0
232.0
204.0
228.0
248.0
198.0
258.0
261.0
209.0
269.0
237.0
246.0
271.0
213.0
257.0
224.0
211.0
250.0
206.0
223.0
248.0
183.0
249.0
220.0
184.0
255.0
241.0
247.0
290.0
239.0
292.0
299.0
251.0
302.0
233.0
244.0
260.0
197.0
234.0
224.0
187.0
234.0
194.0
188.0
211.0
178.0
215.0
199.0
182.0
224.0
244.0
252.0
293.0
244.0
223.0
303.0
223.0
260.0
213.0
251.0
296.0
235.0
264.0
244.0
227.0
306.0
276.0
288.0
305.0
246.0
266.0
209.0
171.0
175.0
144.0
136.0
164.0
99.0
161.0
171.0
138.0
209.0
153.0
169.0
190.0
147.0
208.0
214.0
188.0
244.0
182.0
228.0
245.0
200.0
216.0
236.0
162.0
229.0
180.0
197.0
235.0
200.0
214.0
243.0
231.0
276.0
221.0
209.0
228.0
169.0
186.0
171.0
120.0
191.0
128.0
140.0
154.0
100.0
140.0
114.0
102.0
149.0
127.0
122.0
153.0
121.0
159.0
155.0
141.0
182.0
146.0
178.0
174.0
111.0
157.0
147.0
104.0
165.0
141.0
154.0
173.0
137.0
233.0
231.0
263.0
324.0
311.0
362.0
425.0
401.0
482.0
496.0
516.0
593.0
564.0
567.0
581.0
527.0
571.0
571.0
553.0
584.0
527.0
551.0
571.0
522.0
570.0
547.0
495.0
571.0
522.0
552.0
562.0
484.0
488.0
497.0
462.0
530.0
458.0
473.0
546.0
503.0
526.0
507.0
473.0
520.0
470.0
480.0
495.0
446.0
458.0
423.0
394.0
455.0
419.0
418.0
373.0
279.0
290.0
253.0
203.0
271.0
253.0
239.0
307.0
210.0
252.0
223.0
176.0
177.0
141.0
167.0
164.0
122.0
164.0
167.0
107.0
153.0
87.0
88.0
89.0
41.0
66.0
18.0
-1.0
61.0
13.0
10.0
51.0
30.0
56.0
50.0
50.0
110.0
60.0
81.0
124.0
73.0
98.0
50.0
22.0
91.0
92.0
80.0
82.0
42.0
84.0
79.0
74.0
124.0
101.0
101.0
145.0
84.0
166.0
149.0
93.0
164.0
129.0
128.0
136.0
108.0
136.0
121.0
101.0
128.0
92.0
69.0
102.0
68.0
125.0
110.0
63.0
114.0
82.0
97.0
97.0
80.0
100.0
50.0
45.0
98.0
8.0
12.0
44.0
-6.0
35.0
33.0
10.0
60.0
35.0
61.0
86.0
35.0
89.0
107.0
92.0
143.0
107.0
107.0
152.0
84.0
110.0
81.0
33.0
46.0
48.0
44.0
43.0
-12.0
33.0
17.0
2.0
29.0
-9.0
32.0
54.0
40.0
84.0
107.0
98.0
142.0
85.0
93.0
85.0
10.0
37.0
19.0
-8.0
47.0
29.0
24.0
62.0
20.0
42.0
53.0
10.0
53.0
52.0
53.0
42.0
-30.0
-1.0
-4.0
4.0
97.0
52.0
79.0
108.0
41.0
79.0
75.0
29.0
50.0
18.0
18.0
52.0
-26.0
27.0
2.0
-33.0
17.0
-14.0
25.0
49.0
-1.0
7.0
14.0
-1.0
54.0
4.0
10.0
41.0
7.0
48.0
25.0
-26.0
20.0
-14.0
-11.0
-7.0
-40.0
28.0
9.0
-30.0
20.0
-20.0
-39.0
-16.0
-56.0
7.0
-11.0
-47.0
-7.0
-37.0
-1.0
-1.0
-43.0
3.0
16.0
-16.0
21.0
-29.0
-13.0
25.0
-16.0
-7.0
-10.0
-77.0
-18.0
-76.0
-72.0
-49.0
-80.0
-38.0
-58.0
-62.0
-9.0
-52.0
-34.0
-26.0
-61.0
5.0
-2.0
-23.0
13.0
-11.0
14.0
24.0
-31.0
45.0
43.0
33.0
69.0
19.0
37.0
53.0
-2.0
31.0
20.0
-25.0
27.0
-31.0
-5.0
6.0
-39.0
23.0
-5.0
-45.0
-11.0
-44.0
-25.0
-5.0
-43.0
-7.0
-1.0
-45.0
-2.0
-27.0
-13.0
-23.0
-73.0
-13.0
-34.0
-40.0
-3.0
-40.0
-34.0
-27.0
-60.0
-12.0
-22.0
-53.0
12.0
-53.0
-40.0
-7.0
-60.0
-23.0
-62.0
-115.0
-50.0
-124.0
-64.0
-45.0
-92.0
-73.0
-102.0
-134.0
-100.0
-107.0
-84.0
-54.0
-72.0
-13.0
-34.0
-63.0
-20.0
-43.0
-13.0
4.0
-55.0
-26.0
-51.0
-63.0
-5.0
-44.0
-36.0
-32.0
-81.0
-16.0
-27.0
-36.0
-11.0
-46.0
-32.0
1.0
-45.0
-19.0
21.0
-25.0
32.0
-7.0
4.0
11.0
-37.0
1.0
-21.0
-46.0
-29.0
-58.0
-45.0
-14.0
-55.0
-34.0
-34.0
-40.0
-18.0
-53.0
-32.0
-21.0
-65.0
-33.0
-17.0
-28.0
13.0
-24.0
-10.0
25.0
-33.0
13.0
15.0
-41.0
-8.0
-54.0
-48.0
-18.0
-76.0
-29.0
-51.0
-73.0
-36.0
-64.0
-25.0
13.0
-21.0
15.0
6.0
4.0
54.0
0.0
24.0
49.0
23.0
45.0
24.0
9.0
32.0
14.0
23.0
62.0
-1.0
27.0
-12.0
-38.0
7.0
-43.0
-17.0
13.0
-34.0
-7.0
2.0
-5.0
43.0
3.0
-8.0
34.0
-34.0
33.0
8.0
-11.0
26.0
-48.0
-24.0
7.0
-49.0
19.0
4.0
-16.0
31.0
-16.0
1.0
20.0
-55.0
-26.0
-52.0
-67.0
18.0
-56.0
-58.0
-39.0
-56.0
-9.0
0.0
-21.0
26.0
-32.0
-43.0
-33.0
-68.0
10.0
14.0
-3.0
50.0
-2.0
54.0
75.0
39.0
98.0
44.0
-24.0
-16.0
-74.0
-44.0
-17.0
-82.0
-61.0
-96.0
-130.0
-64.0
-117.0
-76.0
-71.0
-110.0
-36.0
-12.0
-34.0
12.0
-31.0
-49.0
-30.0
-56.0
-26.0
-43.0
-95.0
-59.0
-100.0
-68.0
-41.0
-100.0
-105.0
-115.0
-147.0
-96.0
-140.0
-144.0
-107.0
-157.0
-133.0
-134.0
-136.0
-69.0
-128.0
-114.0
-67.0
-116.0
-43.0
-26.0
-55.0
-14.0
-72.0
-56.0
-54.0
-98.0
-36.0
-70.0
-101.0
-55.0
-86.0
-80.0
-60.0
-119.0
-32.0
-69.0
-72.0
-37.0
-76.0
-67.0
-18.0
-47.0
-17.0
-54.0
-85.0
-39.0
-71.0
-31.0
-48.0
-89.0
-39.0
-72.0
-61.0
-28.0
-87.0
-77.0
-36.0
-101.0
-29.0
-52.0
-96.0
-41.0
-47.0
-23.0
-14.0
-30.0
2.0
-35.0
-41.0
9.0
-23.0
-35.0
-7.0
-81.0
-43.0
-66.0
-85.0
-30.0
-84.0
-43.0
-13.0
-60.0
20.0
-4.0
-9.0
68.0
19.0
48.0
118.0
60.0
79.0
54.0
8.0
20.0
-17.0
11.0
-1.0
-40.0
15.0
-22.0
-22.0
42.0
-12.0
1.0
11.0
-20.0
-12.0
-22.0
-67.0
-18.0
-65.0
-33.0
-8.0
-61.0
-25.0
-35.0
-78.0
-44.0
-95.0
-86.0
-65.0
-77.0
-55.0
-56.0
-95.0
-73.0
-59.0
-46.0
-34.0
-39.0
-13.0
13.0
-24.0
48.0
16.0
31.0
56.0
14.0
64.0
39.0
11.0
34.0
-28.0
-43.0
-17.0
-52.0
-5.0
-35.0
-80.0
-33.0
-71.0
-33.0
10.0
-39.0
11.0
-27.0
-23.0
-27.0
-89.0
-59.0
-46.0
-124.0
-100.0
-104.0
-99.0
-26.0
-71.0
-37.0
-26.0
-87.0
-54.0
-35.0
-72.0
-32.0
-92.0
-82.0
-57.0
-101.0
-88.0
-67.0
-97.0
-75.0
-91.0
-77.0
-53.0
-97.0
-65.0
-94.0
-137.0
-95.0
-165.0
-135.0
-134.0
-161.0
-109.0
-117.0
-131.0
-83.0
-109.0
-77.0
-28.0
-59.0
-1.0
-39.0
-56.0
-4.0
-53.0
-17.0
5.0
-56.0
-24.0
-31.0
-64.0
-30.0
-90.0
-75.0
-53.0
-84.0
-40.0
-74.0
-95.0
-45.0
-83.0
-71.0
-43.0
-90.0
-34.0
-45.0
-55.0
22.0
-31.0
-2.0
18.0
4.0
20.0
12.0
11.0
60.0
41.0
73.0
86.0
51.0
106.0
100.0
92.0
142.0
64.0
62.0
64.0
44.0
78.0
69.0
29.0
93.0
53.0
55.0
84.0
26.0
59.0
56.0
36.0
82.0
21.0
36.0
24.0
-30.0
33.0
5.0
-9.0
34.0
10.0
31.0
35.0
-33.0
-4.0
2.0
-19.0
18.0
-41.0
-8.0
23.0
-8.0
59.0
17.0
5.0
67.0
25.0
71.0
124.0
42.0
39.0
38.0
30.0
86.0
22.0
53.0
53.0
-8.0
52.0
24.0
-10.0
42.0
1.0
6.0
10.0
-59.0
11.0
-43.0
-72.0
-5.0
-48.0
-43.0
-1.0
-37.0
22.0
18.0
11.0
39.0
1.0
-1.0
35.0
-20.0
38.0
24.0
-8.0
14.0
-22.0
16.0
11.0
-26.0
10.0
31.0
35.0
100.0
55.0
64.0
93.0
112.0
185.0
221.0
283.0
351.0
322.0
330.0
384.0
343.0
389.0
374.0
365.0
401.0
326.0
352.0
361.0
334.0
358.0
353.0
320.0
369.0
297.0
337.0
347.0
291.0
395.0
350.0
359.0
419.0
345.0
363.0
406.0
361.0
403.0
375.0
358.0
437.0
402.0
422.0
434.0
399.0
445.0
381.0
324.0
381.0
312.0
352.0
381.0
347.0
396.0
347.0
362.0
389.0
351.0
357.0
373.0
313.0
353.0
340.0
317.0
347.0
319.0
302.0
295.0
248.0
295.0
254.0
278.0
304.0
267.0
290.0
296.0
236.0
294.0
309.0
263.0
276.0
233.0
248.0
252.0
218.0
266.0
229.0
209.0
260.0
230.0
306.0
325.0
309.0
372.0
357.0
336.0
358.0
275.0
259.0
227.0
179.0
181.0
96.0
120.0
122.0
90.0
93.0
54.0
-1.0
33.0
5.0
-62.0
-66.0
-63.0
-74.0
-46.0
-103.0
-42.0
-89.0
-88.0
-24.0
-70.0
-70.0
-53.0
-128.0
-73.0
-81.0
-92.0
-69.0
-121.0
-112.0
-111.0
-134.0
-73.0
-77.0
-99.0
-55.0
-87.0
-85.0
-68.0
-108.0
-52.0
-105.0
-144.0
-102.0
-159.0
-130.0
-120.0
-156.0
-91.0
-130.0
-150.0
-91.0
-120.0
-90.0
-78.0
-91.0
-37.0
-49.0
-76.0
-37.0
-62.0
-36.0
-29.0
-84.0
-74.0
-98.0
-125.0
-96.0
-107.0
-106.0
-104.0
-125.0
-74.0
-78.0
-80.0
-10.0
-27.0
-8.0
51.0
-28.0
22.0
-4.0
-24.0
-3.0
-33.0
-48.0
-72.0
-95.0
-63.0
-69.0
-98.0
-25.0
-78.0
-41.0
-25.0
-62.0
-43.0
-88.0
-117.0
-63.0
-83.0
-54.0
-25.0
-99.0
-78.0
-103.0
-133.0
-82.0
-111.0
-107.0
-88.0
-119.0
-74.0
-98.0
-122.0
-65.0
-70.0
-36.0
-58.0
-124.0
-63.0
-37.0
-25.0
15.0
-7.0
-16.0
-5.0
-69.0
-11.0
-27.0
-39.0
-16.0
-73.0
-95.0
-31.0
-95.0
-51.0
-65.0
-80.0
-4.0
-52.0
-48.0
-34.0
-51.0
1.0
-34.0
-35.0
10.0
-68.0
-45.0
-35.0
-90.0
-23.0
-23.0
-27.0
52.0
-1.0
17.0
29.0
-36.0
15.0
-4.0
-12.0
9.0
-30.0
-10.0
-5.0
-56.0
37.0
18.0
46.0
108.0
55.0
49.0
67.0
46.0
81.0
93.0
71.0
89.0
33.0
29.0
38.0
-10.0
6.0
36.0
-4.0
43.0
-15.0
34.0
58.0
1.0
58.0
32.0
31.0
104.0
76.0
82.0
82.0
50.0
85.0
69.0
64.0
112.0
36.0
95.0
113.0
50.0
102.0
78.0
71.0
116.0
78.0
115.0
139.0
83.0
120.0
108.0
97.0
103.0
73.0
102.0
110.0
61.0
102.0
102.0
74.0
129.0
90.0
88.0
115.0
81.0
117.0
100.0
107.0
170.0
115.0
168.0
224.0
202.0
298.0
265.0
257.0
317.0
303.0
315.0
346.0
306.0
356.0
345.0
325.0
412.0
389.0
381.0
374.0
315.0
316.0
272.0
237.0
261.0
180.0
183.0
180.0
139.0
174.0
121.0
138.0
126.0
201.0
149.0
136.0
73.0
136.0
96.0
102.0
133.0
84.0
114.0
124.0
78.0
135.0
118.0
70.0
98.0
64.0
96.0
125.0
99.0
124.0
93.0
47.0
81.0
17.0
15.0
33.0
-22.0
20.0
10.0
1.0
68.0
20.0
40.0
68.0
2.0
96.0
59.0
53.0
69.0
13.0
-24.0
13.0
-59.0
-14.0
-7.0
-17.0
36.0
17.0
16.0
10.0
45.0
48.0
19.0
6.0
67.0
24.0
-5.0
19.0
-36.0
5.0
2.0
-14.0
40.0
-18.0
10.0
41.0
8.0
43.0
34.0
9.0
82.0
30.0
68.0
41.0
3.0
50.0
17.0
-15.0
3.0
-32.0
-12.0
-5.0
-42.0
18.0
-19.0
-50.0
-14.0
-62.0
-59.0
-65.0
-92.0
-47.0
-70.0
-61.0
-13.0
-47.0
17.0
22.0
10.0
79.0
59.0
20.0
18.0
-41.0
-41.0
-3.0
-54.0
-26.0
-59.0
-85.0
-30.0
-71.0
-50.0
-47.0
-84.0
-50.0
-72.0
-88.0
1.0
-35.0
-30.0
-2.0
-37.0
8.0
-34.0
-82.0
-22.0
-78.0
-63.0
-68.0
-122.0
-82.0
-71.0
-79.0
-44.0
-67.0
-37.0
-55.0
-76.0
-29.0
-39.0
-87.0
-28.0
-59.0
-23.0
-30.0
-72.0
-23.0
-16.0
-27.0
17.0
-42.0
-49.0
-24.0
-62.0
-16.0
-63.0
-79.0
-17.0
-52.0
-21.0
-13.0
-81.0
-39.0
-67.0
-88.0
-43.0
-115.0
-44.0
-17.0
-37.0
36.0
32.0
47.0
100.0
60.0
136.0
176.0
132.0
180.0
143.0
155.0
229.0
153.0
169.0
212.0
182.0
225.0
181.0
125.0
150.0
77.0
79.0
86.0
20.0
41.0
1.0
-42.0
1.0
-107.0
-58.0
-72.0
-105.0
-133.0
-36.0
-100.0
-138.0
-112.0
-129.0
-124.0
-148.0
-154.0
-157.0
-186.0
-136.0
-215.0
-201.0
-206.0
-272.0
-281.0
-266.0
-279.0
-231.0
-284.0
-253.0
-228.0
-240.0
-191.0
-149.0
-169.0
-137.0
-156.0
-125.0
-109.0
-122.0
-118.0
-126.0
-121.0
-90.0
-137.0
-126.0
-149.0
-188.0
-167.0
-183.0
-216.0
-174.0
-252.0
-186.0
-174.0
-230.0
-190.0
-234.0
-214.0
-173.0
-205.0
-178.0
-204.0
-225.0
-199.0
-214.0
-229.0
-173.0
-232.0
-202.0
-167.0
-175.0
-115.0
-138.0
-145.0
-73.0
-129.0
-88.0
-51.0
-89.0
-53.0
-90.0
-111.0
-42.0
-92.0
-67.0
-75.0
-103.0
-45.0
-100.0
-162.0
-127.0
-153.0
-106.0
-102.0
-127.0
-80.0
-96.0
-110.0
-77.0
-121.0
-80.0
-75.0
-126.0
-101.0
-110.0
-116.0
-87.0
-148.0
-129.0
-103.0
-159.0
-120.0
-143.0
-168.0
-148.0
-224.0
-192.0
-218.0
-250.0
-224.0
-214.0
-238.0
-201.0
-257.0
-173.0
-145.0
-205.0
-149.0
-184.0
-193.0
-155.0
-222.0
-188.0
-168.0
-192.0
-162.0
-152.0
-140.0
-94.0
-147.0
-122.0
-149.0
-196.0
-134.0
-186.0
-218.0
-177.0
-224.0
-211.0
-176.0
-195.0
-140.0
-176.0
-198.0
-151.0
-184.0
-163.0
-159.0
-219.0
-185.0
-210.0
-210.0
-169.0
-225.0
-205.0
-201.0
-222.0
-163.0
-186.0
-232.0
-175.0
-238.0
-202.0
-207.0
-248.0
-193.0
-195.0
-230.0
-179.0
-217.0
-185.0
-169.0
-203.0
-159.0
-239.0
-212.0
-189.0
-258.0
-250.0
-224.0
-271.0
-241.0
-233.0
-229.0
-204.0
-270.0
-236.0
-241.0
-274.0
-215.0
-225.0
-232.0
-188.0
-240.0
-214.0
-213.0
-253.0
-222.0
-256.0
-278.0
-242.0
-275.0
-233.0
-268.0
-281.0
-216.0
-250.0
-237.0
-178.0
-204.0
-186.0
-181.0
-222.0
-185.0
-207.0
-221.0
-166.0
-225.0
-186.0
-189.0
-229.0
-174.0
-192.0
-214.0
-176.0
-222.0
-209.0
-159.0
-200.0
-174.0
-193.0
-220.0
-147.0
-205.0
-197.0
-178.0
-216.0
-194.0
-201.0
-220.0
-193.0
-259.0
-219.0
-214.0
-246.0
-212.0
-223.0
-243.0
-193.0
-243.0
-208.0
-203.0
-255.0
-196.0
-211.0
-219.0
-162.0
-193.0
-167.0
-164.0
-204.0
-174.0
-199.0
-205.0
-137.0
-195.0
-166.0
-169.0
-245.0
-176.0
-205.0
-194.0
-160.0
-212.0
-185.0
-195.0
-204.0
-134.0
-182.0
-185.0
-151.0
-193.0
-146.0
-138.0
-208.0
-149.0
-167.0
-181.0
-137.0
-200.0
-203.0
-175.0
-210.0
-137.0
-176.0
-190.0
-135.0
-199.0
-166.0
-157.0
-175.0
-156.0
-188.0
-179.0
-136.0
-196.0
-177.0
-172.0
-230.0
-187.0
-196.0
-202.0
-175.0
-221.0
-191.0
-174.0
-235.0
-152.0
-199.0
-221.0
-169.0
-232.0
-196.0
-166.0
-217.0
-211.0
-237.0
-273.0
-227.0
-273.0
-232.0
-196.0
-232.0
-181.0
-199.0
-217.0
-173.0
-215.0
-188.0
-189.0
-232.0
-196.0
-222.0
-232.0
-191.0
-232.0
-223.0
-202.0
-218.0
-173.0
-194.0
-209.0
-182.0
-234.0
-219.0
-214.0
-266.0
-234.0
-246.0
-241.0
-178.0
-224.0
-191.0
-163.0
-202.0
-155.0
-168.0
-182.0
-113.0
-167.0
-130.0
-155.0
-182.0
-159.0
-199.0
-224.0
-162.0
-204.0
-173.0
-182.0
-235.0
-195.0
-229.0
-218.0
-173.0
-191.0
-166.0
-173.0
-175.0
-147.0
-143.0
-145.0
-97.0
-117.0
-95.0
-61.0
-144.0
-93.0
-144.0
-155.0
-107.0
-156.0
-163.0
-164.0
-211.0
-185.0
-168.0
-194.0
-139.0
-185.0
-157.0
-168.0
-193.0
-131.0
-150.0
-172.0
-100.0
-141.0
-111.0
-118.0
-158.0
-126.0
-163.0
-168.0
-136.0
-215.0
-188.0
-185.0
-213.0
-186.0
-197.0
-214.0
-166.0
-216.0
-186.0
-166.0
-205.0
-169.0
-202.0
-207.0
-155.0
-183.0
-143.0
-110.0
-186.0
-148.0
-182.0
-197.0
-157.0
-190.0
-144.0
-114.0
-151.0
-118.0
-148.0
-190.0
-107.0
-162.0
-115.0
-104.0
-139.0
-87.0
-136.0
-161.0
-152.0
-219.0
-208.0
-173.0
-237.0
-171.0
-206.0
-190.0
-126.0
-157.0
-129.0
-112.0
-187.0
-125.0
-134.0
-135.0
-129.0
-171.0
-166.0
-163.0
-197.0
-169.0
-197.0
-229.0
-174.0
-219.0
-154.0
-144.0
-166.0
-122.0
-133.0
-178.0
-117.0
-152.0
-98.0
-71.0
-112.0
-70.0
-89.0
-119.0
-90.0
-154.0
-147.0
-147.0
-184.0
-144.0
-202.0
-222.0
-186.0
-218.0
-161.0
-142.0
-186.0
-140.0
-173.0
-178.0
-134.0
-149.0
-116.0
-102.0
-140.0
-64.0
-105.0
-116.0
-87.0
-124.0
-72.0
-71.0
-123.0
-92.0
-149.0
-181.0
-137.0
-195.0
-140.0
-147.0
-173.0
-114.0
-114.0
-106.0
-77.0
-108.0
-64.0
-79.0
-107.0
-28.0
-72.0
-55.0
-26.0
-62.0
-33.0
10.0
-33.0
7.0
1.0
-28.0
17.0
-43.0
-15.0
-14.0
-82.0
2.0
-77.0
-91.0
-60.0
-101.0
-67.0
-28.0
-71.0
-43.0
-65.0
-65.0
-32.0
-76.0
-40.0
-37.0
-85.0
-50.0
-80.0
-121.0
-52.0
-100.0
-111.0
-91.0
-145.0
-73.0
-130.0
-146.0
-106.0
-140.0
-120.0
-116.0
-145.0
-96.0
-111.0
-122.0
-80.0
-112.0
-52.0
-76.0
-105.0
-45.0
-87.0
-103.0
-66.0
-95.0
-51.0
-52.0
-92.0
-16.0
-50.0
-50.0
-31.0
-59.0
-41.0
-30.0
-49.0
-16.0
-52.0
-100.0
-51.0
-87.0
-73.0
-61.0
-115.0
-54.0
-102.0
-105.0
-91.0
-134.0
-97.0
-71.0
-109.0
-64.0
-91.0
-96.0
-86.0
-146.0
-96.0
-103.0
-103.0
-54.0
-66.0
-92.0
-67.0
-109.0
-80.0
-51.0
-80.0
-25.0
-80.0
-68.0
-29.0
-83.0
-40.0
-40.0
-86.0
-25.0
-50.0
-50.0
-18.0
-78.0
-53.0
-20.0
-71.0
-6.0
-61.0
-71.0
-32.0
-103.0
-94.0
-55.0
-81.0
-6.0
-23.0
-20.0
31.0
-16.0
62.0
70.0
49.0
93.0
54.0
37.0
89.0
22.0
39.0
29.0
11.0
18.0
23.0
3.0
47.0
11.0
27.0
2.0
-44.0
22.0
-12.0
-10.0
49.0
-39.0
-30.0
-10.0
8.0
34.0
-9.0
-18.0
15.0
-35.0
-11.0
-13.0
-63.0
10.0
-3.0
21.0
68.0
17.0
33.0
29.0
12.0
110.0
98.0
100.0
113.0
60.0
69.0
75.0
35.0
81.0
27.0
50.0
45.0
26.0
4.0
-2.0
-51.0
-14.0
-42.0
-29.0
27.0
18.0
63.0
99.0
45.0
85.0
64.0
56.0
97.0
51.0
82.0
96.0
51.0
88.0
66.0
49.0
70.0
23.0
41.0
38.0
12.0
48.0
-10.0
3.0
66.0
-9.0
27.0
36.0
7.0
64.0
43.0
30.0
92.0
57.0
106.0
96.0
49.0
102.0
82.0
81.0
133.0
80.0
148.0
162.0
115.0
209.0
169.0
175.0
200.0
148.0
204.0
229.0
215.0
275.0
287.0
280.0
331.0
256.0
306.0
323.0
289.0
317.0
296.0
252.0
285.0
229.0
256.0
286.0
216.0
247.0
229.0
227.0
299.0
251.0
278.0
286.0
220.0
267.0
230.0
252.0
312.0
246.0
315.0
325.0
269.0
288.0
224.0
186.0
152.0
153.0
125.0
124.0
92.0
102.0
54.0
32.0
62.0
27.0
31.0
23.0
-82.0
-85.0
-115.0
-110.0
-43.0
-62.0
-8.0
2.0
-22.0
39.0
13.0
25.0
58.0
-19.0
-1.0
-5.0
-52.0
-10.0
-58.0
-64.0
-27.0
-52.0
-24.0
-22.0
-106.0
-68.0
-115.0
-98.0
-40.0
-119.0
-88.0
-79.0
-92.0
-37.0
-75.0
-97.0
-47.0
-101.0
-53.0
-3.0
-72.0
-47.0
-98.0
-73.0
-24.0
-27.0
3.0
4.0
-50.0
13.0
-23.0
-9.0
10.0
-30.0
7.0
-6.0
-82.0
-8.0
-44.0
-36.0
37.0
-25.0
-13.0
-2.0
-38.0
-23.0
-48.0
-21.0
-20.0
-68.0
-34.0
-18.0
-65.0
16.0
-16.0
-6.0
32.0
-31.0
-5.0
30.0
-17.0
16.0
-5.0
-14.0
8.0
-35.0
-14.0
-20.0
-90.0
-31.0
-70.0
-59.0
-11.0
5.0
-10.0
7.0
-25.0
24.0
4.0
27.0
59.0
34.0
68.0
90.0
43.0
74.0
52.0
32.0
70.0
2.0
50.0
36.0
13.0
67.0
34.0
29.0
62.0
-1.0
36.0
43.0
17.0
86.0
43.0
37.0
75.0
5.0
55.0
53.0
15.0
77.0
51.0
41.0
91.0
59.0
58.0
48.0
18.0
60.0
56.0
62.0
87.0
12.0
42.0
25.0
-6.0
54.0
37.0
30.0
61.0
-13.0
35.0
55.0
26.0
91.0
59.0
41.0
63.0
30.0
84.0
105.0
62.0
109.0
92.0
87.0
133.0
65.0
118.0
117.0
68.0
115.0
54.0
33.0
93.0
64.0
103.0
88.0
52.0
69.0
8.0
10.0
44.0
15.0
64.0
79.0
15.0
77.0
38.0
19.0
53.0
10.0
52.0
60.0
27.0
48.0
28.0
-13.0
34.0
-27.0
31.0
48.0
35.0
52.0
45.0
27.0
75.0
12.0
45.0
61.0
25.0
40.0
19.0
13.0
11.0
-30.0
-11.0
-11.0
-42.0
-11.0
-31.0
-27.0
-34.0
-93.0
-59.0
-32.0
-59.0
-9.0
-73.0
-59.0
-27.0
-95.0
-70.0
-69.0
-134.0
-91.0
-122.0
-104.0
-34.0
-101.0
-34.0
-71.0
-80.0
-8.0
-46.0
-20.0
17.0
-30.0
-3.0
-54.0
-77.0
-29.0
-37.0
-43.0
5.0
-34.0
11.0
1.0
-18.0
22.0
-3.0
-12.0
8.0
-36.0
-1.0
-4.0
33.0
64.0
46.0
52.0
146.0
88.0
131.0
130.0
138.0
171.0
128.0
103.0
157.0
94.0
119.0
99.0
72.0
88.0
78.0
87.0
78.0
44.0
68.0
69.0
16.0
-1.0
78.0
2.0
11.0
-53.0
-17.0
-23.0
-41.0
-17.0
-35.0
-50.0
-15.0
-59.0
-27.0
-38.0
-67.0
-60.0
-1.0
-14.0
37.0
-33.0
-14.0
-21.0
-75.0
-12.0
-65.0
-73.0
-38.0
-103.0
-85.0
-98.0
-183.0
-103.0
-136.0
-125.0
-90.0
-130.0
-123.0
-111.0
-168.0
-39.0
-81.0
-78.0
-15.0
-39.0
2.0
-44.0
-46.0
-17.0
-7.0
-22.0
-24.0
-117.0
-23.0
-17.0
-59.0
-15.0
-90.0
-73.0
-18.0
-105.0
-25.0
-5.0
-20.0
4.0
-27.0
5.0
20.0
-2.0
10.0
-5.0
-26.0
25.0
-22.0
-13.0
41.0
-6.0
17.0
21.0
-21.0
6.0
-26.0
-15.0
13.0
-41.0
-14.0
20.0
-52.0
3.0
-22.0
-54.0
69.0
-31.0
-20.0
-5.0
-96.0
5.0
-51.0
-54.0
-39.0
-95.0
-32.0
-19.0
-49.0
7.0
8.0
-1.0
-4.0
-29.0
-5.0
-13.0
-63.0
-19.0
-34.0
-37.0
-1.0
-47.0
-32.0
-53.0
-93.0
-13.0
-48.0
-61.0
-48.0
-111.0
-107.0
-121.0
-148.0
-97.0
-91.0
-108.0
-73.0
-146.0
-98.0
-111.0
-131.0
-100.0
-131.0
-117.0
-83.0
-131.0
-76.0
-79.0
-144.0
-110.0
-133.0
-135.0
-95.0
-116.0
-74.0
-77.0
-111.0
-62.0
-87.0
-65.0
-24.0
-49.0
-31.0
-33.0
-75.0
-35.0
-93.0
-103.0
-70.0
-103.0
-93.0
-80.0
-126.0
-105.0
-130.0
-127.0
-106.0
-169.0
-141.0
-108.0
-142.0
-96.0
-105.0
-69.0
-13.0
-72.0
-64.0
-62.0
-114.0
-46.0
-56.0
-58.0
-19.0
-79.0
-5.0
-22.0
-81.0
-63.0
-103.0
-103.0
-73.0
-140.0
-74.0
-77.0
-129.0
-80.0
-108.0
-70.0
-55.0
-94.0
-64.0
-54.0
-63.0
-2.0
-38.0
-56.0
-25.0
-88.0
-65.0
-58.0
-103.0
-31.0
-38.0
6.0
77.0
49.0
133.0
150.0
162.0
196.0
218.0
220.0
268.0
230.0
238.0
262.0
208.0
226.0
216.0
195.0
216.0
121.0
154.0
146.0
149.0
157.0
88.0
61.0
89.0
26.0
19.0
-4.0
-56.0
4.0
-60.0
-26.0
-27.0
-73.0
-25.0
-30.0
-39.0
2.0
-46.0
-52.0
-17.0
-74.0
-68.0
-65.0
-118.0
-96.0
-168.0
-168.0
-143.0
-193.0
-151.0
-169.0
-200.0
-120.0
-114.0
-97.0
-39.0
-77.0
-18.0
10.0
-30.0
44.0
52.0
50.0
67.0
42.0
68.0
32.0
-7.0
27.0
-32.0
-70.0
-45.0
-128.0
-77.0
-110.0
-164.0
-92.0
-101.0
-112.0
-71.0
-111.0
-84.0
-78.0
-105.0
-99.0
-136.0
-134.0
-99.0
-138.0
-93.0
-115.0
-166.0
-125.0
-139.0
-119.0
-71.0
-125.0
-121.0
-117.0
-128.0
-43.0
-88.0
-115.0
-84.0
-122.0
-48.0
-27.0
-82.0
-26.0
-87.0
-97.0
-62.0
-111.0
-60.0
-42.0
-89.0
-42.0
-89.0
-85.0
-46.0
-95.0
-89.0
-81.0
-130.0
-90.0
-99.0
-81.0
-44.0
-100.0
-58.0
-83.0
-109.0
-79.0
-112.0
-114.0
-78.0
-149.0
-111.0
-126.0
-154.0
-110.0
-174.0
-150.0
-109.0
-184.0
-142.0
-105.0
-126.0
-70.0
-128.0
-109.0
-59.0
-99.0
-93.0
-115.0
-112.0
-78.0
-143.0
-126.0
-76.0
-146.0
-87.0
-102.0
-150.0
-134.0
-163.0
-167.0
-131.0
-183.0
-165.0
-172.0
-200.0
-139.0
-164.0
-110.0
-101.0
-170.0
-142.0
-134.0
-151.0
-98.0
-101.0
-93.0
-36.0
-98.0
-53.0
-60.0
-113.0
-58.0
-93.0
-111.0
-108.0
-156.0
-127.0
-122.0
-119.0
-67.0
-114.0
-105.0
-44.0
-74.0
-42.0
-55.0
-91.0
-22.0
-54.0
-25.0
62.0
16.0
44.0
49.0
24.0
87.0
67.0
73.0
112.0
36.0
95.0
52.0
21.0
77.0
41.0
-11.0
15.0
-62.0
-37.0
-75.0
-127.0
-78.0
-54.0
-95.0
-64.0
-103.0
-67.0
-73.0
-120.0
-63.0
-145.0
-118.0
-109.0
-165.0
-125.0
-117.0
-139.0
-79.0
-133.0
-139.0
-129.0
-176.0
-125.0
-126.0
-165.0
-114.0
-164.0
-135.0
-134.0
-173.0
-154.0
-152.0
-159.0
-93.0
-137.0
-138.0
-134.0
-191.0
-162.0
-156.0
-192.0
-172.0
-227.0
-212.0
-162.0
-186.0
-136.0
-126.0
-145.0
-82.0
-125.0
-122.0
-83.0
-148.0
-118.0
-105.0
-128.0
-98.0
-137.0
-153.0
-145.0
-184.0
-138.0
-155.0
-186.0
-154.0
-188.0
-175.0
-156.0
-206.0
-142.0
-152.0
-189.0
-139.0
-199.0
-192.0
-140.0
-183.0
-107.0
-111.0
-135.0
-58.0
-107.0
-113.0
-70.0
-129.0
-101.0
-127.0
-145.0
-98.0
-147.0
-121.0
-117.0
-157.0
-122.0
-118.0
-148.0
-105.0
-156.0
-172.0
-138.0
-161.0
-144.0
-181.0
-190.0
-160.0
-187.0
-165.0
-121.0
-196.0
-145.0
-139.0
-178.0
-123.0
-168.0
-171.0
-113.0
-119.0
-96.0
-95.0
-150.0
-81.0
-117.0
-95.0
-46.0
-97.0
-67.0
-60.0
-86.0
-60.0
-96.0
-80.0
-58.0
-129.0
-100.0
-84.0
-91.0
-11.0
-39.0
-46.0
11.0
-29.0
24.0
4.0
-25.0
-4.0
-34.0
-52.0
-26.0
-91.0
-55.0
-98.0
-136.0
-77.0
-107.0
-101.0
-102.0
-163.0
-143.0
-122.0
-123.0
-49.0
-93.0
-101.0
-70.0
-147.0
-132.0
-119.0
-147.0
-65.0
-98.0
-79.0
-51.0
-81.0
-56.0
-84.0
-101.0
-62.0
-160.0
-154.0
-102.0
-145.0
-85.0
-102.0
-154.0
-101.0
-162.0
-130.0
-100.0
-125.0
-60.0
-69.0
-75.0
-30.0
-71.0
-45.0
-32.0
-84.0
-51.0
-60.0
-91.0
-60.0
-108.0
-107.0
-64.0
-114.0
-100.0
-117.0
-185.0
-121.0
-142.0
-142.0
-127.0
-186.0
-120.0
-109.0
-160.0
-74.0
-119.0
-111.0
-85.0
-113.0
-95.0
-61.0
-97.0
-66.0
-113.0
-106.0
-70.0
-102.0
-61.0
-74.0
-132.0
-82.0
-152.0
-132.0
-107.0
-160.0
-139.0
-147.0
-183.0
-128.0
-178.0
-199.0
-155.0
-188.0
-142.0
-150.0
-163.0
-131.0
-169.0
-166.0
-93.0
-143.0
-80.0
-87.0
-123.0
-72.0
-109.0
-94.0
-77.0
-127.0
-101.0
-128.0
-142.0
-98.0
-153.0
-132.0
-114.0
-183.0
-130.0
-117.0
-146.0
-89.0
-117.0
-125.0
-97.0
-112.0
-76.0
-98.0
-155.0
-79.0
-119.0
-89.0
-49.0
-100.0
-41.0
-60.0
-55.0
-22.0
-70.0
-64.0
-60.0
-94.0
-52.0
-60.0
-98.0
-72.0
-107.0
-78.0
-51.0
-96.0
-41.0
-59.0
-96.0
-29.0
-58.0
-67.0
-47.0
-83.0
-48.0
-75.0
-143.0
-72.0
-96.0
-100.0
-64.0
-115.0
-47.0
-9.0
-35.0
21.0
-3.0
13.0
48.0
-20.0
21.0
-16.0
-18.0
12.0
-23.0
-18.0
15.0
-39.0
24.0
15.0
-6.0
11.0
-26.0
-59.0
14.0
-16.0
43.0
36.0
-35.0
7.0
-52.0
-65.0
-43.0
-74.0
-43.0
-43.0
-65.0
-15.0
-49.0
-52.0
-7.0
-33.0
-2.0
-4.0
-32.0
7.0
-39.0
-51.0
-30.0
-31.0
-1.0
-1.0
-39.0
44.0
1.0
26.0
65.0
-5.0
8.0
-30.0
-44.0
2.0
-59.0
-31.0
-15.0
-100.0
-44.0
-76.0
-106.0
-92.0
-146.0
-107.0
-97.0
-147.0
-84.0
-106.0
-91.0
-24.0
-61.0
-43.0
13.0
-41.0
21.0
1.0
0.0
54.0
-25.0
-25.0
-24.0
-45.0
-3.0
-14.0
-61.0
-18.0
-102.0
-77.0
-73.0
-98.0
-76.0
-89.0
-116.0
-75.0
-104.0
-76.0
-85.0
-71.0
-52.0
-21.0
-51.0
-1.0
-27.0
-10.0
-7.0
2.0
-8.0
-30.0
-86.0
-57.0
-82.0
-102.0
-65.0
-92.0
-65.0
-92.0
-139.0
-108.0
-165.0
-118.0
-82.0
-131.0
-70.0
-100.0
-91.0
-11.0
-64.0
-72.0
-72.0
-95.0
-54.0
-72.0
-82.0
-37.0
-106.0
-61.0
-42.0
-78.0
-12.0
-34.0
-15.0
27.0
-6.0
27.0
58.0
-22.0
12.0
9.0
-33.0
6.0
-36.0
-24.0
-54.0
-89.0
-81.0
-121.0
-152.0
-96.0
-150.0
-116.0
-64.0
-128.0
-61.0
-21.0
-11.0
74.0
51.0
63.0
115.0
109.0
161.0
186.0
180.0
254.0
224.0
249.0
277.0
240.0
312.0
275.0
263.0
303.0
242.0
299.0
282.0
220.0
233.0
204.0
190.0
215.0
200.0
194.0
227.0
204.0
254.0
246.0
198.0
227.0
200.0
232.0
265.0
210.0
277.0
255.0
244.0
306.0
261.0
273.0
279.0
209.0
281.0
277.0
245.0
305.0
242.0
271.0
284.0
237.0
280.0
292.0
270.0
308.0
230.0
218.0
231.0
139.0
123.0
63.0
34.0
54.0
-20.0
-2.0
3.0
-65.0
-8.0
-118.0
-45.0
-26.0
-54.0
-56.0
-21.0
-47.0
-65.0
-59.0
-73.0
-2.0
-62.0
-71.0
-73.0
-132.0
-100.0
-87.0
-85.0
8.0
-32.0
-26.0
11.0
-62.0
-40.0
-67.0
-98.0
-73.0
-140.0
-124.0
-122.0
-145.0
-98.0
-107.0
-151.0
-99.0
-143.0
-121.0
-112.0
-151.0
-76.0
-118.0
-127.0
-97.0
-149.0
-133.0
-124.0
-176.0
-161.0
-190.0
-204.0
-172.0
-196.0
-188.0
-146.0
-200.0
-148.0
-171.0
-225.0
-164.0
-210.0
-176.0
-166.0
-187.0
-161.0
-157.0
-172.0
-128.0
-170.0
-147.0
-147.0
-178.0
-136.0
-162.0
-180.0
-133.0
-173.0
-166.0
-122.0
-176.0
-142.0
-153.0
-156.0
-130.0
-174.0
-169.0
-164.0
-168.0
-135.0
-145.0
-148.0
-95.0
-150.0
-116.0
-89.0
-121.0
-52.0
-46.0
-88.0
-62.0
-100.0
-97.0
-74.0
-146.0
-103.0
-131.0
-143.0
-116.0
-140.0
-150.0
-117.0
-157.0
-119.0
-147.0
-173.0
-157.0
-211.0
-215.0
-202.0
-243.0
-222.0
-221.0
-259.0
-197.0
-231.0
-169.0
-156.0
-180.0
-149.0
-138.0
-156.0
-128.0
-199.0
-179.0
-168.0
-194.0
-165.0
-156.0
-181.0
-98.0
-147.0
-136.0
-97.0
-127.0
-94.0
-103.0
-107.0
-77.0
-128.0
-111.0
-99.0
-161.0
-119.0
-136.0
-177.0
-121.0
-148.0
-137.0
-118.0
-162.0
-147.0
-155.0
-138.0
-88.0
-162.0
-146.0
-150.0
-150.0
-110.0
-140.0
-156.0
-118.0
-163.0
-177.0
-148.0
-187.0
-143.0
-153.0
-162.0
-113.0
-160.0
-133.0
-119.0
-155.0
-94.0
-100.0
-111.0
-84.0
-133.0
-128.0
-114.0
-161.0
-125.0
-142.0
-115.0
-94.0
-140.0
-119.0
-72.0
-107.0
-86.0
-127.0
-154.0
-64.0
-127.0
-128.0
-98.0
-108.0
-56.0
-82.0
-103.0
-19.0
-42.0
-29.0
-18.0
-89.0
-45.0
-68.0
-104.0
-55.0
-121.0
-126.0
-101.0
-162.0
-106.0
-121.0
-140.0
-84.0
-134.0
-144.0
-103.0
-141.0
-106.0
-127.0
-152.0
-104.0
-131.0
-85.0
-72.0
-117.0
-96.0
-97.0
-124.0
-70.0
-108.0
-73.0
-73.0
-100.0
-57.0
-86.0
-118.0
-72.0
-114.0
-131.0
-93.0
-141.0
-86.0
-116.0
-92.0
-33.0
-81.0
-51.0
-78.0
-131.0
-56.0
-76.0
-71.0
-25.0
-77.0
-46.0
-41.0
-90.0
-14.0
-64.0
-118.0
-63.0
-117.0
-96.0
-57.0
-100.0
-58.0
-87.0
-131.0
-67.0
-99.0
-106.0
-89.0
-139.0
-115.0
-122.0
-88.0
-56.0
-106.0
-78.0
-67.0
-86.0
-24.0
-48.0
-64.0
-32.0
-83.0
-80.0
-43.0
-62.0
-16.0
-64.0
-72.0
-18.0
-67.0
-87.0
-82.0
-143.0
-93.0
-125.0
-148.0
-87.0
-152.0
-148.0
-130.0
-160.0
-97.0
-106.0
-134.0
-84.0
-90.0
-76.0
-89.0
-111.0
-65.0
-77.0
-101.0
-68.0
-105.0
-87.0
-71.0
-110.0
-55.0
-103.0
-115.0
-58.0
-110.0
-80.0
-49.0
-104.0
-51.0
-64.0
-59.0
-30.0
-97.0
-67.0
-25.0
-58.0
-21.0
-50.0
-66.0
-13.0
-44.0
10.0
31.0
-32.0
-5.0
-48.0
-79.0
-20.0
-59.0
-76.0
-46.0
-128.0
-53.0
-42.0
-25.0
34.0
1.0
-3.0
-10.0
-17.0
17.0
-14.0
-13.0
62.0
0.0
13.0
23.0
-50.0
18.0
-16.0
-15.0
-20.0
-80.0
-68.0
-51.0
-93.0
-41.0
-42.0
-54.0
-29.0
-82.0
-74.0
-42.0
-102.0
-40.0
-83.0
-98.0
-43.0
-86.0
-53.0
-28.0
-36.0
26.0
11.0
7.0
32.0
-10.0
11.0
29.0
-5.0
33.0
-8.0
1.0
62.0
12.0
63.0
111.0
111.0
186.0
183.0
203.0
266.0
220.0
231.0
275.0
202.0
241.0
203.0
159.0
150.0
164.0
123.0
96.0
27.0
37.0
6.0
-31.0
-20.0
-148.0
16.0
1.0
-44.0
-3.0
5.0
6.0
40.0
-59.0
-23.0
1.0
-73.0
-50.0
-83.0
-93.0
-30.0
-68.0
-35.0
20.0
-39.0
-4.0
-30.0
-58.0
-18.0
-65.0
-23.0
-1.0
-37.0
-2.0
-63.0
-98.0
-79.0
-155.0
-88.0
-55.0
-79.0
-29.0
-62.0
-62.0
-44.0
-65.0
-52.0
-18.0
-61.0
-31.0
-51.0
-70.0
5.0
-52.0
-52.0
-71.0
-135.0
-73.0
-92.0
-119.0
-77.0
-101.0
-86.0
-70.0
-95.0
-11.0
-50.0
-55.0
5.0
-86.0
-95.0
-76.0
-101.0
-73.0
-96.0
-127.0
-63.0
-118.0
-119.0
-87.0
-110.0
-101.0
-136.0
-149.0
-81.0
-144.0
-119.0
-86.0
-119.0
-63.0
-100.0
-101.0
-21.0
-82.0
-72.0
-91.0
-149.0
-108.0
-139.0
-112.0
-101.0
-157.0
-170.0
-165.0
-234.0
-186.0
-179.0
-201.0
-136.0
-190.0
-151.0
-81.0
-100.0
-75.0
-71.0
-92.0
-22.0
-52.0
-22.0
-7.0
-77.0
-14.0
-26.0
-72.0
-48.0
-88.0
-76.0
-58.0
-122.0
-62.0
-86.0
-99.0
-39.0
-88.0
-76.0
-61.0
-101.0
-58.0
-83.0
-100.0
-60.0
-140.0
-82.0
-67.0
-109.0
-78.0
-113.0
-163.0
-97.0
-182.0
-165.0
-168.0
-205.0
-145.0
-173.0
-176.0
-125.0
-163.0
-135.0
-138.0
-152.0
-121.0
-134.0
-118.0
-82.0
-114.0
-110.0
-89.0
-153.0
-64.0
-75.0
-65.0
-21.0
-92.0
-61.0
-24.0
-95.0
-64.0
-81.0
-115.0
-83.0
-157.0
-159.0
-117.0
-155.0
-118.0
-138.0
-122.0
-88.0
-124.0
-120.0
-120.0
-187.0
-120.0
-128.0
-135.0
-126.0
-161.0
-116.0
-99.0
-120.0
-69.0
-68.0
-107.0
-35.0
-88.0
-87.0
-55.0
-90.0
-39.0
-56.0
-78.0
-20.0
-39.0
-12.0
21.0
-26.0
-26.0
-56.0
-74.0
-26.0
-65.0
-43.0
-52.0
-75.0
-32.0
-48.0
-79.0
-22.0
-62.0
-32.0
-76.0
-47.0
-18.0
-19.0
-53.0
23.0
-27.0
-24.0
9.0
-21.0
43.0
21.0
17.0
56.0
-6.0
-24.0
22.0
-14.0
12.0
-43.0
-61.0
7.0
-52.0
-14.0
-5.0
-38.0
20.0
6.0
20.0
72.0
45.0
52.0
100.0
72.0
89.0
89.0
106.0
152.0
108.0
165.0
181.0
154.0
170.0
148.0
106.0
165.0
46.0
124.0
104.0
53.0
84.0
106.0
93.0
137.0
16.0
122.0
81.0
55.0
96.0
91.0
71.0
67.0
-3.0
-66.0
1.0
-81.0
5.0
-20.0
-78.0
-19.0
-105.0
-79.0
-64.0
-117.0
-69.0
-146.0
-70.0
-41.0
-102.0
-87.0
-54.0
-90.0
-32.0
-4.0
-2.0
62.0
-11.0
21.0
-1.0
-84.0
-8.0
-68.0
-63.0
-9.0
-29.0
-4.0
13.0
-40.0
-16.0
-43.0
-59.0
-44.0
-90.0
-71.0
-40.0
-62.0
-29.0
-34.0
-31.0
5.0
-56.0
-4.0
37.0
-22.0
43.0
6.0
-5.0
45.0
-9.0
2.0
-7.0
-39.0
10.0
7.0
-28.0
4.0
18.0
32.0
72.0
-2.0
10.0
-26.0
-32.0
17.0
-2.0
6.0
7.0
-36.0
12.0
8.0
16.0
78.0
40.0
71.0
72.0
30.0
32.0
27.0
40.0
103.0
56.0
38.0
-20.0
34.0
25.0
62.0
42.0
64.0
-15.0
20.0
17.0
-43.0
-18.0
-37.0
-72.0
-2.0
-45.0
-21.0
7.0
-18.0
50.0
63.0
56.0
86.0
37.0
59.0
70.0
18.0
52.0
21.0
-14.0
3.0
13.0
52.0
26.0
-15.0
51.0
29.0
29.0
31.0
-36.0
-13.0
14.0
-50.0
-11.0
-51.0
-43.0
15.0
-1.0
41.0
80.0
69.0
120.0
100.0
76.0
130.0
78.0
114.0
130.0
90.0
130.0
152.0
110.0
171.0
91.0
77.0
83.0
57.0
110.0
67.0
63.0
71.0
33.0
55.0
48.0
4.0
86.0
78.0
73.0
88.0
39.0
64.0
76.0
44.0
102.0
61.0
71.0
121.0
97.0
112.0
99.0
44.0
101.0
113.0
73.0
119.0
34.0
73.0
61.0
17.0
90.0
96.0
63.0
61.0
21.0
60.0
59.0
7.0
64.0
59.0
51.0
82.0
34.0
58.0
85.0
35.0
87.0
72.0
60.0
123.0
27.0
76.0
76.0
7.0
34.0
30.0
44.0
88.0
35.0
39.0
58.0
-21.0
63.0
24.0
17.0
66.0
35.0
54.0
49.0
18.0
69.0
40.0
76.0
110.0
46.0
71.0
55.0
33.0
64.0
89.0
89.0
107.0
54.0
103.0
97.0
45.0
90.0
82.0
82.0
165.0
102.0
108.0
103.0
49.0
75.0
18.0
21.0
64.0
44.0
72.0
85.0
44.0
67.0
1.0
-18.0
22.0
5.0
55.0
91.0
71.0
109.0
74.0
24.0
48.0
1.0
50.0
65.0
62.0
130.0
121.0
121.0
159.0
115.0
142.0
148.0
99.0
143.0
100.0
115.0
144.0
121.0
176.0
188.0
146.0
207.0
188.0
147.0
160.0
98.0
142.0
161.0
86.0
111.0
81.0
61.0
124.0
101.0
132.0
185.0
127.0
194.0
165.0
150.0
191.0
134.0
181.0
192.0
159.0
184.0
154.0
117.0
169.0
129.0
132.0
142.0
127.0
167.0
153.0
152.0
163.0
91.0
120.0
131.0
97.0
129.0
105.0
72.0
120.0
89.0
105.0
106.0
84.0
155.0
150.0
116.0
170.0
104.0
112.0
97.0
58.0
114.0
115.0
136.0
180.0
98.0
133.0
136.0
101.0
152.0
109.0
111.0
176.0
117.0
127.0
139.0
115.0
159.0
101.0
131.0
162.0
119.0
126.0
140.0
74.0
138.0
110.0
105.0
138.0
74.0
160.0
163.0
103.0
131.0
104.0
110.0
139.0
92.0
107.0
114.0
74.0
114.0
101.0
108.0
140.0
92.0
127.0
146.0
82.0
108.0
92.0
89.0
99.0
54.0
64.0
88.0
32.0
72.0
46.0
60.0
102.0
45.0
78.0
102.0
70.0
110.0
33.0
78.0
85.0
63.0
73.0
102.0
41.0
118.0
103.0
119.0
166.0
110.0
148.0
128.0
89.0
112.0
96.0
31.0
76.0
49.0
56.0
64.0
-5.0
45.0
46.0
1.0
29.0
15.0
24.0
-3.0
-33.0
23.0
5.0
-11.0
56.0
21.0
40.0
18.0
-12.0
19.0
8.0
4.0
39.0
-33.0
16.0
61.0
14.0
37.0
-32.0
-14.0
2.0
-48.0
-17.0
-28.0
-59.0
-7.0
-29.0
-39.0
11.0
-50.0
27.0
39.0
9.0
55.0
22.0
6.0
52.0
22.0
34.0
60.0
-12.0
48.0
52.0
22.0
68.0
-3.0
35.0
42.0
15.0
81.0
46.0
50.0
88.0
36.0
61.0
61.0
29.0
79.0
55.0
46.0
97.0
13.0
39.0
41.0
7.0
46.0
15.0
8.0
74.0
24.0
33.0
18.0
-34.0
12.0
-31.0
-45.0
-40.0
-84.0
-56.0
-50.0
-92.0
-25.0
-52.0
-53.0
-3.0
-24.0
-7.0
8.0
-9.0
80.0
45.0
88.0
128.0
95.0
147.0
167.0
168.0
262.0
260.0
269.0
290.0
270.0
314.0
333.0
297.0
319.0
294.0
266.0
295.0
269.0
302.0
314.0
284.0
309.0
274.0
293.0
329.0
260.0
318.0
328.0
301.0
346.0
297.0
306.0
365.0
350.0
390.0
392.0
369.0
416.0
417.0
421.0
412.0
343.0
335.0
369.0
357.0
371.0
347.0
343.0
382.0
346.0
402.0
419.0
364.0
386.0
360.0
335.0
385.0
343.0
376.0
372.0
332.0
377.0
312.0
295.0
337.0
230.0
255.0
272.0
233.0
253.0
204.0
126.0
239.0
136.0
204.0
165.0
12.0
101.0
67.0
30.0
6.0
93.0
-16.0
65.0
29.0
80.0
32.0
56.0
55.0
-11.0
30.0
19.0
-27.0
25.0
4.0
-24.0
-1.0
-29.0
-56.0
-24.0
-58.0
15.0
-46.0
-70.0
-45.0
-102.0
-64.0
-68.0
-143.0
-55.0
-105.0
-113.0
-84.0
-142.0
-89.0
-81.0
-105.0
-49.0
-87.0
-102.0
-76.0
-118.0
-91.0
-87.0
-97.0
-48.0
-78.0
-114.0
-88.0
-153.0
-129.0
-96.0
-131.0
-77.0
-123.0
-133.0
-82.0
-134.0
-106.0
-102.0
-155.0
-93.0
-120.0
-117.0
-83.0
-131.0
-78.0
-58.0
-99.0
-19.0
-72.0
-76.0
-62.0
-101.0
-91.0
-69.0
-124.0
-73.0
-136.0
-126.0
-90.0
-155.0
-118.0
-110.0
-135.0
-81.0
-102.0
-95.0
-43.0
-86.0
-64.0
-84.0
-147.0
-109.0
-131.0
-153.0
-127.0
-161.0
-128.0
-133.0
-167.0
-77.0
-100.0
-130.0
-103.0
-125.0
-88.0
-116.0
-166.0
-91.0
-69.0
-93.0
-61.0
-111.0
-62.0
-37.0
-78.0
-63.0
-77.0
-114.0
-89.0
-128.0
-106.0
-67.0
-116.0
-42.0
-99.0
-103.0
-33.0
-74.0
-49.0
-29.0
-84.0
-54.0
-113.0
-106.0
-34.0
-75.0
-39.0
-35.0
-82.0
-42.0
-68.0
-115.0
-77.0
-74.0
-20.0
-11.0
-39.0
51.0
42.0
76.0
106.0
78.0
127.0
154.0
164.0
206.0
171.0
173.0
205.0
179.0
220.0
239.0
206.0
254.0
204.0
195.0
194.0
148.0
186.0
164.0
82.0
127.0
70.0
64.0
97.0
72.0
101.0
99.0
91.0
137.0
148.0
178.0
216.0
162.0
181.0
214.0
182.0
203.0
194.0
190.0
219.0
161.0
176.0
184.0
118.0
86.0
122.0
40.0
64.0
-22.0
8.0
79.0
-50.0
-46.0
-12.0
-26.0
78.0
-35.0
-35.0
-3.0
-65.0
-144.0
-49.0
-100.0
-131.0
-36.0
-69.0
-102.0
-151.0
-119.0
-121.0
-154.0
-130.0
-222.0
-119.0
-128.0
-172.0
-175.0
-184.0
-149.0
-121.0
-167.0
-205.0
-107.0
-214.0
-152.0
-182.0
-168.0
-118.0
-187.0
-170.0
-183.0
-205.0
-139.0
-183.0
-194.0
-149.0
-212.0
-162.0
-179.0
-192.0
-165.0
-218.0
-205.0
-157.0
-197.0
-184.0
-182.0
-222.0
-169.0
-219.0
-228.0
-174.0
-241.0
-210.0
-234.0
-233.0
-182.0
-199.0
-188.0
-157.0
-198.0
-164.0
-143.0
-164.0
-85.0
-120.0
-99.0
-58.0
-80.0
-86.0
-51.0
-72.0
-43.0
-83.0
-95.0
-45.0
-95.0
-70.0
-67.0
-102.0
-77.0
-90.0
-122.0
-72.0
-120.0
-64.0
-48.0
-106.0
-85.0
-145.0
-157.0
-136.0
-164.0
-92.0
-93.0
-144.0
-115.0
-166.0
-132.0
-99.0
-136.0
-97.0
-78.0
-121.0
-82.0
-96.0
-64.0
-6.0
-35.0
-3.0
-17.0
-41.0
11.0
-12.0
-49.0
-31.0
-84.0
-62.0
-91.0
-120.0
-64.0
-89.0
-120.0
-73.0
-128.0
-78.0
-43.0
-90.0
-22.0
-43.0
-51.0
-14.0
-22.0
-12.0
5.0
-33.0
8.0
-41.0
-27.0
12.0
-93.0
-94.0
-133.0
-169.0
-84.0
-125.0
-144.0
-101.0
-134.0
-101.0
-76.0
-123.0
-77.0
-115.0
-42.0
-10.0
-40.0
-17.0
-17.0
-51.0
-34.0
-79.0
-74.0
-14.0
-58.0
-44.0
-27.0
-58.0
-6.0
-58.0
-88.0
-59.0
-109.0
-95.0
-100.0
-139.0
-84.0
-110.0
-119.0
-67.0
-112.0
-95.0
-99.0
-127.0
-105.0
-123.0
-113.0
-69.0
-125.0
-79.0
-98.0
-133.0
-68.0
-92.0
-89.0
-68.0
-122.0
-114.0
-118.0
-137.0
-87.0
-111.0
-97.0
-49.0
-100.0
-39.0
-21.0
-22.0
58.0
28.0
65.0
93.0
67.0
108.0
110.0
96.0
145.0
119.0
136.0
163.0
93.0
97.0
106.0
48.0
98.0
66.0
56.0
67.0
12.0
-16.0
64.0
-15.0
12.0
-67.0
-41.0
-69.0
-147.0
-43.0
-44.0
-78.0
-54.0
-50.0
-39.0
-70.0
-97.0
-59.0
-27.0
-123.0
-4.0
-59.0
-49.0
-31.0
-49.0
-34.0
-15.0
-47.0
1.0
-25.0
-17.0
-27.0
-102.0
-76.0
-107.0
-154.0
-88.0
-105.0
-95.0
-71.0
-121.0
-56.0
-53.0
-82.0
-48.0
-77.0
-77.0
-31.0
-67.0
-29.0
-24.0
-70.0
-54.0
-69.0
-96.0
-28.0
-99.0
-60.0
-91.0
-92.0
-64.0
-137.0
-133.0
-91.0
-122.0
-79.0
-70.0
-63.0
-48.0
-108.0
-136.0
7.0
-46.0
16.0
7.0
-32.0
20.0
-11.0
-20.0
13.0
-65.0
-28.0
-71.0
-2.0
14.0
-48.0
-41.0
-20.0
-76.0
-27.0
-12.0
-39.0
-17.0
-29.0
-26.0
17.0
-24.0
39.0
27.0
-15.0
32.0
-32.0
12.0
26.0
-11.0
4.0
3.0
-46.0
-8.0
-60.0
-48.0
-20.0
-50.0
-7.0
-32.0
-74.0
-36.0
-44.0
-45.0
-3.0
-40.0
-3.0
-17.0
-31.0
26.0
-31.0
-10.0
3.0
-41.0
-1.0
-1.0
-33.0
24.0
3.0
27.0
80.0
20.0
73.0
46.0
32.0
57.0
32.0
54.0
88.0
31.0
40.0
-12.0
-50.0
8.0
-25.0
-27.0
8.0
-24.0
12.0
18.0
-25.0
-6.0
-46.0
-20.0
45.0
18.0
35.0
33.0
-13.0
37.0
5.0
58.0
101.0
45.0
66.0
52.0
2.0
12.0
-12.0
0.0
25.0
-29.0
12.0
-2.0
-35.0
37.0
10.0
-1.0
16.0
-8.0
21.0
11.0
-5.0
52.0
7.0
-6.0
37.0
-41.0
-18.0
-43.0
-68.0
-7.0
-66.0
-72.0
-29.0
-66.0
-21.0
-26.0
-23.0
32.0
20.0
31.0
74.0
52.0
78.0
67.0
39.0
81.0
59.0
61.0
99.0
53.0
87.0
56.0
-3.0
60.0
16.0
31.0
53.0
25.0
60.0
55.0
23.0
73.0
30.0
50.0
64.0
-5.0
40.0
21.0
0.0
53.0
30.0
-11.0
19.0
-20.0
22.0
-2.0
4.0
22.0
-16.0
-11.0
40.0
8.0
51.0
12.0
-39.0
-8.0
-41.0
-28.0
10.0
-7.0
48.0
66.0
40.0
78.0
62.0
53.0
60.0
4.0
53.0
42.0
7.0
29.0
-3.0
6.0
39.0
-4.0
30.0
-11.0
-63.0
-10.0
-54.0
-51.0
-35.0
-82.0
-37.0
-2.0
-5.0
73.0
37.0
72.0
118.0
74.0
113.0
111.0
99.0
152.0
96.0
76.0
66.0
15.0
43.0
56.0
39.0
104.0
42.0
40.0
64.0
28.0
75.0
78.0
45.0
76.0
30.0
6.0
20.0
-16.0
47.0
51.0
37.0
59.0
-6.0
61.0
87.0
48.0
79.0
73.0
43.0
116.0
86.0
98.0
101.0
43.0
90.0
48.0
25.0
100.0
53.0
39.0
77.0
36.0
117.0
97.0
54.0
106.0
67.0
78.0
88.0
30.0
78.0
69.0
32.0
91.0
55.0
52.0
70.0
2.0
29.0
7.0
-6.0
27.0
-33.0
23.0
41.0
-3.0
68.0
84.0
58.0
83.0
43.0
58.0
110.0
48.0
84.0
78.0
55.0
99.0
39.0
21.0
55.0
11.0
55.0
57.0
25.0
92.0
73.0
124.0
139.0
115.0
173.0
184.0
192.0
269.0
242.0
275.0
343.0
328.0
381.0
363.0
317.0
350.0
306.0
285.0
317.0
276.0
309.0
332.0
328.0
373.0
345.0
376.0
383.0
325.0
348.0
323.0
304.0
325.0
334.0
338.0
362.0
334.0
398.0
351.0
321.0
393.0
340.0
375.0
408.0
337.0
371.0
372.0
341.0
405.0
359.0
357.0
384.0
374.0
404.0
382.0
340.0
362.0
271.0
332.0
321.0
289.0
320.0
316.0
278.0
347.0
260.0
261.0
202.0
137.0
109.0
152.0
80.0
137.0
80.0
-30.0
130.0
59.0
78.0
118.0
45.0
62.0
3.0
16.0
44.0
24.0
82.0
40.0
1.0
56.0
27.0
29.0
57.0
2.0
40.0
6.0
-2.0
51.0
1.0
7.0
12.0
-25.0
-4.0
-54.0
-65.0
-13.0
-75.0
-69.0
-49.0
-86.0
-57.0
-65.0
-59.0
-23.0
-67.0
-82.0
-45.0
-86.0
-23.0
-24.0
-22.0
4.0
-57.0
-34.0
-2.0
-22.0
5.0
-11.0
-31.0
12.0
-39.0
-30.0
-10.0
-46.0
-20.0
-56.0
-74.0
-6.0
-35.0
-21.0
-33.0
-73.0
-25.0
-49.0
-77.0
-61.0
-107.0
-79.0
-52.0
-92.0
-64.0
-107.0
-136.0
-84.0
-164.0
-74.0
-47.0
-87.0
-49.0
-71.0
-74.0
-55.0
-42.0
-18.0
-36.0
-69.0
-44.0
-51.0
-69.0
-22.0
-73.0
-83.0
-74.0
-107.0
-105.0
-98.0
-108.0
-60.0
-99.0
-69.0
-40.0
-99.0
-35.0
-84.0
-148.0
-4.0
-65.0
-60.0
-32.0
-77.0
-24.0
-54.0
-90.0
-43.0
-91.0
-61.0
-93.0
-126.0
-61.0
-74.0
-88.0
-35.0
-102.0
-87.0
-59.0
-90.0
-55.0
-80.0
-112.0
-69.0
-115.0
-117.0
-83.0
-134.0
-68.0
-69.0
-81.0
-44.0
-115.0
-41.0
-62.0
-97.0
-43.0
-48.0
-81.0
-9.0
-98.0
-60.0
-41.0
-88.0
-44.0
-66.0
-73.0
-54.0
-97.0
-65.0
-44.0
-78.0
-15.0
3.0
-27.0
-11.0
-19.0
-32.0
-6.0
-54.0
-26.0
-13.0
-41.0
18.0
-48.0
10.0
42.0
2.0
32.0
15.0
-79.0
107.0
-23.0
-57.0
32.0
-21.0
-34.0
66.0
37.0
97.0
-6.0
-53.0
-11.0
-40.0
4.0
-29.0
-81.0
-56.0
-109.0
-105.0
-126.0
-154.0
-112.0
-102.0
-125.0
-71.0
-126.0
-91.0
-113.0
-60.0
-43.0
-36.0
-52.0
-21.0
-37.0
-26.0
-31.0
-45.0
-41.0
-45.0
-67.0
-80.0
-48.0
-31.0
-73.0
-76.0
-37.0
-51.0
-78.0
-45.0
-95.0
-109.0
-64.0
-66.0
-47.0
-63.0
-105.0
-41.0
-80.0
-78.0
-58.0
-118.0
-58.0
-79.0
-61.0
-39.0
-86.0
-62.0
-77.0
-130.0
-80.0
-98.0
-122.0
-78.0
-102.0
-104.0
-88.0
-153.0
-100.0
-114.0
-120.0
-71.0
-153.0
-111.0
-74.0
-100.0
-49.0
-46.0
-70.0
11.0
-44.0
-22.0
-19.0
-74.0
-53.0
-73.0
-73.0
-60.0
-107.0
-117.0
-76.0
-102.0
-58.0
-43.0
-59.0
-1.0
-40.0
-19.0
-7.0
-61.0
-54.0
-60.0
-34.0
25.0
-8.0
1.0
20.0
-48.0
-13.0
1.0
-8.0
43.0
14.0
26.0
32.0
-45.0
1.0
-13.0
-32.0
10.0
-28.0
-40.0
-18.0
-69.0
-14.0
9.0
4.0
36.0
30.0
39.0
63.0
43.0
113.0
106.0
116.0
158.0
133.0
141.0
173.0
136.0
164.0
155.0
161.0
202.0
165.0
189.0
204.0
152.0
212.0
190.0
171.0
219.0
198.0
213.0
228.0
199.0
233.0
198.0
205.0
266.0
237.0
281.0
284.0
261.0
281.0
263.0
230.0
263.0
205.0
203.0
201.0
159.0
217.0
213.0
195.0
257.0
170.0
162.0
168.0
121.0
176.0
162.0
139.0
216.0
157.0
170.0
125.0
53.0
143.0
82.0
-60.0
18.0
-60.0
-62.0
-48.0
-143.0
-178.0
-216.0
-289.0
-146.0
-224.0
-223.0
-89.0
-269.0
-144.0
-319.0
-128.0
-79.0
-114.0
-155.0
-93.0
-216.0
-183.0
-278.0
-263.0
-224.0
-254.0
-272.0
-229.0
-310.0
-288.0
-322.0
-349.0
-227.0
-318.0
-284.0
-273.0
-317.0
-272.0
-308.0
-243.0
-248.0
-311.0
-294.0
-281.0
-311.0
-276.0
-281.0
-360.0
-272.0
-370.0
-308.0
-282.0
-284.0
-218.0
-273.0
-233.0
-214.0
-286.0
-262.0
-296.0
-285.0
-272.0
-295.0
-331.0
-310.0
-355.0
-331.0
-291.0
-300.0
-261.0
-281.0
-280.0
-201.0
-256.0
-210.0
-202.0
-262.0
-222.0
-223.0
-226.0
-206.0
-254.0
-251.0
-244.0
-272.0
-211.0
-262.0
-287.0
-229.0
-270.0
-222.0
-224.0
-290.0
-208.0
-253.0
-243.0
-209.0
-254.0
-214.0
-203.0
-244.0
-213.0
-240.0
-277.0
-239.0
-273.0
-242.0
-237.0
-266.0
-242.0
-238.0
-231.0
-182.0
-224.0
-239.0
-204.0
-225.0
-252.0
-192.0
-248.0
-194.0
-215.0
-196.0
-209.0
-268.0
-191.0
-205.0
-223.0
-176.0
-211.0
-186.0
-216.0
-250.0
-220.0
-250.0
-260.0
-228.0
-249.0
-190.0
-185.0
-192.0
-148.0
-137.0
-157.0
-140.0
-205.0
-159.0
-251.0
-156.0
-149.0
-184.0
-203.0
-163.0
-188.0
-196.0
-214.0
-223.0
-195.0
-206.0
-229.0
-212.0
-248.0
-194.0
-195.0
-235.0
-193.0
-214.0
-235.0
-168.0
-206.0
-187.0
-168.0
-251.0
-195.0
-217.0
-240.0
-196.0
-222.0
-211.0
-205.0
-258.0
-186.0
-220.0
-232.0
-210.0
-254.0
-201.0
-180.0
-203.0
-153.0
-174.0
-173.0
-126.0
-144.0
-101.0
-80.0
-117.0
-76.0
-98.0
-140.0
-130.0
-186.0
-143.0
-138.0
-165.0
-114.0
-108.0
-91.0
-40.0
-44.0
-17.0
27.0
13.0
83.0
42.0
1.0
22.0
-13.0
14.0
2.0
-67.0
-50.0
-77.0
-93.0
-63.0
-168.0
-125.0
-122.0
-180.0
-161.0
-163.0
-188.0
-159.0
-212.0
-184.0
-125.0
-159.0
-127.0
-128.0
-162.0
-133.0
-173.0
-121.0
-135.0
-205.0
-182.0
-244.0
-254.0
-201.0
-226.0
-190.0
-176.0
-222.0
-185.0
-213.0
-226.0
-154.0
-202.0
-126.0
-146.0
-198.0
-125.0
-136.0
-155.0
-140.0
-213.0
-201.0
-214.0
-250.0
-217.0
-195.0
-181.0
-157.0
-208.0
-205.0
-197.0
-249.0
-178.0
-190.0
-221.0
-176.0
-209.0
-190.0
-210.0
-247.0
-211.0
-239.0
-235.0
-156.0
-192.0
-147.0
-143.0
-202.0
-130.0
-154.0
-178.0
-127.0
-158.0
-155.0
-131.0
-183.0
-129.0
-143.0
-169.0
-155.0
-201.0
-167.0
-152.0
-181.0
-136.0
-157.0
-149.0
-123.0
-169.0
-159.0
-113.0
-141.0
-90.0
-87.0
-108.0
-85.0
-100.0
-56.0
-56.0
-87.0
-51.0
-107.0
-121.0
-102.0
-156.0
-137.0
-137.0
-159.0
-111.0
-144.0
-163.0
-98.0
-133.0
-86.0
-99.0
-124.0
-108.0
-125.0
-115.0
-88.0
-122.0
-85.0
-92.0
-129.0
-98.0
-133.0
-147.0
-60.0
-115.0
-105.0
-85.0
-124.0
-76.0
-83.0
-64.0
-20.0
-86.0
-75.0
-61.0
-97.0
-60.0
-67.0
-94.0
-37.0
-92.0
-68.0
-84.0
-146.0
-90.0
-129.0
-131.0
-111.0
-140.0
-100.0
-81.0
-96.0
-13.0
-49.0
-65.0
-32.0
-92.0
-58.0
-46.0
-77.0
-25.0
-61.0
-48.0
-26.0
-120.0
-78.0
-24.0
-46.0
15.0
-13.0
-55.0
-55.0
-137.0
-148.0
-138.0
-195.0
-142.0
-156.0
-162.0
-115.0
-187.0
-169.0
-129.0
-174.0
-102.0
-118.0
-127.0
-67.0
-116.0
-63.0
-60.0
-86.0
-16.0
-70.0
-78.0
-21.0
-74.0
-65.0
-79.0
-156.0
-127.0
-165.0
-188.0
-169.0
-207.0
-171.0
-169.0
-202.0
-148.0
-180.0
-185.0
-115.0
-156.0
-112.0
-105.0
-147.0
-101.0
-128.0
-120.0
-90.0
-119.0
-79.0
-53.0
-71.0
-42.0
-70.0
-69.0
-43.0
-127.0
-86.0
-114.0
-181.0
-144.0
-177.0
-178.0
-121.0
-194.0
-171.0
-174.0
-182.0
-107.0
-110.0
-97.0
-59.0
-88.0
-51.0
-31.0
-83.0
-35.0
-51.0
-87.0
-57.0
-116.0
-104.0
-110.0
-128.0
-107.0
-129.0
-126.0
-108.0
-163.0
-126.0
-120.0
-137.0
-93.0
-82.0
-92.0
-47.0
-87.0
-51.0
-61.0
-61.0
-13.0
-17.0
-63.0
-13.0
-71.0
-67.0
-33.0
-107.0
-65.0
-102.0
-121.0
-76.0
-132.0
-117.0
-102.0
-135.0
-106.0
-142.0
-131.0
-119.0
-171.0
-146.0
-136.0
-174.0
-90.0
-110.0
-126.0
-102.0
-147.0
-77.0
-79.0
-96.0
-76.0
-108.0
-107.0
-72.0
-108.0
-68.0
-99.0
-146.0
-119.0
-142.0
-157.0
-126.0
-159.0
-123.0
-108.0
-123.0
-48.0
-95.0
-75.0
-30.0
-49.0
-42.0
-33.0
-69.0
-13.0
-23.0
-37.0
-15.0
-53.0
-33.0
5.0
-54.0
-30.0
-84.0
-88.0
-37.0
-97.0
-61.0
-76.0
-83.0
-54.0
-76.0
-54.0
-32.0
-115.0
-83.0
-63.0
-143.0
-129.0
-156.0
-213.0
-169.0
-205.0
-144.0
-107.0
-128.0
-84.0
-134.0
-103.0
-52.0
-103.0
-74.0
-55.0
-114.0
-48.0
-116.0
-125.0
-108.0
-158.0
-115.0
-84.0
-87.0
-43.0
-105.0
-131.0
-77.0
-138.0
-125.0
-86.0
-118.0
-71.0
-100.0
-97.0
-59.0
-105.0
-84.0
-91.0
-127.0
-131.0
-129.0
-115.0
-70.0
-133.0
-97.0
-115.0
-152.0
-132.0
-164.0
-186.0
-135.0
-152.0
-110.0
-106.0
-151.0
-93.0
-88.0
-91.0
-37.0
-89.0
-79.0
-54.0
-87.0
-40.0
-61.0
-53.0
-35.0
-119.0
-113.0
-108.0
-159.0
-97.0
-127.0
-109.0
-83.0
-117.0
-86.0
-64.0
-99.0
-57.0
-100.0
-94.0
-48.0
-57.0
-41.0
-34.0
-69.0
7.0
-37.0
-34.0
-16.0
-67.0
-26.0
-36.0
-79.0
-50.0
-42.0
-45.0
-10.0
-55.0
-58.0
-69.0
-105.0
-53.0
-74.0
-84.0
-35.0
-60.0
-35.0
-5.0
-49.0
-9.0
-27.0
-33.0
6.0
-48.0
-1.0
5.0
-11.0
42.0
24.0
30.0
51.0
-7.0
21.0
21.0
-6.0
65.0
17.0
28.0
48.0
-4.0
10.0
16.0
6.0
41.0
-16.0
-41.0
6.0
-23.0
-25.0
-17.0
-56.0
-3.0
-46.0
-48.0
6.0
-31.0
-11.0
4.0
-26.0
33.0
-22.0
-15.0
11.0
-34.0
6.0
-20.0
-49.0
16.0
-20.0
-31.0
8.0
-38.0
-3.0
2.0
-32.0
26.0
0.0
-8.0
56.0
28.0
65.0
71.0
44.0
100.0
52.0
53.0
58.0
63.0
66.0
109.0
36.0
80.0
30.0
-2.0
37.0
-23.0
27.0
40.0
-11.0
31.0
-22.0
-7.0
37.0
-34.0
-5.0
3.0
-34.0
24.0
34.0
17.0
32.0
-3.0
10.0
22.0
4.0
71.0
26.0
14.0
25.0
-29.0
-15.0
12.0
-63.0
-16.0
-43.0
-55.0
-7.0
-56.0
-30.0
-22.0
-79.0
-29.0
-56.0
-19.0
13.0
-42.0
-21.0
-19.0
-37.0
-14.0
-43.0
-23.0
-13.0
-53.0
2.0
4.0
-45.0
-16.0
-45.0
-67.0
-42.0
-87.0
-21.0
-22.0
-64.0
-36.0
-65.0
-79.0
-55.0
-92.0
-30.0
-58.0
-75.0
-6.0
-9.0
-2.0
17.0
-48.0
-20.0
-10.0
-25.0
44.0
-1.0
-5.0
41.0
-22.0
1.0
15.0
-8.0
40.0
-26.0
-49.0
-34.0
-45.0
-20.0
-17.0
-75.0
-16.0
-39.0
-17.0
8.0
-59.0
-40.0
-24.0
-44.0
1.0
-51.0
-33.0
-5.0
-45.0
28.0
32.0
-15.0
-8.0
-14.0
-13.0
2.0
-73.0
-75.0
-71.0
-88.0
-24.0
-71.0
-14.0
19.0
-15.0
23.0
15.0
12.0
52.0
17.0
30.0
70.0
12.0
42.0
44.0
-8.0
37.0
-7.0
11.0
-15.0
-61.0
-11.0
8.0
-28.0
17.0
-13.0
-6.0
23.0
-32.0
-6.0
4.0
-40.0
6.0
-21.0
-21.0
3.0
-51.0
10.0
14.0
0.0
36.0
34.0
11.0
44.0
-2.0
18.0
12.0
-27.0
3.0
-36.0
-17.0
29.0
-11.0
51.0
79.0
48.0
86.0
24.0
21.0
26.0
-1.0
20.0
6.0
-13.0
61.0
6.0
-18.0
33.0
-20.0
20.0
29.0
-27.0
45.0
25.0
42.0
87.0
60.0
117.0
129.0
93.0
134.0
70.0
63.0
109.0
11.0
81.0
68.0
29.0
69.0
32.0
39.0
60.0
19.0
41.0
23.0
23.0
66.0
25.0
23.0
53.0
-25.0
7.0
24.0
-14.0
62.0
48.0
37.0
52.0
-16.0
2.0
7.0
-36.0
-15.0
-31.0
-8.0
49.0
30.0
59.0
48.0
17.0
88.0
61.0
52.0
73.0
14.0
23.0
13.0
-14.0
27.0
7.0
14.0
49.0
-18.0
30.0
18.0
-9.0
52.0
12.0
18.0
48.0
4.0
37.0
22.0
-10.0
7.0
-3.0
7.0
8.0
-64.0
-23.0
-39.0
-41.0
-12.0
-45.0
-62.0
-23.0
-59.0
-11.0
-41.0
-73.0
-33.0
-100.0
-75.0
-53.0
-106.0
-49.0
-55.0
-96.0
-35.0
-66.0
-45.0
-20.0
-89.0
-22.0
-15.0
-34.0
-1.0
-50.0
-52.0
-24.0
-63.0
-18.0
-7.0
-27.0
18.0
-6.0
13.0
54.0
8.0
20.0
37.0
14.0
61.0
-7.0
16.0
31.0
-31.0
-6.0
-17.0
-47.0
5.0
-49.0
-23.0
-13.0
-63.0
-84.0
-68.0
-106.0
-58.0
-83.0
-72.0
-63.0
-102.0
-74.0
-63.0
-72.0
-27.0
-51.0
-45.0
2.0
-51.0
-3.0
2.0
-32.0
-5.0
-52.0
-25.0
42.0
-23.0
-1.0
-30.0
-82.0
-56.0
-88.0
-105.0
-69.0
-121.0
-79.0
-89.0
-98.0
-37.0
-81.0
-33.0
13.0
-24.0
14.0
-3.0
-31.0
35.0
-4.0
5.0
29.0
-19.0
6.0
-8.0
-51.0
-18.0
-24.0
-12.0
-8.0
-62.0
-40.0
-50.0
-79.0
-37.0
-103.0
-95.0
-65.0
-115.0
-68.0
-102.0
-131.0
-84.0
-132.0
-111.0
-78.0
-108.0
-72.0
-67.0
-85.0
-6.0
-31.0
12.0
43.0
-39.0
-24.0
-17.0
-22.0
5.0
-38.0
-49.0
-7.0
-79.0
-9.0
-48.0
-21.0
14.0
-25.0
-40.0
11.0
-34.0
20.0
10.0
-25.0
0.0
-58.0
-37.0
-31.0
-90.0
-39.0
-67.0
-85.0
-40.0
-64.0
-43.0
-6.0
-56.0
-42.0
-45.0
-68.0
21.0
7.0
11.0
17.0
-31.0
-22.0
-11.0
-44.0
-18.0
-57.0
-26.0
-11.0
-57.0
-10.0
-2.0
-3.0
43.0
0.0
13.0
44.0
7.0
34.0
43.0
-3.0
29.0
-10.0
-32.0
-1.0
-32.0
21.0
26.0
18.0
81.0
39.0
80.0
143.0
138.0
222.0
219.0
174.0
246.0
187.0
202.0
221.0
182.0
212.0
233.0
171.0
206.0
172.0
175.0
197.0
177.0
223.0
202.0
203.0
280.0
266.0
282.0
315.0
247.0
289.0
300.0
257.0
310.0
330.0
329.0
363.0
341.0
407.0
396.0
388.0
413.0
384.0
420.0
421.0
358.0
370.0
332.0
271.0
302.0
248.0
249.0
260.0
200.0
197.0
160.0
107.0
161.0
117.0
65.0
43.0
13.0
34.0
42.0
10.0
87.0
61.0
44.0
65.0
3.0
1.0
-17.0
-67.0
-33.0
-83.0
-92.0
-81.0
-139.0
-70.0
-65.0
-92.0
-46.0
-101.0
-101.0
-68.0
-110.0
-53.0
-63.0
-63.0
-27.0
-58.0
-33.0
10.0
-29.0
3.0
-36.0
-78.0
-30.0
-78.0
-49.0
-16.0
-92.0
-60.0
-92.0
-115.0
-61.0
-93.0
-94.0
-59.0
-139.0
-70.0
-76.0
-80.0
-8.0
-63.0
-37.0
-36.0
-60.0
-18.0
0.0
-36.0
-11.0
-37.0
-21.0
23.0
-1.0
28.0
-14.0
-34.0
-5.0
-62.0
-65.0
-62.0
-93.0
-48.0
-60.0
-87.0
-35.0
-88.0
-100.0
-44.0
-84.0
-4.0
7.0
-34.0
17.0
-52.0
-43.0
0.0
-25.0
13.0
-30.0
-70.0
-36.0
-114.0
-102.0
-79.0
-101.0
-62.0
-85.0
-134.0
-101.0
-126.0
-120.0
-90.0
-97.0
-77.0
-54.0
-49.0
12.0
-6.0
27.0
82.0
36.0
106.0
99.0
102.0
153.0
121.0
143.0
193.0
136.0
213.0
208.0
194.0
274.0
245.0
227.0
236.0
190.0
242.0
238.0
234.0
294.0
252.0
280.0
301.0
248.0
295.0
312.0
304.0
346.0
308.0
323.0
341.0
306.0
362.0
359.0
383.0
419.0
359.0
382.0
412.0
351.0
396.0
369.0
316.0
367.0
330.0
327.0
333.0
273.0
299.0
271.0
306.0
361.0
308.0
276.0
254.0
155.0
201.0
197.0
171.0
234.0
168.0
139.0
116.0
64.0
73.0
64.0
8.0
39.0
-93.0
-7.0
-17.0
-35.0
-12.0
-56.0
-36.0
-43.0
-136.0
-153.0
-127.0
-154.0
-121.0
-118.0
-193.0
-271.0
-174.0
-212.0
-155.0
-215.0
-176.0
-191.0
-199.0
-137.0
-144.0
-122.0
-103.0
-110.0
-16.0
-65.0
-93.0
-69.0
-130.0
-125.0
-97.0
-175.0
-156.0
-181.0
-250.0
-175.0
-213.0
-202.0
-150.0
-205.0
-157.0
-213.0
-131.0
-150.0
-187.0
-200.0
-159.0
-202.0
-140.0
-170.0
-205.0
-122.0
-178.0
-185.0
-149.0
-199.0
-138.0
-137.0
-166.0
-141.0
-176.0
-229.0
-175.0
-192.0
-111.0
-170.0
-234.0
-198.0
-260.0
-220.0
-184.0
-223.0
-183.0
-177.0
-157.0
-88.0
-135.0
-120.0
-97.0
-148.0
-78.0
-64.0
-93.0
-44.0
-108.0
-83.0
-51.0
-131.0
-122.0
-120.0
-185.0
-159.0
-216.0
-168.0
-130.0
-206.0
-138.0
-162.0
-183.0
-152.0
-195.0
-186.0
-159.0
-184.0
-156.0
-162.0
-159.0
-171.0
-108.0
-120.0
-90.0
-126.0
-64.0
-77.0
-128.0
-82.0
-131.0
-122.0
-98.0
-136.0
-81.0
-142.0
-132.0
-82.0
-114.0
-101.0
-91.0
-132.0
-103.0
-90.0
-109.0
-69.0
-119.0
-79.0
-73.0
-145.0
-120.0
-140.0
-184.0
-164.0
-215.0
-214.0
-202.0
-249.0
-210.0
-227.0
-237.0
-196.0
-245.0
-210.0
-168.0
-222.0
-171.0
-172.0
-173.0
-95.0
-125.0
-108.0
-43.0
-112.0
-94.0
-60.0
-91.0
-58.0
-106.0
-101.0
-58.0
-132.0
-66.0
-88.0
-133.0
-70.0
-96.0
-81.0
-59.0
-130.0
-59.0
-91.0
-125.0
-71.0
-125.0
-124.0
-91.0
-122.0
-97.0
-110.0
-121.0
-69.0
-124.0
-96.0
-80.0
-133.0
-126.0
-128.0
-189.0
-117.0
-158.0
-155.0
-142.0
-179.0
-131.0
-155.0
-165.0
-123.0
-157.0
-138.0
-139.0
-193.0
-150.0
-193.0
-206.0
-152.0
-192.0
-162.0
-129.0
-161.0
-107.0
-96.0
-131.0
-93.0
-86.0
-76.0
-49.0
-102.0
-35.0
-49.0
-61.0
3.0
-60.0
-36.0
-32.0
-92.0
-30.0
-59.0
-18.0
6.0
-36.0
-11.0
27.0
-56.0
-3.0
-31.0
-57.0
-10.0
-34.0
-55.0
-54.0
-121.0
-65.0
-69.0
-110.0
-37.0
-68.0
-60.0
-29.0
-84.0
-6.0
-18.0
-53.0
22.0
-41.0
-12.0
4.0
-32.0
16.0
3.0
-11.0
37.0
-3.0
-13.0
-17.0
-78.0
-64.0
-37.0
-96.0
-32.0
-103.0
-95.0
-54.0
-100.0
-62.0
-60.0
-108.0
-70.0
-89.0
-71.0
-38.0
-67.0
-27.0
-80.0
-112.0
-82.0
-137.0
-96.0
-77.0
-129.0
-96.0
-93.0
-115.0
-62.0
-82.0
-79.0
-31.0
-91.0
-71.0
-84.0
-82.0
14.0
-23.0
-62.0
-34.0
-111.0
-90.0
-93.0
-111.0
-56.0
-86.0
-67.0
-37.0
-96.0
-52.0
-63.0
-72.0
-14.0
-61.0
-23.0
-24.0
-65.0
-43.0
-43.0
-99.0
-70.0
-80.0
-82.0
-64.0
-137.0
-62.0
-100.0
-116.0
-56.0
-106.0
-60.0
-43.0
-64.0
6.0
26.0
-8.0
50.0
15.0
41.0
73.0
2.0
25.0
15.0
-12.0
19.0
-34.0
-30.0
-15.0
-75.0
-39.0
-83.0
-94.0
-35.0
-80.0
-77.0
-62.0
-66.0
11.0
-32.0
-32.0
52.0
1.0
10.0
40.0
-42.0
-20.0
-65.0
-54.0
-4.0
-101.0
-60.0
-10.0
-50.0
-11.0
-14.0
-5.0
74.0
22.0
29.0
28.0
-34.0
17.0
-30.0
-44.0
17.0
13.0
-24.0
6.0
4.0
17.0
23.0
17.0
50.0
10.0
16.0
35.0
-2.0
41.0
3.0
-10.0
21.0
-3.0
11.0
16.0
-22.0
8.0
-19.0
-41.0
-3.0
-87.0
-41.0
-13.0
-71.0
-46.0
-63.0
-107.0
-27.0
-67.0
-27.0
7.0
-52.0
-20.0
-68.0
-79.0
-15.0
-37.0
-5.0
14.0
-41.0
44.0
7.0
2.0
1.0
4.0
16.0
21.0
-39.0
13.0
-27.0
-49.0
15.0
-25.0
24.0
-4.0
-64.0
3.0
-8.0
-9.0
-2.0
-63.0
-45.0
-30.0
-78.0
-64.0
-62.0
-64.0
-27.0
-50.0
29.0
86.0
48.0
93.0
72.0
70.0
160.0
136.0
156.0
156.0
87.0
146.0
138.0
143.0
158.0
83.0
96.0
112.0
51.0
124.0
96.0
42.0
94.0
54.0
76.0
79.0
27.0
96.0
75.0
49.0
111.0
12.0
6.0
41.0
-8.0
47.0
52.0
20.0
74.0
-13.0
-14.0
-10.0
-53.0
25.0
37.0
36.0
44.0
-5.0
-24.0
-41.0
-60.0
1.0
0.0
10.0
14.0
-50.0
-34.0
-25.0
-46.0
12.0
25.0
-23.0
17.0
-41.0
-20.0
-17.0
-52.0
-19.0
-47.0
-52.0
-7.0
-43.0
-14.0
-16.0
-63.0
-52.0
-39.0
-33.0
43.0
18.0
67.0
74.0
11.0
69.0
69.0
40.0
97.0
43.0
53.0
44.0
2.0
50.0
72.0
33.0
45.0
-1.0
7.0
43.0
9.0
17.0
-23.0
-62.0
-15.0
-76.0
-25.0
-1.0
-30.0
-25.0
-44.0
-71.0
-47.0
-84.0
-45.0
-19.0
-59.0
-21.0
-12.0
-32.0
13.0
-37.0
-13.0
14.0
-28.0
10.0
-13.0
-39.0
11.0
7.0
10.0
25.0
-10.0
54.0
12.0
24.0
76.0
15.0
40.0
60.0
45.0
81.0
51.0
33.0
89.0
8.0
14.0
24.0
-18.0
17.0
12.0
-49.0
-13.0
-89.0
-61.0
-32.0
-77.0
-22.0
-56.0
-77.0
-57.0
-55.0
-19.0
10.0
-39.0
24.0
-24.0
-18.0
41.0
2.0
18.0
39.0
-8.0
36.0
27.0
1.0
70.0
22.0
53.0
61.0
-7.0
31.0
20.0
-4.0
35.0
-6.0
-12.0
5.0
-32.0
38.0
30.0
12.0
54.0
8.0
35.0
60.0
69.0
86.0
39.0
32.0
54.0
20.0
67.0
56.0
15.0
44.0
-15.0
-31.0
24.0
-37.0
0.0
31.0
-1.0
50.0
26.0
3.0
68.0
45.0
69.0
82.0
51.0
83.0
54.0
52.0
112.0
69.0
99.0
129.0
68.0
103.0
71.0
53.0
106.0
34.0
40.0
35.0
11.0
59.0
31.0
8.0
31.0
10.0
20.0
26.0
19.0
42.0
29.0
42.0
99.0
86.0
105.0
113.0
65.0
88.0
71.0
36.0
64.0
12.0
27.0
38.0
-14.0
32.0
12.0
15.0
49.0
-1.0
7.0
55.0
6.0
50.0
42.0
14.0
55.0
-2.0
34.0
25.0
-12.0
49.0
33.0
33.0
40.0
22.0
18.0
15.0
-58.0
37.0
38.0
39.0
106.0
48.0
83.0
92.0
24.0
66.0
56.0
36.0
63.0
23.0
34.0
38.0
10.0
51.0
43.0
37.0
138.0
95.0
140.0
115.0
40.0
99.0
71.0
62.0
83.0
30.0
28.0
23.0
-13.0
36.0
34.0
16.0
41.0
36.0
63.0
64.0
23.0
64.0
65.0
59.0
69.0
-20.0
14.0
21.0
-44.0
-15.0
-29.0
-40.0
-20.0
-65.0
4.0
21.0
-39.0
4.0
-2.0
1.0
20.0
-42.0
-2.0
6.0
-59.0
8.0
-9.0
-49.0
6.0
-43.0
1.0
0.0
-48.0
-12.0
-40.0
-53.0
-1.0
-67.0
-53.0
-18.0
-54.0
-1.0
-39.0
-32.0
-12.0
-79.0
-38.0
8.0
-18.0
14.0
-20.0
-8.0
13.0
-11.0
-1.0
23.0
-22.0
18.0
6.0
-16.0
48.0
3.0
65.0
67.0
51.0
70.0
30.0
16.0
64.0
5.0
27.0
46.0
-15.0
15.0
-27.0
-46.0
31.0
-40.0
9.0
11.0
-18.0
25.0
13.0
3.0
35.0
-4.0
2.0
22.0
-37.0
12.0
2.0
-8.0
22.0
-31.0
-13.0
-3.0
-46.0
-10.0
-30.0
-13.0
29.0
-26.0
-42.0
-53.0
-72.0
-14.0
-18.0
3.0
6.0
-18.0
1.0
18.0
-7.0
67.0
43.0
42.0
90.0
21.0
0.0
26.0
-8.0
43.0
21.0
21.0
54.0
5.0
9.0
15.0
-26.0
34.0
17.0
-29.0
42.0
0.0
26.0
34.0
-3.0
60.0
21.0
23.0
77.0
16.0
48.0
58.0
23.0
93.0
84.0
37.0
73.0
17.0
56.0
77.0
61.0
106.0
72.0
108.0
144.0
101.0
75.0
82.0
24.0
90.0
92.0
67.0
69.0
11.0
38.0
48.0
-1.0
74.0
55.0
40.0
74.0
33.0
62.0
72.0
29.0
83.0
41.0
51.0
72.0
11.0
16.0
22.0
-12.0
54.0
15.0
-4.0
73.0
43.0
108.0
103.0
63.0
135.0
122.0
133.0
200.0
171.0
193.0
180.0
127.0
182.0
165.0
130.0
173.0
135.0
150.0
152.0
80.0
89.0
45.0
48.0
69.0
36.0
67.0
45.0
-2.0
31.0
21.0
-8.0
44.0
28.0
51.0
36.0
13.0
68.0
76.0
62.0
112.0
51.0
80.0
84.0
13.0
63.0
32.0
39.0
68.0
18.0
34.0
39.0
-22.0
19.0
13.0
-6.0
15.0
-15.0
10.0
-20.0
0.0
31.0
-30.0
-51.0
-4.0
-67.0
-32.0
-2.0
-40.0
18.0
7.0
10.0
50.0
-9.0
10.0
50.0
29.0
118.0
79.0
89.0
158.0
135.0
147.0
148.0
109.0
156.0
123.0
141.0
150.0
107.0
133.0
117.0
93.0
144.0
158.0
165.0
188.0
167.0
197.0
230.0
201.0
270.0
261.0
244.0
290.0
268.0
278.0
263.0
237.0
305.0
304.0
330.0
392.0
333.0
361.0
353.0
292.0
356.0
327.0
329.0
350.0
287.0
286.0
283.0
251.0
300.0
262.0
225.0
232.0
183.0
227.0
259.0
232.0
279.0
244.0
233.0
260.0
212.0
277.0
313.0
287.0
349.0
287.0
268.0
313.0
248.0
325.0
356.0
324.0
378.0
358.0
362.0
377.0
291.0
315.0
302.0
247.0
271.0
243.0
239.0
304.0
240.0
252.0
266.0
229.0
282.0
230.0
214.0
205.0
158.0
161.0
102.0
108.0
127.0
49.0
15.0
46.0
11.0
18.0
25.0
-34.0
57.0
15.0
-21.0
-58.0
-11.0
-40.0
-48.0
-113.0
-80.0
-91.0
-116.0
-85.0
-124.0
-79.0
-75.0
-81.0
-30.0
-97.0
-61.0
-41.0
-61.0
-25.0
-23.0
-179.0
-27.0
-172.0
-124.0
-98.0
-136.0
-159.0
-150.0
-159.0
-149.0
-171.0
-137.0
-143.0
-118.0
-115.0
-103.0
-168.0
-90.0
-119.0
-136.0
-119.0
-132.0
-93.0
-99.0
-181.0
-62.0
-128.0
-153.0
-106.0
-142.0
-159.0
-129.0
-161.0
-103.0
-126.0
-163.0
-111.0
-169.0
-131.0
-142.0
-191.0
-141.0
-181.0
-201.0
-146.0
-190.0
-182.0
-186.0
-252.0
-150.0
-215.0
-213.0
-163.0
-188.0
-158.0
-171.0
-235.0
-173.0
-187.0
-176.0
-96.0
-178.0
-138.0
-138.0
-185.0
-154.0
-223.0
-175.0
-203.0
-242.0
-221.0
-207.0
-262.0
-243.0
-291.0
-256.0
-195.0
-249.0
-176.0
-233.0
-216.0
-164.0
-193.0
-191.0
-154.0
-237.0
-202.0
-180.0
-205.0
-140.0
-188.0
-150.0
-125.0
-135.0
-120.0
-115.0
-159.0
-135.0
-157.0
-174.0
-147.0
-180.0
-150.0
-135.0
-152.0
-100.0
-154.0
-143.0
-121.0
-159.0
-131.0
-102.0
-137.0
-94.0
-170.0
-152.0
-100.0
-148.0
-139.0
-136.0
-162.0
-137.0
-149.0
-157.0
-110.0
-114.0
-67.0
-73.0
-82.0
-48.0
-114.0
-118.0
-82.0
-108.0
-84.0
-97.0
-101.0
-54.0
-78.0
-67.0
-23.0
-61.0
-30.0
-23.0
-89.0
-56.0
-87.0
-90.0
-44.0
-115.0
-115.0
-101.0
-167.0
-108.0
-129.0
-116.0
-70.0
-125.0
-115.0
-103.0
-146.0
-97.0
-98.0
-122.0
-78.0
-142.0
-107.0
-75.0
-127.0
-80.0
-97.0
-111.0
-43.0
-62.0
-14.0
14.0
-51.0
13.0
3.0
46.0
97.0
28.0
61.0
65.0
50.0
93.0
87.0
85.0
121.0
67.0
126.0
138.0
109.0
161.0
128.0
87.0
138.0
54.0
98.0
68.0
-15.0
3.0
-41.0
-54.0
-18.0
-67.0
-22.0
-31.0
-79.0
-93.0
-97.0
-110.0
-43.0
-75.0
-45.0
-75.0
-112.0
-87.0
-108.0
-108.0
-76.0
-124.0
-91.0
-81.0
-130.0
-98.0
-116.0
-135.0
-82.0
-150.0
-153.0
-152.0
-173.0
-144.0
-149.0
-189.0
-164.0
-187.0
-139.0
-147.0
-169.0
-101.0
-128.0
-108.0
-92.0
-127.0
-96.0
-66.0
-114.0
-70.0
-71.0
-87.0
-35.0
-100.0
-79.0
-111.0
-130.0
-100.0
-115.0
-137.0
-108.0
-150.0
-90.0
-92.0
-118.0
-90.0
-122.0
-136.0
-110.0
-134.0
-106.0
-90.0
-133.0
-103.0
-133.0
-112.0
-69.0
-93.0
-55.0
-73.0
-115.0
-65.0
-110.0
-104.0
-49.0
-82.0
-65.0
-65.0
-115.0
-80.0
-114.0
-131.0
-81.0
-102.0
-82.0
-89.0
-114.0
-64.0
-115.0
-128.0
-91.0
-175.0
-130.0
-138.0
-187.0
-155.0
-169.0
-189.0
-152.0
-209.0
-146.0
-133.0
-181.0
-136.0
-172.0
-192.0
-172.0
-192.0
-150.0
-145.0
-170.0
-103.0
-127.0
-105.0
-52.0
-98.0
-84.0
-81.0
-102.0
-51.0
-111.0
-102.0
-54.0
-87.0
-35.0
-43.0
-106.0
-47.0
-130.0
-126.0
-82.0
-149.0
-144.0
-145.0
-201.0
-139.0
-186.0
-214.0
-176.0
-221.0
-183.0
-153.0
-193.0
-153.0
-158.0
-141.0
-89.0
-150.0
-130.0
-122.0
-135.0
-86.0
-80.0
-83.0
-42.0
-70.0
-20.0
-9.0
-54.0
-8.0
-64.0
-70.0
-49.0
-60.0
-45.0
-80.0
-131.0
-90.0
-101.0
-113.0
-53.0
-117.0
-86.0
-56.0
-72.0
-26.0
-67.0
-49.0
-13.0
-54.0
-32.0
-32.0
-77.0
8.0
-43.0
-69.0
-12.0
-65.0
-47.0
-74.0
-92.0
-35.0
-70.0
-69.0
-53.0
-98.0
-56.0
-51.0
-88.0
-21.0
-42.0
-43.0
-5.0
-47.0
-41.0
-25.0
-30.0
38.0
7.0
-31.0
-2.0
-44.0
-13.0
-43.0
-65.0
-22.0
-74.0
-78.0
-22.0
-62.0
-44.0
-35.0
-58.0
-17.0
-35.0
-22.0
8.0
-54.0
-36.0
-63.0
-119.0
-87.0
-106.0
-95.0
-29.0
-79.0
-52.0
-41.0
-74.0
-27.0
-56.0
-39.0
15.0
-39.0
-8.0
0.0
-59.0
33.0
-6.0
-11.0
24.0
-10.0
23.0
31.0
-16.0
37.0
-6.0
-35.0
-32.0
-80.0
-15.0
3.0
-22.0
41.0
15.0
25.0
72.0
21.0
41.0
60.0
32.0
92.0
60.0
77.0
105.0
40.0
87.0
62.0
21.0
73.0
12.0
47.0
93.0
49.0
113.0
85.0
47.0
86.0
62.0
65.0
84.0
31.0
92.0
71.0
74.0
116.0
83.0
91.0
129.0
116.0
129.0
137.0
112.0
162.0
125.0
107.0
149.0
108.0
126.0
89.0
49.0
96.0
46.0
64.0
121.0
81.0
115.0
133.0
111.0
154.0
135.0
143.0
178.0
131.0
136.0
112.0
72.0
129.0
62.0
78.0
109.0
41.0
64.0
35.0
4.0
54.0
41.0
72.0
118.0
90.0
136.0
125.0
136.0
165.0
136.0
154.0
136.0
111.0
159.0
147.0
69.0
91.0
42.0
71.0
100.0
73.0
99.0
105.0
60.0
137.0
129.0
134.0
180.0
137.0
193.0
205.0
181.0
197.0
158.0
154.0
176.0
117.0
181.0
179.0
160.0
187.0
135.0
120.0
136.0
87.0
154.0
165.0
111.0
167.0
130.0
118.0
155.0
138.0
213.0
235.0
190.0
235.0
193.0
173.0
198.0
160.0
203.0
168.0
133.0
184.0
138.0
143.0
158.0
124.0
169.0
168.0
151.0
194.0
163.0
153.0
200.0
187.0
261.0
240.0
217.0
253.0
234.0
202.0
237.0
162.0
213.0
215.0
190.0
246.0
229.0
210.0
222.0
150.0
193.0
167.0
131.0
177.0
121.0
135.0
194.0
161.0
195.0
192.0
125.0
212.0
137.0
182.0
211.0
164.0
213.0
225.0
190.0
224.0
178.0
170.0
216.0
192.0
235.0
235.0
203.0
254.0
194.0
210.0
244.0
163.0
229.0
219.0
195.0
230.0
188.0
185.0
207.0
171.0
234.0
256.0
221.0
239.0
206.0
222.0
277.0
224.0
235.0
219.0
206.0
215.0
168.0
157.0
162.0
114.0
151.0
139.0
97.0
147.0
71.0
65.0
125.0
59.0
119.0
134.0
103.0
147.0
110.0
150.0
201.0
138.0
158.0
143.0
131.0
168.0
139.0
123.0
160.0
119.0
131.0
130.0
101.0
149.0
100.0
103.0
115.0
81.0
127.0
109.0
73.0
126.0
107.0
84.0
110.0
77.0
122.0
132.0
120.0
162.0
141.0
134.0
173.0
134.0
162.0
154.0
116.0
145.0
135.0
118.0
171.0
105.0
135.0
124.0
81.0
129.0
115.0
121.0
145.0
156.0
179.0
183.0
166.0
220.0
164.0
164.0
183.0
145.0
185.0
203.0
166.0
192.0
146.0
129.0
172.0
121.0
165.0
145.0
105.0
137.0
106.0
120.0
153.0
108.0
134.0
122.0
107.0
127.0
91.0
81.0
120.0
96.0
136.0
135.0
87.0
139.0
113.0
114.0
136.0
76.0
109.0
114.0
87.0
125.0
137.0
120.0
165.0
106.0
145.0
157.0
144.0
221.0
135.0
142.0
169.0
95.0
120.0
99.0
67.0
124.0
98.0
86.0
86.0
35.0
73.0
101.0
90.0
168.0
125.0
146.0
188.0
126.0
182.0
208.0
176.0
208.0
168.0
161.0
209.0
158.0
175.0
157.0
139.0
172.0
149.0
128.0
178.0
101.0
131.0
133.0
56.0
114.0
102.0
138.0
177.0
140.0
149.0
113.0
92.0
170.0
154.0
168.0
175.0
134.0
186.0
160.0
156.0
198.0
152.0
121.0
137.0
126.0
173.0
146.0
126.0
128.0
97.0
92.0
116.0
76.0
109.0
98.0
79.0
133.0
96.0
102.0
131.0
52.0
76.0
48.0
24.0
73.0
47.0
70.0
109.0
93.0
102.0
100.0
38.0
73.0
46.0
72.0
115.0
95.0
125.0
133.0
106.0
134.0
80.0
100.0
147.0
67.0
127.0
117.0
63.0
129.0
90.0
99.0
129.0
77.0
120.0
88.0
83.0
114.0
80.0
98.0
113.0
62.0
96.0
107.0
84.0
128.0
91.0
99.0
155.0
104.0
168.0
126.0
118.0
159.0
140.0
137.0
164.0
106.0
168.0
142.0
114.0
141.0
106.0
104.0
118.0
101.0
115.0
77.0
52.0
98.0
37.0
69.0
95.0
36.0
112.0
109.0
86.0
168.0
138.0
117.0
132.0
99.0
145.0
132.0
85.0
122.0
54.0
41.0
51.0
-4.0
60.0
10.0
-25.0
25.0
-13.0
10.0
49.0
3.0
36.0
56.0
49.0
116.0
80.0
107.0
125.0
98.0
143.0
128.0
100.0
138.0
91.0
136.0
169.0
112.0
163.0
145.0
81.0
126.0
58.0
88.0
134.0
68.0
117.0
116.0
83.0
116.0
71.0
101.0
146.0
113.0
151.0
94.0
84.0
138.0
67.0
111.0
152.0
115.0
150.0
123.0
73.0
103.0
77.0
68.0
104.0
58.0
86.0
96.0
64.0
80.0
76.0
67.0
125.0
72.0
127.0
113.0
95.0
146.0
111.0
136.0
177.0
125.0
168.0
115.0
73.0
108.0
68.0
48.0
69.0
42.0
94.0
67.0
25.0
63.0
-15.0
23.0
60.0
-16.0
28.0
5.0
-31.0
16.0
-31.0
-1.0
36.0
-12.0
5.0
-26.0
-26.0
27.0
-20.0
31.0
74.0
19.0
67.0
34.0
-14.0
43.0
-8.0
27.0
49.0
23.0
36.0
30.0
42.0
79.0
49.0
81.0
125.0
71.0
110.0
145.0
99.0
133.0
75.0
105.0
97.0
69.0
92.0
60.0
25.0
68.0
7.0
22.0
33.0
6.0
42.0
5.0
15.0
49.0
24.0
-4.0
22.0
-14.0
36.0
5.0
3.0
69.0
12.0
46.0
35.0
46.0
63.0
20.0
5.0
53.0
13.0
8.0
21.0
-31.0
-2.0
-1.0
-17.0
15.0
-48.0
-40.0
2.0
-67.0
-16.0
-14.0
-16.0
32.0
-41.0
-55.0
-43.0
-89.0
-58.0
-29.0
-23.0
25.0
-22.0
-35.0
-43.0
-87.0
-51.0
-89.0
-137.0
-118.0
-142.0
-120.0
-98.0
-127.0
-73.0
-96.0
-139.0
-100.0
-131.0
-118.0
-96.0
-121.0
-68.0
-97.0
-80.0
-21.0
-68.0
-68.0
-50.0
-66.0
25.0
24.0
26.0
78.0
14.0
49.0
108.0
77.0
125.0
138.0
145.0
209.0
158.0
211.0
213.0
159.0
197.0
155.0
136.0
159.0
111.0
157.0
184.0
130.0
199.0
171.0
184.0
241.0
212.0
240.0
244.0
192.0
251.0
208.0
184.0
205.0
167.0
203.0
217.0
183.0
209.0
184.0
153.0
214.0
201.0
228.0
279.0
229.0
283.0
291.0
284.0
323.0
254.0
229.0
248.0
208.0
250.0
244.0
227.0
256.0
207.0
240.0
281.0
200.0
231.0
189.0
158.0
170.0
103.0
91.0
121.0
106.0
132.0
120.0
101.0
136.0
56.0
60.0
-2.0
4.0
-1.0
-40.0
-85.0
-66.0
-112.0
-118.0
-97.0
-112.0
-36.0
-24.0
-50.0
-16.0
-73.0
-85.0
-106.0
-187.0
-162.0
-166.0
-164.0
-130.0
-165.0
-127.0
-117.0
-136.0
-105.0
-145.0
-165.0
-125.0
-182.0
-155.0
-114.0
-138.0
-101.0
-121.0
-144.0
-81.0
-136.0
-142.0
-146.0
-190.0
-167.0
-209.0
-240.0
-163.0
-210.0
-186.0
-165.0
-196.0
-154.0
-134.0
-170.0
-118.0
-177.0
-152.0
-138.0
-176.0
-123.0
-149.0
-211.0
-169.0
-209.0
-187.0
-143.0
-188.0
-146.0
-191.0
-177.0
-130.0
-200.0
-210.0
-188.0
-229.0
-173.0
-175.0
-174.0
-137.0
-202.0
-235.0
-229.0
-258.0
-208.0
-219.0
-213.0
-132.0
-167.0
-127.0
-136.0
-184.0
-169.0
-168.0
-149.0
-129.0
-204.0
-178.0
-165.0
-198.0
-144.0
-179.0
-230.0
-177.0
-216.0
-185.0
-169.0
-196.0
-154.0
-165.0
-183.0
-141.0
-185.0
-162.0
-125.0
-164.0
-126.0
-185.0
-199.0
-151.0
-203.0
-162.0
-129.0
-157.0
-90.0
-87.0
-139.0
-86.0
-111.0
-90.0
-60.0
-103.0
-68.0
-115.0
-150.0
-129.0
-200.0
-152.0
-111.0
-163.0
-92.0
-106.0
-143.0
-96.0
-141.0
-131.0
-122.0
-171.0
-108.0
-133.0
-165.0
-120.0
-193.0
-202.0
-173.0
-253.0
-225.0
-246.0
-271.0
-168.0
-214.0
-166.0
-125.0
-208.0
-178.0
-187.0
-199.0
-148.0
-161.0
-125.0
-133.0
-171.0
-143.0
-164.0
-164.0
-96.0
-115.0
-108.0
-60.0
-79.0
-45.0
-77.0
-103.0
-58.0
-91.0
-64.0
-71.0
-149.0
-86.0
-104.0
-121.0
-106.0
-169.0
-166.0
-162.0
-196.0
-131.0
-143.0
-157.0
-117.0
-165.0
-118.0
-113.0
-148.0
-89.0
-156.0
-167.0
-121.0
-134.0
-83.0
-78.0
-127.0
-90.0
-119.0
-147.0
-136.0
-136.0
-125.0
-70.0
-102.0
-90.0
-110.0
-137.0
-83.0
-128.0
-92.0
-51.0
-74.0
6.0
13.0
30.0
83.0
52.0
68.0
59.0
26.0
107.0
86.0
83.0
144.0
84.0
105.0
129.0
73.0
106.0
104.0
95.0
158.0
142.0
164.0
188.0
135.0
216.0
174.0
162.0
204.0
95.0
121.0
93.0
34.0
62.0
20.0
-148.0
80.0
-21.0
-59.0
-68.0
-158.0
-190.0
-60.0
-125.0
-70.0
-103.0
-59.0
-67.0
-159.0
-153.0
-190.0
-161.0
-127.0
-167.0
-169.0
-131.0
-162.0
-110.0
-148.0
-168.0
-162.0
-241.0
-115.0
-140.0
-179.0
-142.0
-210.0
-199.0
-154.0
-173.0
-180.0
-148.0
-190.0
-176.0
-201.0
-235.0
-205.0
-233.0
-211.0
-176.0
-191.0
-183.0
-207.0
-197.0
-166.0
-198.0
-202.0
-169.0
-196.0
-120.0
-158.0
-177.0
-132.0
-190.0
-144.0
-162.0
-201.0
-161.0
-155.0
-159.0
-93.0
-195.0
-163.0
-152.0
-192.0
-80.0
-122.0
-110.0
-107.0
-99.0
-121.0
-117.0
-178.0
-148.0
-178.0
-188.0
-159.0
-241.0
-167.0
-139.0
-195.0
-106.0
-165.0
-187.0
-138.0
-152.0
-145.0
-146.0
-169.0
-130.0
-140.0
-169.0
-109.0
-165.0
-150.0
-110.0
-159.0
-144.0
-208.0
-185.0
-143.0
-237.0
-105.0
-106.0
-137.0
-88.0
-112.0
-111.0
-69.0
-135.0
-115.0
-78.0
-86.0
-49.0
-43.0
-101.0
-120.0
-133.0
-115.0
-106.0
-106.0
-60.0
-77.0
-79.0
-84.0
-152.0
-118.0
-111.0
-147.0
-88.0
-124.0
-149.0
-99.0
-134.0
-98.0
-58.0
-96.0
-56.0
-91.0
-80.0
-18.0
-2.0
76.0
79.0
37.0
100.0
59.0
54.0
84.0
79.0
110.0
72.0
7.0
27.0
15.0
-18.0
62.0
12.0
53.0
34.0
-8.0
28.0
50.0
-40.0
55.0
-28.0
-4.0
25.0
4.0
95.0
7.0
-31.0
54.0
-13.0
14.0
12.0
-8.0
69.0
39.0
14.0
48.0
-3.0
17.0
26.0
12.0
45.0
-10.0
-57.0
-16.0
-51.0
-32.0
-16.0
-58.0
6.0
22.0
-31.0
41.0
-8.0
13.0
67.0
40.0
95.0
65.0
67.0
74.0
27.0
-38.0
112.0
10.0
48.0
9.0
1.0
52.0
-23.0
33.0
3.0
-13.0
82.0
51.0
44.0
107.0
31.0
97.0
90.0
39.0
41.0
48.0
41.0
60.0
11.0
41.0
50.0
-37.0
60.0
-10.0
24.0
55.0
2.0
37.0
4.0
-30.0
43.0
31.0
6.0
11.0
48.0
52.0
64.0
26.0
67.0
48.0
49.0
92.0
61.0
73.0
108.0
39.0
64.0
60.0
24.0
51.0
60.0
79.0
52.0
14.0
80.0
88.0
71.0
100.0
45.0
46.0
65.0
56.0
87.0
56.0
32.0
51.0
6.0
22.0
43.0
-20.0
25.0
20.0
14.0
25.0
-16.0
20.0
69.0
-13.0
42.0
6.0
-16.0
-7.0
-53.0
-26.0
-30.0
-42.0
44.0
44.0
87.0
140.0
102.0
146.0
180.0
128.0
199.0
135.0
94.0
143.0
105.0
106.0
125.0
71.0
112.0
45.0
40.0
79.0
44.0
86.0
76.0
34.0
68.0
45.0
39.0
59.0
35.0
59.0
86.0
35.0
73.0
62.0
54.0
69.0
20.0
24.0
24.0
-27.0
24.0
-13.0
-26.0
38.0
-33.0
24.0
36.0
-6.0
47.0
20.0
-23.0
46.0
23.0
33.0
58.0
44.0
97.0
61.0
35.0
79.0
15.0
48.0
67.0
-15.0
43.0
31.0
55.0
105.0
42.0
88.0
71.0
21.0
53.0
37.0
70.0
108.0
38.0
45.0
54.0
-3.0
74.0
60.0
59.0
103.0
35.0
55.0
65.0
1.0
45.0
6.0
-13.0
36.0
-16.0
35.0
52.0
29.0
80.0
36.0
34.0
55.0
36.0
43.0
51.0
-20.0
39.0
16.0
-5.0
32.0
7.0
7.0
23.0
-25.0
21.0
17.0
-8.0
47.0
-39.0
-1.0
13.0
-26.0
24.0
13.0
8.0
54.0
10.0
46.0
1.0
-43.0
12.0
-5.0
21.0
29.0
-61.0
-52.0
-58.0
-28.0
10.0
-16.0
6.0
45.0
36.0
71.0
37.0
-6.0
36.0
14.0
31.0
85.0
28.0
43.0
29.0
-10.0
37.0
16.0
-10.0
46.0
-11.0
10.0
21.0
-4.0
28.0
-8.0
-4.0
42.0
-4.0
16.0
28.0
-63.0
-35.0
-55.0
-55.0
-18.0
-46.0
-34.0
-40.0
-81.0
-18.0
-37.0
-36.0
14.0
-27.0
6.0
8.0
-23.0
2.0
-18.0
-26.0
30.0
-17.0
31.0
34.0
-2.0
49.0
60.0
75.0
105.0
16.0
22.0
49.0
21.0
46.0
33.0
-12.0
31.0
-15.0
-4.0
23.0
28.0
51.0
46.0
16.0
103.0
53.0
60.0
75.0
6.0
70.0
42.0
24.0
50.0
55.0
43.0
33.0
-8.0
36.0
8.0
33.0
96.0
69.0
111.0
119.0
74.0
106.0
59.0
54.0
79.0
42.0
48.0
40.0
12.0
46.0
-5.0
-21.0
56.0
21.0
91.0
106.0
52.0
60.0
56.0
16.0
80.0
61.0
86.0
110.0
76.0
112.0
84.0
52.0
76.0
40.0
64.0
109.0
71.0
137.0
92.0
45.0
110.0
98.0
89.0
69.0
1.0
43.0
12.0
-24.0
13.0
-45.0
-9.0
31.0
6.0
76.0
81.0
107.0
194.0
148.0
206.0
196.0
200.0
219.0
176.0
173.0
209.0
144.0
152.0
118.0
79.0
123.0
70.0
2.0
112.0
84.0
13.0
82.0
52.0
80.0
19.0
15.0
39.0
5.0
-42.0
24.0
-103.0
-49.0
-74.0
-60.0
-67.0
-62.0
-35.0
-14.0
-68.0
10.0
-37.0
-49.0
42.0
-34.0
32.0
-27.0
-9.0
39.0
-59.0
-73.0
-82.0
-138.0
-128.0
-125.0
-154.0
-124.0
-167.0
-138.0
-107.0
-141.0
-116.0
-57.0
-94.0
-44.0
-68.0
-114.0
-103.0
-109.0
-88.0
15.0
-29.0
-15.0
-67.0
-62.0
-26.0
-86.0
34.0
29.0
5.0
64.0
6.0
-24.0
-17.0
-23.0
-10.0
20.0
-13.0
11.0
-41.0
-52.0
-18.0
-64.0
-49.0
-39.0
-70.0
-32.0
-59.0
-100.0
-63.0
-103.0
-87.0
-82.0
-101.0
-42.0
-99.0
-115.0
-62.0
-59.0
3.0
55.0
49.0
111.0
120.0
141.0
178.0
96.0
124.0
148.0
130.0
232.0
212.0
208.0
268.0
210.0
217.0
177.0
126.0
118.0
125.0
62.0
98.0
-17.0
6.0
-15.0
-100.0
25.0
-65.0
-77.0
-82.0
-120.0
-115.0
-135.0
-161.0
-133.0
-134.0
-107.0
-82.0
-126.0
-91.0
-98.0
-131.0
-71.0
-82.0
-132.0
-98.0
-187.0
-67.0
-125.0
-153.0
-117.0
-174.0
-194.0
-144.0
-197.0
-152.0
-161.0
-196.0
-161.0
-180.0
-140.0
-91.0
-88.0
-51.0
-54.0
-110.0
-46.0
-52.0
-30.0
-13.0
-87.0
-79.0
-81.0
-125.0
-66.0
-97.0
-91.0
-55.0
-135.0
-101.0
-119.0
-134.0
-71.0
-98.0
-149.0
-120.0
-200.0
-178.0
-169.0
-166.0
-121.0
-170.0
-176.0
-164.0
-194.0
-137.0
-116.0
-167.0
-135.0
-182.0
-165.0
-152.0
-142.0
-127.0
-127.0
-146.0
-122.0
-162.0
-187.0
-147.0
-186.0
-139.0
-90.0
-107.0
-60.0
-107.0
-103.0
-59.0
-124.0
-130.0
-122.0
-152.0
-142.0
-173.0
-216.0
-183.0
-247.0
-218.0
-216.0
-244.0
-170.0
-219.0
-197.0
-156.0
-202.0
-177.0
-194.0
-239.0
-167.0
-167.0
-152.0
-87.0
-195.0
-127.0
-156.0
-172.0
-119.0
-134.0
-127.0
-92.0
-150.0
-162.0
-142.0
-200.0
-168.0
-212.0
-190.0
-199.0
-259.0
-244.0
-256.0
-309.0
-226.0
-277.0
-263.0
-235.0
-251.0
-196.0
-193.0
-201.0
-119.0
-167.0
-156.0
-178.0
-190.0
-205.0
-201.0
-216.0
-203.0
-221.0
-194.0
-136.0
-197.0
-187.0
-216.0
-267.0
-239.0
-282.0
-303.0
-266.0
-327.0
-295.0
-304.0
-327.0
-259.0
-298.0
-299.0
-229.0
-278.0
-218.0
-206.0
-269.0
-203.0
-185.0
-173.0
-99.0
-163.0
-121.0
-155.0
-203.0
-146.0
-190.0
-184.0
-144.0
-207.0
-187.0
-186.0
-230.0
-182.0
-197.0
-207.0
-172.0
-235.0
-213.0
-204.0
-267.0
-195.0
-199.0
-222.0
-174.0
-227.0
-208.0
-227.0
-290.0
-225.0
-261.0
-238.0
-200.0
-273.0
-251.0
-247.0
-259.0
-215.0
-231.0
-253.0
-243.0
-271.0
-247.0
-246.0
-296.0
-271.0
-279.0
-266.0
-215.0
-239.0
-232.0
-223.0
-258.0
-213.0
-290.0
-290.0
-228.0
-238.0
-211.0
-222.0
-282.0
-214.0
-250.0
-256.0
-224.0
-276.0
-249.0
-219.0
-231.0
-148.0
-190.0
-203.0
-156.0
-221.0
-169.0
-160.0
-204.0
-162.0
-211.0
-214.0
-168.0
-211.0
-181.0
-177.0
-223.0
-146.0
-163.0
-155.0
-150.0
-184.0
-144.0
-129.0
-143.0
-60.0
-78.0
-48.0
-22.0
-67.0
-5.0
-3.0
-14.0
51.0
15.0
30.0
71.0
8.0
87.0
92.0
33.0
89.0
56.0
97.0
157.0
114.0
177.0
146.0
114.0
141.0
128.0
111.0
159.0
104.0
148.0
142.0
64.0
124.0
70.0
74.0
97.0
59.0
95.0
88.0
60.0
142.0
105.0
121.0
150.0
76.0
105.0
88.0
61.0
128.0
93.0
118.0
129.0
78.0
163.0
169.0
146.0
196.0
145.0
117.0
138.0
111.0
162.0
167.0
113.0
126.0
79.0
18.0
-53.0
-81.0
-148.0
-64.0
-168.0
-89.0
-154.0
-99.0
-242.0
-244.0
-86.0
-145.0
-147.0
-169.0
-165.0
-213.0
-169.0
-249.0
-162.0
-208.0
-314.0
-221.0
-355.0
-334.0
-319.0
-504.0
-254.0
-342.0
-377.0
-336.0
-361.0
-353.0
-262.0
-395.0
-325.0
-311.0
-417.0
-280.0
-327.0
-349.0
-334.0
-383.0
-326.0
-313.0
-418.0
-329.0
-326.0
-371.0
-259.0
-315.0
-287.0
-280.0
-315.0
-293.0
-336.0
-317.0
-270.0
-301.0
-262.0
-257.0
-310.0
-253.0
-298.0
-290.0
-239.0
-289.0
-264.0
-242.0
-274.0
-225.0
-268.0
-281.0
-196.0
-243.0
-206.0
-227.0
-273.0
-241.0
-290.0
-313.0
-324.0
-299.0
-313.0
-278.0
-328.0
-285.0
-315.0
-313.0
-259.0
-290.0
-237.0
-213.0
-255.0
-208.0
-204.0
-252.0
-121.0
-200.0
-161.0
-184.0
-230.0
-218.0
-240.0
-265.0
-187.0
-264.0
-242.0
-221.0
-272.0
-206.0
-179.0
-206.0
-154.0
-214.0
-154.0
-195.0
-212.0
-155.0
-184.0
-197.0
-146.0
-243.0
-128.0
-150.0
-172.0
-120.0
-155.0
-165.0
-131.0
-167.0
-131.0
-178.0
-161.0
-142.0
-148.0
-196.0
-174.0
-268.0
-192.0
-204.0
-214.0
-203.0
-193.0
-211.0
-186.0
-214.0
-161.0
-163.0
-191.0
-169.0
-151.0
-119.0
-80.0
-105.0
-72.0
-63.0
-116.0
-65.0
-100.0
-111.0
-104.0
-154.0
-152.0
-117.0
-150.0
-107.0
-187.0
-182.0
-152.0
-190.0
-136.0
-206.0
-192.0
-188.0
-206.0
-194.0
-143.0
-194.0
-185.0
-182.0
-220.0
-159.0
-165.0
-128.0
-101.0
-153.0
-96.0
-95.0
-127.0
-75.0
-102.0
-124.0
-83.0
-101.0
-74.0
-98.0
-145.0
-103.0
-142.0
-152.0
-40.0
-122.0
-22.0
-88.0
-119.0
-66.0
-117.0
-76.0
-42.0
-129.0
-3.0
-10.0
-82.0
-34.0
-52.0
-105.0
-46.0
-105.0
-56.0
-78.0
-97.0
-25.0
-52.0
-34.0
-37.0
-63.0
-22.0
-3.0
10.0
32.0
10.0
14.0
72.0
61.0
131.0
145.0
115.0
204.0
180.0
248.0
315.0
272.0
324.0
344.0
355.0
448.0
421.0
441.0
474.0
448.0
495.0
478.0
428.0
463.0
407.0
393.0
398.0
306.0
318.0
235.0
246.0
277.0
240.0
203.0
256.0
181.0
237.0
197.0
146.0
154.0
186.0
187.0
112.0
207.0
120.0
162.0
81.0
168.0
137.0
73.0
25.0
129.0
51.0
87.0
59.0
127.0
70.0
40.0
31.0
77.0
92.0
125.0
41.0
108.0
69.0
87.0
67.0
93.0
107.0
91.0
68.0
103.0
55.0
49.0
110.0
83.0
126.0
101.0
30.0
72.0
58.0
69.0
93.0
8.0
45.0
133.0
37.0
110.0
70.0
91.0
101.0
31.0
188.0
111.0
78.0
134.0
81.0
78.0
88.0
74.0
111.0
49.0
6.0
20.0
8.0
-14.0
-13.0
10.0
76.0
35.0
36.0
119.0
88.0
78.0
153.0
68.0
66.0
16.0
30.0
-24.0
4.0
-51.0
4.0
-15.0
34.0
32.0
24.0
50.0
40.0
65.0
131.0
80.0
114.0
98.0
67.0
134.0
75.0
54.0
72.0
32.0
81.0
44.0
20.0
144.0
-16.0
88.0
79.0
52.0
91.0
52.0
106.0
130.0
121.0
108.0
122.0
1.0
50.0
20.0
2.0
41.0
-8.0
8.0
69.0
76.0
90.0
102.0
11.0
171.0
55.0
84.0
145.0
179.0
260.0
220.0
81.0
53.0
64.0
60.0
56.0
35.0
77.0
34.0
4.0
25.0
31.0
56.0
145.0
119.0
126.0
116.0
101.0
134.0
156.0
152.0
209.0
105.0
163.0
152.0
101.0
119.0
71.0
96.0
159.0
118.0
146.0
86.0
86.0
166.0
107.0
107.0
133.0
81.0
129.0
125.0
117.0
159.0
114.0
139.0
169.0
148.0
178.0
121.0
93.0
125.0
89.0
91.0
115.0
81.0
106.0
119.0
96.0
147.0
98.0
117.0
99.0
52.0
109.0
124.0
73.0
140.0
112.0
133.0
178.0
140.0
182.0
200.0
191.0
247.0
189.0
237.0
217.0
164.0
161.0
172.0
148.0
222.0
110.0
211.0
182.0
157.0
171.0
169.0
132.0
187.0
122.0
137.0
150.0
84.0
119.0
139.0
122.0
147.0
127.0
134.0
162.0
125.0
174.0
183.0
141.0
182.0
180.0
202.0
212.0
176.0
206.0
213.0
136.0
165.0
139.0
137.0
166.0
114.0
164.0
159.0
131.0
183.0
135.0
142.0
155.0
103.0
146.0
109.0
87.0
121.0
142.0
155.0
154.0
98.0
141.0
154.0
131.0
176.0
129.0
159.0
174.0
96.0
146.0
132.0
148.0
225.0
208.0
152.0
247.0
149.0
216.0
194.0
157.0
204.0
137.0
110.0
162.0
110.0
128.0
115.0
79.0
71.0
54.0
73.0
62.0
100.0
130.0
97.0
48.0
83.0
74.0
86.0
128.0
93.0
138.0
127.0
118.0
158.0
131.0
138.0
162.0
101.0
80.0
52.0
15.0
51.0
43.0
48.0
77.0
42.0
79.0
62.0
20.0
21.0
15.0
37.0
82.0
46.0
126.0
95.0
56.0
125.0
109.0
116.0
138.0
79.0
119.0
85.0
63.0
119.0
76.0
107.0
116.0
51.0
47.0
66.0
59.0
101.0
72.0
76.0
115.0
78.0
118.0
105.0
89.0
143.0
99.0
108.0
133.0
90.0
151.0
152.0
147.0
203.0
124.0
134.0
144.0
124.0
185.0
197.0
169.0
199.0
128.0
107.0
128.0
94.0
128.0
126.0
116.0
141.0
139.0
137.0
191.0
172.0
198.0
175.0
124.0
137.0
75.0
73.0
119.0
76.0
126.0
102.0
83.0
157.0
109.0
111.0
156.0
97.0
185.0
169.0
162.0
215.0
142.0
136.0
136.0
90.0
138.0
174.0
128.0
170.0
115.0
91.0
100.0
71.0
127.0
132.0
123.0
153.0
111.0
119.0
144.0
89.0
150.0
129.0
116.0
151.0
112.0
100.0
124.0
73.0
121.0
120.0
111.0
134.0
127.0
94.0
94.0
19.0
82.0
97.0
78.0
107.0
52.0
46.0
77.0
76.0
101.0
98.0
23.0
61.0
1.0
34.0
70.0
18.0
89.0
104.0
73.0
117.0
71.0
82.0
89.0
42.0
53.0
37.0
10.0
72.0
37.0
54.0
65.0
39.0
12.0
55.0
10.0
63.0
39.0
78.0
130.0
81.0
92.0
59.0
-2.0
89.0
-8.0
8.0
59.0
51.0
83.0
98.0
88.0
118.0
72.0
88.0
138.0
102.0
146.0
99.0
63.0
103.0
85.0
107.0
136.0
70.0
89.0
29.0
14.0
72.0
69.0
77.0
106.0
61.0
95.0
99.0
128.0
159.0
115.0
136.0
147.0
74.0
130.0
106.0
98.0
149.0
72.0
91.0
119.0
46.0
112.0
74.0
69.0
119.0
53.0
100.0
115.0
60.0
89.0
70.0
69.0
127.0
44.0
86.0
60.0
2.0
71.0
20.0
20.0
72.0
54.0
77.0
97.0
32.0
92.0
112.0
74.0
113.0
35.0
131.0
117.0
46.0
122.0
143.0
111.0
161.0
125.0
108.0
96.0
45.0
96.0
74.0
50.0
93.0
52.0
-8.0
61.0
25.0
60.0
35.0
13.0
47.0
5.0
35.0
97.0
84.0
90.0
60.0
66.0
164.0
143.0
161.0
159.0
103.0
148.0
113.0
78.0
115.0
51.0
69.0
101.0
77.0
125.0
109.0
72.0
80.0
95.0
47.0
70.0
-27.0
34.0
-20.0
1.0
31.0
-25.0
14.0
49.0
37.0
73.0
96.0
30.0
118.0
20.0
109.0
72.0
-2.0
37.0
-18.0
-8.0
13.0
-33.0
-86.0
20.0
-50.0
-21.0
8.0
-41.0
15.0
0.0
6.0
20.0
-13.0
30.0
7.0
-19.0
42.0
-24.0
-56.0
33.0
-48.0
-29.0
-88.0
-70.0
5.0
-45.0
-52.0
-28.0
-62.0
-34.0
-12.0
-90.0
50.0
-20.0
24.0
24.0
8.0
44.0
-1.0
-8.0
12.0
-38.0
-28.0
17.0
-12.0
20.0
22.0
-25.0
-18.0
-48.0
-51.0
-52.0
-87.0
-61.0
-58.0
-87.0
-46.0
-58.0
-19.0
-16.0
-32.0
-26.0
1.0
-23.0
-20.0
-78.0
-66.0
2.0
-118.0
-68.0
-97.0
-112.0
-77.0
-110.0
-97.0
-79.0
-158.0
-90.0
-77.0
-58.0
-5.0
-79.0
-71.0
-89.0
-137.0
-64.0
-79.0
-89.0
-31.0
-67.0
-76.0
-72.0
-127.0
-113.0
-96.0
-106.0
-69.0
-128.0
-111.0
-79.0
-98.0
-40.0
-91.0
-86.0
-46.0
-133.0
-32.0
-66.0
-99.0
-64.0
-61.0
-104.0
-44.0
-131.0
-162.0
-110.0
-176.0
-49.0
-63.0
-85.0
-71.0
-143.0
-143.0
-106.0
-142.0
-99.0
-91.0
-91.0
-45.0
-109.0
-91.0
-65.0
-85.0
-2.0
-19.0
-10.0
18.0
-22.0
-7.0
66.0
81.0
159.0
168.0
148.0
156.0
81.0
72.0
118.0
60.0
128.0
-4.0
69.0
23.0
-44.0
-36.0
-73.0
-55.0
-27.0
-42.0
-45.0
-6.0
-97.0
40.0
14.0
-49.0
44.0
63.0
-29.0
13.0
-35.0
4.0
-4.0
-51.0
-93.0
-68.0
-140.0
-87.0
-98.0
-76.0
-80.0
-154.0
-127.0
-165.0
-204.0
-161.0
-215.0
-159.0
-99.0
-154.0
-121.0
-178.0
-223.0
-176.0
-213.0
-187.0
-190.0
-147.0
-153.0
-166.0
-184.0
-121.0
-158.0
-156.0
-132.0
-148.0
-130.0
-128.0
-135.0
-88.0
-161.0
-144.0
-120.0
-176.0
-163.0
-119.0
-163.0
-107.0
-152.0
-122.0
-163.0
-138.0
-107.0
-122.0
-156.0
-114.0
-138.0
-112.0
-132.0
-145.0
-92.0
-90.0
-114.0
-54.0
-77.0
-79.0
-66.0
-107.0
-60.0
-49.0
-63.0
-52.0
-95.0
-99.0
-95.0
-157.0
-103.0
-103.0
-88.0
-80.0
-142.0
-179.0
-140.0
-175.0
-125.0
-97.0
-127.0
-53.0
-74.0
-72.0
-72.0
-100.0
-32.0
-48.0
-51.0
-13.0
-78.0
-68.0
-92.0
-95.0
-82.0
-96.0
-135.0
-84.0
-115.0
-125.0
-104.0
-149.0
-72.0
-61.0
-78.0
-41.0
-94.0
-34.0
-15.0
-87.0
-64.0
-117.0
-122.0
-76.0
-112.0
-95.0
-58.0
-92.0
-58.0
-67.0
-77.0
-50.0
-101.0
-128.0
-90.0
-163.0
-102.0
-129.0
-129.0
-83.0
-104.0
-54.0
-32.0
-103.0
-76.0
-70.0
-59.0
-6.0
-29.0
-8.0
10.0
-48.0
5.0
-10.0
-25.0
31.0
-9.0
31.0
61.0
6.0
40.0
53.0
36.0
121.0
88.0
114.0
108.0
44.0
63.0
47.0
54.0
128.0
98.0
150.0
170.0
162.0
228.0
224.0
211.0
231.0
193.0
223.0
250.0
212.0
238.0
200.0
180.0
246.0
225.0
276.0
279.0
245.0
266.0
254.0
256.0
303.0
254.0
286.0
287.0
230.0
233.0
203.0
181.0
220.0
208.0
255.0
300.0
234.0
281.0
272.0
256.0
278.0
221.0
266.0
284.0
268.0
336.0
337.0
379.0
449.0
397.0
423.0
390.0
352.0
410.0
366.0
333.0
348.0
291.0
317.0
347.0
324.0
375.0
314.0
251.0
277.0
199.0
227.0
262.0
213.0
263.0
278.0
277.0
328.0
268.0
272.0
274.0
264.0
316.0
321.0
306.0
354.0
277.0
290.0
289.0
230.0
271.0
230.0
165.0
188.0
137.0
162.0
159.0
47.0
169.0
90.0
14.0
82.0
-10.0
-41.0
22.0
-65.0
-7.0
-26.0
-56.0
-22.0
-48.0
-109.0
-38.0
-101.0
-84.0
-106.0
-123.0
-46.0
-97.0
-117.0
-67.0
-157.0
-60.0
-79.0
-110.0
-72.0
-106.0
-86.0
-93.0
-154.0
-135.0
-162.0
-216.0
-100.0
-140.0
-144.0
-115.0
-177.0
-101.0
-95.0
-135.0
-105.0
-138.0
-135.0
-118.0
-134.0
-157.0
-102.0
-148.0
-96.0
-133.0
-119.0
-133.0
-161.0
-116.0
-101.0
-134.0
-99.0
-90.0
-99.0
-92.0
-114.0
-52.0
-83.0
-76.0
-53.0
-96.0
-69.0
-85.0
-114.0
-33.0
-91.0
-32.0
53.0
-14.0
-4.0
-5.0
-27.0
25.0
-21.0
-38.0
-4.0
-52.0
-14.0
5.0
-40.0
10.0
-1.0
-78.0
39.0
-13.0
-36.0
46.0
-17.0
3.0
-31.0
-46.0
-2.0
-46.0
-50.0
-35.0
-42.0
-12.0
-39.0
-67.0
-42.0
-69.0
-44.0
-22.0
-68.0
12.0
-39.0
-45.0
2.0
-68.0
-59.0
-4.0
-44.0
9.0
2.0
-11.0
56.0
8.0
10.0
22.0
-20.0
3.0
-52.0
14.0
-44.0
-2.0
-11.0
36.0
-50.0
22.0
3.0
36.0
109.0
34.0
62.0
45.0
36.0
61.0
82.0
76.0
143.0
93.0
114.0
23.0
80.0
56.0
32.0
17.0
59.0
-10.0
-1.0
6.0
-17.0
4.0
-25.0
-46.0
-28.0
-63.0
-22.0
-29.0
-48.0
-3.0
-22.0
-58.0
-54.0
-49.0
-1.0
-5.0
-43.0
5.0
-26.0
-62.0
-6.0
-47.0
-39.0
-55.0
-96.0
-48.0
-72.0
-46.0
-1.0
-54.0
6.0
15.0
15.0
55.0
30.0
30.0
89.0
48.0
83.0
96.0
65.0
79.0
40.0
24.0
39.0
5.0
39.0
36.0
-6.0
27.0
-1.0
12.0
58.0
44.0
-3.0
63.0
18.0
81.0
85.0
87.0
101.0
37.0
56.0
94.0
62.0
98.0
90.0
67.0
96.0
37.0
69.0
97.0
51.0
80.0
39.0
34.0
59.0
14.0
59.0
69.0
61.0
115.0
76.0
58.0
102.0
71.0
91.0
92.0
29.0
79.0
64.0
17.0
51.0
-26.0
16.0
30.0
4.0
44.0
8.0
7.0
48.0
18.0
52.0
42.0
35.0
65.0
64.0
50.0
79.0
49.0
94.0
124.0
80.0
134.0
162.0
161.0
195.0
146.0
142.0
135.0
86.0
145.0
84.0
88.0
117.0
79.0
91.0
93.0
71.0
130.0
104.0
51.0
87.0
61.0
88.0
126.0
70.0
129.0
112.0
114.0
158.0
118.0
155.0
159.0
94.0
142.0
108.0
86.0
139.0
69.0
99.0
111.0
49.0
89.0
71.0
43.0
96.0
67.0
129.0
104.0
68.0
73.0
137.0
129.0
191.0
150.0
129.0
163.0
136.0
177.0
129.0
101.0
114.0
58.0
104.0
134.0
89.0
175.0
130.0
115.0
160.0
119.0
150.0
164.0
117.0
111.0
118.0
102.0
136.0
106.0
135.0
148.0
90.0
116.0
109.0
112.0
127.0
128.0
141.0
146.0
115.0
145.0
118.0
80.0
90.0
103.0
78.0
111.0
45.0
103.0
79.0
89.0
126.0
70.0
133.0
70.0
125.0
103.0
138.0
102.0
137.0
116.0
148.0
160.0
123.0
115.0
158.0
157.0
143.0
99.0
91.0
120.0
84.0
139.0
117.0
74.0
93.0
69.0
109.0
124.0
68.0
160.0
128.0
171.0
183.0
135.0
79.0
204.0
162.0
161.0
199.0
153.0
208.0
132.0
150.0
157.0
77.0
146.0
51.0
102.0
110.0
41.0
115.0
98.0
51.0
157.0
106.0
111.0
180.0
137.0
184.0
191.0
142.0
207.0
188.0
175.0
220.0
129.0
219.0
190.0
139.0
216.0
186.0
193.0
232.0
159.0
182.0
186.0
189.0
215.0
171.0
173.0
202.0
140.0
200.0
208.0
148.0
136.0
226.0
177.0
231.0
161.0
194.0
147.0
135.0
158.0
126.0
159.0
180.0
107.0
200.0
200.0
136.0
194.0
168.0
164.0
203.0
167.0
187.0
209.0
150.0
245.0
216.0
210.0
257.0
197.0
227.0
222.0
200.0
252.0
241.0
256.0
341.0
342.0
346.0
385.0
359.0
390.0
327.0
418.0
386.0
391.0
399.0
397.0
307.0
434.0
327.0
302.0
307.0
172.0
328.0
260.0
183.0
203.0
138.0
114.0
152.0
53.0
192.0
127.0
95.0
136.0
143.0
113.0
131.0
56.0
81.0
96.0
76.0
128.0
56.0
146.0
219.0
166.0
172.0
164.0
127.0
166.0
130.0
145.0
146.0
97.0
139.0
113.0
97.0
120.0
108.0
103.0
131.0
87.0
107.0
130.0
116.0
180.0
134.0
134.0
108.0
200.0
175.0
196.0
154.0
207.0
181.0
164.0
205.0
166.0
169.0
128.0
72.0
89.0
70.0
55.0
101.0
65.0
92.0
102.0
63.0
120.0
74.0
61.0
96.0
84.0
127.0
128.0
8.0
175.0
52.0
42.0
79.0
46.0
82.0
148.0
139.0
148.0
109.0
91.0
102.0
62.0
75.0
104.0
59.0
92.0
46.0
15.0
43.0
-34.0
-7.0
68.0
8.0
55.0
17.0
-1.0
35.0
-10.0
12.0
64.0
42.0
70.0
34.0
70.0
97.0
40.0
82.0
77.0
60.0
92.0
82.0
78.0
182.0
100.0
109.0
120.0
54.0
83.0
46.0
49.0
91.0
49.0
52.0
51.0
-33.0
-21.0
-44.0
-49.0
-13.0
-48.0
-8.0
-5.0
-24.0
-6.0
-43.0
-60.0
-22.0
-44.0
23.0
24.0
-17.0
43.0
21.0
35.0
40.0
-5.0
-11.0
-20.0
-51.0
24.0
46.0
34.0
59.0
12.0
45.0
50.0
4.0
36.0
-27.0
-10.0
6.0
-45.0
-56.0
-31.0
-75.0
-20.0
-39.0
-45.0
-31.0
-81.0
-23.0
-7.0
-61.0
-18.0
-45.0
-46.0
-29.0
-107.0
-79.0
-63.0
-90.0
-20.0
-54.0
-69.0
-14.0
-114.0
-82.0
-54.0
-107.0
-60.0
-73.0
-88.0
-87.0
-123.0
-91.0
-91.0
-140.0
-104.0
-129.0
-131.0
-96.0
-165.0
-108.0
-91.0
-111.0
-52.0
-86.0
-90.0
-39.0
-66.0
-6.0
-27.0
-56.0
-2.0
-24.0
-43.0
-25.0
-84.0
-27.0
-34.0
-69.0
-48.0
-97.0
-128.0
-99.0
-155.0
-83.0
-112.0
-138.0
-58.0
-90.0
-95.0
-76.0
-110.0
-84.0
-93.0
-103.0
-88.0
-127.0
-146.0
-73.0
-111.0
-60.0
-58.0
-106.0
-70.0
-88.0
-54.0
-13.0
-61.0
-49.0
-58.0
-91.0
-22.0
-51.0
-78.0
-75.0
-110.0
-87.0
-61.0
-95.0
-39.0
-99.0
-130.0
-68.0
-115.0
-82.0
-114.0
-133.0
-93.0
-118.0
-107.0
-74.0
-106.0
-68.0
-64.0
-136.0
-54.0
-69.0
-32.0
9.0
-46.0
-33.0
-50.0
-90.0
-77.0
-112.0
-121.0
-85.0
-177.0
-165.0
-190.0
-215.0
-146.0
-153.0
-165.0
-138.0
-208.0
-152.0
-124.0
-160.0
-96.0
-130.0
-122.0
-102.0
-142.0
-111.0
-82.0
-127.0
-96.0
-186.0
-224.0
-191.0
-232.0
-239.0
-231.0
-296.0
-216.0
-253.0
-246.0
-212.0
-291.0
-248.0
-228.0
-265.0
-204.0
-205.0
-238.0
-213.0
-268.0
-207.0
-171.0
-224.0
-188.0
-211.0
-200.0
-173.0
-241.0
-208.0
-197.0
-202.0
-152.0
-187.0
-181.0
-139.0
-188.0
-153.0
-144.0
-187.0
-135.0
-207.0
-220.0
-176.0
-209.0
-208.0
-187.0
-203.0
-161.0
-156.0
-164.0
-167.0
-254.0
-214.0
-192.0
-234.0
-216.0
-287.0
-293.0
-317.0
-322.0
-282.0
-276.0
-332.0
-286.0
-294.0
-280.0
-213.0
-252.0
-196.0
-170.0
-239.0
-193.0
-227.0
-250.0
-216.0
-266.0
-265.0
-276.0
-352.0
-295.0
-316.0
-318.0
-281.0
-315.0
-309.0
-313.0
-344.0
-300.0
-281.0
-293.0
-241.0
-288.0
-263.0
-240.0
-290.0
-224.0
-265.0
-236.0
-238.0
-287.0
-247.0
-244.0
-260.0
-233.0
-248.0
-257.0
-214.0
-288.0
-254.0
-237.0
-262.0
-238.0
-251.0
-257.0
-204.0
-281.0
-214.0
-238.0
-247.0
-192.0
-220.0
-224.0
-178.0
-269.0
-241.0
-239.0
-274.0
-221.0
-269.0
-253.0
-210.0
-262.0
-223.0
-184.0
-238.0
-201.0
-247.0
-255.0
-234.0
-271.0
-236.0
-235.0
-281.0
-247.0
-266.0
-278.0
-222.0
-249.0
-211.0
-216.0
-235.0
-202.0
-229.0
-254.0
-242.0
-271.0
-215.0
-196.0
-304.0
-208.0
-280.0
-243.0
-194.0
-237.0
-220.0
-231.0
-299.0
-259.0
-296.0
-296.0
-247.0
-297.0
-274.0
-277.0
-319.0
-267.0
-277.0
-286.0
-249.0
-304.0
-235.0
-240.0
-262.0
-214.0
-261.0
-241.0
-220.0
-303.0
-270.0
-261.0
-297.0
-266.0
-302.0
-319.0
-278.0
-331.0
-285.0
-267.0
-325.0
-256.0
-323.0
-308.0
-270.0
-324.0
-282.0
-288.0
-310.0
-258.0
-266.0
-279.0
-237.0
-288.0
-247.0
-233.0
-265.0
-201.0
-231.0
-231.0
-202.0
-242.0
-201.0
-200.0
-262.0
-212.0
-273.0
-266.0
-220.0
-255.0
-256.0
-250.0
-306.0
-240.0
-268.0
-249.0
-207.0
-297.0
-225.0
-245.0
-285.0
-220.0
-277.0
-266.0
-266.0
-289.0
-268.0
-253.0
-303.0
-373.0
-330.0
-183.0
-322.0
-305.0
-233.0
-237.0
-173.0
-366.0
-198.0
-253.0
-171.0
-276.0
-257.0
-331.0
-206.0
-201.0
-264.0
-251.0
-220.0
-261.0
-263.0
-305.0
-290.0
-266.0
-279.0
-342.0
-340.0
-285.0
-285.0
-286.0
-369.0
-195.0
-299.0
-209.0
-203.0
-251.0
-227.0
-202.0
-300.0
-208.0
-208.0
-197.0
-173.0
-252.0
-205.0
-248.0
-295.0
-234.0
-333.0
-344.0
-200.0
-305.0
-282.0
-207.0
-274.0
-188.0
-259.0
-210.0
-149.0
-291.0
-182.0
-331.0
-174.0
-180.0
-230.0
-217.0
-180.0
-211.0
-220.0
-222.0
-206.0
-153.0
-204.0
-190.0
-172.0
-235.0
-224.0
-172.0
-205.0
-224.0
-177.0
