4 0.691209
5 0.689388
7 0.690834
9 0.692462
11 0.693961
13 0.696494
16 0.702818
20 0.713651
23 0.721292
28 0.729290
33 0.729264
38 0.724640
45 0.716835
52 0.709267
60 0.702617
69 0.697991
79 0.695037
91 0.692730
104 0.690744
119 0.688714
135 0.686663
154 0.684513
174 0.682719
198 0.681935
223 0.682923
252 0.685034
285 0.687087
321 0.688986
362 0.692778
407 0.699904
457 0.709018
513 0.719088
575 0.728959
645 0.737339
723 0.742554
809 0.745023
905 0.745337
1011 0.744266
1130 0.741304
1261 0.736246
1407 0.731282
1570 0.727474
