4 0.133223
5 0.153978
7 0.197901
9 0.242404
11 0.285015
13 0.324213
16 0.373808
20 0.421447
23 0.446542
28 0.476694
33 0.498311
38 0.513928
45 0.527058
52 0.532452
60 0.532466
69 0.527584
79 0.518908
91 0.506019
104 0.490534
119 0.472050
135 0.452914
154 0.432299
174 0.413615
198 0.396098
223 0.384630
252 0.376611
285 0.369256
321 0.363209
362 0.359162
407 0.356094
457 0.350657
513 0.339558
575 0.321441
645 0.297071
723 0.270073
809 0.245083
905 0.224824
1011 0.210665
1130 0.199788
1261 0.189689
1407 0.179767
1570 0.171758
