4 0.767898
5 0.741664
7 0.719761
9 0.722778
11 0.731344
13 0.740019
16 0.751900
20 0.766651
23 0.777332
28 0.793337
33 0.805579
38 0.813878
45 0.820267
52 0.822228
60 0.820766
69 0.815933
79 0.808016
91 0.796301
104 0.782014
119 0.764499
135 0.745329
154 0.722668
174 0.700165
198 0.676577
223 0.657176
252 0.641381
285 0.630344
321 0.623762
362 0.620644
407 0.619724
457 0.619216
513 0.618121
575 0.615847
645 0.612706
723 0.608484
809 0.602787
905 0.596283
1011 0.590345
1130 0.585822
1261 0.583398
1407 0.585320
1570 0.593694
1750 0.609819
