4 0.389150
5 0.395620
7 0.405440
9 0.410016
11 0.415431
13 0.423280
16 0.439307
20 0.465366
23 0.484452
28 0.508447
33 0.522529
38 0.531725
45 0.541652
52 0.548573
60 0.554520
69 0.559849
79 0.564558
91 0.568693
104 0.571506
119 0.572024
135 0.568654
154 0.559165
174 0.543201
198 0.517547
223 0.486118
252 0.448029
285 0.407785
321 0.369872
362 0.332164
407 0.295818
457 0.262957
513 0.235174
575 0.213416
645 0.198297
723 0.190065
809 0.188224
905 0.192479
1011 0.201869
1130 0.215314
1261 0.231113
1407 0.248599
1570 0.266428
1750 0.289540
