4 0.604850
5 0.633965
7 0.673461
9 0.698357
11 0.714739
13 0.725270
16 0.733988
20 0.737325
23 0.735711
28 0.729203
33 0.721335
38 0.713434
45 0.701864
52 0.689095
60 0.673860
69 0.657019
79 0.639473
91 0.620293
104 0.601237
119 0.581056
135 0.561912
154 0.542727
174 0.525518
198 0.507144
223 0.488570
252 0.466793
285 0.442395
321 0.417556
362 0.392033
407 0.366998
457 0.341538
513 0.314981
575 0.287662
645 0.259817
723 0.233717
809 0.211741
905 0.195663
1011 0.186294
1130 0.185033
1261 0.189668
1407 0.195800
1570 0.200831
1750 0.205077
