4 0.989303
5 0.983189
7 0.964857
9 0.943623
11 0.919621
13 0.893594
16 0.858555
20 0.824077
23 0.809355
28 0.800484
33 0.803377
38 0.811906
45 0.825881
52 0.837720
60 0.847560
69 0.854904
79 0.859834
91 0.862659
104 0.863345
119 0.862405
135 0.860609
154 0.858657
174 0.857198
198 0.855725
223 0.854252
252 0.852752
285 0.851435
321 0.849560
362 0.846629
407 0.843512
457 0.840419
513 0.836578
575 0.830836
645 0.822124
723 0.811266
809 0.801305
905 0.793256
1011 0.786633
1130 0.780225
1261 0.773492
1407 0.766345
1570 0.760388
