4 0.334216
5 0.299388
7 0.266319
9 0.256522
11 0.248695
13 0.239860
16 0.224447
20 0.202210
23 0.187471
28 0.169627
33 0.158678
38 0.152536
45 0.150021
52 0.151491
60 0.155454
69 0.161468
79 0.168948
91 0.178089
104 0.187791
119 0.198680
135 0.209645
154 0.221255
174 0.231976
198 0.243514
223 0.254501
252 0.266226
285 0.278728
321 0.292059
362 0.307272
407 0.323720
457 0.339887
513 0.352963
575 0.360719
645 0.362451
723 0.358310
809 0.349953
905 0.339457
1011 0.329982
1130 0.323767
1261 0.322958
1407 0.323842
1570 0.318214
