4 0.249154
5 0.268940
7 0.321971
9 0.381727
11 0.438548
13 0.488678
16 0.551393
20 0.616507
23 0.653856
28 0.699389
33 0.730188
38 0.751292
45 0.770102
52 0.781011
60 0.787913
69 0.791634
79 0.792871
91 0.792085
104 0.789954
119 0.786958
135 0.783609
154 0.779592
174 0.775302
198 0.769944
223 0.763895
252 0.755903
285 0.745554
321 0.733040
362 0.717849
407 0.701484
457 0.684925
513 0.668287
575 0.651499
645 0.634720
723 0.619084
809 0.607238
905 0.600128
1011 0.595003
1130 0.589415
1261 0.582308
1407 0.572070
1570 0.560005
1750 0.543812
