4 0.011586
5 0.012299
7 0.020240
9 0.039888
11 0.070378
13 0.107427
16 0.170212
20 0.258454
23 0.319703
28 0.406423
33 0.474409
38 0.526570
45 0.578039
52 0.611129
60 0.634220
69 0.648408
79 0.655583
91 0.657668
104 0.656052
119 0.652391
135 0.647657
154 0.640773
174 0.631463
198 0.617213
223 0.599272
252 0.575780
285 0.548058
321 0.519161
362 0.489221
407 0.460082
457 0.433068
513 0.408544
575 0.385949
645 0.364215
723 0.343895
809 0.324813
905 0.305345
1011 0.283879
1130 0.260012
1261 0.235957
1407 0.214340
1570 0.196769
1750 0.184104
