4 0.659858
5 0.650210
7 0.644121
9 0.651845
11 0.668918
13 0.690972
16 0.725031
20 0.762563
23 0.783497
28 0.808323
33 0.824314
38 0.834325
45 0.842278
52 0.845447
60 0.844985
69 0.841425
79 0.836121
91 0.829827
104 0.823718
119 0.817361
135 0.811739
154 0.807087
174 0.804052
198 0.802088
223 0.801103
252 0.799363
285 0.794789
321 0.786525
362 0.774873
407 0.760967
457 0.745314
513 0.729625
575 0.716289
645 0.706265
723 0.701046
809 0.698001
905 0.695953
1011 0.694283
1130 0.692405
1261 0.690486
1407 0.688978
1570 0.688484
1750 0.690344
