4 0.464023
5 0.404549
7 0.321391
9 0.291530
11 0.277827
13 0.270374
16 0.272109
20 0.283199
23 0.293656
28 0.310572
33 0.327089
38 0.343821
45 0.366636
52 0.387168
60 0.406686
69 0.424528
79 0.440761
91 0.455763
104 0.466696
119 0.473403
135 0.475188
154 0.472304
174 0.465834
198 0.456017
223 0.445363
252 0.433403
285 0.420704
321 0.409001
362 0.399551
407 0.392691
457 0.387645
513 0.382979
575 0.377423
645 0.371530
723 0.369176
809 0.370909
905 0.376923
1011 0.385136
1130 0.390577
1261 0.388155
1407 0.379342
1570 0.368358
