4 0.639482
5 0.648426
7 0.678801
9 0.712694
11 0.739908
13 0.758927
16 0.777679
20 0.792781
23 0.801444
28 0.815033
33 0.827519
38 0.838137
45 0.850060
52 0.859064
60 0.866652
69 0.873007
79 0.878530
91 0.883846
104 0.888444
119 0.892515
135 0.895583
154 0.897876
174 0.899083
198 0.899339
223 0.898616
252 0.896929
285 0.894220
321 0.890486
362 0.885450
407 0.879053
457 0.870960
513 0.861113
575 0.850157
645 0.838635
723 0.827382
809 0.816778
905 0.806488
1011 0.796484
1130 0.785362
1261 0.773013
1407 0.760097
1570 0.747441
1750 0.737447
