465.0
467.0
488.0
488.0
456.0
432.0
363.0
334.0
282.0
219.0
200.0
136.0
131.0
97.0
89.0
53.0
0.0
-13.0
-39.0
-49.0
-36.0
-43.0
-95.0
-80.0
-116.0
-128.0
-123.0
-131.0
-168.0
-177.0
-194.0
-185.0
-173.0
-195.0
-169.0
-184.0
-178.0
-178.0
-179.0
-199.0
-213.0
-208.0
-177.0
-244.0
-223.0
-214.0
-206.0
-181.0
-201.0
-190.0
-184.0
-187.0
-182.0
-170.0
-153.0
-165.0
-157.0
-158.0
-149.0
-155.0
-155.0
-170.0
-156.0
-141.0
-162.0
-153.0
-161.0
-149.0
-162.0
-146.0
-170.0
-166.0
-174.0
-153.0
-158.0
-160.0
-156.0
-128.0
-169.0
-143.0
-128.0
-126.0
-141.0
-144.0
-142.0
-155.0
-155.0
-131.0
-184.0
-134.0
-124.0
-132.0
-144.0
-137.0
-120.0
-93.0
-104.0
-110.0
-114.0
-146.0
-124.0
-105.0
-104.0
-78.0
-86.0
-101.0
-102.0
-109.0
-80.0
-78.0
-63.0
-79.0
-68.0
-74.0
-83.0
-78.0
-91.0
-83.0
-120.0
-109.0
-126.0
-91.0
-118.0
-148.0
-103.0
-114.0
-125.0
-87.0
-84.0
-79.0
-69.0
-82.0
-62.0
-54.0
-92.0
-64.0
-84.0
-72.0
-105.0
-139.0
-121.0
-129.0
-99.0
-74.0
-90.0
-83.0
-77.0
-68.0
-49.0
-77.0
-64.0
-95.0
-123.0
-110.0
-105.0
-108.0
-121.0
-91.0
-97.0
-81.0
-90.0
-73.0
-72.0
-64.0
-83.0
-83.0
-80.0
-66.0
-89.0
-75.0
-79.0
-100.0
-95.0
-97.0
-80.0
-76.0
-73.0
-51.0
-51.0
-53.0
-67.0
-51.0
-74.0
-59.0
-59.0
-55.0
-55.0
-63.0
-57.0
-35.0
-53.0
-15.0
-29.0
-22.0
-8.0
2.0
-10.0
-11.0
-7.0
-1.0
-8.0
-23.0
-30.0
-40.0
-52.0
-44.0
-43.0
-62.0
-64.0
-44.0
-39.0
-35.0
-20.0
-58.0
-65.0
-40.0
-34.0
-43.0
-49.0
-64.0
-43.0
-44.0
-70.0
-50.0
-79.0
-62.0
-49.0
-46.0
-70.0
-39.0
-53.0
-40.0
-57.0
-20.0
-4.0
-13.0
-39.0
-25.0
-50.0
-65.0
-49.0
-43.0
-20.0
-33.0
-15.0
-14.0
-28.0
-14.0
-5.0
4.0
-8.0
-27.0
-15.0
17.0
8.0
-1.0
-24.0
8.0
-23.0
-33.0
-40.0
-43.0
-25.0
2.0
-14.0
3.0
13.0
9.0
7.0
-1.0
11.0
41.0
-4.0
-13.0
0.0
7.0
-2.0
-6.0
-23.0
9.0
-17.0
-6.0
7.0
18.0
10.0
-4.0
6.0
24.0
5.0
30.0
32.0
13.0
-4.0
-12.0
-6.0
23.0
24.0
8.0
51.0
20.0
22.0
2.0
5.0
35.0
24.0
30.0
-3.0
3.0
3.0
-1.0
4.0
-18.0
3.0
16.0
32.0
15.0
61.0
31.0
6.0
23.0
39.0
17.0
42.0
32.0
-4.0
7.0
4.0
25.0
1.0
-26.0
-13.0
-22.0
-22.0
1.0
10.0
31.0
15.0
22.0
15.0
33.0
10.0
1.0
19.0
14.0
46.0
24.0
48.0
9.0
12.0
33.0
32.0
21.0
-9.0
14.0
27.0
30.0
43.0
24.0
27.0
34.0
13.0
18.0
6.0
3.0
-15.0
4.0
7.0
-13.0
-20.0
-36.0
4.0
-14.0
-1.0
20.0
33.0
25.0
34.0
24.0
18.0
6.0
7.0
-14.0
-1.0
5.0
1.0
-2.0
8.0
16.0
12.0
33.0
41.0
22.0
36.0
26.0
39.0
5.0
32.0
13.0
6.0
-1.0
-7.0
26.0
-1.0
-1.0
36.0
44.0
10.0
23.0
34.0
52.0
78.0
62.0
44.0
46.0
16.0
33.0
8.0
-5.0
-1.0
-44.0
10.0
-1.0
26.0
8.0
19.0
13.0
6.0
2.0
-26.0
-31.0
-11.0
-27.0
-42.0
-16.0
7.0
10.0
16.0
16.0
-17.0
8.0
26.0
45.0
15.0
18.0
36.0
22.0
51.0
30.0
21.0
16.0
18.0
23.0
16.0
23.0
-16.0
29.0
8.0
17.0
29.0
21.0
26.0
22.0
34.0
25.0
14.0
9.0
1.0
25.0
18.0
20.0
-1.0
18.0
15.0
9.0
20.0
32.0
11.0
31.0
-1.0
22.0
1.0
0.0
20.0
9.0
14.0
-10.0
-15.0
4.0
-1.0
17.0
31.0
-5.0
-1.0
-6.0
-11.0
-3.0
-7.0
-10.0
11.0
13.0
-19.0
4.0
-21.0
-23.0
3.0
-22.0
-43.0
-21.0
-12.0
-5.0
-34.0
-31.0
-25.0
-16.0
-21.0
-37.0
-29.0
-14.0
-37.0
-36.0
-25.0
-8.0
5.0
2.0
21.0
8.0
1.0
12.0
14.0
21.0
25.0
1.0
25.0
12.0
11.0
2.0
14.0
3.0
21.0
10.0
35.0
24.0
15.0
29.0
-2.0
26.0
46.0
29.0
16.0
21.0
-5.0
-1.0
-22.0
-3.0
-17.0
-33.0
-4.0
-2.0
10.0
18.0
-8.0
11.0
29.0
6.0
6.0
26.0
11.0
15.0
16.0
9.0
5.0
22.0
26.0
53.0
17.0
46.0
-16.0
-1.0
46.0
15.0
24.0
12.0
33.0
8.0
10.0
14.0
22.0
22.0
28.0
21.0
20.0
33.0
59.0
43.0
50.0
45.0
35.0
35.0
23.0
48.0
40.0
42.0
68.0
36.0
15.0
26.0
25.0
54.0
13.0
44.0
51.0
56.0
43.0
43.0
41.0
51.0
38.0
54.0
46.0
59.0
70.0
56.0
45.0
52.0
37.0
64.0
50.0
39.0
28.0
36.0
55.0
65.0
60.0
56.0
78.0
58.0
33.0
40.0
28.0
49.0
39.0
30.0
36.0
42.0
30.0
53.0
37.0
37.0
33.0
30.0
74.0
44.0
32.0
45.0
41.0
46.0
3.0
-12.0
3.0
8.0
-9.0
15.0
10.0
10.0
25.0
44.0
59.0
25.0
55.0
33.0
14.0
20.0
28.0
23.0
24.0
24.0
33.0
24.0
28.0
42.0
25.0
43.0
67.0
73.0
53.0
49.0
24.0
48.0
24.0
16.0
33.0
51.0
54.0
49.0
41.0
53.0
31.0
35.0
47.0
37.0
71.0
27.0
38.0
69.0
65.0
61.0
36.0
27.0
44.0
16.0
15.0
36.0
29.0
50.0
61.0
44.0
70.0
89.0
88.0
92.0
82.0
69.0
68.0
77.0
80.0
65.0
76.0
104.0
74.0
42.0
20.0
8.0
26.0
14.0
26.0
22.0
30.0
31.0
39.0
52.0
51.0
45.0
26.0
24.0
20.0
25.0
10.0
33.0
29.0
31.0
25.0
8.0
23.0
27.0
14.0
11.0
18.0
14.0
-28.0
-27.0
4.0
-27.0
-26.0
-24.0
-7.0
-17.0
-15.0
-10.0
-14.0
11.0
14.0
7.0
-14.0
0.0
15.0
24.0
5.0
-9.0
-6.0
-13.0
-14.0
8.0
-43.0
-36.0
-55.0
-27.0
-7.0
-44.0
-23.0
-37.0
-36.0
-10.0
-1.0
-7.0
-4.0
-16.0
-44.0
-10.0
-62.0
-58.0
-58.0
-63.0
-17.0
-15.0
-20.0
-3.0
-13.0
-9.0
-17.0
-21.0
-2.0
-29.0
-52.0
-40.0
-19.0
0.0
11.0
-23.0
-20.0
-3.0
3.0
-5.0
8.0
-9.0
-16.0
-27.0
-5.0
-32.0
0.0
20.0
-1.0
18.0
35.0
17.0
58.0
60.0
54.0
56.0
36.0
29.0
30.0
15.0
41.0
43.0
16.0
24.0
12.0
18.0
12.0
15.0
-4.0
-8.0
-2.0
23.0
32.0
-2.0
14.0
22.0
7.0
10.0
0.0
0.0
-10.0
-8.0
-17.0
-7.0
4.0
25.0
-13.0
4.0
-9.0
8.0
-20.0
-22.0
-9.0
-44.0
-18.0
-12.0
-13.0
-5.0
-23.0
-5.0
5.0
-21.0
10.0
-3.0
5.0
5.0
17.0
6.0
-15.0
-1.0
-5.0
-15.0
8.0
-3.0
-16.0
10.0
5.0
-1.0
4.0
26.0
2.0
8.0
4.0
-27.0
-20.0
-37.0
-26.0
-6.0
-11.0
-29.0
-33.0
-1.0
-18.0
-13.0
-23.0
-4.0
-56.0
-16.0
-11.0
-16.0
-10.0
-10.0
1.0
-21.0
-25.0
-17.0
-4.0
-4.0
8.0
-10.0
10.0
39.0
63.0
-1.0
-7.0
-1.0
12.0
-4.0
-3.0
-12.0
1.0
16.0
13.0
7.0
31.0
25.0
46.0
41.0
16.0
42.0
24.0
21.0
50.0
37.0
47.0
43.0
-5.0
6.0
2.0
-11.0
-2.0
-8.0
9.0
13.0
23.0
56.0
35.0
39.0
67.0
27.0
46.0
23.0
33.0
32.0
4.0
1.0
11.0
-12.0
-18.0
-23.0
-30.0
10.0
30.0
27.0
40.0
28.0
48.0
37.0
22.0
-2.0
-18.0
-37.0
-22.0
-33.0
-33.0
-60.0
-63.0
-34.0
-36.0
-3.0
5.0
-4.0
-6.0
32.0
8.0
24.0
-12.0
-8.0
-16.0
-49.0
-59.0
-25.0
-24.0
-26.0
-48.0
-36.0
-20.0
-7.0
14.0
1.0
1.0
16.0
2.0
16.0
11.0
11.0
-17.0
-6.0
1.0
1.0
-15.0
1.0
44.0
30.0
33.0
62.0
58.0
63.0
46.0
56.0
35.0
18.0
18.0
-13.0
-4.0
-17.0
-36.0
-55.0
-78.0
-84.0
-105.0
-131.0
-133.0
-121.0
-140.0
-164.0
-165.0
-154.0
-149.0
-166.0
-197.0
-201.0
-192.0
-192.0
-232.0
-178.0
-172.0
-136.0
-145.0
-132.0
-150.0
-154.0
-166.0
-165.0
-132.0
-150.0
-165.0
-128.0
-150.0
-131.0
-143.0
-137.0
-128.0
-147.0
-172.0
-161.0
-161.0
-138.0
-117.0
-136.0
-142.0
-140.0
-133.0
-109.0
-113.0
-96.0
-112.0
-109.0
-96.0
-84.0
-103.0
-69.0
-81.0
-98.0
-84.0
-99.0
-74.0
-58.0
-55.0
-54.0
-74.0
-121.0
-100.0
-52.0
-60.0
-83.0
-101.0
-93.0
-105.0
-79.0
-81.0
-65.0
-61.0
-41.0
-39.0
-60.0
-72.0
-96.0
-109.0
-143.0
-136.0
-157.0
-187.0
-180.0
-196.0
-202.0
-178.0
-185.0
-162.0
-133.0
-139.0
-121.0
-135.0
-135.0
-127.0
-148.0
-139.0
-135.0
-162.0
-180.0
-152.0
-140.0
-147.0
-120.0
-140.0
-106.0
-137.0
-110.0
-107.0
-106.0
-102.0
-107.0
-99.0
-127.0
-86.0
-86.0
-89.0
-101.0
-95.0
-95.0
-72.0
-84.0
-90.0
-85.0
-81.0
-86.0
-77.0
-111.0
-82.0
-83.0
-93.0
-81.0
-97.0
-103.0
-80.0
-89.0
-113.0
-102.0
-92.0
-67.0
-109.0
-84.0
-81.0
-98.0
-81.0
-106.0
-100.0
-113.0
-126.0
-129.0
-117.0
-127.0
-118.0
-99.0
-112.0
-98.0
-105.0
-89.0
-92.0
-87.0
-92.0
-109.0
-122.0
-111.0
-123.0
-132.0
-134.0
-115.0
-118.0
-154.0
-140.0
-103.0
-117.0
-103.0
-90.0
-82.0
-78.0
-79.0
-85.0
-73.0
-107.0
-81.0
-88.0
-87.0
-68.0
-71.0
-68.0
-69.0
-53.0
-56.0
-58.0
-87.0
-37.0
-64.0
-69.0
-96.0
-69.0
-82.0
-71.0
-78.0
-69.0
-63.0
-69.0
-60.0
-49.0
-44.0
-39.0
-44.0
-35.0
-49.0
-79.0
-48.0
-32.0
-20.0
-21.0
-28.0
-45.0
-43.0
-37.0
-30.0
-35.0
-30.0
-23.0
-40.0
-28.0
-11.0
-21.0
-11.0
-21.0
-38.0
-17.0
-4.0
-43.0
-12.0
-33.0
-12.0
43.0
22.0
72.0
73.0
80.0
76.0
83.0
112.0
112.0
108.0
110.0
99.0
106.0
111.0
101.0
96.0
77.0
72.0
64.0
34.0
68.0
68.0
80.0
71.0
87.0
110.0
128.0
115.0
96.0
105.0
96.0
59.0
15.0
101.0
155.0
260.0
337.0
411.0
476.0
514.0
545.0
546.0
546.0
495.0
477.0
376.0
367.0
331.0
293.0
250.0
207.0
205.0
185.0
163.0
140.0
136.0
122.0
118.0
104.0
98.0
87.0
83.0
81.0
66.0
60.0
64.0
59.0
45.0
21.0
14.0
16.0
9.0
-7.0
3.0
18.0
24.0
30.0
32.0
30.0
8.0
7.0
-18.0
-27.0
-46.0
-53.0
-44.0
-15.0
-4.0
-34.0
-21.0
-22.0
-20.0
-35.0
-66.0
-56.0
-18.0
-20.0
4.0
-6.0
-33.0
-21.0
-24.0
-17.0
-16.0
-34.0
-41.0
-18.0
-14.0
-32.0
-41.0
-59.0
-42.0
-39.0
-43.0
-22.0
-18.0
-1.0
-9.0
-42.0
-26.0
-16.0
-14.0
-6.0
-12.0
-26.0
-16.0
-31.0
-23.0
-22.0
-36.0
-28.0
-52.0
-79.0
-15.0
-16.0
-32.0
-48.0
-44.0
-31.0
-56.0
-30.0
-53.0
-59.0
-50.0
-41.0
-11.0
-47.0
-44.0
-37.0
-39.0
-20.0
-31.0
-49.0
-53.0
-71.0
-103.0
-106.0
-99.0
-90.0
-92.0
-86.0
-78.0
-61.0
-83.0
-64.0
-52.0
-49.0
-56.0
-65.0
-66.0
-55.0
-58.0
-62.0
-47.0
-56.0
-42.0
-30.0
-68.0
-63.0
-68.0
-59.0
-61.0
-65.0
-56.0
-44.0
-63.0
-50.0
-74.0
-80.0
-78.0
-70.0
-62.0
-66.0
-88.0
-74.0
-84.0
-67.0
-90.0
-101.0
-109.0
-112.0
-107.0
-89.0
-96.0
-107.0
-110.0
-103.0
-113.0
-139.0
-123.0
-108.0
-98.0
-80.0
-81.0
-99.0
-48.0
16.0
64.0
137.0
180.0
239.0
271.0
284.0
326.0
363.0
403.0
412.0
414.0
436.0
421.0
457.0
418.0
430.0
418.0
397.0
364.0
356.0
335.0
334.0
342.0
306.0
318.0
290.0
266.0
254.0
271.0
221.0
220.0
187.0
185.0
204.0
151.0
153.0
131.0
132.0
172.0
181.0
185.0
229.0
262.0
260.0
276.0
273.0
289.0
303.0
309.0
306.0
300.0
300.0
277.0
253.0
261.0
202.0
204.0
194.0
164.0
138.0
121.0
94.0
79.0
41.0
-17.0
-55.0
-79.0
-127.0
-151.0
-184.0
-206.0
-215.0
-248.0
-247.0
-291.0
-267.0
-262.0
-318.0
-316.0
-381.0
-378.0
-378.0
-356.0
-346.0
-347.0
-347.0
-333.0
-336.0
-305.0
-306.0
-342.0
-354.0
-301.0
-291.0
-305.0
-244.0
-241.0
-218.0
-268.0
-250.0
-255.0
-250.0
-278.0
-254.0
-257.0
-243.0
-225.0
-232.0
-229.0
-222.0
-215.0
-215.0
-236.0
-246.0
-237.0
-224.0
-239.0
-244.0
-240.0
-262.0
-260.0
-249.0
-263.0
-249.0
-224.0
-238.0
-205.0
-206.0
-200.0
-203.0
-209.0
-223.0
-203.0
-203.0
-202.0
-210.0
-196.0
-194.0
-220.0
-207.0
-185.0
-184.0
-182.0
-196.0
-196.0
-211.0
-205.0
-199.0
-206.0
-194.0
-180.0
-170.0
-206.0
-192.0
-196.0
-181.0
-192.0
-191.0
-184.0
-170.0
-185.0
-149.0
-178.0
-143.0
-159.0
-153.0
-144.0
-171.0
-165.0
-155.0
-149.0
-154.0
-157.0
-188.0
-164.0
-172.0
-177.0
-200.0
-192.0
-162.0
-181.0
-161.0
-135.0
-153.0
-153.0
-147.0
-150.0
-143.0
-140.0
-145.0
-146.0
-145.0
-132.0
-129.0
-157.0
-146.0
-134.0
-120.0
-110.0
-118.0
-111.0
-96.0
-119.0
-100.0
-115.0
-110.0
-111.0
-89.0
-93.0
-116.0
-122.0
-114.0
-83.0
-69.0
-87.0
-103.0
-120.0
-124.0
-133.0
-107.0
-134.0
-116.0
-106.0
-148.0
-141.0
-98.0
-112.0
-107.0
-101.0
-134.0
-124.0
-134.0
-110.0
-102.0
-133.0
-113.0
-113.0
-106.0
-116.0
-121.0
-125.0
-103.0
-134.0
-107.0
-116.0
-127.0
-117.0
-133.0
-133.0
-111.0
-111.0
-87.0
-77.0
-115.0
-90.0
-126.0
-134.0
-100.0
-131.0
-109.0
-88.0
-82.0
-56.0
-44.0
-21.0
10.0
31.0
86.0
120.0
148.0
197.0
261.0
261.0
304.0
348.0
385.0
402.0
398.0
423.0
429.0
421.0
413.0
410.0
378.0
342.0
282.0
270.0
238.0
198.0
204.0
228.0
232.0
250.0
266.0
257.0
262.0
212.0
229.0
216.0
207.0
203.0
229.0
244.0
258.0
262.0
287.0
285.0
302.0
332.0
341.0
359.0
340.0
337.0
324.0
319.0
331.0
318.0
333.0
335.0
310.0
318.0
322.0
270.0
279.0
263.0
248.0
244.0
231.0
216.0
169.0
116.0
102.0
74.0
41.0
12.0
-4.0
-21.0
-10.0
4.0
-25.0
-24.0
-56.0
-59.0
-118.0
-142.0
-149.0
-183.0
-216.0
-244.0
-272.0
-276.0
-262.0
-289.0
-271.0
-267.0
-254.0
-258.0
-266.0
-252.0
-289.0
-249.0
-270.0
-287.0
-284.0
-287.0
-270.0
-265.0
-267.0
-286.0
-317.0
-290.0
-286.0
-251.0
-250.0
-255.0
-262.0
-254.0
-252.0
-257.0
-271.0
-285.0
-277.0
-284.0
-259.0
-306.0
-316.0
-315.0
-318.0
-283.0
-315.0
-290.0
-269.0
-237.0
-185.0
-227.0
-221.0
-206.0
-205.0
-209.0
-253.0
-257.0
-259.0
-268.0
-226.0
-259.0
-256.0
-237.0
-232.0
-221.0
-252.0
-239.0
-251.0
-252.0
-233.0
-247.0
-252.0
-227.0
-253.0
-238.0
-263.0
-248.0
-276.0
-235.0
-251.0
-224.0
-245.0
-216.0
-190.0
-193.0
-174.0
-173.0
-163.0
-142.0
-177.0
-163.0
-161.0
-166.0
-195.0
-198.0
-217.0
-196.0
-216.0
-210.0
-193.0
-181.0
-143.0
-114.0
-158.0
-168.0
-127.0
-150.0
-149.0
-118.0
-141.0
-140.0
-141.0
-173.0
-146.0
-154.0
-120.0
-117.0
-90.0
-70.0
-60.0
-70.0
-21.0
-20.0
7.0
58.0
111.0
188.0
274.0
345.0
409.0
485.0
523.0
561.0
559.0
560.0
542.0
505.0
467.0
450.0
390.0
344.0
306.0
264.0
202.0
159.0
120.0
61.0
49.0
-11.0
-26.0
-23.0
-84.0
-85.0
-107.0
-167.0
-196.0
-216.0
-224.0
-274.0
-291.0
-327.0
-338.0
-340.0
-333.0
-355.0
-340.0
-338.0
-373.0
-368.0
-366.0
-360.0
-361.0
-337.0
-320.0
-305.0
-319.0
-336.0
-326.0
-385.0
-360.0
-336.0
-323.0
-310.0
-313.0
-312.0
-310.0
-278.0
-302.0
-331.0
-316.0
-316.0
-310.0
-312.0
-297.0
-293.0
-286.0
-294.0
-308.0
-278.0
-251.0
-239.0
-232.0
-222.0
-222.0
-220.0
-224.0
-201.0
-224.0
-247.0
-237.0
-242.0
-227.0
-235.0
-268.0
-251.0
-247.0
-240.0
-252.0
-258.0
-253.0
-256.0
-250.0
-250.0
-263.0
-252.0
-232.0
-261.0
-246.0
-266.0
-249.0
-237.0
-248.0
-246.0
-260.0
-227.0
-248.0
-214.0
-214.0
-212.0
-225.0
-211.0
-180.0
-180.0
-158.0
-159.0
-169.0
-164.0
-169.0
-204.0
-191.0
-204.0
-190.0
-167.0
-155.0
-153.0
-112.0
-97.0
-34.0
29.0
65.0
142.0
213.0
280.0
337.0
361.0
374.0
382.0
392.0
413.0
395.0
412.0
385.0
346.0
367.0
305.0
303.0
252.0
221.0
160.0
135.0
85.0
50.0
32.0
0.0
2.0
-39.0
-51.0
-94.0
-100.0
-102.0
-146.0
-154.0
-182.0
-197.0
-206.0
-238.0
-243.0
-266.0
-261.0
-235.0
-267.0
-256.0
-232.0
-256.0
-251.0
-255.0
-239.0
-219.0
-253.0
-253.0
-230.0
-235.0
-235.0
-245.0
-222.0
-185.0
-238.0
-219.0
-209.0
-237.0
-204.0
-200.0
-219.0
-195.0
-217.0
-194.0
-202.0
-214.0
-202.0
-204.0
-216.0
-196.0
-191.0
-203.0
-175.0
-178.0
-189.0
-176.0
-220.0
-168.0
-191.0
-193.0
-170.0
-170.0
-177.0
-157.0
-176.0
-156.0
-178.0
-184.0
-182.0
-183.0
-169.0
-129.0
-184.0
-180.0
-164.0
-144.0
-133.0
-119.0
-119.0
-99.0
-117.0
-88.0
-100.0
-129.0
-125.0
-131.0
-124.0
-112.0
-113.0
-111.0
-98.0
-94.0
-95.0
-97.0
-98.0
-119.0
-129.0
-95.0
-114.0
-125.0
-92.0
-102.0
-92.0
-94.0
-105.0
-119.0
-121.0
-108.0
-111.0
-80.0
-88.0
-73.0
-82.0
-76.0
-67.0
-59.0
-78.0
-83.0
-113.0
-70.0
-51.0
-65.0
-56.0
-64.0
-83.0
-86.0
-72.0
-76.0
-70.0
-58.0
-78.0
-70.0
-57.0
-55.0
-77.0
-71.0
-54.0
-61.0
-86.0
-95.0
-102.0
-103.0
-72.0
-70.0
-55.0
-48.0
-65.0
-65.0
-56.0
-64.0
-66.0
-57.0
-70.0
-50.0
-42.0
-26.0
-43.0
-52.0
-46.0
-40.0
-47.0
-73.0
-71.0
-83.0
-77.0
-59.0
-70.0
-61.0
-63.0
-40.0
-44.0
-33.0
-22.0
-36.0
-42.0
-26.0
-29.0
-45.0
-59.0
-77.0
-84.0
-79.0
-72.0
-74.0
-73.0
-39.0
-19.0
-18.0
2.0
-31.0
-15.0
-7.0
-33.0
-21.0
-14.0
3.0
7.0
-23.0
-34.0
-34.0
-73.0
-54.0
-32.0
-21.0
-33.0
-27.0
-26.0
-35.0
-24.0
-16.0
7.0
-30.0
-1.0
5.0
-12.0
3.0
-30.0
-7.0
-20.0
4.0
17.0
16.0
2.0
27.0
11.0
37.0
39.0
29.0
30.0
29.0
26.0
38.0
35.0
29.0
25.0
13.0
24.0
49.0
34.0
45.0
31.0
61.0
37.0
22.0
14.0
14.0
22.0
13.0
1.0
-3.0
-8.0
12.0
19.0
7.0
24.0
25.0
7.0
45.0
23.0
47.0
25.0
41.0
42.0
43.0
44.0
22.0
48.0
12.0
36.0
22.0
19.0
22.0
8.0
18.0
16.0
31.0
53.0
23.0
33.0
29.0
1.0
15.0
5.0
2.0
0.0
20.0
-2.0
2.0
-11.0
3.0
2.0
9.0
7.0
11.0
25.0
30.0
18.0
37.0
15.0
11.0
7.0
1.0
-1.0
3.0
2.0
-21.0
-25.0
-12.0
7.0
21.0
-6.0
-17.0
-22.0
-12.0
-11.0
-30.0
8.0
11.0
-14.0
-26.0
-53.0
-40.0
-16.0
-21.0
13.0
11.0
1.0
11.0
7.0
29.0
33.0
34.0
8.0
22.0
14.0
33.0
7.0
18.0
15.0
15.0
33.0
13.0
26.0
15.0
16.0
0.0
-2.0
-10.0
-9.0
3.0
14.0
26.0
43.0
55.0
36.0
46.0
55.0
45.0
67.0
51.0
57.0
50.0
34.0
29.0
32.0
52.0
44.0
68.0
46.0
48.0
42.0
22.0
23.0
16.0
17.0
41.0
33.0
47.0
42.0
44.0
51.0
48.0
99.0
82.0
20.0
22.0
12.0
-1.0
18.0
5.0
36.0
48.0
49.0
68.0
42.0
55.0
94.0
69.0
69.0
63.0
51.0
65.0
24.0
23.0
14.0
4.0
10.0
14.0
14.0
41.0
34.0
22.0
0.0
3.0
6.0
26.0
33.0
14.0
4.0
4.0
28.0
23.0
6.0
12.0
-17.0
-21.0
-17.0
33.0
7.0
-20.0
-5.0
-12.0
-25.0
-26.0
-30.0
-1.0
-2.0
-14.0
-15.0
5.0
-8.0
14.0
-3.0
-5.0
4.0
2.0
25.0
12.0
5.0
18.0
14.0
28.0
8.0
1.0
-10.0
-16.0
16.0
-2.0
7.0
0.0
20.0
11.0
18.0
0.0
-12.0
2.0
-2.0
-16.0
-4.0
-13.0
-24.0
-3.0
14.0
-5.0
15.0
-11.0
-22.0
-47.0
-16.0
-16.0
1.0
24.0
9.0
1.0
1.0
-8.0
-7.0
-1.0
10.0
-8.0
-4.0
3.0
-6.0
7.0
8.0
18.0
15.0
12.0
14.0
31.0
7.0
12.0
18.0
22.0
35.0
32.0
14.0
-1.0
20.0
14.0
31.0
50.0
34.0
35.0
45.0
36.0
47.0
35.0
27.0
18.0
30.0
22.0
3.0
22.0
12.0
13.0
3.0
22.0
22.0
46.0
40.0
34.0
44.0
2.0
27.0
25.0
20.0
14.0
11.0
0.0
4.0
17.0
43.0
34.0
27.0
27.0
28.0
38.0
47.0
42.0
46.0
71.0
75.0
78.0
71.0
75.0
69.0
64.0
71.0
57.0
41.0
44.0
49.0
44.0
23.0
2.0
21.0
26.0
17.0
53.0
46.0
24.0
34.0
33.0
29.0
21.0
-3.0
-10.0
-8.0
-18.0
5.0
12.0
12.0
16.0
-15.0
-21.0
-13.0
14.0
6.0
7.0
3.0
12.0
23.0
6.0
29.0
18.0
31.0
25.0
4.0
11.0
13.0
7.0
10.0
7.0
4.0
11.0
3.0
22.0
14.0
7.0
17.0
-3.0
22.0
32.0
20.0
-3.0
7.0
18.0
7.0
3.0
-5.0
-17.0
1.0
17.0
1.0
6.0
13.0
-21.0
-8.0
17.0
34.0
17.0
10.0
13.0
11.0
2.0
-2.0
-11.0
-27.0
0.0
-13.0
17.0
9.0
-7.0
9.0
18.0
-14.0
1.0
1.0
-1.0
13.0
-29.0
0.0
-8.0
8.0
-7.0
-8.0
16.0
6.0
38.0
53.0
22.0
24.0
27.0
22.0
8.0
11.0
31.0
15.0
31.0
16.0
27.0
-5.0
24.0
11.0
5.0
33.0
18.0
-29.0
-18.0
-13.0
25.0
13.0
25.0
20.0
-10.0
-30.0
-5.0
-2.0
0.0
-34.0
17.0
48.0
10.0
18.0
-11.0
-2.0
30.0
20.0
7.0
15.0
15.0
18.0
33.0
25.0
22.0
10.0
26.0
44.0
49.0
66.0
26.0
29.0
28.0
30.0
23.0
39.0
15.0
4.0
33.0
-5.0
44.0
11.0
-13.0
-6.0
10.0
5.0
4.0
-17.0
-11.0
10.0
-6.0
1.0
-6.0
-10.0
-7.0
1.0
-3.0
-21.0
-18.0
-14.0
-29.0
-32.0
-6.0
-26.0
1.0
17.0
-1.0
17.0
1.0
-13.0
3.0
-8.0
-2.0
36.0
20.0
18.0
7.0
8.0
22.0
42.0
30.0
29.0
22.0
6.0
22.0
17.0
8.0
3.0
-7.0
-13.0
4.0
-5.0
-29.0
-15.0
-23.0
-16.0
-5.0
-18.0
-23.0
-21.0
-25.0
-14.0
-8.0
-38.0
-18.0
-40.0
-44.0
-33.0
-16.0
5.0
-13.0
-6.0
5.0
1.0
-6.0
-6.0
-1.0
-3.0
4.0
-18.0
-23.0
-36.0
-74.0
-65.0
-87.0
-65.0
-61.0
-89.0
-83.0
-55.0
-44.0
-17.0
-21.0
-26.0
-20.0
-60.0
-45.0
-56.0
-58.0
-80.0
-81.0
-76.0
-77.0
-72.0
-69.0
-73.0
-59.0
-47.0
-36.0
-33.0
-27.0
-18.0
0.0
-14.0
-22.0
-24.0
-27.0
-19.0
-21.0
-12.0
-13.0
-31.0
-12.0
-25.0
-13.0
-23.0
-18.0
-4.0
-10.0
-3.0
-7.0
-15.0
-16.0
-18.0
-48.0
-36.0
-44.0
-37.0
-49.0
-28.0
-27.0
-7.0
-6.0
15.0
26.0
26.0
14.0
8.0
-9.0
11.0
17.0
-25.0
-20.0
-18.0
-9.0
21.0
14.0
-18.0
-20.0
-22.0
-21.0
-8.0
-2.0
-29.0
-32.0
-21.0
-20.0
-50.0
-54.0
-43.0
-61.0
-25.0
-26.0
-3.0
-2.0
22.0
46.0
59.0
53.0
52.0
23.0
27.0
26.0
17.0
41.0
23.0
11.0
12.0
-15.0
8.0
14.0
7.0
16.0
-9.0
18.0
-2.0
-13.0
1.0
-3.0
-15.0
-15.0
0.0
-18.0
4.0
3.0
-4.0
-7.0
1.0
-4.0
3.0
30.0
38.0
37.0
52.0
32.0
22.0
14.0
24.0
6.0
42.0
59.0
104.0
136.0
218.0
261.0
286.0
355.0
417.0
466.0
512.0
565.0
513.0
543.0
498.0
484.0
497.0
468.0
442.0
438.0
400.0
375.0
360.0
286.0
278.0
256.0
215.0
189.0
167.0
137.0
115.0
77.0
40.0
2.0
-18.0
-45.0
-71.0
-96.0
-98.0
-123.0
-102.0
-151.0
-153.0
-176.0
-220.0
-220.0
-229.0
-237.0
-244.0
-241.0
-248.0
-265.0
-258.0
-266.0
-241.0
-241.0
-230.0
-251.0
-241.0
-216.0
-248.0
-226.0
-239.0
-274.0
-256.0
-242.0
-243.0
-240.0
-292.0
-297.0
-310.0
-300.0
-287.0
-271.0
-278.0
-263.0
-262.0
-228.0
-233.0
-242.0
-225.0
-233.0
-247.0
-252.0
-284.0
-259.0
-262.0
-265.0
-247.0
-254.0
-265.0
-260.0
-236.0
-209.0
-213.0
-241.0
-203.0
-201.0
-208.0
-180.0
-216.0
-209.0
-208.0
-197.0
-199.0
-227.0
-224.0
-203.0
-203.0
-198.0
-190.0
-185.0
-157.0
-201.0
-167.0
-165.0
-181.0
-149.0
-169.0
-177.0
-166.0
-155.0
-155.0
-164.0
-171.0
-129.0
-150.0
-171.0
-150.0
-155.0
-165.0
-171.0
-176.0
-172.0
-175.0
-195.0
-187.0
-203.0
-201.0
-211.0
-232.0
-208.0
-205.0
-210.0
-192.0
-197.0
-173.0
-177.0
-178.0
-185.0
-195.0
-211.0
-199.0
-181.0
-196.0
-172.0
-157.0
-174.0
-179.0
-190.0
-162.0
-200.0
-172.0
-177.0
-186.0
-184.0
-175.0
-210.0
-180.0
-184.0
-175.0
-182.0
-200.0
-193.0
-176.0
-175.0
-168.0
-190.0
-179.0
-191.0
-163.0
-155.0
-165.0
-166.0
-169.0
-205.0
-159.0
-196.0
-218.0
-212.0
-207.0
-193.0
-191.0
-189.0
-155.0
-154.0
-139.0
-138.0
-157.0
-187.0
-173.0
-184.0
-176.0
-192.0
-197.0
-207.0
-182.0
-165.0
-161.0
-177.0
-185.0
-148.0
-162.0
-127.0
-138.0
-184.0
-185.0
-211.0
-199.0
-166.0
-199.0
-173.0
-159.0
-168.0
-116.0
-109.0
-101.0
-118.0
-104.0
-58.0
-60.0
-53.0
-43.0
-68.0
-82.0
-76.0
-90.0
-79.0
-83.0
-77.0
-60.0
-77.0
-69.0
-32.0
-31.0
-46.0
-41.0
-64.0
-59.0
-32.0
-1.0
1.0
26.0
63.0
57.0
41.0
38.0
21.0
29.0
49.0
38.0
45.0
57.0
79.0
69.0
64.0
53.0
59.0
48.0
58.0
72.0
27.0
37.0
24.0
22.0
39.0
22.0
35.0
24.0
20.0
27.0
2.0
13.0
4.0
11.0
7.0
-2.0
8.0
19.0
10.0
20.0
10.0
13.0
36.0
26.0
11.0
5.0
18.0
5.0
33.0
26.0
25.0
25.0
32.0
52.0
36.0
43.0
25.0
23.0
38.0
22.0
3.0
32.0
7.0
5.0
7.0
-4.0
-12.0
4.0
2.0
-24.0
-18.0
5.0
21.0
31.0
39.0
16.0
-20.0
-28.0
-41.0
-64.0
-26.0
-36.0
-9.0
-3.0
-30.0
-25.0
-24.0
-61.0
-51.0
-62.0
-61.0
-48.0
-60.0
-44.0
-63.0
-48.0
-37.0
-32.0
-33.0
-34.0
-23.0
-2.0
15.0
10.0
18.0
-28.0
-44.0
-45.0
-71.0
-67.0
-64.0
-55.0
-24.0
-33.0
-18.0
-3.0
-5.0
1.0
-10.0
-30.0
-17.0
-30.0
-33.0
-23.0
-28.0
-40.0
-29.0
-32.0
-26.0
-58.0
-53.0
-26.0
-34.0
10.0
-32.0
-32.0
-12.0
-23.0
-16.0
-10.0
-25.0
4.0
10.0
49.0
49.0
36.0
54.0
67.0
81.0
92.0
74.0
44.0
42.0
31.0
34.0
35.0
12.0
22.0
26.0
21.0
17.0
27.0
46.0
32.0
46.0
66.0
43.0
24.0
-8.0
12.0
28.0
30.0
-11.0
-3.0
-9.0
-11.0
-13.0
-4.0
-7.0
8.0
18.0
28.0
34.0
28.0
20.0
23.0
41.0
47.0
29.0
48.0
54.0
17.0
29.0
24.0
36.0
61.0
55.0
49.0
29.0
26.0
37.0
12.0
6.0
13.0
11.0
2.0
-7.0
1.0
8.0
7.0
-10.0
4.0
1.0
12.0
3.0
-10.0
-13.0
-8.0
14.0
5.0
-12.0
-18.0
-13.0
-51.0
-33.0
-48.0
-45.0
-52.0
-11.0
6.0
-8.0
-6.0
-7.0
-6.0
0.0
-2.0
4.0
42.0
23.0
13.0
-8.0
-18.0
-3.0
6.0
25.0
54.0
33.0
44.0
46.0
23.0
34.0
31.0
-3.0
21.0
23.0
20.0
18.0
-6.0
-19.0
-11.0
-24.0
-12.0
-20.0
-2.0
3.0
3.0
1.0
24.0
24.0
53.0
10.0
40.0
35.0
45.0
31.0
21.0
-3.0
-3.0
8.0
5.0
-7.0
-15.0
3.0
3.0
5.0
0.0
16.0
22.0
37.0
24.0
42.0
24.0
28.0
67.0
37.0
39.0
22.0
15.0
26.0
22.0
5.0
6.0
12.0
30.0
34.0
33.0
39.0
22.0
4.0
38.0
43.0
60.0
90.0
13.0
22.0
12.0
16.0
20.0
-5.0
-3.0
13.0
27.0
39.0
39.0
39.0
58.0
57.0
34.0
33.0
32.0
39.0
37.0
41.0
54.0
31.0
33.0
5.0
13.0
-7.0
27.0
28.0
36.0
24.0
13.0
51.0
59.0
60.0
43.0
22.0
40.0
20.0
39.0
22.0
24.0
2.0
13.0
13.0
19.0
-15.0
-24.0
-13.0
-13.0
-3.0
-29.0
-19.0
-2.0
-17.0
-10.0
-7.0
-13.0
2.0
-29.0
-35.0
-39.0
-25.0
-22.0
0.0
-4.0
22.0
-20.0
-7.0
2.0
-13.0
16.0
3.0
-3.0
-6.0
-11.0
-34.0
-10.0
-35.0
-25.0
-19.0
-12.0
-6.0
1.0
-1.0
17.0
19.0
-12.0
16.0
0.0
-9.0
-8.0
-44.0
-32.0
-42.0
-34.0
-27.0
-11.0
-36.0
3.0
-25.0
10.0
41.0
20.0
44.0
42.0
63.0
60.0
78.0
87.0
70.0
41.0
36.0
22.0
18.0
32.0
5.0
0.0
-39.0
-43.0
-50.0
-52.0
-54.0
-37.0
-41.0
-26.0
-29.0
-35.0
12.0
15.0
10.0
22.0
-13.0
-28.0
-16.0
-26.0
-21.0
-39.0
-33.0
-43.0
-71.0
-41.0
-13.0
15.0
30.0
-11.0
15.0
-18.0
-13.0
6.0
-21.0
-26.0
-30.0
-31.0
-45.0
-40.0
-73.0
-51.0
-49.0
-32.0
1.0
-43.0
-26.0
-16.0
2.0
20.0
-3.0
-36.0
-20.0
-17.0
-15.0
-21.0
-34.0
-34.0
-34.0
-27.0
-21.0
-25.0
-6.0
-12.0
-10.0
-10.0
-32.0
-15.0
-20.0
-36.0
-33.0
-51.0
-71.0
-41.0
-50.0
-39.0
-36.0
-51.0
-46.0
-50.0
-65.0
-50.0
-51.0
-63.0
-42.0
-79.0
-52.0
-67.0
-51.0
-39.0
-49.0
-50.0
-36.0
-48.0
-65.0
-45.0
-36.0
-32.0
-56.0
-71.0
-80.0
-98.0
-84.0
-96.0
-115.0
-68.0
-76.0
-72.0
-36.0
-81.0
-56.0
-59.0
-72.0
-42.0
-62.0
-70.0
-70.0
-61.0
-55.0
-66.0
-84.0
-87.0
-83.0
-103.0
-62.0
-91.0
-78.0
-83.0
-108.0
-109.0
-101.0
-121.0
-93.0
-102.0
-78.0
-54.0
-99.0
-66.0
-70.0
-37.0
-36.0
-58.0
-67.0
-49.0
-37.0
-11.0
-55.0
-107.0
-101.0
-97.0
-81.0
-71.0
-92.0
-61.0
-69.0
-60.0
-50.0
-40.0
-40.0
-37.0
-25.0
-5.0
-30.0
-20.0
-6.0
-29.0
-20.0
-68.0
-89.0
-33.0
-36.0
-35.0
-67.0
-52.0
-46.0
-35.0
-46.0
-24.0
-62.0
-42.0
-16.0
-10.0
-17.0
-21.0
-42.0
-24.0
-35.0
-30.0
-16.0
-44.0
-41.0
-58.0
-62.0
-44.0
-62.0
-80.0
-74.0
-81.0
-55.0
-49.0
-71.0
-60.0
-55.0
-53.0
-46.0
-52.0
-51.0
-65.0
-72.0
-74.0
-63.0
-68.0
-59.0
-60.0
-26.0
-19.0
-17.0
-13.0
-7.0
7.0
2.0
-2.0
-19.0
-26.0
-57.0
-55.0
-53.0
-58.0
-50.0
-20.0
-4.0
30.0
56.0
82.0
80.0
56.0
64.0
28.0
40.0
55.0
26.0
27.0
32.0
29.0
29.0
23.0
47.0
12.0
15.0
23.0
33.0
68.0
59.0
37.0
40.0
32.0
26.0
44.0
34.0
13.0
20.0
7.0
9.0
12.0
-22.0
-22.0
-6.0
-13.0
12.0
27.0
56.0
55.0
85.0
87.0
93.0
93.0
167.0
183.0
202.0
239.0
261.0
286.0
316.0
394.0
414.0
441.0
451.0
456.0
468.0
478.0
458.0
455.0
412.0
399.0
401.0
398.0
353.0
352.0
359.0
302.0
297.0
250.0
235.0
197.0
194.0
174.0
125.0
85.0
51.0
27.0
18.0
-27.0
-25.0
-28.0
-59.0
-64.0
-57.0
-102.0
-105.0
-132.0
-161.0
-144.0
-180.0
-180.0
-193.0
-196.0
-200.0
-222.0
-244.0
-261.0
-246.0
-259.0
-261.0
-266.0
-242.0
-227.0
-249.0
-233.0
-248.0
-241.0
-242.0
-264.0
-257.0
-270.0
-241.0
-266.0
-243.0
-267.0
-246.0
-282.0
-251.0
-254.0
-243.0
-222.0
-244.0
-251.0
-288.0
-268.0
-257.0
-223.0
-254.0
-272.0
-280.0
-276.0
-307.0
-323.0
-291.0
-255.0
-250.0
-241.0
-260.0
-231.0
-218.0
-210.0
-209.0
-238.0
-239.0
-234.0
-235.0
-259.0
-234.0
-227.0
-202.0
-229.0
-227.0
-193.0
-191.0
-190.0
-191.0
-187.0
-194.0
-180.0
-200.0
-207.0
-212.0
-236.0
-210.0
-231.0
-209.0
-188.0
-178.0
-196.0
-201.0
-150.0
-171.0
-154.0
-142.0
-122.0
-137.0
-135.0
-175.0
-153.0
-128.0
-143.0
-135.0
-161.0
-170.0
-153.0
-134.0
-140.0
-151.0
-139.0
-150.0
-133.0
-116.0
-92.0
-134.0
-127.0
-133.0
-138.0
-149.0
-150.0
-129.0
-120.0
-108.0
-138.0
-116.0
-105.0
-83.0
-88.0
-110.0
-103.0
-76.0
-64.0
-100.0
-126.0
-116.0
-92.0
-89.0
-76.0
-110.0
-102.0
-69.0
-97.0
-65.0
-65.0
-74.0
-78.0
-55.0
-54.0
-67.0
-79.0
-56.0
-87.0
-103.0
-83.0
-88.0
-123.0
-106.0
-143.0
-91.0
-96.0
-120.0
-119.0
-101.0
-111.0
-85.0
-96.0
-101.0
-100.0
-98.0
-89.0
-95.0
-100.0
-82.0
-94.0
-83.0
-74.0
-65.0
-61.0
-49.0
-63.0
-50.0
-51.0
-27.0
-8.0
-11.0
-27.0
-57.0
-48.0
-33.0
-31.0
14.0
26.0
10.0
12.0
-17.0
-6.0
17.0
-4.0
-7.0
-10.0
-17.0
-12.0
-11.0
-34.0
-30.0
-11.0
-24.0
-27.0
-29.0
-20.0
1.0
-4.0
-3.0
-8.0
-8.0
-17.0
-24.0
-30.0
-22.0
-36.0
-6.0
-40.0
-35.0
-13.0
1.0
-40.0
-29.0
-18.0
10.0
3.0
17.0
-14.0
-3.0
13.0
13.0
32.0
6.0
-13.0
-20.0
-26.0
-33.0
-32.0
-36.0
-3.0
-12.0
-6.0
11.0
-5.0
-17.0
8.0
-12.0
-5.0
-41.0
-78.0
-53.0
-36.0
-39.0
-54.0
-54.0
-62.0
-44.0
-22.0
-32.0
-11.0
8.0
12.0
-14.0
-19.0
-14.0
-5.0
-26.0
-31.0
-37.0
-22.0
-6.0
22.0
13.0
-8.0
28.0
14.0
-12.0
-16.0
-32.0
-42.0
-48.0
-62.0
-70.0
-68.0
-78.0
-64.0
-100.0
-73.0
-62.0
-60.0
-61.0
-56.0
-58.0
-24.0
-11.0
-44.0
-45.0
-58.0
-61.0
-50.0
-29.0
-21.0
-32.0
-17.0
-36.0
-36.0
-21.0
-16.0
-43.0
-27.0
-30.0
-31.0
-26.0
-51.0
-33.0
-13.0
-34.0
-27.0
-9.0
-14.0
-31.0
-39.0
-43.0
-28.0
-40.0
-27.0
-11.0
-9.0
1.0
4.0
-6.0
-10.0
-13.0
-29.0
-31.0
-40.0
-37.0
-22.0
-20.0
-21.0
-41.0
-30.0
-36.0
-5.0
1.0
-16.0
-10.0
-5.0
-8.0
9.0
-10.0
-29.0
-7.0
-14.0
3.0
23.0
4.0
-24.0
-20.0
0.0
20.0
27.0
1.0
-16.0
9.0
40.0
19.0
17.0
25.0
11.0
17.0
11.0
12.0
-4.0
25.0
54.0
44.0
68.0
56.0
67.0
61.0
64.0
22.0
-19.0
-51.0
-51.0
-53.0
-43.0
-54.0
-38.0
-25.0
-18.0
5.0
-13.0
13.0
-7.0
16.0
36.0
20.0
12.0
14.0
-5.0
3.0
-5.0
-13.0
-8.0
-19.0
-17.0
-22.0
13.0
19.0
49.0
20.0
34.0
16.0
14.0
-2.0
-11.0
-3.0
-5.0
20.0
21.0
8.0
-3.0
-11.0
-15.0
14.0
9.0
-9.0
3.0
16.0
13.0
16.0
3.0
4.0
1.0
-7.0
-27.0
-17.0
-26.0
-22.0
-33.0
2.0
-16.0
-8.0
-4.0
-7.0
-4.0
-15.0
-17.0
-30.0
-16.0
-16.0
20.0
-11.0
10.0
4.0
-22.0
-9.0
-9.0
-17.0
-4.0
2.0
4.0
8.0
14.0
29.0
25.0
32.0
23.0
21.0
23.0
39.0
22.0
20.0
23.0
20.0
20.0
9.0
-3.0
-7.0
11.0
32.0
-9.0
-2.0
7.0
3.0
17.0
15.0
3.0
4.0
37.0
34.0
24.0
23.0
7.0
5.0
26.0
39.0
42.0
42.0
43.0
32.0
40.0
49.0
34.0
43.0
44.0
47.0
42.0
54.0
48.0
61.0
36.0
53.0
60.0
40.0
41.0
17.0
19.0
59.0
16.0
23.0
10.0
7.0
24.0
48.0
26.0
14.0
32.0
25.0
18.0
-1.0
-1.0
-13.0
-21.0
-23.0
-27.0
-24.0
-12.0
-21.0
2.0
9.0
25.0
47.0
64.0
94.0
127.0
182.0
242.0
260.0
288.0
328.0
367.0
408.0
481.0
495.0
497.0
458.0
455.0
445.0
437.0
422.0
390.0
325.0
281.0
246.0
206.0
213.0
172.0
132.0
85.0
65.0
12.0
-6.0
-16.0
-17.0
-23.0
-25.0
-77.0
-74.0
-104.0
-127.0
-124.0
-140.0
-157.0
-173.0
-178.0
-199.0
-168.0
-171.0
-159.0
-164.0
-155.0
-111.0
-98.0
-128.0
-115.0
-165.0
-148.0
-177.0
-188.0
-175.0
-162.0
-155.0
-161.0
-168.0
-168.0
-162.0
-209.0
-199.0
-169.0
-159.0
-145.0
-155.0
-173.0
-161.0
-172.0
-189.0
-203.0
-187.0
-174.0
-146.0
-110.0
-89.0
-99.0
-98.0
-138.0
-170.0
-185.0
-200.0
-207.0
-201.0
-214.0
-174.0
-126.0
-77.0
-33.0
-70.0
-91.0
-105.0
-151.0
-159.0
-174.0
-173.0
-172.0
-184.0
-164.0
-144.0
-138.0
-130.0
-130.0
-147.0
-151.0
-165.0
-190.0
-206.0
-218.0
-213.0
-204.0
-212.0
-146.0
-106.0
-87.0
-112.0
-147.0
-177.0
-183.0
-184.0
-191.0
-190.0
-185.0
-175.0
-169.0
-129.0
-121.0
-85.0
-86.0
-71.0
-63.0
-64.0
-89.0
-86.0
-117.0
-111.0
-120.0
-135.0
-127.0
-148.0
-142.0
-131.0
-145.0
-111.0
-116.0
-129.0
-132.0
-127.0
-136.0
-181.0
-177.0
-184.0
-182.0
-181.0
-181.0
-161.0
-174.0
-152.0
-154.0
-148.0
-134.0
-124.0
-94.0
-105.0
-133.0
-121.0
-134.0
-151.0
-139.0
-129.0
-144.0
-109.0
-116.0
-116.0
-117.0
-112.0
-93.0
-84.0
-102.0
-87.0
-97.0
-107.0
-78.0
-84.0
-96.0
-107.0
-121.0
-110.0
-104.0
-93.0
-87.0
-82.0
-81.0
-71.0
-70.0
-46.0
-80.0
-42.0
-62.0
-67.0
-93.0
-80.0
-111.0
-93.0
-119.0
-84.0
-74.0
-80.0
-80.0
-90.0
-67.0
-37.0
-32.0
-56.0
-45.0
-72.0
-53.0
-76.0
-94.0
-73.0
-88.0
-67.0
-75.0
-87.0
-81.0
-91.0
-91.0
-71.0
-47.0
-26.0
-16.0
4.0
21.0
10.0
-4.0
-16.0
-6.0
-19.0
-39.0
-60.0
-47.0
-68.0
-89.0
-62.0
-84.0
-65.0
-61.0
-32.0
-18.0
-14.0
-7.0
7.0
2.0
14.0
18.0
-7.0
4.0
-10.0
-15.0
-8.0
-34.0
-42.0
-50.0
-44.0
-23.0
-42.0
-60.0
-27.0
-30.0
-27.0
-59.0
-65.0
-32.0
-48.0
-35.0
-46.0
-62.0
-66.0
-45.0
-52.0
-56.0
-76.0
-59.0
-42.0
-55.0
-41.0
-51.0
-42.0
-37.0
-32.0
-30.0
-57.0
-37.0
-25.0
-15.0
-2.0
7.0
-2.0
-26.0
-6.0
-11.0
8.0
-2.0
24.0
33.0
53.0
52.0
66.0
75.0
97.0
122.0
102.0
162.0
198.0
229.0
295.0
341.0
371.0
397.0
410.0
459.0
472.0
448.0
470.0
484.0
509.0
483.0
474.0
471.0
484.0
457.0
457.0
428.0
397.0
375.0
350.0
357.0
312.0
273.0
269.0
224.0
185.0
175.0
115.0
112.0
64.0
61.0
47.0
27.0
18.0
-33.0
-78.0
-133.0
-166.0
-199.0
-237.0
-253.0
-249.0
-242.0
-251.0
-254.0
-271.0
-264.0
-272.0
-289.0
-281.0
-277.0
-273.0
-310.0
-333.0
-342.0
-327.0
-341.0
-363.0
-391.0
-393.0
-375.0
-336.0
-331.0
-335.0
-313.0
-288.0
-292.0
-251.0
-241.0
-205.0
-228.0
-239.0
-235.0
-263.0
-271.0
-306.0
-353.0
-358.0
-319.0
-317.0
-291.0
-287.0
-258.0
-260.0
-249.0
-250.0
-256.0
-278.0
-285.0
-252.0
-238.0
-270.0
-265.0
-301.0
-339.0
-288.0
-285.0
-221.0
-208.0
-205.0
-209.0
-191.0
-201.0
-164.0
-191.0
-171.0
-180.0
-171.0
-150.0
-164.0
-168.0
-199.0
-196.0
-191.0
-195.0
-230.0
-203.0
-206.0
-185.0
-145.0
-167.0
-173.0
-172.0
-169.0
-174.0
-199.0
-177.0
-152.0
-199.0
-221.0
-226.0
-234.0
-218.0
-197.0
-164.0
-145.0
-128.0
-156.0
-173.0
-188.0
-180.0
-176.0
-153.0
-160.0
-175.0
-201.0
-221.0
-184.0
-175.0
-153.0
-126.0
-155.0
-151.0
-122.0
-143.0
-130.0
-110.0
-113.0
-100.0
-106.0
-162.0
-181.0
-178.0
-191.0
-165.0
-137.0
-122.0
-111.0
-120.0
-123.0
-111.0
-81.0
-55.0
-84.0
-105.0
-92.0
-119.0
-123.0
-151.0
-152.0
-129.0
-118.0
-106.0
-77.0
-139.0
-91.0
-89.0
-97.0
-92.0
-101.0
-89.0
-86.0
-71.0
-68.0
-118.0
-128.0
-122.0
-117.0
-116.0
-110.0
-100.0
-94.0
-80.0
-75.0
-61.0
-50.0
-81.0
-67.0
-77.0
-84.0
-82.0
-77.0
-71.0
-63.0
-46.0
-31.0
-51.0
-46.0
-45.0
-90.0
-58.0
-94.0
-89.0
-121.0
-136.0
-111.0
-95.0
-102.0
-81.0
-78.0
-83.0
-53.0
-51.0
-31.0
-54.0
-68.0
-62.0
-49.0
-62.0
-56.0
-90.0
-67.0
-86.0
-88.0
-62.0
-62.0
-68.0
-38.0
-62.0
-78.0
-76.0
-88.0
-78.0
-46.0
-72.0
-48.0
-51.0
-56.0
-32.0
-42.0
-21.0
-30.0
-37.0
-63.0
-87.0
-91.0
-100.0
-105.0
-70.0
-94.0
-114.0
-98.0
-109.0
-70.0
-44.0
-41.0
-56.0
-39.0
-12.0
-12.0
-14.0
-43.0
-51.0
-63.0
-51.0
-53.0
-58.0
-39.0
-10.0
-9.0
44.0
67.0
116.0
130.0
159.0
201.0
232.0
261.0
281.0
262.0
326.0
381.0
409.0
451.0
393.0
416.0
389.0
375.0
391.0
408.0
375.0
384.0
335.0
305.0
281.0
250.0
231.0
190.0
154.0
129.0
102.0
72.0
25.0
-24.0
-11.0
-22.0
-30.0
-33.0
-63.0
-57.0
-43.0
-76.0
-96.0
-107.0
-99.0
-128.0
-144.0
-139.0
-152.0
-145.0
-115.0
-124.0
-111.0
-122.0
-139.0
-152.0
-140.0
-104.0
-82.0
-109.0
-112.0
-120.0
-121.0
-116.0
-94.0
-117.0
-72.0
-76.0
-49.0
-26.0
-68.0
-71.0
-62.0
-67.0
-70.0
-101.0
-122.0
-112.0
-136.0
-146.0
-120.0
-145.0
-113.0
-134.0
-127.0
-131.0
-154.0
-171.0
-137.0
-153.0
-137.0
-145.0
-140.0
-131.0
-126.0
-129.0
-117.0
-122.0
-102.0
-103.0
-107.0
-124.0
-148.0
-147.0
-138.0
-123.0
-148.0
-138.0
-147.0
-122.0
-106.0
-103.0
-67.0
-60.0
-46.0
-42.0
-60.0
-70.0
-78.0
-86.0
-93.0
-91.0
-111.0
-119.0
-117.0
-84.0
-61.0
-81.0
-58.0
-101.0
-98.0
-97.0
-98.0
-75.0
-95.0
-102.0
-95.0
-100.0
-96.0
-99.0
-44.0
-27.0
-20.0
-41.0
-75.0
-127.0
-131.0
-129.0
-108.0
-90.0
-75.0
-70.0
-67.0
-69.0
-93.0
-84.0
-112.0
-72.0
-56.0
-55.0
-80.0
-101.0
-126.0
-96.0
-73.0
-55.0
-65.0
-64.0
-95.0
-132.0
-122.0
-116.0
-132.0
-134.0
-98.0
-97.0
-102.0
-104.0
-87.0
-105.0
-59.0
-41.0
-46.0
-50.0
-81.0
-107.0
-103.0
-95.0
-107.0
-78.0
-103.0
-101.0
-89.0
-88.0
-61.0
-81.0
-51.0
-52.0
-41.0
-40.0
-57.0
-79.0
-79.0
-88.0
-58.0
-41.0
-48.0
-49.0
-33.0
-46.0
-63.0
-67.0
-62.0
-58.0
-59.0
-48.0
-51.0
-52.0
-53.0
-72.0
-87.0
-85.0
-75.0
-61.0
-27.0
-50.0
-52.0
-77.0
-75.0
-39.0
-53.0
-51.0
-61.0
-80.0
-73.0
-75.0
-88.0
-92.0
-73.0
-53.0
-46.0
-68.0
-87.0
-82.0
-62.0
-38.0
-80.0
-124.0
-131.0
-144.0
-105.0
-103.0
-111.0
-93.0
-84.0
-52.0
-83.0
-90.0
-84.0
-73.0
-88.0
-81.0
-80.0
-64.0
-76.0
-82.0
-69.0
-98.0
-49.0
-24.0
-42.0
-53.0
-22.0
-25.0
-3.0
-15.0
-12.0
-30.0
-41.0
-4.0
10.0
19.0
-3.0
-10.0
-25.0
-12.0
4.0
-54.0
-55.0
-69.0
-54.0
-43.0
-64.0
-73.0
-71.0
-30.0
-15.0
-11.0
-1.0
-1.0
2.0
-13.0
2.0
4.0
6.0
41.0
80.0
86.0
140.0
194.0
212.0
275.0
356.0
368.0
412.0
458.0
464.0
474.0
485.0
463.0
475.0
433.0
420.0
393.0
349.0
293.0
248.0
198.0
159.0
115.0
89.0
61.0
18.0
18.0
14.0
-18.0
-73.0
-90.0
-70.0
-105.0
-114.0
-169.0
-189.0
-205.0
-230.0
-267.0
-249.0
-268.0
-259.0
-231.0
-224.0
-213.0
-193.0
-202.0
-222.0
-258.0
-239.0
-252.0
-230.0
-237.0
-241.0
-242.0
-237.0
-223.0
-195.0
-151.0
-152.0
-136.0
-146.0
-193.0
-223.0
-242.0
-260.0
-254.0
-205.0
-221.0
-222.0
-174.0
-202.0
-182.0
-179.0
-158.0
-186.0
-180.0
-169.0
-193.0
-185.0
-231.0
-216.0
-191.0
-184.0
-172.0
-188.0
-203.0
-205.0
-209.0
-179.0
-177.0
-186.0
-164.0
-148.0
-156.0
-163.0
-164.0
-153.0
-174.0
-153.0
-152.0
-149.0
-155.0
-148.0
-143.0
-141.0
-135.0
-125.0
-108.0
-136.0
-144.0
-157.0
-159.0
-162.0
-184.0
-144.0
-117.0
-127.0
-138.0
-134.0
-123.0
-140.0
-100.0
-104.0
-105.0
-106.0
-118.0
-109.0
-120.0
-129.0
-129.0
-122.0
-121.0
-118.0
-157.0
-156.0
-164.0
-162.0
-143.0
-139.0
-123.0
-104.0
-103.0
-101.0
-106.0
-112.0
-119.0
-122.0
-140.0
-155.0
-163.0
-178.0
-159.0
-188.0
-130.0
-106.0
-79.0
-27.0
-35.0
-39.0
-57.0
-59.0
-64.0
-74.0
-102.0
-127.0
-140.0
-120.0
-134.0
-110.0
-64.0
-45.0
-11.0
35.0
13.0
10.0
-12.0
-43.0
-81.0
-92.0
-100.0
-126.0
-133.0
-113.0
-108.0
-52.0
21.0
12.0
3.0
-14.0
-46.0
-58.0
-83.0
-90.0
-140.0
-97.0
-85.0
-64.0
-45.0
-23.0
-6.0
11.0
-21.0
-33.0
-48.0
-50.0
-76.0
-66.0
-78.0
-97.0
-77.0
-63.0
-51.0
-22.0
-32.0
-16.0
-24.0
-24.0
-33.0
-40.0
-17.0
-22.0
-36.0
-31.0
-52.0
-34.0
-15.0
-7.0
15.0
7.0
-8.0
-27.0
-32.0
-43.0
-54.0
-61.0
-27.0
-32.0
-44.0
-25.0
-12.0
-19.0
-27.0
-6.0
-18.0
-47.0
-57.0
-64.0
-76.0
-115.0
-81.0
-78.0
-51.0
-16.0
-22.0
18.0
-31.0
-5.0
-6.0
-8.0
8.0
-2.0
-76.0
-85.0
-92.0
-70.0
-80.0
-80.0
-70.0
-63.0
-44.0
13.0
9.0
3.0
7.0
3.0
17.0
-21.0
-45.0
-72.0
-62.0
-83.0
-65.0
-73.0
-50.0
-45.0
-24.0
-3.0
-3.0
6.0
30.0
31.0
-20.0
-48.0
-54.0
-55.0
-40.0
-38.0
-38.0
-47.0
-39.0
-17.0
2.0
18.0
1.0
-9.0
1.0
-33.0
-37.0
-44.0
-73.0
-61.0
-60.0
-52.0
-40.0
-55.0
-30.0
1.0
-10.0
-29.0
-55.0
-50.0
-18.0
-27.0
-32.0
-25.0
-42.0
-36.0
-43.0
-64.0
-38.0
-23.0
-33.0
-7.0
-20.0
-6.0
-8.0
-17.0
-37.0
-39.0
-32.0
-15.0
-44.0
-30.0
-49.0
-26.0
-22.0
-29.0
-10.0
2.0
17.0
35.0
8.0
-14.0
-52.0
-68.0
-71.0
-74.0
-76.0
-77.0
-80.0
-82.0
-49.0
-19.0
-10.0
41.0
11.0
3.0
-3.0
-24.0
-36.0
-65.0
-100.0
-100.0
-96.0
-109.0
-96.0
-91.0
-73.0
-78.0
-42.0
-24.0
-36.0
-53.0
-39.0
-65.0
-56.0
-92.0
-83.0
-109.0
-90.0
-78.0
-78.0
-63.0
-52.0
-60.0
-48.0
-40.0
-37.0
-35.0
-5.0
-49.0
-25.0
-51.0
-36.0
-31.0
-46.0
-22.0
-23.0
-28.0
-33.0
-57.0
-33.0
1.0
-15.0
8.0
-17.0
-7.0
4.0
12.0
7.0
20.0
-20.0
-44.0
-48.0
-72.0
-82.0
-41.0
-89.0
-84.0
-85.0
-67.0
-55.0
-63.0
-26.0
-33.0
0.0
-5.0
-4.0
-38.0
-30.0
-37.0
-60.0
-78.0
-78.0
-101.0
-93.0
-70.0
-63.0
-44.0
-59.0
-56.0
-52.0
-46.0
-33.0
-43.0
-42.0
-72.0
-83.0
-62.0
-82.0
-70.0
-90.0
-81.0
-71.0
-70.0
-76.0
-60.0
-31.0
-29.0
-38.0
-32.0
-59.0
-41.0
-40.0
-43.0
-33.0
-69.0
-63.0
-73.0
-84.0
-80.0
-71.0
-84.0
-61.0
-54.0
-71.0
-77.0
-77.0
-110.0
-97.0
-71.0
-57.0
-59.0
-68.0
-79.0
-73.0
-76.0
-70.0
-90.0
-97.0
-104.0
-83.0
-64.0
-92.0
-79.0
-85.0
-90.0
-80.0
-90.0
-71.0
-83.0
-101.0
-93.0
-97.0
-102.0
-86.0
-70.0
-66.0
-79.0
-76.0
-59.0
-45.0
-49.0
-53.0
-46.0
-36.0
-45.0
-59.0
-55.0
-95.0
-91.0
-99.0
-73.0
-96.0
-70.0
-77.0
-74.0
-63.0
-65.0
-41.0
-18.0
-51.0
-63.0
-74.0
-95.0
-95.0
-68.0
-68.0
-57.0
-82.0
-91.0
-88.0
-84.0
-80.0
-78.0
-65.0
-48.0
-41.0
-62.0
-59.0
-69.0
-63.0
-74.0
-80.0
-102.0
-93.0
-47.0
-37.0
-22.0
-29.0
-33.0
-26.0
-35.0
-40.0
-37.0
-100.0
-108.0
-95.0
-96.0
-78.0
-52.0
-65.0
-37.0
-54.0
-53.0
-13.0
-45.0
-43.0
-58.0
-73.0
-67.0
-60.0
-88.0
-69.0
-59.0
-41.0
-38.0
-21.0
-25.0
-7.0
-2.0
24.0
-44.0
-73.0
-109.0
-154.0
-146.0
-111.0
-109.0
-55.0
-16.0
0.0
12.0
16.0
21.0
17.0
2.0
11.0
-6.0
-15.0
-42.0
-58.0
-76.0
-93.0
-53.0
-19.0
-11.0
11.0
16.0
25.0
16.0
56.0
62.0
91.0
142.0
171.0
194.0
202.0
239.0
292.0
341.0
436.0
447.0
497.0
564.0
562.0
564.0
558.0
556.0
512.0
493.0
439.0
412.0
393.0
346.0
329.0
338.0
285.0
282.0
268.0
278.0
295.0
305.0
306.0
251.0
213.0
130.0
50.0
-2.0
-60.0
-115.0
-145.0
-146.0
-168.0
-223.0
-210.0
-192.0
-184.0
-158.0
-161.0
-154.0
-172.0
-212.0
-232.0
-242.0
-279.0
-289.0
-332.0
-345.0
-323.0
-337.0
-326.0
-343.0
-352.0
-332.0
-296.0
-309.0
-309.0
-319.0
-310.0
-315.0
-301.0
-282.0
-289.0
-304.0
-314.0
-297.0
-282.0
-275.0
-284.0
-295.0
-308.0
-314.0
-312.0
-324.0
-310.0
-276.0
-290.0
-268.0
-258.0
-235.0
-237.0
-235.0
-228.0
-242.0
-254.0
-268.0
-313.0
-307.0
-301.0
-272.0
-253.0
-235.0
-249.0
-223.0
-214.0
-206.0
-211.0
-201.0
-244.0
-212.0
-229.0
-253.0
-259.0
-273.0
-280.0
-285.0
-249.0
-239.0
-207.0
-203.0
-202.0
-223.0
-213.0
-219.0
-207.0
-181.0
-186.0
-209.0
-225.0
-229.0
-238.0
-267.0
-267.0
-261.0
-257.0
-227.0
-197.0
-201.0
-213.0
-200.0
-186.0
-169.0
-149.0
-139.0
-176.0
-195.0
-211.0
-228.0
-222.0
-218.0
-211.0
-172.0
-188.0
-183.0
-184.0
-197.0
-183.0
-172.0
-180.0
-158.0
-177.0
-187.0
-175.0
-195.0
-188.0
-163.0
-150.0
-156.0
-145.0
-134.0
-82.0
-86.0
-88.0
-79.0
-90.0
-107.0
-97.0
-100.0
-118.0
-155.0
-155.0
-154.0
-159.0
-153.0
-175.0
-176.0
-136.0
-129.0
-112.0
-93.0
-84.0
-79.0
-103.0
-92.0
-74.0
-92.0
-95.0
-69.0
-89.0
-72.0
-87.0
-87.0
-69.0
-119.0
-122.0
-96.0
-109.0
-61.0
-78.0
-69.0
-88.0
-76.0
-70.0
-60.0
-53.0
-38.0
-48.0
-69.0
-63.0
-96.0
-62.0
-79.0
-90.0
-108.0
-92.0
-52.0
-48.0
-74.0
-74.0
-38.0
-51.0
-35.0
-59.0
-67.0
-77.0
-75.0
-85.0
-107.0
-119.0
-81.0
-71.0
-58.0
-71.0
-43.0
-19.0
-41.0
-56.0
-50.0
-36.0
-42.0
-40.0
-85.0
-73.0
-89.0
-115.0
-52.0
-40.0
-32.0
-25.0
-13.0
10.0
7.0
-17.0
-9.0
-26.0
-63.0
-69.0
-114.0
-104.0
-104.0
-108.0
-81.0
-82.0
-102.0
-62.0
-67.0
-42.0
-51.0
-37.0
-49.0
-25.0
-50.0
-54.0
-78.0
-79.0
-62.0
-74.0
-64.0
-78.0
-93.0
-74.0
-107.0
-77.0
-76.0
-81.0
-54.0
-58.0
-63.0
-73.0
-102.0
-83.0
-83.0
-72.0
-63.0
-59.0
-33.0
-54.0
-68.0
-40.0
-44.0
-77.0
-62.0
-72.0
-73.0
-45.0
-46.0
-43.0
-38.0
-23.0
-30.0
-45.0
-20.0
-3.0
5.0
-17.0
1.0
-39.0
-56.0
-58.0
-53.0
-53.0
-74.0
-65.0
-68.0
-61.0
-51.0
-44.0
-31.0
-29.0
-18.0
-9.0
-34.0
-44.0
-67.0
-59.0
-41.0
-22.0
-45.0
-48.0
-64.0
-60.0
-24.0
-23.0
-21.0
-35.0
-29.0
-14.0
-20.0
-35.0
-22.0
-35.0
-42.0
-11.0
-35.0
-23.0
-34.0
-11.0
1.0
-4.0
4.0
4.0
-11.0
-11.0
0.0
-16.0
-15.0
-33.0
-33.0
-33.0
-25.0
-15.0
-9.0
-12.0
-25.0
-40.0
-22.0
-6.0
-23.0
-31.0
-3.0
-20.0
-24.0
-38.0
-41.0
-27.0
2.0
25.0
14.0
25.0
9.0
7.0
-19.0
-20.0
-69.0
-48.0
-30.0
-48.0
-61.0
-77.0
-81.0
-39.0
-28.0
20.0
20.0
26.0
49.0
38.0
21.0
17.0
-18.0
-52.0
-31.0
-49.0
-21.0
-30.0
-18.0
18.0
43.0
55.0
68.0
8.0
-7.0
0.0
15.0
44.0
36.0
79.0
99.0
88.0
95.0
86.0
70.0
73.0
99.0
102.0
60.0
29.0
44.0
44.0
45.0
56.0
24.0
70.0
79.0
61.0
52.0
39.0
45.0
66.0
63.0
48.0
34.0
14.0
25.0
36.0
44.0
60.0
41.0
8.0
-7.0
-3.0
11.0
-7.0
29.0
27.0
36.0
62.0
80.0
63.0
45.0
60.0
77.0
79.0
63.0
41.0
31.0
48.0
61.0
91.0
97.0
93.0
79.0
80.0
111.0
116.0
96.0
98.0
108.0
93.0
53.0
55.0
26.0
27.0
30.0
22.0
39.0
61.0
52.0
82.0
97.0
86.0
68.0
41.0
8.0
7.0
9.0
78.0
129.0
165.0
236.0
295.0
333.0
402.0
437.0
423.0
468.0
490.0
494.0
459.0
461.0
459.0
436.0
456.0
450.0
416.0
426.0
428.0
379.0
364.0
333.0
288.0
263.0
204.0
190.0
176.0
142.0
144.0
79.0
87.0
58.0
23.0
-5.0
7.0
-40.0
-25.0
-49.0
-47.0
-62.0
-73.0
-102.0
-128.0
-154.0
-208.0
-211.0
-208.0
-175.0
-180.0
-172.0
-192.0
-185.0
-180.0
-208.0
-188.0
-248.0
-252.0
-262.0
-282.0
-291.0
-291.0
-261.0
-205.0
-167.0
-177.0
-181.0
-205.0
-274.0
-308.0
-322.0
-331.0
-325.0
-333.0
-361.0
-338.0
-326.0
-263.0
-229.0
-203.0
-158.0
-167.0
-202.0
-232.0
-243.0
-292.0
-309.0
-337.0
-334.0
-326.0
-285.0
-259.0
-218.0
-183.0
-174.0
-131.0
-152.0
-177.0
-194.0
-197.0
-222.0
-210.0
-251.0
-260.0
-246.0
-230.0
-177.0
-168.0
-142.0
-105.0
-126.0
-135.0
-120.0
-143.0
-186.0
-215.0
-227.0
-212.0
-231.0
-217.0
-177.0
-167.0
-140.0
-138.0
-155.0
-145.0
-130.0
-128.0
-110.0
-127.0
-133.0
-124.0
-110.0
-103.0
-106.0
-112.0
-89.0
-143.0
-136.0
-168.0
-190.0
-201.0
-191.0
-169.0
-157.0
-181.0
-152.0
-169.0
-171.0
-135.0
-145.0
-145.0
-153.0
-154.0
-130.0
-144.0
-134.0
-126.0
-141.0
-110.0
-120.0
-140.0
-140.0
-145.0
-181.0
-153.0
-130.0
-136.0
-133.0
-123.0
-150.0
-130.0
-138.0
-122.0
-128.0
-100.0
-110.0
-105.0
-98.0
-83.0
-97.0
-129.0
-135.0
-140.0
-133.0
-138.0
-128.0
-112.0
-112.0
-95.0
-90.0
-93.0
-84.0
-86.0
-74.0
-71.0
-96.0
-106.0
-84.0
-97.0
-106.0
-117.0
-96.0
-92.0
-76.0
-62.0
-39.0
-42.0
-26.0
-58.0
-56.0
-53.0
-66.0
-92.0
-92.0
-91.0
-100.0
-93.0
-76.0
-62.0
-65.0
-72.0
-82.0
-53.0
-62.0
-56.0
-60.0
-68.0
-68.0
-74.0
-88.0
-62.0
-27.0
-14.0
1.0
9.0
-6.0
6.0
-25.0
-54.0
-61.0
-72.0
-67.0
-57.0
-26.0
-25.0
-13.0
-14.0
5.0
53.0
54.0
25.0
34.0
37.0
4.0
-13.0
-13.0
-30.0
-15.0
-25.0
-29.0
-33.0
-6.0
18.0
52.0
62.0
88.0
55.0
29.0
-25.0
-61.0
-60.0
-82.0
-82.0
-111.0
-83.0
-62.0
-35.0
-35.0
-4.0
29.0
35.0
58.0
0.0
-26.0
-51.0
-90.0
-103.0
-74.0
-78.0
-64.0
-27.0
23.0
47.0
50.0
85.0
103.0
89.0
113.0
95.0
61.0
26.0
-5.0
-23.0
-47.0
-76.0
-43.0
-64.0
-60.0
-55.0
-33.0
-49.0
-44.0
-11.0
-17.0
13.0
2.0
16.0
26.0
-2.0
-19.0
-33.0
-16.0
-26.0
-11.0
7.0
12.0
2.0
-3.0
1.0
34.0
6.0
15.0
37.0
11.0
44.0
20.0
16.0
17.0
-4.0
14.0
18.0
16.0
7.0
2.0
6.0
9.0
34.0
43.0
71.0
69.0
54.0
39.0
23.0
52.0
20.0
-16.0
-2.0
-10.0
-11.0
-29.0
-15.0
2.0
-36.0
-22.0
-10.0
-4.0
2.0
20.0
-24.0
-5.0
15.0
29.0
50.0
48.0
24.0
14.0
-10.0
-10.0
-43.0
-41.0
-22.0
-7.0
-1.0
4.0
-20.0
-17.0
-39.0
-50.0
-54.0
-63.0
-62.0
-52.0
-67.0
-89.0
-66.0
-49.0
-46.0
-36.0
-16.0
2.0
2.0
-11.0
-16.0
-18.0
-31.0
-50.0
-50.0
-33.0
-75.0
-79.0
-62.0
-73.0
-71.0
-100.0
-73.0
-34.0
0.0
43.0
28.0
-5.0
-22.0
-41.0
-52.0
-25.0
-57.0
-54.0
-51.0
-35.0
-71.0
-76.0
-50.0
-57.0
-36.0
12.0
19.0
30.0
36.0
19.0
12.0
8.0
3.0
-16.0
-26.0
-16.0
4.0
-11.0
-11.0
-22.0
-16.0
10.0
12.0
38.0
45.0
54.0
33.0
-8.0
-57.0
-62.0
-56.0
-71.0
-42.0
-40.0
-21.0
-52.0
-54.0
-13.0
-23.0
-1.0
10.0
12.0
-6.0
2.0
-6.0
11.0
1.0
-11.0
-8.0
-12.0
4.0
4.0
6.0
17.0
44.0
31.0
43.0
66.0
48.0
48.0
74.0
72.0
93.0
79.0
100.0
101.0
126.0
201.0
241.0
294.0
324.0
423.0
518.0
526.0
497.0
523.0
493.0
505.0
487.0
457.0
480.0
464.0
416.0
386.0
371.0
347.0
314.0
272.0
237.0
201.0
163.0
115.0
83.0
45.0
27.0
-21.0
-15.0
-57.0
-89.0
-102.0
-143.0
-153.0
-204.0
-214.0
-198.0
-208.0
-216.0
-194.0
-217.0
-253.0
-238.0
-280.0
-307.0
-312.0
-334.0
-328.0
-334.0
-306.0
-318.0
-327.0
-312.0
-313.0
-309.0
-297.0
-286.0
-255.0
-233.0
-262.0
-274.0
-282.0
-330.0
-342.0
-338.0
-325.0
-334.0
-319.0
-306.0
-293.0
-300.0
-286.0
-259.0
-211.0
-190.0
-189.0
-166.0
-186.0
-202.0
-197.0
-218.0
-206.0
-224.0
-267.0
-261.0
-260.0
-258.0
-218.0
-184.0
-153.0
-167.0
-168.0
-126.0
-132.0
-101.0
-91.0
-71.0
-93.0
-145.0
-169.0
-215.0
-215.0
-211.0
-192.0
-217.0
-203.0
-214.0
-203.0
-178.0
-154.0
-175.0
-167.0
-182.0
-196.0
-184.0
-184.0
-166.0
-161.0
-169.0
-178.0
-199.0
-158.0
-185.0
-168.0
-136.0
-128.0
-127.0
-140.0
-137.0
-131.0
-146.0
-133.0
-131.0
-123.0
-128.0
-120.0
-119.0
-131.0
-124.0
-138.0
-147.0
-119.0
-117.0
-127.0
-137.0
-139.0
-135.0
-139.0
-131.0
-150.0
-152.0
-140.0
-153.0
-123.0
-157.0
-148.0
-153.0
-136.0
-118.0
-110.0
-127.0
-122.0
-128.0
-140.0
-129.0
-107.0
-132.0
-112.0
-116.0
-105.0
-113.0
-93.0
-92.0
-82.0
-82.0
-81.0
-91.0
-90.0
-105.0
-95.0
-102.0
-130.0
-121.0
-111.0
-92.0
-99.0
-85.0
-87.0
-66.0
-68.0
-77.0
-46.0
-61.0
-75.0
-88.0
-95.0
-103.0
-131.0
-119.0
-133.0
-118.0
-95.0
-75.0
-84.0
-65.0
-87.0
-64.0
-47.0
-40.0
-15.0
-25.0
-61.0
-61.0
-80.0
-116.0
-83.0
-86.0
-76.0
-111.0
-114.0
-93.0
-52.0
-46.0
-19.0
-2.0
32.0
32.0
1.0
-34.0
-13.0
-33.0
-48.0
-66.0
-57.0
-59.0
-80.0
-38.0
-58.0
-45.0
-12.0
34.0
56.0
75.0
71.0
90.0
59.0
37.0
26.0
4.0
12.0
-3.0
-12.0
-40.0
-50.0
-22.0
-2.0
12.0
43.0
51.0
45.0
70.0
83.0
74.0
35.0
18.0
11.0
-14.0
11.0
-11.0
-35.0
-44.0
-44.0
-61.0
-33.0
-1.0
39.0
68.0
46.0
39.0
51.0
69.0
81.0
94.0
116.0
137.0
138.0
193.0
239.0
306.0
349.0
400.0
466.0
486.0
514.0
526.0
505.0
464.0
457.0
455.0
408.0
406.0
378.0
335.0
279.0
218.0
221.0
188.0
170.0
168.0
117.0
81.0
79.0
49.0
8.0
-20.0
-49.0
-105.0
-120.0
-108.0
-135.0
-149.0
-137.0
-138.0
-172.0
-164.0
-134.0
-149.0
-152.0
-185.0
-217.0
-242.0
-292.0
-284.0
-278.0
-248.0
-266.0
-268.0
-269.0
-231.0
-225.0
-237.0
-215.0
-218.0
-202.0
-206.0
-193.0
-223.0
-239.0
-237.0
-223.0
-218.0
-261.0
-281.0
-275.0
-238.0
-234.0
-205.0
-206.0
-221.0
-212.0
-188.0
-185.0
-199.0
-213.0
-177.0
-209.0
-230.0
-227.0
-236.0
-230.0
-215.0
-239.0
-251.0
-215.0
-194.0
-195.0
-239.0
-203.0
-191.0
-194.0
-155.0
-187.0
-192.0
-163.0
-205.0
-194.0
-194.0
-201.0
-208.0
-210.0
-178.0
-169.0
-206.0
-176.0
-201.0
-174.0
-192.0
-177.0
-211.0
-205.0
-199.0
-159.0
-153.0
-161.0
-132.0
-187.0
-132.0
-142.0
-150.0
-149.0
-142.0
-140.0
-162.0
-184.0
-183.0
-176.0
-159.0
-187.0
-187.0
-216.0
-179.0
-180.0
-175.0
-167.0
-156.0
-154.0
-148.0
-152.0
-161.0
-185.0
-184.0
-185.0
-200.0
-162.0
-171.0
-187.0
-146.0
-153.0
-152.0
-151.0
-126.0
-155.0
-161.0
-162.0
-181.0
-184.0
-194.0
-177.0
-174.0
-184.0
-197.0
-170.0
-166.0
-193.0
-163.0
-133.0
-149.0
-129.0
-135.0
-146.0
-140.0
-127.0
-161.0
-140.0
-195.0
-194.0
-184.0
-164.0
-161.0
-153.0
-172.0
-181.0
-158.0
-162.0
-146.0
-131.0
-125.0
-126.0
-124.0
-100.0
-127.0
-156.0
-137.0
-148.0
-162.0
-203.0
-192.0
-175.0
-157.0
-140.0
-119.0
-101.0
-91.0
-76.0
-64.0
-86.0
-94.0
-93.0
-105.0
-101.0
-108.0
-116.0
-98.0
-79.0
-79.0
-82.0
-47.0
-50.0
-84.0
-81.0
-67.0
-60.0
-55.0
-70.0
-85.0
-93.0
-69.0
-64.0
-78.0
-74.0
-64.0
-61.0
-51.0
-61.0
-54.0
-58.0
-59.0
-53.0
-69.0
-46.0
-40.0
-54.0
-48.0
-84.0
-113.0
-94.0
-98.0
-89.0
-90.0
-71.0
-63.0
-57.0
-52.0
-56.0
-73.0
-71.0
-63.0
-65.0
-65.0
-74.0
-87.0
-89.0
-117.0
-100.0
-74.0
-74.0
-39.0
-31.0
-24.0
-3.0
-4.0
-3.0
-6.0
-36.0
-55.0
-68.0
-90.0
-82.0
-93.0
-87.0
-76.0
-65.0
-63.0
-71.0
-54.0
-68.0
-85.0
-88.0
-70.0
-65.0
-90.0
-101.0
-95.0
-107.0
-111.0
-99.0
-105.0
-91.0
-79.0
-75.0
-72.0
-61.0
-55.0
-43.0
-59.0
-58.0
-52.0
-72.0
-73.0
-72.0
-63.0
-47.0
-74.0
-69.0
-52.0
-53.0
-18.0
9.0
-31.0
-31.0
-47.0
-46.0
-30.0
-20.0
-44.0
-48.0
-26.0
-59.0
-53.0
-47.0
-32.0
-40.0
-40.0
-27.0
-45.0
-21.0
-6.0
-32.0
-48.0
-56.0
-54.0
-47.0
-50.0
-39.0
-54.0
-48.0
-38.0
-44.0
-42.0
-19.0
-14.0
5.0
-2.0
-5.0
13.0
15.0
17.0
21.0
35.0
60.0
50.0
65.0
63.0
84.0
127.0
151.0
204.0
310.0
347.0
363.0
361.0
341.0
384.0
398.0
421.0
438.0
445.0
460.0
486.0
468.0
461.0
440.0
440.0
460.0
459.0
464.0
454.0
396.0
394.0
342.0
309.0
256.0
235.0
209.0
178.0
111.0
91.0
82.0
72.0
81.0
52.0
19.0
12.0
-26.0
-31.0
-46.0
-62.0
-84.0
-102.0
-128.0
-157.0
-160.0
-155.0
-190.0
-176.0
-181.0
-172.0
-229.0
-212.0
-208.0
-200.0
-222.0
-229.0
-217.0
-230.0
-220.0
-218.0
-274.0
-242.0
-218.0
-227.0
-222.0
-175.0
-171.0
-127.0
-151.0
-160.0
-173.0
-182.0
-200.0
-179.0
-216.0
-215.0
-230.0
-235.0
-236.0
-235.0
-216.0
-193.0
-159.0
-108.0
-80.0
-106.0
-95.0
-100.0
-83.0
-92.0
-76.0
-44.0
-3.0
70.0
133.0
144.0
205.0
256.0
284.0
309.0
320.0
382.0
429.0
372.0
383.0
373.0
343.0
322.0
290.0
294.0
253.0
187.0
122.0
158.0
86.0
118.0
81.0
11.0
8.0
-62.0
-65.0
-64.0
-92.0
-84.0
-102.0
-111.0
-149.0
-172.0
-181.0
-191.0
-185.0
-207.0
-232.0
-251.0
-280.0
-295.0
-284.0
-277.0
-321.0
-312.0
-308.0
-320.0
-308.0
-303.0
-303.0
-301.0
-309.0
-293.0
-303.0
-316.0
-342.0
-362.0
-379.0
-386.0
-352.0
-369.0
-364.0
-354.0
-316.0
-330.0
-318.0
-263.0
-239.0
-213.0
-187.0
-208.0
-225.0
-272.0
-280.0
-335.0
-335.0
-352.0
-328.0
-336.0
-307.0
-300.0
-301.0
-298.0
-260.0
-243.0
-247.0
-270.0
-270.0
-274.0
-272.0
-279.0
-342.0
-301.0
-293.0
-306.0
-288.0
-268.0
-279.0
-251.0
-247.0
-245.0
-184.0
-140.0
-132.0
-99.0
-130.0
-101.0
-139.0
-122.0
-137.0
-144.0
-211.0
-226.0
-218.0
-213.0
-187.0
-166.0
-157.0
-132.0
-104.0
-118.0
-84.0
-119.0
-125.0
-91.0
-113.0
-88.0
-98.0
-117.0
-109.0
-118.0
-119.0
-129.0
-137.0
-164.0
-165.0
-140.0
-86.0
-45.0
-52.0
-41.0
-41.0
-30.0
-39.0
-45.0
-48.0
-63.0
-81.0
-63.0
-90.0
-115.0
-131.0
-144.0
-121.0
-85.0
-62.0
-73.0
-45.0
-69.0
-76.0
-107.0
-94.0
-96.0
-70.0
-27.0
-36.0
-69.0
-79.0
-116.0
-102.0
-115.0
-151.0
-146.0
-70.0
-28.0
-31.0
-14.0
-30.0
-61.0
-77.0
-92.0
-88.0
-98.0
-107.0
-108.0
-83.0
-96.0
-60.0
-52.0
-17.0
-12.0
-31.0
-67.0
-70.0
-126.0
-126.0
-82.0
-80.0
-78.0
-55.0
-41.0
-29.0
-23.0
-37.0
-34.0
-41.0
-49.0
-13.0
-16.0
-21.0
-40.0
-53.0
-26.0
-20.0
4.0
16.0
5.0
29.0
52.0
49.0
87.0
51.0
72.0
81.0
109.0
137.0
169.0
213.0
284.0
344.0
401.0
449.0
488.0
519.0
503.0
463.0
445.0
424.0
394.0
378.0
319.0
330.0
296.0
267.0
268.0
242.0
243.0
261.0
193.0
208.0
131.0
98.0
69.0
3.0
-54.0
5.0
-33.0
-73.0
-61.0
-83.0
-88.0
-76.0
-53.0
-83.0
-120.0
-172.0
-175.0
-265.0
-234.0
-269.0
-247.0
-211.0
-242.0
-183.0
-220.0
-213.0
-188.0
-197.0
-180.0
-178.0
-178.0
-187.0
-221.0
-269.0
-280.0
-305.0
-258.0
-232.0
-227.0
-238.0
-206.0
-233.0
-218.0
-203.0
-207.0
-231.0
-253.0
-231.0
-231.0
-265.0
-308.0
-331.0
-331.0
-319.0
-324.0
-243.0
-251.0
-220.0
-208.0
-233.0
-193.0
-206.0
-219.0
-195.0
-240.0
-253.0
-222.0
-245.0
-279.0
-218.0
-220.0
-193.0
-182.0
-235.0
-202.0
-216.0
-172.0
-163.0
-191.0
-163.0
-183.0
-200.0
-203.0
-211.0
-185.0
-212.0
-220.0
-193.0
-168.0
-188.0
-168.0
-202.0
-180.0
-157.0
-191.0
-203.0
-198.0
-219.0
-243.0
-274.0
-291.0
-266.0
-289.0
-261.0
-248.0
-241.0
-244.0
-270.0
-269.0
-276.0
-285.0
-278.0
-259.0
-294.0
-278.0
-264.0
-257.0
-244.0
-248.0
-279.0
-248.0
-268.0
-224.0
-221.0
-213.0
-192.0
-189.0
-193.0
-193.0
-228.0
-221.0
-213.0
-209.0
-192.0
-210.0
-163.0
-152.0
-133.0
-120.0
-113.0
-112.0
-104.0
-137.0
-156.0
-193.0
-191.0
-184.0
-169.0
-159.0
-168.0
-172.0
-161.0
-149.0
-149.0
-167.0
-159.0
-186.0
-182.0
-187.0
-200.0
-189.0
-201.0
-185.0
-188.0
-199.0
-185.0
-210.0
-192.0
-179.0
-185.0
-163.0
-155.0
-154.0
-119.0
-142.0
-131.0
-156.0
-161.0
-147.0
-130.0
-121.0
-144.0
-167.0
-149.0
-169.0
-191.0
-136.0
-138.0
-104.0
-50.0
-43.0
-54.0
-88.0
-105.0
-108.0
-122.0
-97.0
-156.0
-145.0
-149.0
-162.0
-159.0
-92.0
-84.0
-38.0
-14.0
-35.0
-57.0
-94.0
-127.0
-111.0
-122.0
-136.0
-152.0
-128.0
-98.0
-88.0
-67.0
-47.0
-62.0
-59.0
-83.0
-100.0
-110.0
-98.0
-95.0
-87.0
-75.0
-83.0
-102.0
-80.0
-72.0
-52.0
-60.0
-40.0
-48.0
-53.0
-63.0
-74.0
-55.0
-48.0
-59.0
-36.0
-40.0
-64.0
-53.0
-34.0
-45.0
-37.0
-45.0
-15.0
-25.0
-23.0
-25.0
-72.0
-79.0
-84.0
-79.0
-53.0
-54.0
-39.0
-36.0
-25.0
-24.0
-8.0
-27.0
-12.0
-34.0
-40.0
-36.0
-58.0
-65.0
-89.0
-73.0
-46.0
-28.0
-29.0
-54.0
-33.0
-8.0
-17.0
-28.0
-49.0
-85.0
-73.0
-53.0
-52.0
-28.0
-50.0
-65.0
-45.0
-33.0
-35.0
-23.0
-44.0
-59.0
-24.0
-38.0
-49.0
-43.0
-43.0
-37.0
-39.0
-35.0
-35.0
6.0
33.0
14.0
-30.0
-22.0
5.0
18.0
30.0
26.0
33.0
11.0
20.0
17.0
-2.0
-17.0
-13.0
-24.0
12.0
22.0
36.0
34.0
19.0
25.0
22.0
23.0
13.0
6.0
-6.0
-10.0
-4.0
-22.0
-19.0
-14.0
-20.0
-6.0
6.0
16.0
12.0
45.0
40.0
20.0
24.0
5.0
10.0
23.0
4.0
20.0
24.0
3.0
-11.0
-2.0
-32.0
3.0
-5.0
5.0
-2.0
19.0
-4.0
-20.0
-1.0
13.0
5.0
-19.0
-2.0
-24.0
8.0
-8.0
-4.0
1.0
16.0
50.0
56.0
79.0
72.0
61.0
62.0
70.0
86.0
65.0
84.0
70.0
52.0
76.0
53.0
62.0
54.0
63.0
60.0
48.0
65.0
21.0
22.0
22.0
12.0
28.0
12.0
26.0
38.0
55.0
48.0
89.0
77.0
88.0
115.0
100.0
102.0
69.0
56.0
54.0
75.0
84.0
104.0
112.0
109.0
87.0
59.0
59.0
52.0
66.0
66.0
73.0
60.0
48.0
29.0
54.0
41.0
46.0
53.0
43.0
36.0
17.0
40.0
41.0
41.0
63.0
52.0
31.0
65.0
76.0
70.0
72.0
68.0
59.0
67.0
51.0
23.0
3.0
-24.0
-8.0
23.0
67.0
90.0
107.0
133.0
101.0
110.0
83.0
67.0
73.0
107.0
93.0
121.0
95.0
86.0
74.0
50.0
51.0
72.0
79.0
104.0
125.0
140.0
161.0
165.0
157.0
185.0
215.0
239.0
280.0
334.0
381.0
378.0
412.0
452.0
468.0
474.0
480.0
485.0
512.0
498.0
503.0
467.0
448.0
418.0
455.0
445.0
440.0
381.0
326.0
298.0
259.0
204.0
167.0
145.0
128.0
79.0
52.0
30.0
14.0
20.0
-14.0
-27.0
-68.0
-62.0
-67.0
-81.0
-86.0
-89.0
-101.0
-86.0
-120.0
-95.0
-118.0
-102.0
-75.0
-98.0
-146.0
-152.0
-141.0
-172.0
-155.0
-182.0
-191.0
-176.0
-169.0
-134.0
-114.0
-109.0
-159.0
-123.0
-131.0
-118.0
-79.0
-65.0
-66.0
-46.0
-53.0
-43.0
-48.0
-51.0
-83.0
-109.0
-128.0
-121.0
-127.0
-74.0
-42.0
-10.0
27.0
87.0
100.0
116.0
173.0
191.0
187.0
213.0
215.0
262.0
280.0
312.0
376.0
432.0
449.0
485.0
467.0
438.0
418.0
381.0
376.0
374.0
354.0
339.0
342.0
361.0
379.0
386.0
409.0
415.0
412.0
422.0
400.0
382.0
345.0
302.0
263.0
266.0
239.0
243.0
238.0
254.0
293.0
297.0
305.0
336.0
320.0
334.0
306.0
298.0
268.0
233.0
177.0
166.0
146.0
122.0
96.0
100.0
57.0
102.0
146.0
147.0
130.0
112.0
96.0
66.0
59.0
-14.0
-26.0
-61.0
-87.0
-137.0
-139.0
-133.0
-122.0
-154.0
-211.0
-230.0
-233.0
-207.0
-185.0
-216.0
-174.0
-202.0
-214.0
-201.0
-219.0
-218.0
-270.0
-255.0
-315.0
-313.0
-347.0
-346.0
-379.0
-405.0
-438.0
-423.0
-380.0
-340.0
-320.0
-363.0
-313.0
-289.0
-286.0
-244.0
-243.0
-306.0
-325.0
-347.0
-381.0
-404.0
-438.0
-448.0
-465.0
-430.0
-392.0
-379.0
-363.0
-338.0
-337.0
-302.0
-297.0
-300.0
-265.0
-253.0
-269.0
-265.0
-281.0
-322.0
-338.0
-362.0
-366.0
-326.0
-317.0
-298.0
-316.0
-291.0
-233.0
-195.0
-191.0
-173.0
-161.0
-143.0
-107.0
-86.0
-87.0
-101.0
-114.0
-130.0
-140.0
-158.0
-150.0
-141.0
-113.0
-81.0
-71.0
-23.0
6.0
34.0
63.0
105.0
127.0
145.0
154.0
152.0
170.0
168.0
175.0
175.0
185.0
199.0
208.0
206.0
229.0
231.0
266.0
285.0
286.0
280.0
281.0
269.0
261.0
215.0
212.0
230.0
226.0
183.0
146.0
126.0
150.0
168.0
133.0
124.0
82.0
53.0
35.0
13.0
-2.0
32.0
1.0
-53.0
-33.0
-81.0
-84.0
-85.0
-107.0
-153.0
-192.0
-153.0
-192.0
-214.0
-243.0
-297.0
-260.0
-271.0
-264.0
-257.0
-233.0
-253.0
-260.0
-194.0
-184.0
-147.0
-154.0
-192.0
-191.0
-241.0
-274.0
-293.0
-276.0
-285.0
-268.0
-277.0
-287.0
-265.0
-258.0
-220.0
-201.0
-209.0
-206.0
-230.0
-178.0
-225.0
-232.0
-244.0
-256.0
-240.0
-250.0
-281.0
-278.0
-281.0
-286.0
-258.0
-233.0
-181.0
-182.0
-177.0
-173.0
-174.0
-162.0
-150.0
-146.0
-121.0
-108.0
-108.0
-104.0
-112.0
-95.0
-62.0
6.0
22.0
60.0
95.0
101.0
105.0
116.0
154.0
167.0
221.0
220.0
231.0
242.0
261.0
278.0
263.0
250.0
266.0
265.0
255.0
278.0
261.0
279.0
277.0
281.0
271.0
268.0
271.0
298.0
293.0
302.0
303.0
311.0
307.0
284.0
282.0
276.0
258.0
293.0
282.0
254.0
251.0
294.0
267.0
224.0
197.0
212.0
185.0
194.0
178.0
206.0
116.0
154.0
114.0
100.0
45.0
33.0
-2.0
-53.0
-70.0
-62.0
-100.0
-105.0
-128.0
-97.0
-182.0
-190.0
-213.0
-189.0
-229.0
-220.0
-211.0
-225.0
-276.0
-278.0
-244.0
-237.0
-275.0
-287.0
-308.0
-329.0
-332.0
-360.0
-383.0
-376.0
-345.0
-313.0
-277.0
-270.0
-265.0
-254.0
-237.0
-193.0
-214.0
-203.0
-242.0
-255.0
-258.0
-289.0
-296.0
-281.0
-313.0
-288.0
-280.0
-289.0
-278.0
-285.0
-277.0
-271.0
-252.0
-246.0
-270.0
-260.0
-261.0
-305.0
-262.0
-287.0
-296.0
-282.0
-285.0
-258.0
-242.0
-252.0
-224.0
-215.0
-274.0
-246.0
-249.0
-256.0
-227.0
-250.0
-258.0
-278.0
-285.0
-300.0
-268.0
-306.0
-267.0
-259.0
-261.0
-217.0
-233.0
-186.0
-188.0
-202.0
-212.0
-260.0
-246.0
-266.0
-275.0
-258.0
-224.0
-227.0
-241.0
-248.0
-244.0
-222.0
-207.0
-176.0
-160.0
-177.0
-160.0
-177.0
-156.0
-145.0
-161.0
-164.0
-172.0
-157.0
-163.0
-169.0
-119.0
-83.0
-69.0
-47.0
-38.0
-44.0
-8.0
-36.0
-43.0
-39.0
-70.0
-101.0
-77.0
-89.0
-77.0
-87.0
-118.0
-115.0
-105.0
-83.0
-66.0
-44.0
-41.0
-36.0
-59.0
-53.0
-56.0
-55.0
-58.0
-83.0
-76.0
-92.0
-101.0
-96.0
-67.0
-47.0
3.0
-33.0
-23.0
-25.0
-15.0
6.0
-5.0
-19.0
-14.0
-29.0
-20.0
-29.0
-27.0
-30.0
-45.0
4.0
5.0
13.0
-4.0
8.0
-5.0
15.0
27.0
38.0
34.0
45.0
44.0
46.0
25.0
43.0
35.0
44.0
59.0
32.0
15.0
54.0
0.0
-31.0
-10.0
-10.0
12.0
0.0
-11.0
13.0
24.0
44.0
41.0
50.0
70.0
28.0
54.0
61.0
52.0
62.0
40.0
48.0
57.0
65.0
65.0
39.0
22.0
33.0
14.0
37.0
4.0
20.0
46.0
49.0
46.0
20.0
17.0
4.0
-9.0
-7.0
5.0
-6.0
24.0
29.0
29.0
24.0
12.0
17.0
28.0
37.0
18.0
74.0
79.0
49.0
60.0
76.0
84.0
86.0
88.0
122.0
140.0
144.0
172.0
190.0
214.0
189.0
206.0
222.0
225.0
244.0
271.0
278.0
305.0
318.0
329.0
342.0
375.0
413.0
419.0
406.0
414.0
403.0
425.0
411.0
409.0
430.0
408.0
402.0
412.0
419.0
433.0
429.0
400.0
410.0
413.0
401.0
399.0
402.0
371.0
371.0
325.0
316.0
334.0
351.0
345.0
344.0
360.0
384.0
381.0
387.0
395.0
367.0
365.0
363.0
338.0
340.0
333.0
322.0
323.0
340.0
331.0
372.0
368.0
351.0
363.0
346.0
313.0
347.0
316.0
280.0
265.0
235.0
205.0
185.0
155.0
139.0
173.0
135.0
120.0
103.0
140.0
116.0
124.0
79.0
-3.0
-107.0
-87.0
-190.0
-250.0
-215.0
-297.0
-291.0
-403.0
-209.0
-252.0
-257.0
-275.0
-264.0
-289.0
-275.0
-239.0
-270.0
-293.0
-323.0
-342.0
-323.0
-357.0
-396.0
-420.0
-408.0
-427.0
-401.0
-381.0
-370.0
-364.0
-347.0
-326.0
-275.0
-277.0
-303.0
-356.0
-344.0
-366.0
-414.0
-363.0
-375.0
-383.0
-405.0
-374.0
-364.0
-345.0
-347.0
-358.0
-356.0
-367.0
-355.0
-388.0
-372.0
-344.0
-364.0
-390.0
-343.0
-347.0
-341.0
-336.0
-371.0
-358.0
-346.0
-308.0
-327.0
-322.0
-294.0
-279.0
-298.0
-281.0
-297.0
-266.0
-271.0
-315.0
-305.0
-334.0
-316.0
-308.0
-284.0
-278.0
-256.0
-268.0
-283.0
-254.0
-249.0
-245.0
-251.0
-211.0
-225.0
-228.0
-271.0
-230.0
-229.0
-223.0
-241.0
-215.0
-248.0
-243.0
-247.0
-249.0
-210.0
-214.0
-198.0
-180.0
-192.0
-206.0
-192.0
-237.0
-226.0
-186.0
-197.0
-175.0
-182.0
-208.0
-198.0
-187.0
-181.0
-180.0
-161.0
-137.0
-132.0
-176.0
-169.0
-190.0
-173.0
-150.0
-167.0
-131.0
-163.0
-148.0
-125.0
-144.0
-95.0
-98.0
-127.0
-98.0
-88.0
-106.0
-118.0
-158.0
-178.0
-177.0
-172.0
-129.0
-143.0
-143.0
-105.0
-130.0
-146.0
-162.0
-173.0
-163.0
-140.0
-124.0
-125.0
-138.0
-123.0
-107.0
-114.0
-119.0
-114.0
-126.0
-106.0
-106.0
-59.0
-53.0
-36.0
-10.0
17.0
46.0
121.0
149.0
159.0
174.0
212.0
267.0
328.0
370.0
448.0
469.0
507.0
504.0
457.0
459.0
438.0
423.0
448.0
333.0
235.0
313.0
269.0
78.0
80.0
7.0
34.0
23.0
-20.0
-64.0
-164.0
-76.0
-152.0
-135.0
-141.0
-161.0
-191.0
-187.0
-247.0
-262.0
-304.0
-320.0
-293.0
-304.0
-277.0
-260.0
-289.0
-256.0
-257.0
-252.0
-240.0
-248.0
-184.0
-210.0
-239.0
-229.0
-244.0
-237.0
-248.0
-247.0
-231.0
-234.0
-233.0
-201.0
-176.0
-212.0
-184.0
-202.0
-165.0
-206.0
-186.0
-167.0
-168.0
-134.0
-148.0
-186.0
-191.0
-205.0
-189.0
-197.0
-190.0
-214.0
-178.0
-204.0
-178.0
-152.0
-124.0
-136.0
-149.0
-169.0
-183.0
-139.0
-127.0
-118.0
-140.0
-162.0
-157.0
-154.0
-161.0
-153.0
-150.0
-165.0
-135.0
-114.0
-100.0
-117.0
-93.0
-95.0
-121.0
-112.0
-129.0
-125.0
-140.0
-96.0
-99.0
-114.0
-104.0
-101.0
-106.0
-134.0
-90.0
-99.0
-95.0
-125.0
-117.0
-72.0
-74.0
-54.0
-87.0
-71.0
-67.0
-68.0
-66.0
-53.0
-71.0
-32.0
-42.0
-39.0
-16.0
-44.0
-46.0
-44.0
-54.0
-26.0
9.0
-18.0
-16.0
-12.0
-7.0
10.0
46.0
22.0
38.0
18.0
17.0
-13.0
0.0
-28.0
-36.0
-20.0
7.0
27.0
3.0
1.0
-4.0
-8.0
-24.0
-13.0
2.0
-7.0
-6.0
11.0
-39.0
-36.0
-46.0
-25.0
-17.0
-11.0
-8.0
-12.0
-31.0
-16.0
-14.0
-2.0
-14.0
-15.0
-29.0
-19.0
7.0
-18.0
-18.0
-2.0
-4.0
1.0
18.0
13.0
21.0
-22.0
3.0
-6.0
-18.0
-15.0
14.0
-2.0
-6.0
-29.0
20.0
17.0
27.0
8.0
0.0
19.0
38.0
22.0
31.0
53.0
40.0
15.0
28.0
55.0
61.0
44.0
14.0
20.0
-7.0
65.0
58.0
49.0
58.0
41.0
43.0
44.0
42.0
24.0
42.0
32.0
80.0
34.0
33.0
55.0
64.0
54.0
44.0
34.0
6.0
3.0
-8.0
17.0
34.0
39.0
36.0
40.0
45.0
54.0
78.0
115.0
111.0
108.0
72.0
43.0
46.0
33.0
34.0
79.0
61.0
39.0
52.0
22.0
11.0
54.0
51.0
82.0
112.0
107.0
61.0
22.0
44.0
48.0
28.0
40.0
71.0
73.0
98.0
76.0
60.0
28.0
45.0
91.0
84.0
98.0
94.0
86.0
85.0
78.0
92.0
116.0
108.0
168.0
196.0
284.0
364.0
437.0
521.0
566.0
562.0
563.0
563.0
562.0
562.0
525.0
484.0
463.0
493.0
449.0
331.0
331.0
288.0
185.0
131.0
74.0
19.0
-2.0
-47.0
-132.0
-118.0
-154.0
-169.0
-173.0
-214.0
-213.0
-251.0
-312.0
-291.0
-296.0
-294.0
-301.0
-313.0
-353.0
-310.0
-322.0
-289.0
-320.0
-323.0
-354.0
-350.0
-331.0
-325.0
-338.0
-306.0
-346.0
-324.0
-347.0
-330.0
-316.0
-314.0
-304.0
-326.0
-327.0
-333.0
-274.0
-266.0
-289.0
-288.0
-286.0
-263.0
-289.0
-268.0
-250.0
-231.0
-228.0
-225.0
-267.0
-256.0
-288.0
-308.0
-269.0
-263.0
-243.0
-226.0
-206.0
-191.0
-178.0
-184.0
-183.0
-179.0
-186.0
-202.0
-205.0
-195.0
-207.0
-236.0
-230.0
-264.0
-252.0
-224.0
-220.0
-208.0
-211.0
-214.0
-184.0
-182.0
-180.0
-210.0
-211.0
-199.0
-234.0
-232.0
-246.0
-252.0
-272.0
-249.0
-204.0
-170.0
-174.0
-183.0
-185.0
-169.0
-128.0
-125.0
-134.0
-114.0
-161.0
-182.0
-184.0
-196.0
-207.0
-203.0
-198.0
-192.0
-201.0
-197.0
-169.0
-145.0
-134.0
-119.0
-129.0
-135.0
-167.0
-169.0
-154.0
-146.0
-182.0
-205.0
-206.0
-222.0
-196.0
-190.0
-176.0
-182.0
-197.0
-159.0
-176.0
-174.0
-162.0
-166.0
-147.0
-168.0
-156.0
-153.0
-154.0
-173.0
-165.0
-166.0
-165.0
-199.0
-171.0
-143.0
-136.0
-122.0
-129.0
-133.0
-141.0
-158.0
-151.0
-126.0
-129.0
-119.0
-97.0
-125.0
-130.0
-151.0
-155.0
-118.0
-152.0
-115.0
-127.0
-116.0
-109.0
-114.0
-98.0
-89.0
-66.0
-77.0
-82.0
-66.0
-84.0
-74.0
-58.0
-51.0
-57.0
-43.0
-56.0
-71.0
-37.0
-39.0
-34.0
-45.0
-40.0
-40.0
-31.0
-34.0
-35.0
-29.0
-25.0
-53.0
-48.0
-38.0
-53.0
-43.0
-16.0
-25.0
-32.0
-24.0
-9.0
3.0
3.0
-31.0
-37.0
-36.0
-35.0
-39.0
-62.0
-60.0
-32.0
-44.0
-44.0
-46.0
-57.0
-40.0
-42.0
-25.0
-41.0
-36.0
-12.0
14.0
16.0
73.0
87.0
118.0
117.0
144.0
187.0
251.0
306.0
322.0
335.0
362.0
352.0
360.0
391.0
419.0
442.0
455.0
429.0
422.0
402.0
397.0
386.0
376.0
393.0
409.0
341.0
320.0
293.0
241.0
248.0
212.0
187.0
174.0
100.0
81.0
10.0
9.0
4.0
8.0
23.0
-3.0
-65.0
-72.0
-82.0
-106.0
-113.0
-131.0
-154.0
-167.0
-229.0
-263.0
-283.0
-275.0
-233.0
-270.0
-247.0
-243.0
-243.0
-223.0
-238.0
-212.0
-208.0
-197.0
-192.0
-226.0
-235.0
-230.0
-214.0
-192.0
-176.0
-199.0
-186.0
-225.0
-265.0
-233.0
-221.0
-207.0
-194.0
-191.0
-200.0
-202.0
-224.0
-234.0
-238.0
-219.0
-197.0
-220.0
-221.0
-219.0
-240.0
-206.0
-211.0
-254.0
-240.0
-220.0
-187.0
-177.0
-186.0
-191.0
-211.0
-203.0
-185.0
-175.0
-195.0
-180.0
-190.0
-182.0
-195.0
-208.0
-177.0
-200.0
-186.0
-197.0
-199.0
-204.0
-168.0
-153.0
-142.0
-172.0
-181.0
-187.0
-178.0
-160.0
-169.0
-139.0
-117.0
-169.0
-177.0
-191.0
-168.0
-127.0
-137.0
-139.0
-90.0
-88.0
-88.0
-111.0
-140.0
-118.0
-121.0
-149.0
-138.0
-131.0
-130.0
-109.0
-105.0
-120.0
-119.0
-136.0
-106.0
-99.0
-76.0
-55.0
-73.0
-74.0
-96.0
-82.0
-55.0
-102.0
-103.0
-129.0
-116.0
-129.0
-134.0
-151.0
-154.0
-100.0
-66.0
-35.0
-40.0
-15.0
-42.0
-77.0
-92.0
-91.0
-144.0
-131.0
-162.0
-145.0
-106.0
-107.0
-44.0
-38.0
0.0
17.0
11.0
-15.0
-9.0
18.0
21.0
-52.0
-72.0
-101.0
-122.0
-129.0
-101.0
-81.0
-70.0
-62.0
-10.0
-2.0
13.0
5.0
-12.0
9.0
-21.0
-44.0
-49.0
-57.0
-74.0
-46.0
-26.0
-46.0
-56.0
-58.0
-60.0
-58.0
-69.0
-67.0
-59.0
-65.0
-48.0
-40.0
-24.0
0.0
-30.0
-25.0
-20.0
-14.0
-18.0
-48.0
-63.0
-45.0
-58.0
-47.0
-57.0
-46.0
-52.0
-54.0
-16.0
-7.0
3.0
-11.0
16.0
-14.0
-23.0
-19.0
-29.0
-38.0
-33.0
-19.0
-26.0
-37.0
-68.0
-69.0
-122.0
-90.0
-73.0
-67.0
-46.0
-52.0
-39.0
-30.0
-35.0
-70.0
-88.0
-73.0
-56.0
-95.0
-100.0
-102.0
-77.0
-37.0
-26.0
-27.0
-6.0
-14.0
-7.0
3.0
-9.0
-20.0
-44.0
-46.0
-44.0
-59.0
-50.0
-47.0
-21.0
-27.0
-31.0
-36.0
-29.0
-18.0
-16.0
-18.0
-36.0
-15.0
-22.0
-15.0
-3.0
2.0
-23.0
-25.0
-20.0
-28.0
-60.0
-45.0
-42.0
-35.0
-8.0
3.0
2.0
39.0
55.0
36.0
13.0
-4.0
16.0
11.0
-10.0
7.0
-29.0
-18.0
-32.0
-25.0
-6.0
-25.0
-35.0
-32.0
-40.0
-54.0
-39.0
-39.0
-23.0
-23.0
-42.0
-23.0
-26.0
-6.0
4.0
-10.0
-30.0
-17.0
-1.0
-4.0
4.0
-12.0
-36.0
-35.0
-32.0
-34.0
-18.0
1.0
-19.0
-15.0
-2.0
-16.0
2.0
16.0
37.0
47.0
36.0
38.0
10.0
-6.0
-3.0
-8.0
10.0
25.0
12.0
24.0
22.0
7.0
21.0
36.0
20.0
18.0
1.0
-11.0
-12.0
-21.0
10.0
12.0
9.0
7.0
5.0
-15.0
8.0
3.0
12.0
37.0
24.0
44.0
13.0
7.0
2.0
7.0
35.0
20.0
36.0
12.0
10.0
-20.0
18.0
28.0
58.0
36.0
70.0
75.0
65.0
42.0
52.0
55.0
39.0
40.0
23.0
37.0
10.0
13.0
31.0
30.0
65.0
50.0
55.0
78.0
61.0
64.0
53.0
33.0
52.0
39.0
34.0
40.0
12.0
16.0
39.0
24.0
44.0
73.0
77.0
61.0
71.0
68.0
69.0
85.0
78.0
58.0
12.0
50.0
30.0
34.0
50.0
41.0
51.0
40.0
56.0
34.0
43.0
25.0
48.0
16.0
13.0
38.0
43.0
49.0
27.0
40.0
40.0
8.0
37.0
18.0
14.0
32.0
27.0
24.0
52.0
41.0
50.0
55.0
53.0
40.0
6.0
11.0
5.0
17.0
3.0
35.0
58.0
41.0
52.0
41.0
-1.0
18.0
29.0
35.0
43.0
34.0
10.0
4.0
4.0
11.0
35.0
48.0
54.0
38.0
35.0
38.0
16.0
-12.0
-2.0
-5.0
-11.0
-13.0
-16.0
-4.0
9.0
4.0
17.0
-4.0
25.0
2.0
-9.0
-10.0
11.0
-2.0
8.0
3.0
-1.0
22.0
-3.0
7.0
10.0
-3.0
9.0
21.0
60.0
62.0
83.0
61.0
80.0
84.0
155.0
206.0
241.0
260.0
290.0
295.0
327.0
336.0
370.0
367.0
380.0
395.0
380.0
392.0
394.0
408.0
364.0
329.0
325.0
334.0
301.0
279.0
247.0
225.0
204.0
186.0
188.0
169.0
140.0
103.0
83.0
43.0
-6.0
-33.0
-30.0
-41.0
-69.0
-49.0
-93.0
-105.0
-145.0
-144.0
-163.0
-158.0
-197.0
-206.0
-196.0
-194.0
-174.0
-181.0
-186.0
-182.0
-179.0
-179.0
-164.0
-184.0
-176.0
-184.0
-197.0
-193.0
-218.0
-176.0
-190.0
-194.0
-155.0
-160.0
-165.0
-187.0
-178.0
-137.0
-153.0
-157.0
-157.0
-177.0
-201.0
-191.0
-170.0
-194.0
-186.0
-190.0
-158.0
-174.0
-162.0
-162.0
-149.0
-133.0
-130.0
-150.0
-159.0
-144.0
-159.0
-178.0
-167.0
-197.0
-211.0
-201.0
-175.0
-180.0
-189.0
-194.0
-199.0
-167.0
-173.0
-183.0
-158.0
-162.0
-178.0
-177.0
-166.0
-170.0
-181.0
-207.0
-180.0
-209.0
-185.0
-183.0
-194.0
-183.0
-173.0
-176.0
-171.0
-180.0
-187.0
-180.0
-184.0
-168.0
-154.0
-154.0
-136.0
-157.0
-156.0
-124.0
-145.0
-148.0
-114.0
-143.0
-134.0
-144.0
-136.0
-134.0
-127.0
-128.0
-111.0
-109.0
-111.0
-71.0
-81.0
-78.0
-68.0
-63.0
-65.0
-88.0
-56.0
-74.0
-67.0
-86.0
-90.0
-125.0
-148.0
-153.0
-161.0
-167.0
-140.0
-79.0
-60.0
-69.0
-75.0
-78.0
-40.0
-28.0
-30.0
-34.0
-57.0
-68.0
-89.0
-115.0
-116.0
-142.0
-114.0
-65.0
-80.0
-81.0
-70.0
-82.0
-59.0
-50.0
-57.0
-53.0
-73.0
-79.0
-50.0
-58.0
-53.0
-74.0
-119.0
-117.0
-96.0
-99.0
-93.0
-110.0
-97.0
-92.0
-79.0
-75.0
-73.0
-67.0
-53.0
-62.0
-72.0
-93.0
-86.0
-65.0
-94.0
-98.0
-102.0
-79.0
-71.0
-80.0
-73.0
-62.0
-58.0
-68.0
-36.0
-71.0
-36.0
-50.0
-74.0
-57.0
-69.0
-82.0
-63.0
-70.0
-78.0
-108.0
-77.0
-82.0
-63.0
-32.0
-50.0
-41.0
-34.0
-29.0
-16.0
-4.0
-12.0
-10.0
-71.0
-86.0
-76.0
-56.0
-51.0
-59.0
-77.0
-68.0
-56.0
-43.0
-36.0
-58.0
-57.0
-39.0
-61.0
-56.0
-42.0
-77.0
-74.0
-72.0
-52.0
-39.0
-32.0
-45.0
-51.0
-65.0
-33.0
-26.0
-35.0
-9.0
-14.0
-14.0
-29.0
-45.0
-55.0
-51.0
-32.0
-24.0
-39.0
-33.0
-30.0
-36.0
2.0
-10.0
-16.0
-2.0
-19.0
-9.0
-23.0
-8.0
-39.0
-44.0
-26.0
6.0
-23.0
-33.0
-31.0
-55.0
-5.0
20.0
8.0
15.0
-6.0
-67.0
-48.0
-67.0
-55.0
-70.0
-87.0
-66.0
-81.0
-71.0
-51.0
-32.0
-6.0
-21.0
-45.0
-32.0
-40.0
-39.0
-37.0
-69.0
-88.0
-108.0
-81.0
-74.0
-70.0
-82.0
-76.0
-78.0
-60.0
-49.0
-41.0
-51.0
-59.0
-47.0
-55.0
-50.0
-51.0
-72.0
-47.0
-50.0
-68.0
-79.0
-102.0
-114.0
-65.0
-63.0
-54.0
-43.0
-64.0
-34.0
-48.0
-44.0
-44.0
-39.0
-56.0
-47.0
-48.0
-54.0
-79.0
-70.0
-52.0
-51.0
-29.0
-27.0
-36.0
-24.0
0.0
-1.0
12.0
-14.0
-21.0
-43.0
-41.0
-26.0
-42.0
-17.0
-46.0
-67.0
-46.0
-40.0
-45.0
-17.0
-19.0
-5.0
-14.0
-11.0
18.0
32.0
8.0
-4.0
-9.0
-18.0
-15.0
-6.0
-10.0
-11.0
-24.0
-18.0
-12.0
-10.0
15.0
38.0
40.0
41.0
22.0
31.0
32.0
34.0
27.0
11.0
27.0
22.0
11.0
17.0
12.0
20.0
28.0
25.0
4.0
15.0
25.0
33.0
52.0
25.0
16.0
30.0
18.0
38.0
12.0
2.0
-3.0
12.0
18.0
-4.0
10.0
44.0
28.0
61.0
52.0
54.0
42.0
24.0
26.0
44.0
33.0
44.0
30.0
3.0
17.0
19.0
-11.0
-14.0
-38.0
-35.0
-35.0
-21.0
-4.0
-3.0
26.0
64.0
52.0
66.0
22.0
-16.0
-6.0
-10.0
10.0
33.0
73.0
101.0
138.0
184.0
249.0
282.0
303.0
328.0
337.0
340.0
356.0
383.0
404.0
431.0
437.0
457.0
470.0
466.0
448.0
469.0
494.0
498.0
445.0
429.0
375.0
299.0
270.0
243.0
242.0
219.0
220.0
216.0
187.0
184.0
152.0
111.0
70.0
69.0
8.0
-8.0
-14.0
-51.0
-67.0
-78.0
-118.0
-146.0
-152.0
-158.0
-174.0
-206.0
-203.0
-224.0
-202.0
-211.0
-250.0
-270.0
-316.0
-318.0
-331.0
-343.0
-323.0
-306.0
-297.0
-265.0
-241.0
-198.0
-231.0
-258.0
-184.0
-190.0
-188.0
-191.0
-210.0
-187.0
-200.0
-201.0
-199.0
-207.0
-214.0
-204.0
-195.0
-188.0
-167.0
-163.0
-167.0
-155.0
-155.0
-127.0
-152.0
-176.0
-164.0
-175.0
-172.0
-166.0
-151.0
-149.0
-151.0
-117.0
-122.0
-144.0
-112.0
-119.0
-117.0
-137.0
-172.0
-158.0
-191.0
-182.0
-156.0
-176.0
-158.0
-130.0
-124.0
-134.0
-150.0
-170.0
-194.0
-183.0
-191.0
-175.0
-195.0
-176.0
-181.0
-187.0
-150.0
-161.0
-150.0
-138.0
-166.0
-175.0
-192.0
-197.0
-190.0
-187.0
-178.0
-180.0
-178.0
-157.0
-142.0
-129.0
-110.0
-137.0
-144.0
-147.0
-149.0
-182.0
-214.0
-196.0
-170.0
-185.0
-173.0
-185.0
-172.0
-169.0
-155.0
-171.0
-172.0
-153.0
-146.0
-127.0
-122.0
-138.0
-136.0
-140.0
-145.0
-117.0
-134.0
-140.0
-147.0
-135.0
-97.0
-147.0
-114.0
-111.0
-101.0
-106.0
-101.0
-138.0
-122.0
-131.0
-124.0
-136.0
-146.0
-139.0
-114.0
-75.0
-83.0
-81.0
-68.0
-76.0
-67.0
-83.0
-107.0
-115.0
-102.0
-81.0
-89.0
-74.0
-69.0
-82.0
-105.0
-109.0
-121.0
-111.0
-93.0
-118.0
-107.0
-60.0
-59.0
-40.0
-48.0
-77.0
-74.0
-61.0
-85.0
-66.0
-98.0
-107.0
-90.0
-92.0
-83.0
-93.0
-86.0
-83.0
-79.0
-54.0
-72.0
-107.0
-76.0
-98.0
-73.0
-79.0
-80.0
-58.0
-54.0
-73.0
-56.0
-57.0
-93.0
-73.0
-91.0
-88.0
-87.0
-89.0
-51.0
-48.0
-38.0
-64.0
-80.0
-69.0
-63.0
-51.0
-52.0
-67.0
-74.0
-62.0
-59.0
-56.0
-33.0
-45.0
-44.0
-72.0
-89.0
-46.0
-27.0
-42.0
-48.0
-45.0
-48.0
-53.0
-55.0
-57.0
-69.0
-49.0
-29.0
-49.0
-46.0
-25.0
-33.0
-53.0
-44.0
-33.0
-38.0
-44.0
-45.0
-55.0
-41.0
-61.0
-96.0
-60.0
-71.0
-44.0
-17.0
-45.0
-41.0
-34.0
-34.0
-71.0
-60.0
-64.0
-42.0
-43.0
-40.0
-21.0
-40.0
-24.0
-16.0
-15.0
6.0
-25.0
-49.0
-35.0
-48.0
-37.0
-58.0
-67.0
-49.0
-61.0
-31.0
-21.0
-42.0
-26.0
3.0
1.0
-4.0
-18.0
-8.0
-24.0
-31.0
-13.0
-36.0
-49.0
-33.0
-43.0
-29.0
-19.0
-11.0
-40.0
-47.0
-30.0
-18.0
-43.0
-55.0
-41.0
-40.0
-25.0
-11.0
-35.0
-52.0
-41.0
-32.0
-13.0
-23.0
-22.0
-25.0
-43.0
-49.0
-29.0
-53.0
-40.0
-52.0
-42.0
-45.0
-52.0
-44.0
-77.0
-71.0
-56.0
-73.0
-61.0
-36.0
-52.0
-29.0
-46.0
-61.0
-61.0
-70.0
-60.0
-56.0
-49.0
-51.0
-54.0
-71.0
-70.0
-61.0
-27.0
-29.0
-46.0
-29.0
-34.0
-7.0
5.0
-5.0
-19.0
-33.0
-54.0
-41.0
-25.0
-19.0
-24.0
-40.0
-34.0
-9.0
17.0
22.0
-13.0
-15.0
4.0
2.0
-5.0
-1.0
-22.0
-5.0
-22.0
-24.0
-32.0
-36.0
-46.0
-22.0
-27.0
-14.0
-4.0
11.0
8.0
10.0
1.0
-12.0
-10.0
8.0
5.0
9.0
-37.0
-49.0
-34.0
19.0
-2.0
15.0
21.0
7.0
4.0
0.0
4.0
4.0
-26.0
-26.0
-33.0
-36.0
-53.0
-48.0
-19.0
-40.0
-46.0
-46.0
-30.0
-14.0
12.0
10.0
-13.0
2.0
0.0
5.0
-4.0
15.0
-13.0
-2.0
1.0
3.0
-38.0
-25.0
-30.0
-39.0
-29.0
-30.0
-27.0
10.0
-8.0
14.0
-1.0
-11.0
-3.0
-24.0
-39.0
-36.0
-76.0
-33.0
-25.0
-34.0
-21.0
-44.0
-12.0
-12.0
-3.0
-1.0
11.0
12.0
-6.0
10.0
27.0
8.0
-13.0
-3.0
-4.0
4.0
16.0
-6.0
11.0
31.0
25.0
46.0
32.0
37.0
47.0
43.0
67.0
43.0
36.0
64.0
37.0
55.0
46.0
27.0
18.0
7.0
11.0
28.0
-4.0
-6.0
14.0
4.0
43.0
6.0
38.0
50.0
53.0
75.0
84.0
54.0
41.0
19.0
-12.0
9.0
-1.0
-10.0
-16.0
4.0
-1.0
24.0
37.0
30.0
44.0
48.0
17.0
45.0
53.0
26.0
7.0
-11.0
-32.0
-25.0
-21.0
-16.0
-15.0
-6.0
-2.0
12.0
38.0
14.0
39.0
22.0
-3.0
5.0
-6.0
-8.0
-2.0
-31.0
-13.0
-29.0
-21.0
2.0
-13.0
8.0
-13.0
-15.0
-18.0
-29.0
-19.0
-19.0
-39.0
-50.0
-40.0
-21.0
-10.0
8.0
6.0
6.0
2.0
-6.0
25.0
25.0
10.0
6.0
-13.0
20.0
2.0
8.0
-1.0
5.0
-6.0
-42.0
-25.0
-23.0
-16.0
24.0
17.0
31.0
34.0
43.0
73.0
65.0
29.0
24.0
49.0
36.0
22.0
1.0
3.0
1.0
1.0
-11.0
10.0
11.0
43.0
41.0
46.0
60.0
34.0
62.0
69.0
49.0
51.0
49.0
42.0
42.0
3.0
-4.0
-8.0
-32.0
-12.0
-21.0
16.0
41.0
44.0
95.0
46.0
38.0
51.0
47.0
69.0
55.0
65.0
28.0
26.0
26.0
69.0
52.0
29.0
25.0
21.0
45.0
52.0
78.0
89.0
115.0
135.0
177.0
199.0
256.0
260.0
292.0
334.0
344.0
381.0
415.0
402.0
428.0
448.0
429.0
437.0
456.0
438.0
448.0
429.0
432.0
397.0
389.0
363.0
331.0
313.0
284.0
247.0
231.0
202.0
193.0
174.0
138.0
84.0
53.0
58.0
66.0
15.0
-8.0
-32.0
-63.0
-69.0
-91.0
-113.0
-114.0
-103.0
-124.0
-172.0
-170.0
-187.0
-202.0
-197.0
-213.0
-227.0
-214.0
-218.0
-230.0
-232.0
-221.0
-221.0
-197.0
-188.0
-200.0
-187.0
-222.0
-193.0
-194.0
-211.0
-156.0
-175.0
-172.0
-164.0
-186.0
-193.0
-194.0
-196.0
-191.0
-191.0
-207.0
-182.0
-163.0
-149.0
-164.0
-139.0
-112.0
-86.0
-80.0
-147.0
-161.0
-184.0
-124.0
-122.0
-99.0
-110.0
-132.0
-136.0
-156.0
-126.0
-127.0
-149.0
-167.0
-128.0
-143.0
-115.0
-116.0
-113.0
-119.0
-174.0
-177.0
-171.0
-190.0
-172.0
-146.0
-138.0
-105.0
-98.0
-88.0
-119.0
-144.0
-151.0
-159.0
-137.0
-111.0
-128.0
-94.0
-67.0
-71.0
-75.0
-117.0
-161.0
-153.0
-158.0
-151.0
-120.0
-120.0
-129.0
-127.0
-133.0
-136.0
-136.0
-121.0
-125.0
-101.0
-121.0
-144.0
-128.0
-145.0
-139.0
-124.0
-124.0
-146.0
-153.0
-154.0
-171.0
-156.0
-117.0
-89.0
-93.0
-130.0
-119.0
-129.0
-143.0
-163.0
-187.0
-188.0
-161.0
-162.0
-149.0
-152.0
-135.0
-131.0
-119.0
-137.0
-135.0
-152.0
-129.0
-140.0
-120.0
-162.0
-141.0
-138.0
-149.0
-154.0
-131.0
-190.0
-186.0
-180.0
-154.0
-148.0
-165.0
-182.0
-176.0
-180.0
-138.0
-152.0
-121.0
-124.0
-139.0
-142.0
-189.0
-184.0
-158.0
-169.0
-167.0
-185.0
-202.0
-202.0
-188.0
-162.0
-148.0
-136.0
-124.0
-123.0
-139.0
-166.0
-172.0
-140.0
-118.0
-108.0
-118.0
-102.0
-108.0
-109.0
-100.0
-102.0
-72.0
-91.0
-85.0
-62.0
-60.0
-67.0
-91.0
-72.0
-55.0
-13.0
25.0
90.0
127.0
188.0
242.0
307.0
359.0
412.0
451.0
489.0
510.0
501.0
469.0
426.0
408.0
377.0
362.0
351.0
314.0
290.0
251.0
238.0
197.0
168.0
157.0
139.0
116.0
88.0
42.0
14.0
-8.0
-31.0
-56.0
-100.0
-110.0
-126.0
-132.0
-119.0
-137.0
-166.0
-151.0
-125.0
-133.0
-137.0
-146.0
-195.0
-244.0
-197.0
-202.0
-230.0
-236.0
-246.0
-242.0
-216.0
-234.0
-222.0
-233.0
-212.0
-207.0
-202.0
-202.0
-192.0
-216.0
-193.0
-176.0
-210.0
-218.0
-218.0
-223.0
-274.0
-279.0
-263.0
-258.0
-210.0
-233.0
-237.0
-218.0
-250.0
-215.0
-197.0
-237.0
-222.0
-213.0
-254.0
-258.0
-248.0
-258.0
-271.0
-304.0
-285.0
-301.0
-276.0
-229.0
-218.0
-222.0
-227.0
-206.0
-200.0
-215.0
-236.0
-211.0
-231.0
-247.0
-242.0
-230.0
-237.0
-233.0
-235.0
-220.0
-198.0
-192.0
-203.0
-202.0
-183.0
-180.0
-215.0
-226.0
-238.0
-227.0
-200.0
-232.0
-215.0
-209.0
-203.0
-186.0
-204.0
-213.0
-205.0
-201.0
-205.0
-213.0
-223.0
-223.0
-229.0
-195.0
-181.0
-196.0
-149.0
-143.0
-144.0
-135.0
-184.0
-181.0
-177.0
-190.0
-167.0
-168.0
-167.0
-139.0
-170.0
-122.0
-132.0
-153.0
-125.0
-96.0
-104.0
-109.0
-110.0
-99.0
-110.0
-104.0
-117.0
-127.0
-121.0
-106.0
-88.0
-104.0
-131.0
-151.0
-136.0
-161.0
-132.0
-98.0
-107.0
-89.0
-80.0
-70.0
-2.0
-32.0
-40.0
-45.0
-82.0
-76.0
-75.0
-107.0
-92.0
-113.0
-131.0
-97.0
-98.0
-86.0
-83.0
-69.0
-67.0
-70.0
-102.0
-83.0
-108.0
-88.0
-81.0
-113.0
-100.0
-112.0
-125.0
-126.0
-150.0
-134.0
-130.0
-128.0
-100.0
-91.0
-103.0
-77.0
-80.0
-114.0
-101.0
-130.0
-135.0
-134.0
-137.0
-127.0
-109.0
-131.0
-100.0
-77.0
-66.0
-46.0
-42.0
-60.0
-77.0
-85.0
-92.0
-115.0
-101.0
-135.0
-110.0
-103.0
-100.0
-82.0
-98.0
-99.0
-66.0
-79.0
-61.0
-31.0
-71.0
-77.0
-68.0
-67.0
-93.0
-53.0
-86.0
-85.0
-92.0
-76.0
-53.0
-56.0
-60.0
-79.0
-69.0
-67.0
-82.0
-69.0
-93.0
-86.0
-88.0
-79.0
-54.0
-53.0
-65.0
-68.0
-79.0
-69.0
-105.0
-91.0
-78.0
-74.0
-81.0
-72.0
-94.0
-80.0
-30.0
-46.0
-40.0
-24.0
-38.0
-59.0
-62.0
-97.0
-92.0
-88.0
-84.0
-94.0
-99.0
-84.0
-54.0
-69.0
-49.0
-70.0
-57.0
-55.0
-61.0
-81.0
-63.0
-67.0
-41.0
-57.0
-83.0
-62.0
-68.0
-60.0
-55.0
-75.0
-72.0
-81.0
-50.0
-27.0
-48.0
-45.0
-30.0
-35.0
-32.0
-35.0
-36.0
-61.0
-36.0
-36.0
-19.0
-42.0
-41.0
-83.0
-62.0
-54.0
-50.0
-39.0
-33.0
-28.0
-29.0
-24.0
-14.0
-32.0
-42.0
-27.0
-51.0
-51.0
-29.0
-48.0
-51.0
-58.0
-43.0
-33.0
-35.0
-39.0
-83.0
-62.0
-73.0
-52.0
-68.0
-58.0
-64.0
-58.0
-49.0
-49.0
-44.0
-54.0
-86.0
-53.0
-37.0
-33.0
-35.0
-69.0
-72.0
-86.0
-83.0
-71.0
-70.0
-56.0
-51.0
-64.0
-55.0
-72.0
-39.0
-32.0
-7.0
-44.0
-56.0
-69.0
-74.0
-82.0
-103.0
-86.0
-129.0
-107.0
-90.0
-62.0
-58.0
-59.0
-42.0
-41.0
-49.0
-48.0
-33.0
-48.0
-28.0
-48.0
-69.0
-59.0
-64.0
-45.0
-17.0
-40.0
-21.0
-11.0
-50.0
-41.0
-19.0
-38.0
-28.0
-43.0
-39.0
-21.0
-58.0
-59.0
-62.0
-59.0
-49.0
-50.0
-27.0
-21.0
-18.0
4.0
-17.0
1.0
25.0
15.0
-15.0
-34.0
-39.0
-48.0
-41.0
-59.0
-49.0
-45.0
-61.0
-37.0
-31.0
-20.0
-40.0
-33.0
-18.0
-39.0
-68.0
-64.0
-44.0
-33.0
-12.0
-3.0
-1.0
-39.0
-67.0
-46.0
-38.0
-34.0
-27.0
-46.0
-27.0
-24.0
3.0
10.0
1.0
8.0
26.0
23.0
13.0
13.0
2.0
13.0
-8.0
-13.0
-45.0
-34.0
0.0
2.0
54.0
77.0
105.0
88.0
56.0
70.0
84.0
80.0
67.0
98.0
90.0
104.0
124.0
95.0
84.0
96.0
76.0
96.0
68.0
47.0
41.0
53.0
67.0
55.0
42.0
86.0
77.0
84.0
83.0
77.0
58.0
58.0
18.0
4.0
-2.0
20.0
-19.0
-9.0
11.0
15.0
43.0
14.0
-28.0
-25.0
12.0
47.0
36.0
1.0
31.0
18.0
-6.0
-14.0
-20.0
-35.0
-18.0
9.0
15.0
25.0
21.0
15.0
-8.0
3.0
18.0
6.0
-7.0
7.0
-22.0
-26.0
-11.0
-12.0
-17.0
7.0
-3.0
-8.0
-18.0
2.0
17.0
10.0
16.0
14.0
-12.0
-21.0
-20.0
4.0
-5.0
-1.0
4.0
-3.0
-14.0
-20.0
-21.0
-26.0
-15.0
-45.0
-20.0
-33.0
-46.0
-12.0
6.0
3.0
-16.0
-31.0
-46.0
-28.0
1.0
15.0
29.0
22.0
40.0
26.0
40.0
7.0
2.0
3.0
-2.0
17.0
-3.0
5.0
-7.0
18.0
37.0
55.0
61.0
61.0
60.0
42.0
36.0
41.0
16.0
29.0
9.0
19.0
22.0
32.0
25.0
39.0
48.0
64.0
40.0
70.0
58.0
53.0
75.0
52.0
49.0
63.0
37.0
44.0
33.0
21.0
21.0
55.0
26.0
67.0
68.0
89.0
81.0
102.0
111.0
131.0
158.0
155.0
156.0
207.0
237.0
284.0
322.0
323.0
372.0
409.0
412.0
461.0
493.0
508.0
490.0
483.0
478.0
451.0
445.0
394.0
405.0
355.0
338.0
303.0
285.0
280.0
238.0
215.0
198.0
166.0
156.0
121.0
89.0
43.0
9.0
-19.0
-42.0
-30.0
-25.0
-40.0
-48.0
-62.0
-106.0
-120.0
-119.0
-155.0
-159.0
-184.0
-185.0
-183.0
-212.0
-202.0
-231.0
-244.0
-262.0
-239.0
-239.0
-210.0
-194.0
-191.0
-185.0
-189.0
-190.0
-208.0
-198.0
-166.0
-177.0
-152.0
-174.0
-218.0
-206.0
-186.0
-199.0
-182.0
-203.0
-210.0
-168.0
-178.0
-169.0
-167.0
-171.0
-174.0
-199.0
-191.0
-169.0
-165.0
-155.0
-153.0
-175.0
-189.0
-202.0
-148.0
-167.0
-169.0
-147.0
-145.0
-152.0
-158.0
-160.0
-158.0
-147.0
-136.0
-160.0
-168.0
-150.0
-151.0
-152.0
-146.0
-186.0
-188.0
-201.0
-165.0
-130.0
-136.0
-166.0
-141.0
-161.0
-136.0
-123.0
-173.0
-144.0
-184.0
-179.0
-184.0
-189.0
-203.0
-176.0
-171.0
-137.0
-140.0
-136.0
-149.0
-133.0
-121.0
-85.0
-73.0
-76.0
-56.0
-80.0
-99.0
-150.0
-174.0
-199.0
-187.0
-206.0
-148.0
-131.0
-82.0
-29.0
-7.0
29.0
29.0
40.0
16.0
34.0
54.0
66.0
95.0
136.0
122.0
214.0
263.0
328.0
397.0
447.0
454.0
508.0
491.0
453.0
480.0
444.0
414.0
380.0
333.0
277.0
306.0
266.0
247.0
233.0
200.0
191.0
201.0
169.0
158.0
139.0
96.0
17.0
1.0
-102.0
-189.0
-219.0
-248.0
-254.0
-279.0
-234.0
-214.0
-164.0
-145.0
-112.0
-135.0
-108.0
-105.0
-157.0
-185.0
-230.0
-286.0
-318.0
-323.0
-344.0
-347.0
-329.0
-322.0
-270.0
-265.0
-220.0
-190.0
-180.0
-163.0
-165.0
-166.0
-168.0
-186.0
-193.0
-232.0
-245.0
-240.0
-260.0
-274.0
-256.0
-270.0
-272.0
-196.0
-212.0
-197.0
-176.0
-177.0
-170.0
-182.0
-163.0
-194.0
-161.0
-166.0
-174.0
-200.0
-220.0
-240.0
-226.0
-192.0
-196.0
-182.0
-177.0
-183.0
-191.0
-191.0
-153.0
-134.0
-159.0
-108.0
-126.0
-168.0
-168.0
-173.0
-162.0
-162.0
-175.0
-205.0
-179.0
-205.0
-223.0
-202.0
-199.0
-206.0
-215.0
-242.0
-206.0
-242.0
-239.0
-259.0
-253.0
-267.0
-246.0
-241.0
-244.0
-221.0
-199.0
-197.0
-171.0
-164.0
-163.0
-125.0
-140.0
-109.0
-111.0
-152.0
-97.0
-111.0
-131.0
-140.0
-130.0
-125.0
-110.0
-75.0
-61.0
-117.0
-139.0
-108.0
-66.0
-40.0
-53.0
-58.0
-51.0
-86.0
-114.0
-103.0
-84.0
-77.0
-60.0
-34.0
13.0
63.0
60.0
139.0
159.0
186.0
274.0
308.0
333.0
376.0
377.0
397.0
417.0
419.0
473.0
413.0
423.0
362.0
383.0
418.0
370.0
325.0
292.0
240.0
231.0
211.0
191.0
152.0
107.0
141.0
101.0
72.0
35.0
11.0
-37.0
-5.0
-92.0
-115.0
-134.0
-148.0
-103.0
-120.0
-177.0
-156.0
-192.0
-178.0
-201.0
-183.0
-257.0
-173.0
-231.0
-218.0
-186.0
-193.0
-186.0
-192.0
-221.0
-229.0
-211.0
-211.0
-246.0
-211.0
-233.0
-235.0
-202.0
-161.0
-169.0
-209.0
-225.0
-210.0
-187.0
-216.0
-286.0
-230.0
-214.0
-259.0
-276.0
-257.0
-272.0
-263.0
-248.0
-241.0
-229.0
-243.0
-244.0
-247.0
-225.0
-204.0
-204.0
-230.0
-239.0
-221.0
-250.0
-222.0
-218.0
-238.0
-197.0
-214.0
-212.0
-188.0
-196.0
-116.0
-126.0
-149.0
-157.0
-150.0
-134.0
-142.0
-156.0
-158.0
-165.0
-212.0
-189.0
-206.0
-210.0
-164.0
-208.0
-183.0
-187.0
-199.0
-166.0
-213.0
-161.0
-162.0
-146.0
-163.0
-183.0
-216.0
-213.0
-199.0
-202.0
-175.0
-195.0
-184.0
-172.0
-177.0
-147.0
-129.0
-103.0
-115.0
-153.0
-101.0
-148.0
-123.0
-148.0
-111.0
-120.0
-142.0
-152.0
-158.0
-159.0
-111.0
-104.0
-95.0
-78.0
-76.0
-63.0
-53.0
-51.0
-45.0
-66.0
-55.0
-74.0
-100.0
-120.0
-118.0
-95.0
-160.0
-119.0
-157.0
-112.0
-112.0
-116.0
-70.0
-91.0
-98.0
-82.0
-120.0
-126.0
-112.0
-111.0
-119.0
-122.0
-97.0
-106.0
-135.0
-143.0
-98.0
-82.0
-70.0
-80.0
-73.0
-72.0
-49.0
-52.0
-54.0
-76.0
-77.0
-76.0
-117.0
-119.0
-86.0
-112.0
-96.0
-79.0
-80.0
-107.0
-146.0
-139.0
-109.0
-116.0
-90.0
-86.0
-90.0
-98.0
-78.0
-76.0
-68.0
-31.0
17.0
66.0
130.0
191.0
270.0
362.0
460.0
485.0
500.0
511.0
533.0
486.0
470.0
488.0
437.0
429.0
389.0
412.0
378.0
323.0
318.0
332.0
312.0
186.0
207.0
237.0
156.0
153.0
87.0
33.0
-6.0
-130.0
-56.0
-127.0
-204.0
-173.0
-233.0
-224.0
-252.0
-292.0
-298.0
-269.0
-303.0
-267.0
-350.0
-345.0
-356.0
-339.0
-313.0
-357.0
-368.0
-385.0
-370.0
-361.0
-313.0
-336.0
-313.0
-384.0
-359.0
-341.0
-321.0
-317.0
-377.0
-417.0
-293.0
-299.0
-302.0
-315.0
-336.0
-325.0
-329.0
-316.0
-352.0
-364.0
-361.0
-381.0
-379.0
-370.0
-385.0
-339.0
-303.0
-359.0
-357.0
-317.0
-275.0
-275.0
-305.0
-340.0
-330.0
-355.0
-364.0
-382.0
-361.0
-373.0
-360.0
-359.0
-334.0
-317.0
-283.0
-261.0
-291.0
-271.0
-278.0
-300.0
-245.0
-294.0
-309.0
-262.0
-269.0
-289.0
-263.0
-234.0
-238.0
-223.0
-214.0
-241.0
-240.0
-241.0
-250.0
-206.0
-239.0
-210.0
-224.0
-221.0
-223.0
-259.0
-275.0
-256.0
-260.0
-241.0
-283.0
-224.0
-242.0
-207.0
-183.0
-237.0
-234.0
-209.0
-194.0
-201.0
-182.0
-219.0
-209.0
-258.0
-208.0
-210.0
-218.0
-192.0
-187.0
-163.0
-176.0
-158.0
-139.0
-120.0
-122.0
-117.0
-136.0
-159.0
-152.0
-154.0
-153.0
-148.0
-145.0
-161.0
-155.0
-135.0
-184.0
-182.0
-124.0
-149.0
-144.0
-113.0
-155.0
-138.0
-150.0
-120.0
-85.0
-108.0
-121.0
-145.0
-144.0
-112.0
-97.0
-84.0
-92.0
-90.0
-60.0
-100.0
-118.0
-97.0
-80.0
-67.0
-69.0
-67.0
-99.0
-107.0
-95.0
-59.0
-70.0
-30.0
-42.0
-53.0
-54.0
-61.0
-49.0
-54.0
-97.0
-87.0
-55.0
-50.0
-48.0
-90.0
-63.0
-41.0
-55.0
-48.0
-50.0
-77.0
-64.0
-31.0
-60.0
-27.0
-54.0
-53.0
-26.0
-19.0
-63.0
-62.0
-31.0
-30.0
-20.0
1.0
12.0
-2.0
30.0
26.0
24.0
58.0
54.0
77.0
47.0
43.0
-6.0
39.0
22.0
82.0
78.0
54.0
36.0
42.0
29.0
25.0
37.0
50.0
70.0
27.0
51.0
40.0
29.0
42.0
36.0
-12.0
-20.0
32.0
42.0
40.0
41.0
24.0
-3.0
9.0
15.0
15.0
26.0
35.0
29.0
7.0
-16.0
8.0
22.0
5.0
35.0
28.0
33.0
42.0
-21.0
-1.0
20.0
24.0
45.0
61.0
59.0
47.0
27.0
32.0
21.0
8.0
20.0
19.0
21.0
22.0
32.0
25.0
30.0
27.0
40.0
55.0
29.0
45.0
54.0
52.0
34.0
22.0
42.0
30.0
36.0
37.0
11.0
17.0
29.0
40.0
8.0
22.0
17.0
41.0
43.0
61.0
54.0
26.0
42.0
41.0
45.0
44.0
33.0
62.0
48.0
56.0
50.0
60.0
59.0
60.0
44.0
70.0
46.0
63.0
56.0
59.0
35.0
82.0
63.0
71.0
61.0
73.0
115.0
142.0
213.0
227.0
249.0
296.0
342.0
380.0
427.0
460.0
467.0
473.0
529.0
480.0
481.0
469.0
409.0
428.0
390.0
331.0
375.0
327.0
302.0
278.0
240.0
219.0
176.0
76.0
55.0
18.0
-4.0
-44.0
-19.0
-83.0
-103.0
-88.0
-120.0
-78.0
-32.0
-44.0
-86.0
-134.0
-186.0
-189.0
-223.0
-228.0
-211.0
-210.0
-190.0
-240.0
-249.0
-247.0
-237.0
-138.0
-143.0
-115.0
-112.0
-81.0
-90.0
-103.0
-128.0
-124.0
-125.0
-141.0
-154.0
-177.0
-168.0
-142.0
-167.0
-164.0
-171.0
-166.0
-96.0
-105.0
-99.0
-59.0
-44.0
-43.0
-37.0
-36.0
-74.0
-95.0
-96.0
-114.0
-142.0
-147.0
-149.0
-161.0
-135.0
-129.0
-105.0
-100.0
-55.0
-43.0
-22.0
-14.0
-13.0
-33.0
-46.0
-46.0
-42.0
-36.0
-38.0
-57.0
-86.0
-91.0
-87.0
-102.0
-88.0
-88.0
-68.0
-77.0
-47.0
-42.0
-31.0
-30.0
-47.0
-26.0
-20.0
-58.0
-42.0
-31.0
-24.0
-44.0
-46.0
-46.0
-59.0
-81.0
-58.0
-27.0
-40.0
-82.0
-65.0
-59.0
-55.0
-46.0
-51.0
-27.0
-23.0
-15.0
-33.0
-40.0
-41.0
-55.0
-33.0
-13.0
-18.0
6.0
-58.0
-48.0
-25.0
-67.0
-1.0
-40.0
-27.0
-17.0
-24.0
-42.0
-59.0
-71.0
-96.0
-86.0
-69.0
-78.0
-63.0
-80.0
-84.0
-70.0
-67.0
-60.0
-81.0
-59.0
-70.0
-81.0
-114.0
-91.0
-70.0
-102.0
-70.0
-62.0
-66.0
-84.0
-102.0
-93.0
-46.0
-23.0
-48.0
-21.0
-16.0
11.0
-16.0
-42.0
-32.0
-41.0
-62.0
-58.0
-68.0
-83.0
-60.0
-55.0
-35.0
-65.0
-37.0
-33.0
-48.0
-49.0
-81.0
-56.0
-49.0
-92.0
-74.0
-60.0
-84.0
-41.0
-56.0
-64.0
-60.0
-57.0
-54.0
-50.0
-43.0
-44.0
-39.0
-36.0
-49.0
-82.0
-37.0
-87.0
-81.0
-75.0
-54.0
-55.0
-10.0
-27.0
-24.0
8.0
-5.0
42.0
31.0
-4.0
11.0
4.0
-32.0
-80.0
-86.0
-72.0
-65.0
-71.0
-65.0
-55.0
-32.0
-5.0
22.0
6.0
32.0
2.0
13.0
-13.0
-1.0
12.0
-6.0
3.0
-7.0
18.0
48.0
46.0
45.0
55.0
77.0
61.0
53.0
-3.0
27.0
27.0
8.0
10.0
-4.0
13.0
9.0
4.0
60.0
21.0
61.0
66.0
52.0
52.0
49.0
13.0
10.0
-11.0
-11.0
14.0
-8.0
-10.0
-9.0
-44.0
18.0
18.0
-8.0
4.0
-40.0
4.0
-19.0
-31.0
-30.0
-22.0
-11.0
48.0
31.0
34.0
34.0
26.0
-13.0
-4.0
30.0
36.0
15.0
50.0
17.0
7.0
16.0
-10.0
-3.0
24.0
0.0
7.0
-16.0
-35.0
8.0
-47.0
-9.0
-19.0
-16.0
-10.0
-12.0
-13.0
-22.0
-18.0
28.0
30.0
-1.0
12.0
29.0
-7.0
8.0
-30.0
-36.0
-42.0
-61.0
-45.0
-11.0
-33.0
2.0
13.0
35.0
44.0
50.0
90.0
92.0
99.0
115.0
137.0
134.0
153.0
148.0
200.0
231.0
252.0
295.0
291.0
348.0
368.0
411.0
449.0
440.0
449.0
435.0
434.0
419.0
438.0
385.0
425.0
425.0
426.0
389.0
333.0
364.0
336.0
358.0
335.0
258.0
224.0
149.0
93.0
52.0
110.0
68.0
17.0
-14.0
-46.0
11.0
-45.0
-42.0
-84.0
-118.0
-100.0
-109.0
-117.0
-159.0
-141.0
-145.0
-156.0
-182.0
-216.0
-258.0
-261.0
-216.0
-209.0
-204.0
-232.0
-200.0
-196.0
-195.0
-183.0
-185.0
-170.0
-161.0
-166.0
-219.0
-152.0
-163.0
-148.0
-171.0
-183.0
-159.0
-174.0
-165.0
-229.0
-212.0
-185.0
-159.0
-147.0
-153.0
-176.0
-144.0
-182.0
-139.0
-182.0
-182.0
-153.0
-146.0
-164.0
-154.0
-195.0
-204.0
-227.0
-168.0
-166.0
-197.0
-185.0
-174.0
-176.0
-147.0
-159.0
-160.0
-156.0
-171.0
-198.0
-183.0
-195.0
-194.0
-189.0
-172.0
-165.0
-180.0
-164.0
-146.0
-105.0
-68.0
-81.0
-77.0
-103.0
-145.0
-78.0
-77.0
-72.0
-89.0
-115.0
-111.0
-87.0
-83.0
-72.0
-89.0
-56.0
-69.0
-49.0
-39.0
-41.0
-43.0
-53.0
-41.0
-33.0
-25.0
-1.0
24.0
11.0
38.0
71.0
108.0
113.0
152.0
194.0
231.0
242.0
290.0
295.0
274.0
257.0
291.0
274.0
296.0
324.0
363.0
377.0
398.0
378.0
414.0
450.0
443.0
428.0
414.0
373.0
313.0
315.0
351.0
324.0
308.0
343.0
291.0
300.0
325.0
300.0
318.0
251.0
260.0
232.0
208.0
172.0
179.0
138.0
135.0
98.0
141.0
57.0
84.0
154.0
110.0
142.0
91.0
88.0
121.0
137.0
124.0
99.0
63.0
29.0
3.0
-14.0
-18.0
-27.0
-33.0
-9.0
-25.0
9.0
18.0
30.0
37.0
21.0
82.0
88.0
59.0
100.0
111.0
116.0
137.0
179.0
202.0
205.0
219.0
265.0
263.0
242.0
285.0
292.0
332.0
355.0
331.0
351.0
327.0
304.0
315.0
313.0
297.0
294.0
269.0
247.0
255.0
230.0
182.0
225.0
223.0
257.0
202.0
228.0
194.0
237.0
242.0
258.0
240.0
237.0
210.0
220.0
178.0
185.0
144.0
199.0
196.0
185.0
183.0
191.0
179.0
225.0
220.0
224.0
254.0
250.0
250.0
271.0
239.0
228.0
211.0
192.0
205.0
212.0
208.0
202.0
216.0
203.0
250.0
276.0
230.0
230.0
244.0
236.0
207.0
151.0
120.0
73.0
87.0
99.0
53.0
74.0
84.0
101.0
124.0
109.0
109.0
83.0
82.0
138.0
119.0
60.0
45.0
-35.0
-50.0
-64.0
-85.0
-83.0
-67.0
-62.0
-56.0
-75.0
-53.0
-25.0
-32.0
-17.0
25.0
10.0
-2.0
-51.0
-93.0
-146.0
-163.0
-184.0
-200.0
-174.0
-182.0
-163.0
-167.0
-162.0
-127.0
-91.0
-58.0
-37.0
-44.0
-41.0
-57.0
-85.0
-130.0
-158.0
-150.0
-146.0
-104.0
-80.0
-51.0
-61.0
-53.0
-32.0
15.0
7.0
3.0
1.0
-11.0
-18.0
-77.0
-34.0
-83.0
-98.0
-92.0
-84.0
-73.0
-34.0
-30.0
23.0
45.0
61.0
50.0
54.0
47.0
32.0
-21.0
-37.0
-7.0
-32.0
-23.0
-1.0
-27.0
-2.0
32.0
46.0
73.0
137.0
131.0
133.0
94.0
31.0
-13.0
-1.0
1.0
-29.0
-15.0
-1.0
-30.0
-50.0
-71.0
-31.0
-18.0
-17.0
8.0
3.0
9.0
3.0
-26.0
-52.0
-95.0
-140.0
-120.0
-153.0
-137.0
-120.0
-132.0
-129.0
-152.0
-131.0
-84.0
-73.0
-75.0
-71.0
-127.0
-135.0
-175.0
-175.0
-158.0
-168.0
-155.0
-153.0
-157.0
-163.0
-163.0
-152.0
-103.0
-100.0
-100.0
-120.0
-76.0
-104.0
-135.0
-167.0
-184.0
-200.0
-211.0
-202.0
-194.0
-206.0
-215.0
-198.0
-178.0
-159.0
-139.0
-127.0
-157.0
-168.0
-162.0
-185.0
-213.0
-228.0
-232.0
-219.0
-204.0
-181.0
-188.0
-188.0
-157.0
-158.0
-134.0
-101.0
-64.0
-77.0
-70.0
-103.0
-125.0
-176.0
-212.0
-218.0
-254.0
-219.0
-214.0
-227.0
-227.0
-257.0
-233.0
-232.0
-228.0
-218.0
-224.0
-233.0
-230.0
-236.0
-244.0
-233.0
-233.0
-213.0
-199.0
-196.0
-187.0
-188.0
-176.0
-156.0
-163.0
-148.0
-123.0
-154.0
-177.0
-195.0
-180.0
-189.0
-205.0
-183.0
-197.0
-206.0
-227.0
-234.0
-219.0
-189.0
-214.0
-127.0
-106.0
-122.0
-125.0
-159.0
-203.0
-231.0
-247.0
-270.0
-245.0
-228.0
-198.0
-198.0
-214.0
-142.0
-120.0
-116.0
-111.0
-101.0
-108.0
-113.0
-127.0
-99.0
-143.0
-163.0
-181.0
-178.0
-192.0
-180.0
-169.0
-188.0
-215.0
-171.0
-162.0
-157.0
-139.0
-144.0
-153.0
-144.0
-142.0
-142.0
-130.0
-137.0
-152.0
-171.0
-169.0
-173.0
-185.0
-174.0
-165.0
-182.0
-172.0
-182.0
-184.0
-167.0
-176.0
-160.0
-186.0
-201.0
-202.0
-216.0
-232.0
-253.0
-250.0
-231.0
-253.0
-234.0
-245.0
-253.0
-261.0
-232.0
-251.0
-247.0
-248.0
-257.0
-240.0
-229.0
-224.0
-219.0
-223.0
-205.0
-206.0
-193.0
-186.0
-201.0
-197.0
-177.0
-173.0
-157.0
-139.0
-156.0
-136.0
-171.0
-132.0
-130.0
-137.0
-144.0
-157.0
-166.0
-152.0
-157.0
-135.0
-145.0
-158.0
-121.0
-133.0
-129.0
-90.0
-95.0
-74.0
-86.0
-100.0
-121.0
-116.0
-146.0
-140.0
-134.0
-121.0
-108.0
-109.0
-85.0
-99.0
-101.0
-92.0
-102.0
-93.0
-97.0
-106.0
-92.0
-96.0
-111.0
-119.0
-136.0
-136.0
-125.0
-127.0
-98.0
-86.0
-65.0
-53.0
-73.0
-46.0
-66.0
-48.0
-38.0
-44.0
-27.0
-46.0
-53.0
-69.0
-47.0
-13.0
-17.0
-1.0
16.0
32.0
-7.0
-5.0
-30.0
-20.0
-27.0
-25.0
-13.0
-28.0
-13.0
-16.0
-26.0
-11.0
12.0
39.0
14.0
40.0
-22.0
-76.0
-72.0
-124.0
-189.0
-164.0
-202.0
-274.0
-236.0
-317.0
-287.0
-324.0
-285.0
-292.0
-283.0
-272.0
-306.0
-316.0
-392.0
-454.0
-430.0
-429.0
-452.0
-433.0
-475.0
-503.0
-488.0
-498.0
-459.0
-438.0
-418.0
-393.0
-381.0
-345.0
-360.0
-404.0
-439.0
-483.0
-427.0
-460.0
-438.0
-447.0
-467.0
-444.0
-374.0
-374.0
-358.0
-336.0
-348.0
-336.0
-318.0
-340.0
-336.0
-329.0
-382.0
-400.0
-449.0
-437.0
-386.0
-376.0
-379.0
-402.0
-411.0
-370.0
-321.0
-320.0
-280.0
-273.0
-250.0
-287.0
-322.0
-297.0
-322.0
-303.0
-321.0
-319.0
-300.0
-310.0
-332.0
-312.0
-289.0
-258.0
-234.0
-218.0
-237.0
-214.0
-189.0
-182.0
-186.0
-159.0
-203.0
-203.0
-178.0
-202.0
-201.0
-196.0
-197.0
-203.0
-200.0
-225.0
-226.0
-228.0
-254.0
-225.0
-226.0
-201.0
-181.0
-168.0
-191.0
-214.0
-275.0
-186.0
-135.0
-142.0
-142.0
-132.0
-96.0
-76.0
-114.0
-109.0
-152.0
-143.0
-144.0
-141.0
-95.0
-91.0
-73.0
-88.0
-71.0
-74.0
-76.0
-83.0
-100.0
-109.0
-122.0
-106.0
-110.0
-102.0
-89.0
-137.0
-105.0
-100.0
-87.0
-65.0
-65.0
-71.0
-65.0
-67.0
-74.0
-94.0
-90.0
-70.0
-59.0
-74.0
-82.0
-63.0
-53.0
-52.0
-46.0
-45.0
-59.0
-72.0
-25.0
-25.0
-22.0
-22.0
-7.0
-27.0
-24.0
-24.0
3.0
-16.0
5.0
-6.0
4.0
-24.0
-26.0
2.0
11.0
25.0
24.0
20.0
10.0
33.0
20.0
30.0
59.0
43.0
67.0
51.0
64.0
68.0
12.0
20.0
26.0
4.0
42.0
44.0
52.0
67.0
37.0
62.0
70.0
73.0
96.0
67.0
56.0
87.0
88.0
98.0
105.0
109.0
108.0
111.0
87.0
105.0
97.0
108.0
109.0
96.0
96.0
97.0
81.0
88.0
104.0
114.0
126.0
132.0
125.0
120.0
113.0
123.0
124.0
129.0
126.0
124.0
140.0
156.0
126.0
144.0
118.0
118.0
115.0
119.0
132.0
108.0
137.0
154.0
133.0
149.0
168.0
154.0
163.0
152.0
134.0
164.0
127.0
133.0
147.0
164.0
141.0
154.0
157.0
163.0
185.0
205.0
208.0
153.0
166.0
157.0
145.0
185.0
165.0
154.0
182.0
186.0
194.0
182.0
167.0
178.0
198.0
174.0
134.0
138.0
170.0
179.0
164.0
178.0
158.0
162.0
180.0
181.0
193.0
192.0
171.0
182.0
150.0
173.0
158.0
115.0
110.0
137.0
167.0
191.0
197.0
191.0
183.0
136.0
134.0
139.0
116.0
178.0
201.0
193.0
169.0
161.0
118.0
133.0
142.0
148.0
179.0
178.0
186.0
192.0
178.0
166.0
147.0
178.0
160.0
173.0
177.0
153.0
160.0
157.0
152.0
187.0
181.0
180.0
192.0
192.0
182.0
205.0
186.0
190.0
161.0
168.0
201.0
209.0
201.0
202.0
206.0
187.0
202.0
163.0
193.0
202.0
184.0
179.0
184.0
174.0
159.0
179.0
182.0
155.0
172.0
146.0
128.0
168.0
139.0
154.0
156.0
158.0
162.0
153.0
128.0
159.0
190.0
188.0
193.0
188.0
178.0
160.0
162.0
157.0
134.0
178.0
165.0
164.0
156.0
140.0
124.0
147.0
150.0
140.0
142.0
119.0
146.0
131.0
139.0
155.0
181.0
185.0
163.0
171.0
184.0
160.0
140.0
153.0
151.0
120.0
91.0
125.0
171.0
178.0
177.0
178.0
171.0
176.0
186.0
165.0
157.0
155.0
156.0
163.0
140.0
122.0
149.0
121.0
124.0
117.0
134.0
132.0
146.0
157.0
203.0
189.0
182.0
186.0
178.0
164.0
152.0
155.0
143.0
130.0
129.0
117.0
106.0
104.0
69.0
95.0
111.0
98.0
119.0
111.0
154.0
168.0
172.0
178.0
154.0
97.0
113.0
115.0
111.0
125.0
127.0
130.0
135.0
143.0
156.0
149.0
130.0
129.0
107.0
121.0
106.0
134.0
129.0
116.0
102.0
116.0
129.0
163.0
165.0
121.0
126.0
165.0
153.0
187.0
202.0
159.0
178.0
126.0
127.0
140.0
161.0
146.0
123.0
105.0
157.0
173.0
148.0
165.0
145.0
199.0
193.0
198.0
197.0
183.0
174.0
134.0
117.0
169.0
129.0
125.0
132.0
111.0
127.0
115.0
121.0
132.0
110.0
119.0
108.0
115.0
124.0
110.0
114.0
93.0
98.0
76.0
97.0
95.0
111.0
132.0
125.0
124.0
139.0
132.0
121.0
143.0
148.0
105.0
102.0
110.0
95.0
92.0
102.0
79.0
81.0
84.0
89.0
107.0
94.0
85.0
96.0
90.0
112.0
96.0
69.0
109.0
105.0
136.0
157.0
118.0
134.0
180.0
239.0
248.0
290.0
330.0
338.0
363.0
395.0
405.0
465.0
501.0
536.0
544.0
538.0
559.0
552.0
532.0
471.0
502.0
461.0
448.0
428.0
436.0
400.0
406.0
379.0
359.0
316.0
277.0
225.0
202.0
184.0
130.0
76.0
33.0
-43.0
-40.0
-83.0
-157.0
-157.0
-177.0
-203.0
-188.0
-220.0
-263.0
-266.0
-272.0
-265.0
-298.0
-299.0
-301.0
-312.0
-297.0
-296.0
-311.0
-279.0
-277.0
-258.0
-226.0
-251.0
-258.0
-249.0
-235.0
-239.0
-227.0
-251.0
-241.0
-215.0
-192.0
-172.0
-182.0
-210.0
-168.0
-191.0
-163.0
-176.0
-183.0
-174.0
-190.0
-186.0
-201.0
-235.0
-222.0
-185.0
-196.0
-188.0
-185.0
-189.0
-173.0
-143.0
-146.0
-163.0
-179.0
-168.0
-179.0
-196.0
-162.0
-174.0
-173.0
-188.0
-204.0
-218.0
-223.0
-191.0
-138.0
-184.0
-165.0
-172.0
-185.0
-148.0
-146.0
-143.0
-93.0
-91.0
-112.0
-119.0
-107.0
-132.0
-133.0
-135.0
-139.0
-128.0
-118.0
-131.0
-130.0
-124.0
-131.0
-103.0
-102.0
-118.0
-79.0
-101.0
-99.0
-93.0
-99.0
-87.0
-76.0
-95.0
-22.0
-86.0
-70.0
-73.0
-101.0
-98.0
-62.0
-51.0
-52.0
-74.0
-54.0
-62.0
-60.0
-27.0
-20.0
-18.0
-24.0
-21.0
-57.0
-21.0
-50.0
-29.0
-42.0
-45.0
-78.0
-87.0
-72.0
-54.0
-53.0
-56.0
-43.0
-20.0
-30.0
-17.0
-41.0
-12.0
-15.0
-2.0
3.0
-24.0
2.0
-10.0
-7.0
3.0
-22.0
8.0
-6.0
-2.0
10.0
-11.0
-58.0
-46.0
-50.0
-47.0
-8.0
-26.0
-22.0
-33.0
-42.0
-14.0
-17.0
-10.0
9.0
5.0
-20.0
-17.0
-77.0
-76.0
-89.0
-89.0
-69.0
-72.0
-36.0
-46.0
-46.0
-56.0
-58.0
3.0
-15.0
30.0
35.0
23.0
-15.0
-3.0
-47.0
-65.0
-66.0
-56.0
-46.0
-61.0
-56.0
-42.0
-34.0
2.0
22.0
37.0
41.0
26.0
37.0
31.0
2.0
5.0
24.0
10.0
-13.0
-8.0
14.0
36.0
18.0
8.0
15.0
3.0
33.0
31.0
47.0
37.0
43.0
53.0
51.0
53.0
73.0
7.0
22.0
35.0
29.0
33.0
31.0
47.0
34.0
55.0
52.0
67.0
16.0
29.0
38.0
45.0
39.0
55.0
57.0
59.0
30.0
59.0
39.0
55.0
64.0
50.0
44.0
61.0
55.0
48.0
72.0
50.0
66.0
66.0
71.0
53.0
63.0
44.0
43.0
28.0
11.0
22.0
35.0
30.0
36.0
32.0
5.0
-7.0
41.0
42.0
17.0
32.0
30.0
35.0
52.0
54.0
50.0
68.0
72.0
69.0
48.0
36.0
52.0
36.0
49.0
53.0
42.0
51.0
51.0
40.0
27.0
50.0
71.0
65.0
59.0
88.0
42.0
39.0
40.0
60.0
86.0
45.0
45.0
47.0
69.0
83.0
70.0
60.0
45.0
31.0
10.0
18.0
50.0
56.0
77.0
62.0
54.0
51.0
44.0
41.0
54.0
68.0
45.0
48.0
28.0
48.0
60.0
45.0
62.0
45.0
36.0
17.0
34.0
58.0
58.0
66.0
77.0
84.0
67.0
46.0
51.0
41.0
27.0
38.0
39.0
45.0
62.0
43.0
59.0
60.0
44.0
52.0
59.0
56.0
53.0
54.0
50.0
74.0
60.0
53.0
49.0
59.0
51.0
36.0
42.0
46.0
56.0
89.0
52.0
58.0
70.0
65.0
58.0
70.0
70.0
65.0
37.0
27.0
63.0
70.0
79.0
78.0
63.0
58.0
56.0
71.0
64.0
54.0
38.0
35.0
12.0
31.0
54.0
72.0
38.0
55.0
65.0
65.0
64.0
85.0
71.0
84.0
62.0
73.0
63.0
54.0
62.0
55.0
45.0
26.0
43.0
44.0
92.0
82.0
67.0
79.0
72.0
69.0
102.0
67.0
64.0
29.0
8.0
18.0
27.0
21.0
42.0
60.0
41.0
35.0
48.0
54.0
59.0
32.0
69.0
61.0
33.0
55.0
63.0
83.0
72.0
56.0
46.0
34.0
45.0
24.0
-1.0
33.0
47.0
61.0
48.0
26.0
51.0
40.0
38.0
44.0
23.0
71.0
77.0
52.0
82.0
53.0
62.0
39.0
16.0
39.0
17.0
13.0
23.0
21.0
46.0
51.0
49.0
51.0
49.0
41.0
45.0
50.0
51.0
40.0
40.0
1.0
37.0
54.0
76.0
49.0
51.0
46.0
56.0
73.0
82.0
62.0
66.0
57.0
60.0
56.0
37.0
47.0
43.0
34.0
58.0
37.0
44.0
43.0
32.0
63.0
81.0
59.0
59.0
31.0
28.0
27.0
38.0
56.0
68.0
31.0
53.0
