4 0.872256
5 0.840745
7 0.795776
9 0.784981
11 0.787464
13 0.794094
16 0.806600
20 0.824274
23 0.838369
28 0.861300
33 0.880498
38 0.895735
45 0.911282
52 0.921644
60 0.929861
69 0.936122
79 0.940729
91 0.944199
104 0.946386
119 0.947695
135 0.948214
154 0.948028
174 0.947104
198 0.945169
223 0.942488
252 0.939092
285 0.935422
321 0.931785
362 0.928145
407 0.925034
457 0.922669
513 0.921056
575 0.919809
645 0.918412
723 0.916595
809 0.914530
905 0.912483
1011 0.910342
1130 0.907764
1261 0.904405
1407 0.899984
1570 0.894542
