4 0.632499
5 0.607080
7 0.578609
9 0.568322
11 0.568550
13 0.575553
16 0.592513
20 0.616417
23 0.630524
28 0.645243
33 0.652745
38 0.656243
45 0.656886
52 0.654447
60 0.649716
69 0.643296
79 0.635756
91 0.626841
104 0.617634
119 0.606844
135 0.594959
154 0.581466
174 0.568517
198 0.554124
223 0.539712
252 0.523280
285 0.504737
321 0.485085
362 0.464811
407 0.445859
457 0.427534
513 0.408408
575 0.387707
645 0.364036
723 0.338505
809 0.315015
905 0.295758
1011 0.279842
1130 0.267394
1261 0.259868
1407 0.255093
1570 0.250585
