4 0.485752
5 0.496588
7 0.549436
9 0.623119
11 0.691592
13 0.746422
16 0.806134
20 0.855772
23 0.879362
28 0.904386
33 0.919675
38 0.929760
45 0.939042
52 0.945010
60 0.949373
69 0.952318
79 0.954172
91 0.955324
104 0.955879
119 0.956086
135 0.956052
154 0.955711
174 0.955006
198 0.953853
223 0.952479
252 0.950780
285 0.948834
321 0.946779
362 0.944492
407 0.941842
457 0.938596
513 0.934401
575 0.929081
645 0.922735
723 0.916319
809 0.910502
905 0.905445
1011 0.900997
1130 0.897527
1261 0.895134
1407 0.893022
1570 0.890741
