4 0.531474
5 0.537620
7 0.577788
9 0.634971
11 0.689723
13 0.735623
16 0.787339
20 0.831814
23 0.853765
28 0.877827
33 0.892978
38 0.903249
45 0.912656
52 0.918315
60 0.921961
69 0.923876
79 0.924074
91 0.922456
104 0.919297
119 0.914413
135 0.908487
154 0.901444
174 0.894718
198 0.887726
223 0.881111
252 0.873985
285 0.866061
321 0.857063
362 0.845992
407 0.834090
457 0.821934
513 0.809716
575 0.797945
645 0.786145
723 0.775348
809 0.766401
905 0.758976
1011 0.752208
1130 0.748542
1261 0.746572
1407 0.745216
1570 0.745715
