4 0.643447
5 0.641961
7 0.660180
9 0.690294
11 0.722479
13 0.752695
16 0.792025
20 0.832732
23 0.854936
28 0.879830
33 0.895329
38 0.905698
45 0.915154
52 0.921021
60 0.925171
69 0.927807
79 0.929151
91 0.929472
104 0.928819
119 0.927132
135 0.924545
154 0.920786
174 0.916172
198 0.909737
223 0.901878
252 0.891120
285 0.876860
321 0.859387
362 0.837886
407 0.812944
457 0.783887
513 0.750267
575 0.713469
645 0.675004
723 0.637276
809 0.601764
905 0.569304
1011 0.541494
1130 0.518514
1261 0.499961
1407 0.486950
1570 0.481171
