4 0.349603
5 0.356110
7 0.379184
9 0.402753
11 0.422388
13 0.437404
16 0.452309
20 0.463039
23 0.468205
28 0.476625
33 0.485997
38 0.495924
45 0.510334
52 0.523763
60 0.536142
69 0.545371
79 0.550580
91 0.551708
104 0.548903
119 0.542787
135 0.533582
154 0.519767
174 0.503819
198 0.484630
223 0.466273
252 0.447984
285 0.430428
321 0.413896
362 0.397048
407 0.379907
457 0.362868
513 0.346473
575 0.331523
645 0.318784
723 0.308416
809 0.300449
905 0.296456
1011 0.295729
1130 0.297589
1261 0.301065
1407 0.304293
1570 0.305224
1750 0.301052
