4 0.690875
5 0.707801
7 0.726830
9 0.738164
11 0.747623
13 0.757592
16 0.774881
20 0.800606
23 0.819410
28 0.846241
33 0.866719
38 0.881750
45 0.895962
52 0.905344
60 0.913009
69 0.919265
79 0.924362
91 0.928803
104 0.932186
119 0.934855
135 0.936753
154 0.938227
174 0.939257
198 0.940123
223 0.940786
252 0.941352
285 0.941825
321 0.942376
362 0.943376
407 0.945174
457 0.947707
513 0.950877
575 0.954318
645 0.957710
723 0.960641
809 0.962851
905 0.964536
1011 0.965948
1130 0.967209
1261 0.968239
1407 0.969036
1570 0.969814
1750 0.970747
