4 0.472181
5 0.379615
7 0.275112
9 0.247276
11 0.248283
13 0.264259
16 0.306219
20 0.378547
23 0.434271
28 0.512691
33 0.570440
38 0.615523
45 0.662496
52 0.694374
60 0.718988
69 0.738182
79 0.753079
91 0.765725
104 0.775501
119 0.783342
135 0.788702
154 0.791867
174 0.792218
198 0.789677
223 0.784481
252 0.775952
285 0.763583
321 0.747943
362 0.728303
407 0.705524
457 0.679580
513 0.650671
575 0.619778
645 0.586464
723 0.551007
809 0.513473
905 0.474118
1011 0.436157
1130 0.401296
1261 0.371427
1407 0.348404
1570 0.335405
