4 0.092301
5 0.095399
7 0.098753
9 0.105637
11 0.120487
13 0.144079
16 0.194540
20 0.277970
23 0.341127
28 0.432124
33 0.500553
38 0.549593
45 0.595479
52 0.624009
60 0.643621
69 0.655891
79 0.662513
91 0.664771
104 0.663049
119 0.657935
135 0.650442
154 0.640165
174 0.628834
198 0.615829
223 0.603926
252 0.592554
285 0.582405
321 0.574232
362 0.567740
407 0.562222
457 0.556488
513 0.550069
575 0.542009
645 0.531458
723 0.518030
809 0.500589
905 0.478993
1011 0.456105
1130 0.434129
1261 0.414696
1407 0.399407
1570 0.387687
1750 0.379459
