4 0.647607
5 0.649126
7 0.661366
9 0.680563
11 0.701428
13 0.721770
16 0.749401
20 0.779738
23 0.797629
28 0.819640
33 0.834620
38 0.844932
45 0.854053
52 0.859158
60 0.862206
69 0.863775
79 0.864326
91 0.863892
104 0.862322
119 0.859459
135 0.855626
154 0.850431
174 0.844587
198 0.837247
223 0.829000
252 0.818141
285 0.804175
321 0.787737
362 0.768430
407 0.747651
457 0.726718
513 0.708065
575 0.692748
645 0.679569
723 0.666957
809 0.654423
905 0.641856
1011 0.631218
1130 0.623569
1261 0.620272
1407 0.622448
1570 0.628403
