4 0.466302
5 0.502167
7 0.546442
9 0.574153
11 0.593445
13 0.607877
16 0.624983
20 0.643703
23 0.655512
28 0.671470
33 0.683612
38 0.692952
45 0.702688
52 0.710046
60 0.716961
69 0.723857
79 0.731108
91 0.739551
104 0.748321
119 0.757671
135 0.766582
154 0.775860
174 0.784356
198 0.793148
223 0.801094
252 0.809206
285 0.817379
321 0.825288
362 0.833162
407 0.840441
457 0.846912
513 0.852488
575 0.856923
645 0.860300
723 0.862892
809 0.864875
905 0.865594
1011 0.864796
1130 0.864084
1261 0.864680
1407 0.866386
1570 0.868912
