4 0.616376
5 0.639826
7 0.668692
9 0.687295
11 0.700395
13 0.709852
16 0.719867
20 0.728334
23 0.732145
28 0.735392
33 0.736430
38 0.736606
45 0.736677
52 0.737491
60 0.739572
69 0.743255
79 0.748891
91 0.757037
104 0.766455
119 0.776932
135 0.786869
154 0.796825
174 0.805467
198 0.813805
223 0.820671
252 0.826812
285 0.831960
321 0.835929
362 0.838843
407 0.840529
457 0.840971
513 0.840216
575 0.838570
645 0.836338
723 0.833631
809 0.830719
905 0.827885
1011 0.825606
1130 0.824322
1261 0.823013
1407 0.821563
1570 0.820981
