4 0.449304
5 0.489502
7 0.538822
9 0.568381
11 0.588056
13 0.602052
16 0.617569
20 0.633110
23 0.642328
28 0.654325
33 0.663320
38 0.670208
45 0.677309
52 0.682644
60 0.687754
69 0.693114
79 0.699189
91 0.706767
104 0.714954
119 0.723779
135 0.732103
154 0.740633
174 0.748348
198 0.756115
223 0.763066
252 0.770150
285 0.777198
321 0.783818
362 0.790132
407 0.795727
457 0.800643
513 0.805094
575 0.809373
645 0.814028
723 0.819395
809 0.825093
905 0.829565
1011 0.831360
1130 0.830415
1261 0.828122
1407 0.826196
1570 0.826093
1750 0.828011
