4 0.658777
5 0.665419
7 0.668329
9 0.666892
11 0.666388
13 0.668609
16 0.676939
20 0.693129
23 0.705190
28 0.719338
33 0.724875
38 0.725778
45 0.724045
52 0.719676
60 0.714240
69 0.709066
79 0.704469
91 0.699479
104 0.693704
119 0.686231
135 0.677929
154 0.668455
174 0.658382
198 0.647012
223 0.636823
252 0.628095
285 0.621397
321 0.615937
362 0.610657
407 0.606052
457 0.602147
513 0.598681
575 0.595745
645 0.593275
723 0.591399
809 0.590292
905 0.589667
1011 0.588499
1130 0.588339
1261 0.593934
1407 0.601331
1570 0.606611
