4 0.660065
5 0.667473
7 0.690895
9 0.715934
11 0.736703
13 0.752018
16 0.766902
20 0.777530
23 0.781660
28 0.785618
33 0.788804
38 0.792070
45 0.796423
52 0.799538
60 0.801436
69 0.801943
79 0.800884
91 0.798093
104 0.793908
119 0.788177
135 0.781407
154 0.772908
174 0.763819
198 0.752938
223 0.741707
252 0.729189
285 0.716356
321 0.704426
362 0.693248
407 0.683648
457 0.675540
513 0.667781
575 0.659685
645 0.651224
723 0.642659
809 0.634179
905 0.626177
1011 0.618823
1130 0.612075
1261 0.606747
1407 0.604619
1570 0.605833
1750 0.608286
