-351.0
-221.0
-314.0
-251.0
-60.0
-252.0
-26.0
-172.0
-86.0
-155.0
-127.0
-101.0
-58.0
-176.0
-20.0
-127.0
-71.0
-289.0
-204.0
-121.0
-154.0
-230.0
-188.0
-164.0
-248.0
-188.0
-144.0
-194.0
-167.0
-172.0
-116.0
-263.0
-201.0
-167.0
-258.0
-127.0
-183.0
-181.0
-133.0
-115.0
-74.0
-121.0
-111.0
-96.0
-120.0
-104.0
-99.0
-72.0
-50.0
66.0
-60.0
-13.0
-3.0
33.0
13.0
-7.0
-36.0
8.0
-55.0
64.0
14.0
29.0
24.0
44.0
74.0
61.0
62.0
42.0
18.0
34.0
17.0
10.0
20.0
32.0
18.0
10.0
-3.0
2.0
24.0
-27.0
-6.0
-4.0
-6.0
-25.0
-25.0
6.0
-11.0
32.0
36.0
30.0
90.0
69.0
61.0
69.0
51.0
44.0
54.0
62.0
50.0
71.0
47.0
73.0
93.0
73.0
53.0
78.0
79.0
117.0
110.0
124.0
118.0
124.0
166.0
114.0
116.0
140.0
120.0
140.0
145.0
150.0
137.0
115.0
110.0
102.0
88.0
108.0
119.0
126.0
133.0
149.0
164.0
179.0
164.0
172.0
158.0
140.0
173.0
161.0
171.0
153.0
125.0
157.0
153.0
142.0
150.0
129.0
135.0
122.0
150.0
167.0
135.0
144.0
161.0
172.0
166.0
177.0
169.0
168.0
180.0
164.0
216.0
200.0
201.0
204.0
229.0
235.0
224.0
228.0
263.0
282.0
303.0
341.0
357.0
407.0
414.0
428.0
462.0
478.0
441.0
476.0
427.0
407.0
400.0
383.0
370.0
357.0
342.0
314.0
293.0
287.0
271.0
246.0
250.0
237.0
255.0
231.0
197.0
223.0
201.0
199.0
196.0
164.0
155.0
159.0
131.0
122.0
125.0
123.0
132.0
100.0
100.0
100.0
70.0
83.0
83.0
111.0
133.0
139.0
116.0
103.0
67.0
87.0
65.0
51.0
42.0
29.0
24.0
39.0
21.0
25.0
-1.0
-10.0
-2.0
-9.0
24.0
26.0
-2.0
52.0
29.0
34.0
39.0
35.0
23.0
34.0
-12.0
4.0
-20.0
-5.0
24.0
31.0
18.0
32.0
13.0
59.0
35.0
25.0
55.0
55.0
68.0
70.0
60.0
69.0
67.0
48.0
51.0
18.0
35.0
29.0
29.0
37.0
12.0
22.0
33.0
12.0
41.0
40.0
16.0
16.0
36.0
7.0
-7.0
-2.0
-11.0
-35.0
-24.0
-2.0
-1.0
7.0
32.0
18.0
2.0
14.0
-7.0
-17.0
-6.0
-12.0
16.0
4.0
15.0
-3.0
5.0
26.0
21.0
6.0
-2.0
12.0
21.0
19.0
10.0
7.0
-4.0
-3.0
27.0
2.0
24.0
16.0
-2.0
17.0
-2.0
15.0
44.0
46.0
49.0
51.0
38.0
17.0
-3.0
20.0
49.0
67.0
41.0
33.0
16.0
8.0
-10.0
-13.0
17.0
33.0
27.0
36.0
20.0
41.0
30.0
16.0
15.0
18.0
22.0
49.0
50.0
55.0
51.0
48.0
37.0
16.0
11.0
11.0
-16.0
10.0
1.0
23.0
12.0
18.0
26.0
12.0
-18.0
6.0
-10.0
-12.0
-5.0
27.0
52.0
64.0
20.0
46.0
-13.0
-30.0
-17.0
-39.0
-22.0
-22.0
-39.0
-13.0
-30.0
-6.0
-24.0
-21.0
-25.0
-16.0
-6.0
14.0
15.0
14.0
14.0
-9.0
-18.0
-13.0
-16.0
8.0
6.0
5.0
3.0
2.0
7.0
10.0
-17.0
-6.0
-30.0
-10.0
9.0
5.0
-10.0
-12.0
-14.0
-5.0
8.0
-3.0
-1.0
-18.0
-26.0
-22.0
-39.0
-44.0
-35.0
-42.0
-30.0
-32.0
-23.0
-31.0
-32.0
-26.0
-14.0
-15.0
-14.0
-25.0
0.0
27.0
-9.0
24.0
8.0
-2.0
24.0
15.0
7.0
-13.0
-19.0
-20.0
21.0
-5.0
-11.0
-37.0
-32.0
-17.0
-4.0
-3.0
-18.0
-4.0
-7.0
-18.0
-13.0
-7.0
-10.0
11.0
-21.0
-14.0
-20.0
-23.0
-25.0
-5.0
9.0
-6.0
-17.0
15.0
22.0
30.0
9.0
-3.0
10.0
16.0
11.0
10.0
14.0
11.0
-5.0
15.0
-6.0
21.0
21.0
28.0
69.0
48.0
51.0
42.0
31.0
46.0
50.0
67.0
64.0
53.0
55.0
46.0
53.0
36.0
12.0
43.0
44.0
12.0
13.0
35.0
30.0
37.0
1.0
44.0
52.0
36.0
25.0
26.0
7.0
21.0
8.0
29.0
22.0
7.0
31.0
15.0
36.0
32.0
20.0
-16.0
22.0
33.0
54.0
70.0
64.0
40.0
41.0
40.0
68.0
44.0
53.0
36.0
13.0
38.0
33.0
-7.0
17.0
12.0
32.0
17.0
23.0
35.0
50.0
35.0
29.0
39.0
37.0
24.0
1.0
3.0
4.0
13.0
45.0
33.0
54.0
55.0
30.0
11.0
-18.0
-11.0
-2.0
8.0
-6.0
1.0
10.0
-2.0
-6.0
-26.0
-40.0
-48.0
-53.0
-35.0
-45.0
-35.0
-50.0
-29.0
-14.0
-26.0
-21.0
-14.0
-26.0
-35.0
-64.0
-54.0
-12.0
-45.0
-37.0
-53.0
-49.0
-17.0
-17.0
10.0
-26.0
-43.0
-34.0
-51.0
-59.0
-27.0
-36.0
-26.0
-22.0
-33.0
-43.0
-55.0
-78.0
-70.0
-79.0
-98.0
-102.0
-114.0
-125.0
-123.0
-129.0
-143.0
-120.0
-126.0
-93.0
-103.0
-116.0
-115.0
-127.0
-101.0
-98.0
-115.0
-114.0
-132.0
-110.0
-85.0
-77.0
-37.0
-64.0
-72.0
-82.0
-92.0
-60.0
-40.0
-36.0
-22.0
-45.0
-49.0
-44.0
-49.0
-26.0
-15.0
-12.0
-14.0
-11.0
-9.0
-8.0
-14.0
-1.0
5.0
-14.0
-21.0
-36.0
-47.0
-64.0
-44.0
-42.0
-64.0
-63.0
-54.0
-69.0
-67.0
-52.0
-55.0
-29.0
-15.0
-25.0
-27.0
-25.0
-18.0
13.0
2.0
5.0
13.0
22.0
18.0
-15.0
-7.0
-40.0
-56.0
-72.0
-62.0
-68.0
-14.0
-23.0
-21.0
-6.0
9.0
9.0
24.0
18.0
28.0
29.0
20.0
64.0
54.0
76.0
66.0
21.0
14.0
-6.0
0.0
-18.0
-37.0
-41.0
-26.0
-39.0
-13.0
-27.0
-30.0
13.0
7.0
20.0
23.0
20.0
31.0
5.0
42.0
61.0
73.0
66.0
58.0
35.0
43.0
13.0
-28.0
-39.0
-15.0
-1.0
-16.0
-1.0
11.0
3.0
-10.0
-2.0
-2.0
5.0
0.0
1.0
12.0
16.0
8.0
24.0
33.0
10.0
41.0
25.0
27.0
16.0
3.0
18.0
-8.0
13.0
-3.0
-35.0
18.0
-5.0
7.0
8.0
-3.0
11.0
9.0
16.0
47.0
15.0
9.0
8.0
11.0
-7.0
-20.0
-33.0
2.0
-16.0
-26.0
-31.0
-58.0
-58.0
-37.0
-48.0
-46.0
-59.0
-50.0
-44.0
-60.0
-58.0
-35.0
-53.0
-50.0
-61.0
-75.0
-67.0
-72.0
-90.0
-74.0
-86.0
-94.0
-87.0
-91.0
-68.0
-67.0
-59.0
-42.0
-54.0
-14.0
-26.0
-17.0
-14.0
-40.0
-36.0
-22.0
-64.0
-12.0
-14.0
-13.0
-2.0
-13.0
-6.0
2.0
-14.0
31.0
17.0
8.0
16.0
33.0
18.0
29.0
18.0
4.0
5.0
26.0
24.0
16.0
13.0
8.0
-2.0
12.0
3.0
2.0
13.0
4.0
-1.0
0.0
-15.0
9.0
-3.0
24.0
29.0
4.0
6.0
10.0
-14.0
15.0
25.0
20.0
33.0
6.0
13.0
6.0
6.0
12.0
-3.0
-11.0
-9.0
-16.0
-10.0
-2.0
18.0
25.0
39.0
16.0
18.0
10.0
5.0
20.0
12.0
25.0
51.0
61.0
58.0
1.0
-7.0
-18.0
-29.0
4.0
3.0
-3.0
14.0
7.0
15.0
5.0
-24.0
-32.0
-16.0
-24.0
9.0
-5.0
-6.0
-14.0
-20.0
-6.0
-15.0
-4.0
22.0
-7.0
-9.0
1.0
-22.0
-20.0
-26.0
-24.0
-28.0
-17.0
-22.0
-12.0
-25.0
-17.0
-35.0
-29.0
-24.0
-28.0
-27.0
-13.0
-24.0
-16.0
-20.0
-33.0
4.0
-24.0
-22.0
-17.0
-28.0
-26.0
-37.0
-37.0
-23.0
-62.0
-46.0
-58.0
-77.0
-47.0
-55.0
-69.0
-63.0
-68.0
-83.0
-61.0
-68.0
-66.0
-73.0
-80.0
-60.0
-58.0
-61.0
-42.0
-42.0
-30.0
-34.0
-24.0
-11.0
-18.0
-20.0
-38.0
-32.0
-10.0
-23.0
-35.0
-30.0
-42.0
-42.0
-46.0
-57.0
-34.0
-39.0
-48.0
-67.0
-79.0
-61.0
-67.0
-52.0
-37.0
-22.0
-27.0
-35.0
-65.0
-59.0
-62.0
-69.0
-59.0
-81.0
-55.0
-57.0
-80.0
-74.0
-70.0
-79.0
-58.0
-60.0
-75.0
-40.0
-70.0
-76.0
-77.0
-107.0
-87.0
-98.0
-92.0
-70.0
-85.0
-69.0
-81.0
-83.0
-55.0
-59.0
-81.0
-81.0
-75.0
-64.0
-58.0
-67.0
-43.0
-45.0
-33.0
-30.0
-34.0
-22.0
-22.0
-23.0
-23.0
-22.0
-35.0
-55.0
-32.0
-40.0
-21.0
-32.0
-23.0
-17.0
-22.0
-19.0
-12.0
6.0
-3.0
-28.0
-16.0
-34.0
-48.0
-28.0
-24.0
-13.0
-18.0
-21.0
-8.0
6.0
33.0
59.0
27.0
25.0
-1.0
-7.0
10.0
7.0
31.0
23.0
12.0
-6.0
4.0
-7.0
32.0
1.0
-6.0
-14.0
-24.0
4.0
-2.0
-28.0
-5.0
5.0
16.0
8.0
-10.0
-13.0
-13.0
-33.0
-12.0
-21.0
-20.0
-20.0
-38.0
-27.0
-36.0
-58.0
-48.0
-26.0
-28.0
-16.0
-30.0
-14.0
-25.0
-30.0
-40.0
-10.0
-9.0
6.0
-21.0
-17.0
-19.0
-35.0
-4.0
-28.0
-44.0
-10.0
-42.0
-26.0
-29.0
-20.0
-16.0
-42.0
-51.0
-7.0
-29.0
-9.0
-10.0
-17.0
-5.0
-17.0
-6.0
-8.0
-6.0
-24.0
-22.0
-25.0
-8.0
-11.0
-2.0
5.0
-10.0
-13.0
-32.0
-44.0
-18.0
-44.0
-43.0
-14.0
-13.0
-7.0
-17.0
-17.0
-12.0
-22.0
-37.0
1.0
-4.0
17.0
-2.0
-17.0
-1.0
-12.0
-16.0
1.0
-26.0
8.0
6.0
-6.0
-12.0
0.0
28.0
14.0
16.0
5.0
-3.0
-14.0
-12.0
-7.0
-7.0
26.0
29.0
37.0
50.0
53.0
50.0
54.0
51.0
61.0
53.0
52.0
59.0
42.0
51.0
42.0
26.0
21.0
2.0
-14.0
20.0
14.0
26.0
33.0
32.0
39.0
13.0
24.0
15.0
26.0
35.0
25.0
34.0
50.0
41.0
56.0
60.0
49.0
46.0
32.0
4.0
17.0
-5.0
-1.0
13.0
20.0
14.0
34.0
30.0
41.0
22.0
32.0
53.0
43.0
46.0
78.0
75.0
70.0
59.0
72.0
53.0
46.0
58.0
49.0
62.0
67.0
53.0
40.0
39.0
27.0
37.0
41.0
36.0
46.0
45.0
35.0
15.0
11.0
-6.0
-17.0
-15.0
-27.0
-32.0
-6.0
-1.0
3.0
30.0
16.0
8.0
2.0
-22.0
-23.0
-25.0
-38.0
-44.0
-59.0
-58.0
-48.0
-32.0
-18.0
-17.0
-32.0
-13.0
-2.0
-16.0
11.0
-25.0
-24.0
-24.0
-13.0
-7.0
-20.0
-7.0
-6.0
-26.0
-7.0
-8.0
-30.0
-15.0
-11.0
-8.0
-7.0
-13.0
-1.0
1.0
5.0
3.0
-14.0
-29.0
-5.0
-39.0
-35.0
-4.0
4.0
2.0
-6.0
22.0
42.0
27.0
38.0
24.0
-1.0
10.0
2.0
6.0
27.0
11.0
16.0
15.0
14.0
19.0
24.0
35.0
46.0
36.0
44.0
55.0
41.0
37.0
32.0
39.0
56.0
34.0
55.0
64.0
49.0
65.0
48.0
44.0
49.0
48.0
72.0
70.0
67.0
76.0
89.0
99.0
119.0
127.0
162.0
155.0
192.0
208.0
150.0
158.0
150.0
148.0
171.0
177.0
183.0
205.0
222.0
212.0
247.0
231.0
264.0
277.0
248.0
256.0
271.0
260.0
312.0
333.0
340.0
376.0
391.0
383.0
372.0
363.0
365.0
353.0
348.0
311.0
281.0
270.0
236.0
207.0
180.0
138.0
117.0
110.0
89.0
72.0
51.0
29.0
26.0
-21.0
-46.0
-59.0
-72.0
-78.0
-111.0
-129.0
-112.0
-127.0
-121.0
-111.0
-129.0
-100.0
-121.0
-119.0
-114.0
-117.0
-117.0
-112.0
-139.0
-93.0
-112.0
-138.0
-124.0
-146.0
-136.0
-158.0
-167.0
-134.0
-150.0
-165.0
-157.0
-184.0
-178.0
-173.0
-175.0
-171.0
-177.0
-171.0
-158.0
-169.0
-148.0
-156.0
-156.0
-159.0
-161.0
-156.0
-122.0
-143.0
-134.0
-118.0
-121.0
-98.0
-122.0
-128.0
-113.0
-111.0
-106.0
-93.0
-111.0
-114.0
-145.0
-149.0
-133.0
-125.0
-121.0
-111.0
-103.0
-84.0
-106.0
-122.0
-86.0
-120.0
-91.0
-79.0
-76.0
-64.0
-79.0
-82.0
-82.0
-64.0
-84.0
-108.0
-104.0
-91.0
-98.0
-105.0
-103.0
-96.0
-79.0
-88.0
-109.0
-101.0
-88.0
-101.0
-91.0
-121.0
-109.0
-107.0
-100.0
-87.0
-67.0
-69.0
-13.0
3.0
6.0
-2.0
-38.0
-54.0
-96.0
-103.0
-65.0
-62.0
-64.0
-54.0
-68.0
-56.0
-97.0
-49.0
-48.0
-54.0
-60.0
-86.0
-116.0
-84.0
-90.0
-86.0
-73.0
-102.0
-81.0
-85.0
-76.0
-74.0
-94.0
-95.0
-89.0
-116.0
-127.0
-116.0
-107.0
-90.0
-95.0
-107.0
-92.0
-115.0
-115.0
-129.0
-135.0
-120.0
-123.0
-146.0
-129.0
-152.0
-148.0
-153.0
-155.0
-102.0
-119.0
-128.0
-124.0
-97.0
-94.0
-97.0
-116.0
-101.0
-115.0
-106.0
-121.0
-108.0
-110.0
-107.0
-107.0
-107.0
-88.0
-77.0
-54.0
-76.0
-55.0
-58.0
-50.0
-51.0
-78.0
-70.0
-68.0
-84.0
-81.0
-78.0
-50.0
-27.0
-51.0
-60.0
-62.0
-87.0
-72.0
-70.0
-62.0
-33.0
-31.0
-45.0
-44.0
-43.0
-61.0
-65.0
-64.0
-40.0
-50.0
-32.0
-37.0
-50.0
-41.0
-49.0
-62.0
-43.0
-46.0
-58.0
-52.0
-54.0
-25.0
-37.0
-39.0
-39.0
-53.0
-35.0
-29.0
-27.0
-26.0
-45.0
-51.0
-28.0
-55.0
-45.0
-41.0
-59.0
-44.0
-54.0
-65.0
-42.0
-34.0
-25.0
-14.0
-29.0
-17.0
-26.0
-31.0
-27.0
-30.0
-22.0
-25.0
-24.0
-34.0
-39.0
-70.0
-56.0
-44.0
-58.0
-52.0
-70.0
-83.0
-60.0
-51.0
-12.0
4.0
44.0
56.0
23.0
-4.0
-32.0
-35.0
-22.0
-32.0
-34.0
-21.0
-31.0
-13.0
5.0
2.0
19.0
5.0
24.0
44.0
42.0
39.0
30.0
7.0
-13.0
-34.0
-21.0
-18.0
-17.0
-6.0
1.0
-13.0
9.0
8.0
13.0
17.0
22.0
20.0
29.0
11.0
16.0
-21.0
-32.0
-26.0
-31.0
-26.0
-22.0
-22.0
-4.0
-12.0
-2.0
4.0
-19.0
-14.0
-32.0
-45.0
-61.0
-90.0
-89.0
-98.0
-119.0
-98.0
-92.0
-86.0
-87.0
-104.0
-109.0
-95.0
-115.0
-104.0
-112.0
-119.0
-126.0
-133.0
-110.0
-113.0
-131.0
-102.0
-99.0
-119.0
-97.0
-112.0
-119.0
-76.0
-92.0
-73.0
-80.0
-113.0
-88.0
-92.0
-79.0
-92.0
-78.0
-77.0
-82.0
-95.0
-102.0
-104.0
-107.0
-102.0
-105.0
-80.0
-97.0
-85.0
-70.0
-83.0
-81.0
-63.0
-96.0
-84.0
-66.0
-85.0
-67.0
-81.0
-94.0
-91.0
-104.0
-114.0
-122.0
-115.0
-116.0
-100.0
-77.0
-59.0
-62.0
-52.0
-60.0
-60.0
-43.0
-47.0
-64.0
-40.0
-64.0
-70.0
-79.0
-96.0
-83.0
-79.0
-87.0
-46.0
-63.0
-41.0
-29.0
-14.0
-10.0
-21.0
-49.0
-39.0
-67.0
-89.0
-107.0
-133.0
-119.0
-130.0
-98.0
-79.0
-93.0
-77.0
-80.0
-81.0
-69.0
-81.0
-101.0
-93.0
-92.0
-63.0
-51.0
-78.0
-78.0
-86.0
-90.0
-93.0
-114.0
-59.0
-75.0
-60.0
-43.0
-76.0
-86.0
-74.0
-77.0
-46.0
-73.0
-91.0
-87.0
-93.0
-91.0
-87.0
-94.0
-95.0
-97.0
-109.0
-67.0
-83.0
-74.0
-72.0
-102.0
-109.0
-106.0
-117.0
-87.0
-97.0
-91.0
-112.0
-123.0
-115.0
-122.0
-114.0
-95.0
-98.0
-113.0
-90.0
-112.0
-87.0
-98.0
-90.0
-92.0
-93.0
-72.0
-62.0
-41.0
-40.0
-38.0
-41.0
-15.0
-30.0
-40.0
-23.0
-38.0
-48.0
-54.0
-58.0
-43.0
-62.0
-46.0
-28.0
-41.0
-10.0
-27.0
-55.0
-34.0
-50.0
-55.0
-63.0
-70.0
-60.0
-46.0
-51.0
-35.0
-53.0
-43.0
-40.0
-42.0
-35.0
-11.0
-22.0
-15.0
-21.0
-32.0
-28.0
-48.0
-22.0
-26.0
-27.0
0.0
-6.0
3.0
1.0
-24.0
11.0
-13.0
-1.0
10.0
-7.0
-29.0
-21.0
-33.0
-13.0
-26.0
-44.0
-41.0
-43.0
-30.0
-25.0
-31.0
0.0
23.0
24.0
32.0
32.0
18.0
18.0
-2.0
13.0
7.0
24.0
15.0
18.0
31.0
62.0
68.0
78.0
100.0
96.0
126.0
97.0
74.0
77.0
65.0
65.0
51.0
48.0
56.0
51.0
52.0
59.0
24.0
33.0
30.0
37.0
32.0
38.0
63.0
52.0
31.0
43.0
44.0
34.0
27.0
10.0
20.0
40.0
46.0
47.0
41.0
24.0
41.0
45.0
44.0
76.0
86.0
74.0
84.0
100.0
113.0
137.0
130.0
147.0
154.0
175.0
155.0
132.0
135.0
102.0
98.0
75.0
60.0
65.0
48.0
46.0
18.0
30.0
37.0
54.0
56.0
45.0
17.0
21.0
41.0
33.0
31.0
36.0
8.0
52.0
46.0
52.0
60.0
33.0
25.0
12.0
-1.0
15.0
-13.0
-30.0
-29.0
-25.0
-1.0
-1.0
-25.0
1.0
-21.0
-30.0
-30.0
-20.0
-18.0
-10.0
-27.0
-45.0
-35.0
-43.0
-49.0
-58.0
-50.0
-43.0
-32.0
-33.0
-30.0
-38.0
3.0
-13.0
4.0
27.0
6.0
0.0
3.0
-30.0
-6.0
-27.0
-35.0
-35.0
-23.0
-12.0
1.0
-13.0
-12.0
-26.0
-24.0
-38.0
-40.0
-31.0
-35.0
-26.0
20.0
15.0
33.0
37.0
48.0
61.0
33.0
34.0
38.0
21.0
12.0
3.0
-4.0
21.0
15.0
31.0
16.0
15.0
17.0
6.0
-16.0
-1.0
3.0
26.0
16.0
11.0
12.0
-3.0
5.0
20.0
23.0
15.0
38.0
39.0
39.0
42.0
12.0
7.0
3.0
12.0
32.0
16.0
23.0
28.0
20.0
50.0
44.0
20.0
46.0
15.0
39.0
69.0
56.0
89.0
81.0
82.0
82.0
64.0
80.0
64.0
94.0
105.0
105.0
72.0
74.0
68.0
70.0
84.0
52.0
62.0
65.0
58.0
82.0
76.0
86.0
115.0
97.0
109.0
115.0
119.0
138.0
134.0
127.0
120.0
97.0
110.0
103.0
103.0
119.0
94.0
115.0
110.0
112.0
130.0
113.0
108.0
121.0
114.0
117.0
153.0
120.0
115.0
94.0
91.0
106.0
93.0
85.0
107.0
92.0
116.0
103.0
96.0
97.0
114.0
94.0
101.0
98.0
111.0
87.0
65.0
59.0
42.0
49.0
42.0
25.0
32.0
33.0
13.0
35.0
23.0
20.0
30.0
16.0
6.0
17.0
26.0
26.0
15.0
6.0
3.0
7.0
-1.0
-22.0
-24.0
12.0
-14.0
-5.0
-3.0
-31.0
-17.0
-4.0
-24.0
-16.0
-13.0
-29.0
-34.0
-39.0
-22.0
-33.0
-46.0
-52.0
-75.0
-51.0
-35.0
-48.0
-55.0
-45.0
-53.0
-41.0
-52.0
-39.0
-34.0
-33.0
-3.0
-11.0
-3.0
10.0
1.0
-6.0
-5.0
7.0
-9.0
-4.0
-8.0
-16.0
-13.0
-1.0
-5.0
-40.0
-3.0
24.0
13.0
26.0
26.0
31.0
14.0
-26.0
17.0
-6.0
-14.0
-11.0
-24.0
-16.0
-24.0
-45.0
-10.0
-1.0
-16.0
4.0
8.0
-9.0
-13.0
4.0
6.0
13.0
13.0
12.0
6.0
11.0
17.0
-5.0
-1.0
-12.0
-3.0
12.0
-13.0
-1.0
23.0
37.0
44.0
35.0
34.0
63.0
26.0
12.0
6.0
20.0
28.0
44.0
36.0
40.0
35.0
37.0
52.0
21.0
60.0
26.0
-7.0
7.0
7.0
0.0
20.0
4.0
24.0
3.0
5.0
3.0
22.0
13.0
8.0
-11.0
-12.0
-35.0
-23.0
-6.0
-9.0
-4.0
-10.0
-2.0
-6.0
-8.0
-6.0
-10.0
-23.0
-8.0
-21.0
-31.0
-20.0
-43.0
-54.0
-35.0
-39.0
-38.0
-46.0
-65.0
-61.0
-30.0
-41.0
-29.0
-34.0
-42.0
-56.0
-58.0
-49.0
-45.0
-51.0
-30.0
-44.0
-54.0
-44.0
-42.0
-19.0
-16.0
-23.0
-4.0
-15.0
-2.0
2.0
-28.0
-16.0
-11.0
-15.0
17.0
5.0
3.0
13.0
4.0
20.0
21.0
15.0
51.0
49.0
54.0
26.0
21.0
22.0
27.0
29.0
34.0
-2.0
14.0
32.0
17.0
19.0
16.0
10.0
14.0
-5.0
-2.0
-5.0
-48.0
6.0
1.0
7.0
31.0
16.0
35.0
23.0
12.0
17.0
37.0
30.0
28.0
-2.0
-2.0
2.0
-6.0
5.0
8.0
-19.0
-24.0
-14.0
-12.0
12.0
-6.0
11.0
-7.0
-2.0
-12.0
-41.0
-32.0
-26.0
-18.0
-13.0
-17.0
-8.0
-14.0
-21.0
-8.0
21.0
-4.0
7.0
-25.0
-12.0
24.0
17.0
43.0
15.0
-18.0
-24.0
23.0
-14.0
9.0
-19.0
-15.0
-27.0
-41.0
-26.0
-20.0
-10.0
42.0
39.0
74.0
43.0
5.0
-20.0
-20.0
-18.0
5.0
2.0
14.0
20.0
11.0
23.0
14.0
9.0
7.0
-27.0
-45.0
-26.0
-26.0
-30.0
-19.0
-10.0
2.0
-2.0
-2.0
-4.0
-43.0
-23.0
-43.0
-58.0
-43.0
-29.0
-14.0
-13.0
-25.0
-16.0
-39.0
-53.0
-48.0
-78.0
-71.0
-76.0
-109.0
-101.0
-95.0
-100.0
-99.0
-122.0
-139.0
-106.0
-99.0
-91.0
-100.0
-108.0
-100.0
-91.0
-88.0
-85.0
-84.0
-62.0
-26.0
-42.0
-63.0
-79.0
-93.0
-96.0
-87.0
-71.0
-49.0
-44.0
-33.0
-54.0
-76.0
-84.0
-94.0
-82.0
-77.0
-60.0
-43.0
-50.0
-27.0
-28.0
-28.0
-39.0
-37.0
-52.0
-50.0
-53.0
-39.0
-17.0
-45.0
-32.0
-37.0
-49.0
-44.0
-42.0
-30.0
-48.0
-30.0
-16.0
-6.0
-27.0
-14.0
-17.0
-3.0
-5.0
-28.0
-21.0
-19.0
-26.0
-36.0
-65.0
-57.0
-55.0
-67.0
-50.0
-26.0
-14.0
14.0
-18.0
-39.0
-35.0
-21.0
-18.0
-35.0
-40.0
-20.0
-11.0
10.0
14.0
33.0
30.0
32.0
10.0
14.0
-21.0
-7.0
11.0
-22.0
-11.0
-25.0
16.0
25.0
-1.0
2.0
15.0
23.0
18.0
25.0
12.0
2.0
-23.0
5.0
12.0
5.0
29.0
38.0
3.0
-4.0
-15.0
1.0
21.0
29.0
36.0
24.0
10.0
28.0
27.0
38.0
48.0
45.0
49.0
53.0
110.0
118.0
150.0
153.0
177.0
178.0
193.0
195.0
197.0
214.0
189.0
194.0
194.0
193.0
220.0
224.0
202.0
203.0
202.0
172.0
193.0
181.0
178.0
163.0
128.0
129.0
109.0
112.0
106.0
105.0
90.0
93.0
67.0
59.0
37.0
35.0
33.0
23.0
42.0
10.0
20.0
22.0
10.0
-2.0
32.0
15.0
11.0
-1.0
-16.0
0.0
-39.0
-30.0
-22.0
-8.0
33.0
29.0
12.0
32.0
-4.0
3.0
-17.0
-27.0
-13.0
-27.0
-17.0
2.0
-20.0
-20.0
-23.0
-22.0
-3.0
-16.0
-35.0
-50.0
-61.0
-61.0
-88.0
-93.0
-63.0
-44.0
-60.0
-51.0
-54.0
-33.0
-15.0
-46.0
-45.0
-58.0
-56.0
-53.0
-80.0
-77.0
-56.0
-55.0
-56.0
-42.0
-38.0
-37.0
-25.0
-29.0
-39.0
-67.0
-26.0
-46.0
-51.0
-37.0
-49.0
-34.0
-8.0
-25.0
2.0
21.0
31.0
84.0
108.0
167.0
201.0
234.0
308.0
295.0
304.0
308.0
310.0
308.0
294.0
257.0
253.0
242.0
216.0
211.0
166.0
163.0
140.0
140.0
124.0
126.0
133.0
125.0
109.0
93.0
59.0
53.0
49.0
43.0
44.0
73.0
52.0
33.0
16.0
-10.0
-29.0
-2.0
-13.0
7.0
-8.0
-24.0
-47.0
-42.0
-34.0
-68.0
-60.0
-42.0
-69.0
-51.0
-45.0
-69.0
-62.0
-78.0
-88.0
-87.0
-99.0
-77.0
-77.0
-73.0
-72.0
-80.0
-81.0
-70.0
-105.0
-101.0
-106.0
-108.0
-77.0
-82.0
-91.0
-102.0
-134.0
-117.0
-111.0
-123.0
-132.0
-147.0
-158.0
-133.0
-135.0
-98.0
-96.0
-113.0
-87.0
-108.0
-116.0
-116.0
-116.0
-99.0
-88.0
-127.0
-72.0
-83.0
-94.0
-102.0
-108.0
-103.0
-90.0
-86.0
-78.0
-83.0
-72.0
-73.0
-70.0
-63.0
-75.0
-65.0
-60.0
-55.0
-49.0
-56.0
-55.0
-68.0
-63.0
-79.0
-65.0
-76.0
-72.0
-62.0
-67.0
-69.0
-70.0
-78.0
-71.0
-51.0
-53.0
-58.0
-92.0
-63.0
-71.0
-77.0
-85.0
-104.0
-117.0
-106.0
-122.0
-79.0
-78.0
-73.0
-56.0
-68.0
-77.0
-68.0
-90.0
-63.0
-51.0
-59.0
-55.0
-83.0
-59.0
-35.0
-65.0
-35.0
-48.0
-48.0
-51.0
-39.0
-44.0
-40.0
-42.0
-30.0
-20.0
-41.0
-54.0
-71.0
-80.0
-59.0
-54.0
-56.0
-67.0
-81.0
-60.0
-71.0
-50.0
-49.0
-38.0
-20.0
-15.0
-12.0
12.0
0.0
-10.0
-26.0
-54.0
-50.0
-43.0
-56.0
-14.0
-26.0
-37.0
-13.0
-40.0
-25.0
-28.0
-28.0
-12.0
-25.0
-3.0
-11.0
-19.0
-20.0
-24.0
-44.0
-25.0
-42.0
-31.0
-49.0
-77.0
-72.0
-76.0
-76.0
-60.0
-60.0
-72.0
-25.0
-45.0
-22.0
-43.0
-55.0
-41.0
-60.0
-54.0
-60.0
-115.0
-107.0
-119.0
-111.0
-87.0
-92.0
-99.0
-79.0
-74.0
-79.0
-71.0
-56.0
-67.0
-87.0
-69.0
-48.0
-79.0
-54.0
-83.0
-98.0
-85.0
-65.0
-84.0
-97.0
-75.0
-65.0
-58.0
-64.0
-64.0
-81.0
-93.0
-87.0
-96.0
-99.0
-124.0
-133.0
-140.0
-161.0
-150.0
-129.0
-159.0
-110.0
-109.0
-88.0
-53.0
-58.0
-58.0
-71.0
-102.0
-90.0
-103.0
-98.0
-103.0
-73.0
-72.0
-70.0
-76.0
-74.0
-61.0
-68.0
-60.0
-41.0
-37.0
-25.0
-42.0
-27.0
-59.0
-54.0
-70.0
-83.0
-69.0
-65.0
-61.0
-48.0
-43.0
-52.0
-27.0
-32.0
-33.0
-20.0
-15.0
4.0
-6.0
16.0
33.0
-7.0
-14.0
-15.0
-39.0
-37.0
-35.0
-23.0
-14.0
-12.0
15.0
46.0
17.0
17.0
56.0
21.0
8.0
-22.0
-31.0
-12.0
-11.0
-7.0
-26.0
-55.0
-67.0
-73.0
-60.0
-20.0
-48.0
-45.0
-49.0
-42.0
-4.0
-17.0
-5.0
-49.0
-97.0
-102.0
-101.0
-82.0
-72.0
-48.0
-51.0
-31.0
-32.0
1.0
-4.0
2.0
22.0
13.0
-22.0
-13.0
-32.0
-33.0
-65.0
-70.0
-68.0
-83.0
-84.0
-70.0
-78.0
-62.0
-20.0
-29.0
-9.0
-31.0
-3.0
7.0
-6.0
0.0
0.0
-39.0
1.0
6.0
24.0
41.0
18.0
3.0
10.0
-14.0
2.0
-17.0
-48.0
-59.0
-64.0
-65.0
-72.0
-76.0
-52.0
-90.0
-97.0
-80.0
-80.0
-51.0
-36.0
-59.0
-32.0
-58.0
-63.0
-62.0
-73.0
-64.0
-58.0
-58.0
-84.0
-92.0
-103.0
-92.0
-92.0
-76.0
-77.0
-71.0
-62.0
-87.0
-50.0
-35.0
-63.0
-45.0
-34.0
-33.0
-9.0
-2.0
12.0
-7.0
-16.0
16.0
17.0
14.0
22.0
26.0
36.0
28.0
-8.0
-8.0
-15.0
-25.0
-35.0
-62.0
-53.0
-27.0
-30.0
-15.0
-20.0
-17.0
-1.0
18.0
-6.0
-7.0
-34.0
-13.0
-20.0
-40.0
-20.0
-10.0
-12.0
-4.0
-25.0
-30.0
-8.0
-15.0
-1.0
-21.0
16.0
-15.0
-17.0
-24.0
-6.0
-7.0
3.0
-1.0
20.0
4.0
-3.0
3.0
11.0
17.0
50.0
18.0
22.0
17.0
17.0
33.0
32.0
20.0
28.0
9.0
-4.0
6.0
-10.0
20.0
31.0
1.0
7.0
-7.0
-26.0
5.0
23.0
46.0
57.0
44.0
47.0
59.0
53.0
52.0
51.0
52.0
87.0
70.0
73.0
61.0
59.0
64.0
70.0
78.0
87.0
84.0
128.0
86.0
71.0
68.0
49.0
48.0
29.0
25.0
60.0
70.0
50.0
56.0
42.0
34.0
8.0
5.0
24.0
11.0
18.0
42.0
27.0
45.0
27.0
34.0
61.0
58.0
67.0
86.0
63.0
65.0
42.0
45.0
46.0
45.0
27.0
45.0
33.0
33.0
25.0
17.0
17.0
-6.0
10.0
-7.0
-17.0
-29.0
-32.0
-59.0
-63.0
-60.0
-45.0
-51.0
-55.0
-15.0
-29.0
-20.0
-8.0
-24.0
-1.0
-12.0
-27.0
6.0
12.0
-10.0
-5.0
-26.0
-6.0
-7.0
-18.0
-20.0
-7.0
3.0
36.0
-1.0
52.0
49.0
20.0
27.0
12.0
0.0
9.0
6.0
-13.0
10.0
-13.0
6.0
11.0
1.0
27.0
29.0
5.0
24.0
21.0
22.0
17.0
20.0
30.0
14.0
41.0
33.0
61.0
52.0
48.0
45.0
67.0
35.0
34.0
44.0
45.0
35.0
45.0
23.0
30.0
17.0
17.0
34.0
26.0
37.0
45.0
30.0
58.0
35.0
50.0
83.0
67.0
84.0
46.0
10.0
20.0
1.0
-14.0
1.0
-6.0
6.0
-17.0
-12.0
3.0
-5.0
-9.0
-1.0
-1.0
-4.0
-11.0
-19.0
5.0
11.0
21.0
33.0
17.0
26.0
45.0
34.0
37.0
10.0
-8.0
1.0
-6.0
-12.0
22.0
-2.0
13.0
-7.0
-2.0
3.0
-15.0
26.0
35.0
19.0
23.0
29.0
42.0
56.0
23.0
22.0
1.0
-5.0
22.0
17.0
16.0
14.0
16.0
36.0
28.0
24.0
22.0
-1.0
-1.0
12.0
11.0
36.0
19.0
32.0
27.0
16.0
16.0
-5.0
-5.0
11.0
-16.0
-13.0
-24.0
-34.0
-15.0
7.0
-4.0
-16.0
-27.0
-36.0
-11.0
-16.0
-15.0
-24.0
-42.0
-40.0
-45.0
-27.0
-11.0
-43.0
-54.0
-58.0
-68.0
-55.0
-58.0
-76.0
-37.0
-65.0
-51.0
-45.0
-69.0
-45.0
-41.0
-29.0
-26.0
-23.0
-35.0
-43.0
-54.0
-37.0
-27.0
-19.0
6.0
-9.0
7.0
-23.0
-56.0
-51.0
-49.0
-27.0
-18.0
-35.0
-16.0
-35.0
-57.0
-46.0
-29.0
-26.0
-29.0
-38.0
-41.0
-40.0
-42.0
-16.0
-10.0
-37.0
-16.0
-43.0
-42.0
-61.0
-46.0
-45.0
-43.0
-53.0
-49.0
-62.0
-22.0
-13.0
-35.0
-34.0
-26.0
-13.0
-3.0
-13.0
13.0
7.0
-22.0
-11.0
5.0
-13.0
-13.0
-8.0
3.0
46.0
21.0
30.0
33.0
27.0
44.0
44.0
29.0
48.0
42.0
48.0
61.0
54.0
46.0
24.0
40.0
73.0
31.0
54.0
32.0
24.0
33.0
21.0
24.0
34.0
7.0
26.0
18.0
12.0
24.0
8.0
1.0
-7.0
-17.0
-27.0
-10.0
-16.0
3.0
-35.0
-8.0
-8.0
-31.0
-22.0
-25.0
-32.0
-27.0
-64.0
-77.0
-69.0
-67.0
-48.0
-44.0
-35.0
-23.0
-36.0
-44.0
-36.0
-53.0
-77.0
-100.0
-82.0
-83.0
-86.0
-80.0
-71.0
-73.0
-86.0
-76.0
-73.0
-54.0
-57.0
-48.0
-47.0
-59.0
-57.0
-42.0
-59.0
-60.0
-58.0
-50.0
-34.0
-53.0
-69.0
-65.0
-97.0
-88.0
-109.0
-109.0
-150.0
-137.0
-121.0
-126.0
-119.0
-88.0
-89.0
-80.0
-61.0
-71.0
-46.0
-62.0
-87.0
-85.0
-105.0
-99.0
-116.0
-118.0
-115.0
-105.0
-97.0
-99.0
-112.0
-103.0
-89.0
-99.0
-81.0
-84.0
-71.0
-70.0
-71.0
-95.0
-90.0
-96.0
-72.0
-72.0
-75.0
-58.0
-88.0
-99.0
-82.0
-80.0
-83.0
-94.0
-95.0
-101.0
-62.0
-43.0
-34.0
-49.0
-62.0
-81.0
-62.0
-41.0
-42.0
-34.0
-22.0
-29.0
-11.0
-8.0
-9.0
-13.0
-36.0
-4.0
-29.0
-10.0
4.0
-15.0
-34.0
-30.0
-52.0
-39.0
-24.0
-21.0
-11.0
-22.0
-37.0
-20.0
-47.0
-66.0
-41.0
-51.0
-36.0
-49.0
-58.0
-46.0
-45.0
-32.0
-19.0
-13.0
-21.0
-39.0
-48.0
-43.0
-49.0
-37.0
-48.0
-18.0
-1.0
-21.0
-17.0
-17.0
-20.0
-33.0
-48.0
-64.0
-26.0
-46.0
-54.0
-13.0
-33.0
-24.0
-21.0
-62.0
-28.0
-25.0
-41.0
-50.0
-73.0
-69.0
-77.0
-84.0
-64.0
-72.0
-69.0
-63.0
-81.0
-62.0
-50.0
-77.0
-72.0
-77.0
-63.0
-70.0
-67.0
-76.0
-68.0
-91.0
-83.0
-67.0
-64.0
-26.0
-49.0
-56.0
-52.0
-84.0
-77.0
-63.0
-44.0
-56.0
-53.0
-44.0
-11.0
-37.0
-35.0
-62.0
-63.0
-49.0
-51.0
-56.0
-69.0
-68.0
-56.0
-69.0
-51.0
-36.0
-16.0
-3.0
8.0
-13.0
-3.0
-16.0
-33.0
-33.0
-43.0
-36.0
-40.0
-40.0
-24.0
-33.0
-40.0
-32.0
-22.0
-11.0
-23.0
-45.0
-35.0
-4.0
7.0
-7.0
-3.0
-29.0
-34.0
-45.0
-30.0
-37.0
-35.0
-32.0
-62.0
-63.0
-25.0
-35.0
-18.0
-23.0
-24.0
-8.0
-16.0
-25.0
-19.0
-30.0
-16.0
-32.0
-54.0
-40.0
-39.0
-23.0
-34.0
-30.0
-10.0
-10.0
-36.0
-11.0
1.0
25.0
13.0
11.0
32.0
20.0
-6.0
1.0
14.0
20.0
32.0
7.0
6.0
12.0
8.0
15.0
-15.0
-32.0
-48.0
-44.0
-62.0
-49.0
-31.0
-27.0
-47.0
-34.0
-8.0
20.0
31.0
51.0
37.0
29.0
-3.0
-2.0
-10.0
-7.0
26.0
10.0
16.0
34.0
36.0
41.0
35.0
7.0
5.0
-26.0
-18.0
0.0
-3.0
1.0
27.0
14.0
16.0
23.0
29.0
33.0
19.0
37.0
55.0
36.0
44.0
54.0
58.0
79.0
77.0
107.0
136.0
123.0
186.0
210.0
206.0
217.0
216.0
229.0
244.0
230.0
237.0
212.0
198.0
209.0
190.0
193.0
171.0
178.0
182.0
150.0
137.0
116.0
116.0
136.0
128.0
99.0
105.0
92.0
69.0
90.0
81.0
61.0
51.0
33.0
18.0
-3.0
17.0
5.0
-20.0
-23.0
-5.0
-33.0
-40.0
-48.0
-39.0
-30.0
-13.0
-17.0
-4.0
5.0
13.0
15.0
10.0
-2.0
-3.0
1.0
15.0
-1.0
-6.0
10.0
21.0
36.0
6.0
-11.0
-12.0
6.0
-9.0
5.0
-4.0
2.0
-23.0
-33.0
-23.0
-43.0
-12.0
7.0
6.0
2.0
-22.0
-32.0
-37.0
-44.0
-33.0
-46.0
-46.0
-27.0
-48.0
-23.0
7.0
17.0
63.0
54.0
75.0
78.0
28.0
-1.0
-16.0
-13.0
-20.0
-41.0
-17.0
12.0
-5.0
-1.0
0.0
8.0
29.0
21.0
27.0
30.0
14.0
3.0
8.0
-1.0
2.0
-7.0
-10.0
2.0
-8.0
2.0
25.0
16.0
26.0
16.0
-16.0
6.0
-15.0
-4.0
1.0
-6.0
7.0
7.0
16.0
65.0
49.0
32.0
21.0
11.0
8.0
-4.0
-23.0
-7.0
-34.0
-51.0
-45.0
-53.0
-56.0
-76.0
-67.0
-41.0
-56.0
-64.0
-90.0
-105.0
-87.0
-72.0
-81.0
-52.0
-48.0
-38.0
-23.0
-11.0
-22.0
-11.0
-32.0
-31.0
-67.0
-56.0
-43.0
-47.0
-51.0
-35.0
-47.0
-35.0
-47.0
-43.0
-70.0
-92.0
-89.0
-108.0
-102.0
-100.0
-115.0
-115.0
-108.0
-105.0
-72.0
-48.0
-54.0
-61.0
-83.0
-95.0
-79.0
-110.0
-100.0
-61.0
-60.0
-48.0
-17.0
-46.0
-42.0
-43.0
-55.0
-60.0
-74.0
-62.0
-82.0
-63.0
-55.0
-48.0
-32.0
-26.0
-32.0
-31.0
-18.0
-14.0
4.0
-30.0
23.0
-5.0
-14.0
-1.0
4.0
-2.0
16.0
25.0
30.0
33.0
53.0
63.0
41.0
54.0
46.0
20.0
20.0
17.0
21.0
11.0
10.0
5.0
24.0
-6.0
1.0
-15.0
-24.0
-7.0
41.0
20.0
22.0
-1.0
-16.0
4.0
-17.0
-15.0
-19.0
3.0
4.0
-23.0
-51.0
-34.0
-44.0
4.0
-25.0
-37.0
-22.0
-49.0
7.0
-2.0
-8.0
-5.0
-4.0
-14.0
-15.0
-20.0
-6.0
-21.0
-43.0
-63.0
-34.0
-37.0
-7.0
-2.0
8.0
12.0
34.0
52.0
43.0
32.0
15.0
-6.0
-3.0
-33.0
-51.0
-63.0
-70.0
-68.0
-73.0
-93.0
-33.0
-36.0
-42.0
-42.0
-62.0
-51.0
-39.0
-48.0
-50.0
-58.0
-78.0
-68.0
-85.0
-79.0
-80.0
-81.0
-41.0
-45.0
-50.0
-45.0
-47.0
-7.0
-42.0
-71.0
-84.0
-101.0
-87.0
-70.0
-46.0
-61.0
-26.0
-29.0
3.0
3.0
3.0
-14.0
-13.0
2.0
-23.0
-65.0
-34.0
-41.0
-29.0
-12.0
-15.0
-10.0
4.0
-4.0
25.0
20.0
53.0
75.0
56.0
56.0
31.0
20.0
21.0
36.0
48.0
31.0
3.0
-5.0
7.0
-3.0
33.0
19.0
35.0
50.0
25.0
11.0
-20.0
-23.0
2.0
-8.0
11.0
22.0
23.0
46.0
44.0
32.0
13.0
-1.0
-32.0
-25.0
-57.0
-41.0
-19.0
12.0
83.0
107.0
116.0
116.0
125.0
93.0
80.0
38.0
53.0
33.0
37.0
38.0
43.0
15.0
-20.0
-40.0
-43.0
-16.0
22.0
70.0
91.0
118.0
118.0
98.0
84.0
75.0
69.0
33.0
45.0
74.0
77.0
58.0
44.0
56.0
54.0
91.0
120.0
152.0
161.0
154.0
114.0
67.0
40.0
18.0
-23.0
-13.0
8.0
11.0
68.0
93.0
80.0
54.0
39.0
43.0
65.0
63.0
39.0
80.0
58.0
40.0
13.0
16.0
17.0
5.0
48.0
14.0
20.0
40.0
10.0
-5.0
-12.0
-17.0
-27.0
-44.0
-39.0
-14.0
-18.0
-25.0
15.0
-3.0
12.0
26.0
34.0
58.0
62.0
59.0
86.0
48.0
57.0
27.0
11.0
10.0
-12.0
-21.0
13.0
-27.0
-21.0
-37.0
-40.0
-26.0
-51.0
-36.0
-35.0
-53.0
-52.0
-74.0
-68.0
-51.0
-45.0
-10.0
5.0
-16.0
-3.0
-14.0
-29.0
-22.0
-29.0
-21.0
-10.0
-8.0
10.0
11.0
-15.0
-47.0
-82.0
-112.0
-84.0
-70.0
-68.0
-84.0
-36.0
0.0
3.0
17.0
27.0
7.0
16.0
-4.0
20.0
21.0
18.0
34.0
18.0
2.0
-18.0
5.0
-19.0
13.0
-7.0
-17.0
-11.0
-13.0
-14.0
-17.0
13.0
22.0
10.0
-14.0
-24.0
-42.0
-42.0
-56.0
-71.0
-70.0
-74.0
-53.0
-40.0
-16.0
36.0
49.0
63.0
82.0
67.0
63.0
55.0
52.0
60.0
51.0
46.0
52.0
32.0
34.0
47.0
39.0
30.0
32.0
27.0
40.0
26.0
31.0
39.0
27.0
61.0
43.0
34.0
5.0
-24.0
-22.0
-7.0
-2.0
39.0
15.0
27.0
50.0
17.0
-1.0
6.0
-30.0
-2.0
-5.0
-14.0
19.0
8.0
34.0
57.0
51.0
81.0
56.0
52.0
38.0
53.0
58.0
42.0
52.0
74.0
65.0
84.0
63.0
77.0
82.0
74.0
87.0
74.0
65.0
64.0
100.0
66.0
67.0
49.0
36.0
40.0
48.0
44.0
35.0
13.0
3.0
-2.0
-3.0
-33.0
-62.0
-89.0
-86.0
-76.0
-81.0
-91.0
-90.0
-77.0
-77.0
-2.0
7.0
-5.0
-10.0
-17.0
-30.0
-30.0
-26.0
-23.0
-13.0
-13.0
6.0
-6.0
1.0
12.0
28.0
17.0
21.0
-7.0
5.0
9.0
-9.0
5.0
12.0
20.0
48.0
25.0
44.0
35.0
30.0
47.0
55.0
67.0
65.0
68.0
68.0
79.0
55.0
52.0
53.0
43.0
75.0
69.0
95.0
74.0
49.0
76.0
81.0
65.0
104.0
105.0
119.0
106.0
86.0
103.0
96.0
75.0
87.0
50.0
85.0
68.0
53.0
49.0
16.0
22.0
64.0
62.0
64.0
83.0
86.0
100.0
93.0
81.0
88.0
34.0
61.0
68.0
63.0
106.0
107.0
114.0
114.0
118.0
100.0
95.0
69.0
68.0
69.0
59.0
50.0
65.0
69.0
60.0
58.0
42.0
34.0
24.0
44.0
41.0
44.0
47.0
41.0
45.0
32.0
35.0
72.0
87.0
108.0
98.0
65.0
76.0
62.0
40.0
32.0
51.0
61.0
95.0
114.0
129.0
133.0
126.0
110.0
76.0
71.0
59.0
55.0
61.0
75.0
56.0
50.0
16.0
22.0
9.0
20.0
35.0
39.0
43.0
44.0
49.0
36.0
43.0
46.0
61.0
48.0
30.0
49.0
53.0
71.0
88.0
99.0
90.0
64.0
84.0
68.0
63.0
48.0
62.0
43.0
65.0
45.0
67.0
84.0
80.0
74.0
66.0
20.0
58.0
53.0
63.0
87.0
70.0
46.0
43.0
32.0
72.0
44.0
66.0
50.0
22.0
45.0
60.0
48.0
92.0
88.0
90.0
87.0
69.0
82.0
93.0
72.0
100.0
71.0
59.0
50.0
46.0
75.0
54.0
57.0
90.0
84.0
67.0
91.0
70.0
85.0
90.0
89.0
85.0
113.0
102.0
115.0
80.0
108.0
98.0
97.0
120.0
112.0
117.0
133.0
114.0
134.0
126.0
121.0
147.0
128.0
119.0
103.0
84.0
95.0
97.0
109.0
126.0
141.0
110.0
99.0
70.0
81.0
71.0
60.0
99.0
91.0
113.0
121.0
122.0
130.0
118.0
91.0
83.0
99.0
78.0
89.0
95.0
115.0
132.0
114.0
148.0
110.0
114.0
124.0
122.0
128.0
136.0
86.0
109.0
85.0
83.0
103.0
106.0
135.0
130.0
96.0
117.0
96.0
86.0
89.0
65.0
49.0
72.0
60.0
79.0
59.0
59.0
78.0
54.0
53.0
25.0
37.0
56.0
76.0
81.0
97.0
99.0
114.0
104.0
76.0
67.0
29.0
32.0
39.0
19.0
6.0
-2.0
-7.0
9.0
-12.0
-8.0
13.0
-5.0
16.0
37.0
49.0
72.0
73.0
62.0
60.0
36.0
36.0
40.0
-1.0
-10.0
-39.0
-22.0
-6.0
-10.0
-8.0
-15.0
-10.0
-12.0
-33.0
-29.0
-4.0
5.0
-8.0
-30.0
-30.0
-29.0
-40.0
-27.0
-17.0
-32.0
-27.0
8.0
11.0
1.0
-25.0
-30.0
-22.0
-56.0
-37.0
-40.0
-31.0
-31.0
-40.0
-32.0
-29.0
-48.0
-1.0
22.0
22.0
12.0
-35.0
-40.0
-76.0
-49.0
-41.0
-37.0
-38.0
-18.0
-25.0
3.0
25.0
14.0
50.0
33.0
21.0
2.0
-31.0
-34.0
-25.0
-32.0
-33.0
-30.0
-53.0
-40.0
-60.0
-32.0
-7.0
-14.0
-12.0
-11.0
-27.0
-20.0
-34.0
-55.0
-31.0
-39.0
12.0
21.0
17.0
25.0
26.0
17.0
56.0
24.0
52.0
42.0
22.0
27.0
3.0
1.0
-12.0
-9.0
13.0
4.0
-7.0
-13.0
14.0
1.0
11.0
-25.0
-14.0
-33.0
-37.0
-26.0
-33.0
-30.0
-25.0
-31.0
-15.0
12.0
-27.0
-22.0
-26.0
-22.0
24.0
14.0
25.0
31.0
17.0
16.0
3.0
6.0
5.0
-50.0
-10.0
-24.0
-22.0
8.0
16.0
13.0
6.0
8.0
12.0
39.0
30.0
34.0
25.0
34.0
25.0
23.0
5.0
32.0
14.0
40.0
33.0
27.0
37.0
6.0
5.0
-7.0
4.0
6.0
-4.0
-13.0
-7.0
-20.0
-15.0
-5.0
16.0
-12.0
-29.0
-14.0
-23.0
-58.0
-49.0
-59.0
-76.0
-94.0
-93.0
-103.0
-83.0
-81.0
-61.0
-54.0
-37.0
-14.0
-21.0
-14.0
-8.0
-23.0
-3.0
-5.0
-23.0
-29.0
-30.0
-38.0
-26.0
-33.0
-24.0
-39.0
-52.0
5.0
-31.0
16.0
-16.0
-45.0
-15.0
-9.0
12.0
21.0
-33.0
-22.0
-22.0
-32.0
5.0
-11.0
-19.0
15.0
1.0
23.0
-13.0
-67.0
-63.0
-53.0
-21.0
-7.0
-17.0
-20.0
-36.0
-48.0
-38.0
-30.0
-31.0
-14.0
-25.0
-23.0
-15.0
3.0
-18.0
-21.0
-36.0
-14.0
-10.0
-6.0
-3.0
-26.0
-6.0
-8.0
-30.0
-7.0
-10.0
10.0
51.0
53.0
73.0
82.0
70.0
91.0
76.0
56.0
44.0
17.0
24.0
6.0
-12.0
-3.0
-13.0
-8.0
15.0
43.0
53.0
41.0
48.0
53.0
30.0
42.0
41.0
13.0
56.0
53.0
43.0
77.0
75.0
81.0
83.0
45.0
49.0
16.0
32.0
41.0
41.0
1.0
-2.0
-14.0
11.0
27.0
13.0
6.0
-21.0
-24.0
17.0
7.0
26.0
13.0
12.0
42.0
10.0
33.0
32.0
39.0
40.0
37.0
21.0
27.0
59.0
61.0
81.0
63.0
133.0
122.0
149.0
165.0
176.0
183.0
193.0
190.0
202.0
187.0
155.0
155.0
134.0
125.0
124.0
100.0
94.0
80.0
84.0
81.0
67.0
55.0
68.0
42.0
49.0
36.0
18.0
21.0
7.0
-16.0
-2.0
-19.0
1.0
-16.0
-24.0
-24.0
-32.0
-24.0
-6.0
-4.0
-6.0
-2.0
0.0
-1.0
-24.0
-39.0
-42.0
-69.0
-71.0
-50.0
-58.0
-35.0
-66.0
-58.0
-52.0
-69.0
-65.0
-81.0
-97.0
-109.0
-121.0
-116.0
-101.0
-97.0
-93.0
-106.0
-85.0
-41.0
-39.0
-76.0
-40.0
-49.0
-27.0
-11.0
-8.0
-6.0
-47.0
-48.0
-55.0
-49.0
-50.0
-30.0
-9.0
18.0
51.0
107.0
148.0
172.0
220.0
224.0
220.0
252.0
241.0
234.0
211.0
164.0
155.0
118.0
111.0
117.0
91.0
96.0
105.0
98.0
122.0
106.0
92.0
76.0
58.0
31.0
43.0
15.0
42.0
23.0
-1.0
0.0
-14.0
-31.0
5.0
11.0
12.0
-1.0
-44.0
-79.0
-108.0
-121.0
-110.0
-103.0
-87.0
-74.0
-102.0
-74.0
-106.0
-79.0
-78.0
-95.0
-73.0
-93.0
-124.0
-106.0
-115.0
-91.0
-67.0
-80.0
-66.0
-60.0
-96.0
-80.0
-98.0
-119.0
-131.0
-116.0
-105.0
-125.0
-164.0
-159.0
-170.0
-186.0
-162.0
-148.0
-135.0
-129.0
-128.0
-97.0
-114.0
-79.0
-75.0
-84.0
-84.0
-81.0
-89.0
-86.0
-105.0
-135.0
-105.0
-104.0
-55.0
-89.0
-112.0
-121.0
-159.0
-131.0
-121.0
-113.0
-105.0
-107.0
-108.0
-92.0
-83.0
-90.0
-94.0
-77.0
-49.0
-57.0
-80.0
-58.0
-57.0
-48.0
-43.0
-32.0
-58.0
-74.0
-83.0
-76.0
-77.0
-60.0
-91.0
-87.0
-75.0
-81.0
-79.0
-37.0
-64.0
-62.0
-46.0
-72.0
-43.0
-26.0
-36.0
-24.0
-61.0
-38.0
-33.0
-20.0
-16.0
-14.0
-35.0
-26.0
-50.0
-36.0
-37.0
-34.0
-45.0
-70.0
-93.0
-83.0
-74.0
-63.0
-47.0
-62.0
-76.0
-60.0
-70.0
-55.0
-57.0
-72.0
-77.0
-92.0
-59.0
-53.0
-40.0
-30.0
-40.0
-48.0
-51.0
-61.0
-65.0
-64.0
-93.0
-77.0
-82.0
-72.0
-59.0
-67.0
-53.0
-72.0
-36.0
-17.0
-25.0
-33.0
-32.0
-54.0
-44.0
-45.0
-52.0
-16.0
-34.0
-40.0
-41.0
-60.0
-35.0
-27.0
-37.0
12.0
-9.0
-15.0
-24.0
-57.0
-37.0
-40.0
-74.0
-35.0
-31.0
-37.0
-37.0
-64.0
-56.0
-38.0
-51.0
-42.0
-68.0
-50.0
-45.0
-65.0
-50.0
-40.0
-40.0
-51.0
-72.0
-25.0
-21.0
-16.0
-37.0
-49.0
-44.0
-20.0
-75.0
-80.0
-94.0
-102.0
-63.0
-60.0
-46.0
-31.0
-32.0
-37.0
-24.0
-50.0
-45.0
-30.0
-46.0
-33.0
-41.0
-59.0
-47.0
-89.0
-78.0
-81.0
-102.0
-90.0
-100.0
-100.0
-135.0
-106.0
-83.0
-81.0
-90.0
-89.0
-95.0
-88.0
-46.0
-61.0
-12.0
-25.0
-43.0
-36.0
-73.0
-76.0
-67.0
-74.0
-72.0
-65.0
-90.0
-47.0
-70.0
-60.0
-49.0
-54.0
-11.0
-13.0
-2.0
1.0
-26.0
-27.0
-22.0
-43.0
-10.0
-18.0
-22.0
-20.0
-54.0
-54.0
-70.0
-79.0
-90.0
-73.0
-58.0
-43.0
-35.0
-32.0
-23.0
-30.0
-16.0
16.0
8.0
33.0
2.0
15.0
-1.0
-9.0
27.0
27.0
27.0
56.0
42.0
39.0
37.0
23.0
37.0
63.0
60.0
60.0
29.0
29.0
24.0
-17.0
11.0
-8.0
-23.0
-7.0
-6.0
12.0
13.0
-1.0
36.0
33.0
21.0
32.0
27.0
51.0
58.0
30.0
45.0
42.0
30.0
52.0
55.0
51.0
74.0
66.0
69.0
28.0
22.0
8.0
-7.0
8.0
15.0
-5.0
-6.0
0.0
-10.0
19.0
18.0
15.0
5.0
17.0
36.0
44.0
69.0
79.0
64.0
61.0
32.0
15.0
49.0
52.0
22.0
21.0
-5.0
2.0
6.0
4.0
-3.0
0.0
-15.0
-6.0
-14.0
-1.0
-32.0
-25.0
-31.0
-22.0
10.0
21.0
-15.0
-25.0
-12.0
-13.0
-3.0
-20.0
-25.0
-41.0
-54.0
-50.0
-16.0
-23.0
-28.0
-37.0
-43.0
-39.0
-15.0
-6.0
-15.0
-30.0
-41.0
-37.0
-49.0
-38.0
-28.0
-7.0
-21.0
-24.0
-5.0
-10.0
-5.0
-21.0
-12.0
-22.0
-32.0
-40.0
-16.0
-34.0
-41.0
-63.0
-88.0
-95.0
-86.0
-100.0
-89.0
-66.0
-81.0
-61.0
-55.0
-48.0
-61.0
-87.0
-89.0
-68.0
-60.0
-55.0
-61.0
-54.0
-62.0
-92.0
-67.0
-77.0
-79.0
-65.0
-85.0
-79.0
-73.0
-55.0
-53.0
-65.0
-64.0
-48.0
-60.0
-39.0
-10.0
-29.0
-11.0
-22.0
-36.0
-25.0
-46.0
-52.0
-10.0
-29.0
14.0
-14.0
-2.0
0.0
-17.0
22.0
10.0
-10.0
-5.0
11.0
12.0
-5.0
-5.0
-10.0
-7.0
0.0
18.0
21.0
5.0
26.0
-6.0
-6.0
-10.0
-32.0
-26.0
-32.0
-29.0
-23.0
-16.0
-26.0
-29.0
-26.0
-21.0
-29.0
12.0
-11.0
-43.0
-37.0
-40.0
-33.0
-22.0
-41.0
-19.0
-19.0
-19.0
-49.0
-41.0
-53.0
-27.0
-31.0
-34.0
-11.0
-20.0
-29.0
-32.0
-37.0
-33.0
-7.0
-22.0
-23.0
-32.0
-18.0
-20.0
-16.0
-21.0
-71.0
-71.0
-46.0
-39.0
-49.0
-57.0
-89.0
-53.0
-74.0
-51.0
-28.0
-36.0
-25.0
-14.0
-20.0
-2.0
-23.0
-34.0
-44.0
-92.0
-77.0
-80.0
-81.0
-82.0
-80.0
-79.0
-79.0
-60.0
-55.0
-53.0
-78.0
-79.0
-88.0
-102.0
-76.0
-83.0
-78.0
-81.0
-108.0
-116.0
-133.0
-106.0
-78.0
-68.0
-71.0
-48.0
-58.0
-50.0
-55.0
-73.0
-60.0
-59.0
-30.0
-17.0
-5.0
-16.0
-27.0
-47.0
-46.0
-53.0
-45.0
-28.0
-29.0
1.0
5.0
7.0
6.0
1.0
21.0
5.0
-15.0
-9.0
-6.0
-7.0
20.0
19.0
51.0
56.0
48.0
76.0
94.0
119.0
124.0
96.0
112.0
114.0
87.0
108.0
86.0
96.0
87.0
61.0
54.0
31.0
25.0
14.0
26.0
26.0
42.0
44.0
60.0
55.0
42.0
53.0
54.0
55.0
68.0
50.0
51.0
55.0
81.0
109.0
85.0
87.0
91.0
100.0
116.0
120.0
115.0
161.0
140.0
161.0
169.0
135.0
156.0
136.0
166.0
177.0
196.0
190.0
213.0
209.0
215.0
241.0
235.0
215.0
227.0
252.0
299.0
317.0
343.0
304.0
270.0
293.0
313.0
344.0
377.0
372.0
370.0
341.0
322.0
343.0
328.0
362.0
385.0
366.0
375.0
401.0
379.0
405.0
404.0
397.0
411.0
388.0
401.0
407.0
383.0
393.0
384.0
391.0
405.0
414.0
447.0
444.0
407.0
390.0
378.0
382.0
398.0
392.0
400.0
387.0
429.0
438.0
436.0
420.0
451.0
451.0
484.0
454.0
461.0
477.0
430.0
459.0
457.0
427.0
474.0
474.0
469.0
483.0
457.0
448.0
467.0
473.0
497.0
518.0
492.0
506.0
491.0
502.0
498.0
484.0
500.0
515.0
499.0
512.0
502.0
484.0
534.0
494.0
489.0
468.0
467.0
474.0
482.0
494.0
501.0
466.0
495.0
480.0
457.0
476.0
485.0
497.0
512.0
489.0
476.0
435.0
464.0
461.0
457.0
461.0
450.0
431.0
445.0
426.0
436.0
437.0
445.0
458.0
456.0
431.0
447.0
439.0
453.0
442.0
408.0
373.0
409.0
397.0
423.0
431.0
406.0
423.0
422.0
391.0
416.0
405.0
385.0
381.0
371.0
381.0
367.0
372.0
410.0
380.0
378.0
342.0
351.0
376.0
385.0
399.0
403.0
393.0
375.0
375.0
335.0
337.0
308.0
303.0
313.0
315.0
324.0
324.0
325.0
338.0
339.0
335.0
324.0
288.0
280.0
258.0
218.0
203.0
197.0
200.0
224.0
221.0
235.0
229.0
213.0
212.0
192.0
180.0
184.0
194.0
187.0
173.0
149.0
182.0
188.0
216.0
225.0
215.0
206.0
206.0
159.0
169.0
142.0
151.0
162.0
143.0
153.0
156.0
134.0
151.0
157.0
133.0
103.0
60.0
35.0
32.0
20.0
12.0
7.0
11.0
12.0
4.0
53.0
25.0
2.0
3.0
22.0
26.0
34.0
13.0
30.0
44.0
33.0
24.0
7.0
24.0
-5.0
-38.0
-81.0
-84.0
-98.0
-96.0
-136.0
-122.0
-142.0
-148.0
-130.0
-133.0
-139.0
-137.0
-139.0
-134.0
-147.0
-156.0
-186.0
-192.0
-190.0
-165.0
-187.0
-210.0
-215.0
-243.0
-233.0
-254.0
-279.0
-245.0
-295.0
-272.0
-254.0
-317.0
-314.0
-321.0
-343.0
-328.0
-317.0
-319.0
-268.0
-279.0
-284.0
-295.0
-326.0
-320.0
-336.0
-348.0
-356.0
-403.0
-350.0
-353.0
-378.0
-380.0
-380.0
-384.0
-381.0
-392.0
-385.0
-377.0
-350.0
-335.0
-358.0
-365.0
-337.0
-357.0
-357.0
-355.0
-369.0
-332.0
-359.0
-347.0
-350.0
-360.0
-383.0
-379.0
-379.0
-380.0
-391.0
-397.0
-403.0
-424.0
-407.0
-428.0
-416.0
-397.0
-382.0
-394.0
-378.0
-390.0
-370.0
-369.0
-357.0
-395.0
-382.0
-398.0
-381.0
-388.0
-375.0
-381.0
-383.0
-377.0
-382.0
-398.0
-398.0
-418.0
-395.0
-385.0
-388.0
-377.0
-393.0
-397.0
-407.0
-411.0
-419.0
-414.0
-383.0
-366.0
-400.0
-419.0
-425.0
-432.0
-395.0
-403.0
-402.0
-365.0
-359.0
-382.0
-372.0
-385.0
-381.0
-404.0
-408.0
-406.0
-403.0
-411.0
-386.0
-386.0
-384.0
-393.0
-403.0
-395.0
-414.0
-421.0
-431.0
-440.0
-427.0
-441.0
-461.0
-438.0
-448.0
-455.0
-433.0
-426.0
-412.0
-406.0
-368.0
-347.0
-362.0
-367.0
-374.0
-398.0
-380.0
-414.0
-428.0
-411.0
-430.0
-436.0
-426.0
-433.0
-425.0
-416.0
-418.0
-393.0
-394.0
-423.0
-399.0
-418.0
-418.0
-419.0
-418.0
-386.0
-401.0
-398.0
-420.0
-391.0
-381.0
-398.0
-408.0
-390.0
-399.0
-410.0
-423.0
-441.0
-438.0
-458.0
-443.0
-444.0
-433.0
-418.0
-408.0
-405.0
-399.0
-439.0
-395.0
-370.0
-358.0
-359.0
-338.0
-352.0
-356.0
-363.0
-385.0
-375.0
-367.0
-385.0
-386.0
-425.0
-417.0
-427.0
-410.0
-390.0
-406.0
-381.0
-344.0
-338.0
-328.0
-332.0
-359.0
-370.0
-422.0
-404.0
-399.0
-403.0
-383.0
-392.0
-403.0
-391.0
-402.0
-410.0
-364.0
-358.0
-361.0
-360.0
-373.0
-385.0
-395.0
-381.0
-404.0
-415.0
-365.0
-371.0
-380.0
-359.0
-353.0
-347.0
-349.0
-355.0
-365.0
-336.0
-353.0
-360.0
-377.0
-383.0
-391.0
-401.0
-399.0
-407.0
-389.0
-376.0
-395.0
-419.0
-401.0
-396.0
-372.0
-378.0
-370.0
-356.0
-341.0
-313.0
-345.0
-383.0
-367.0
-387.0
-397.0
-378.0
-362.0
-365.0
-343.0
-361.0
-342.0
-347.0
-342.0
-327.0
-349.0
-357.0
-359.0
-338.0
-306.0
-297.0
-323.0
-342.0
-375.0
-372.0
-350.0
-371.0
-336.0
-342.0
-320.0
-285.0
-300.0
-315.0
-309.0
-340.0
-305.0
-300.0
-295.0
-285.0
-306.0
-308.0
-300.0
-303.0
-312.0
-320.0
-329.0
-307.0
-319.0
-292.0
-303.0
-299.0
-291.0
-285.0
-266.0
-275.0
-289.0
-288.0
-250.0
-270.0
-275.0
-282.0
-310.0
-294.0
-294.0
-270.0
-228.0
-202.0
-184.0
-181.0
-191.0
-177.0
-222.0
-213.0
-204.0
-246.0
-261.0
-256.0
-258.0
-240.0
-246.0
-243.0
-251.0
-265.0
-259.0
-231.0
-220.0
-187.0
-187.0
-187.0
-207.0
-237.0
-218.0
-214.0
-204.0
-192.0
-218.0
-230.0
-218.0
-241.0
-238.0
-238.0
-273.0
-266.0
-282.0
-281.0
-282.0
-293.0
-286.0
-260.0
-273.0
-271.0
-287.0
-275.0
-252.0
-255.0
-252.0
-261.0
-224.0
-186.0
-184.0
-122.0
-70.0
-69.0
-46.0
0.0
12.0
31.0
22.0
42.0
20.0
-43.0
-65.0
-62.0
-118.0
-123.0
-152.0
-157.0
-167.0
-174.0
-169.0
-143.0
-171.0
-178.0
-222.0
-228.0
-229.0
-248.0
-243.0
-269.0
-295.0
-283.0
-303.0
-291.0
-273.0
-293.0
-289.0
-282.0
-304.0
-294.0
-296.0
-308.0
-312.0
-327.0
-286.0
-262.0
-251.0
-247.0
-279.0
-286.0
-272.0
-286.0
-256.0
-260.0
-311.0
-307.0
-299.0
-290.0
-290.0
-310.0
-288.0
-299.0
-291.0
-269.0
-248.0
-242.0
-255.0
-247.0
-267.0
-280.0
-272.0
-278.0
-282.0
-289.0
-273.0
-280.0
-241.0
-244.0
-267.0
-271.0
-296.0
-302.0
-318.0
-293.0
-291.0
-309.0
-304.0
-279.0
-262.0
-244.0
-233.0
-241.0
-246.0
-254.0
-284.0
-277.0
-305.0
-276.0
-270.0
-290.0
-251.0
-254.0
-252.0
-229.0
-263.0
-279.0
-230.0
-230.0
-202.0
-210.0
-207.0
-205.0
-208.0
-202.0
-200.0
-200.0
-193.0
-196.0
-210.0
-197.0
-201.0
-183.0
-154.0
-158.0
-165.0
-162.0
-171.0
-147.0
-164.0
-155.0
-155.0
-166.0
-172.0
-155.0
-127.0
-129.0
-138.0
-111.0
-108.0
-101.0
-89.0
-74.0
-98.0
-79.0
-87.0
-82.0
-93.0
-128.0
-134.0
-132.0
-106.0
-124.0
-120.0
-118.0
-127.0
-111.0
-100.0
-93.0
-79.0
-69.0
-84.0
-87.0
-45.0
-53.0
-30.0
-60.0
-87.0
-76.0
-93.0
-61.0
-28.0
-44.0
-15.0
-12.0
-24.0
-15.0
-36.0
-21.0
-20.0
-43.0
-26.0
-21.0
-14.0
-14.0
-6.0
-7.0
-27.0
-38.0
-37.0
-42.0
-59.0
-35.0
-49.0
-45.0
-56.0
-48.0
1.0
-4.0
-36.0
-12.0
-12.0
-8.0
2.0
-10.0
-23.0
-35.0
-36.0
-13.0
-29.0
-25.0
-2.0
4.0
33.0
60.0
45.0
66.0
32.0
26.0
-6.0
-7.0
8.0
3.0
8.0
39.0
26.0
46.0
26.0
32.0
72.0
48.0
59.0
58.0
34.0
41.0
18.0
50.0
42.0
33.0
20.0
48.0
43.0
58.0
51.0
24.0
58.0
51.0
41.0
37.0
37.0
32.0
26.0
22.0
53.0
59.0
57.0
51.0
40.0
35.0
43.0
46.0
62.0
50.0
38.0
48.0
51.0
77.0
81.0
80.0
98.0
81.0
66.0
71.0
46.0
50.0
55.0
53.0
66.0
93.0
91.0
138.0
143.0
111.0
101.0
79.0
83.0
71.0
92.0
125.0
105.0
104.0
117.0
127.0
142.0
137.0
139.0
140.0
131.0
131.0
129.0
125.0
134.0
107.0
127.0
135.0
136.0
145.0
142.0
98.0
107.0
102.0
103.0
125.0
121.0
141.0
162.0
176.0
182.0
172.0
173.0
165.0
136.0
157.0
156.0
158.0
168.0
183.0
184.0
214.0
203.0
178.0
166.0
147.0
162.0
155.0
152.0
157.0
137.0
144.0
156.0
140.0
144.0
152.0
142.0
166.0
148.0
144.0
171.0
177.0
200.0
181.0
159.0
137.0
123.0
150.0
157.0
139.0
172.0
155.0
153.0
182.0
156.0
159.0
161.0
167.0
181.0
153.0
156.0
180.0
191.0
167.0
176.0
140.0
145.0
124.0
145.0
158.0
148.0
158.0
155.0
127.0
136.0
137.0
107.0
115.0
107.0
105.0
111.0
101.0
125.0
139.0
132.0
130.0
105.0
165.0
181.0
168.0
181.0
177.0
163.0
159.0
142.0
132.0
131.0
128.0
147.0
136.0
122.0
150.0
136.0
141.0
143.0
119.0
124.0
118.0
127.0
129.0
111.0
125.0
148.0
120.0
185.0
197.0
190.0
195.0
168.0
156.0
153.0
134.0
147.0
147.0
146.0
140.0
125.0
103.0
98.0
88.0
128.0
146.0
155.0
182.0
167.0
165.0
172.0
150.0
175.0
152.0
156.0
181.0
173.0
203.0
210.0
167.0
177.0
171.0
152.0
133.0
121.0
125.0
120.0
138.0
149.0
133.0
136.0
143.0
156.0
174.0
188.0
164.0
180.0
174.0
199.0
188.0
150.0
159.0
161.0
145.0
168.0
145.0
153.0
167.0
136.0
122.0
136.0
98.0
124.0
123.0
149.0
170.0
165.0
170.0
164.0
174.0
179.0
171.0
166.0
181.0
143.0
159.0
162.0
166.0
188.0
190.0
184.0
199.0
169.0
195.0
197.0
162.0
191.0
184.0
158.0
169.0
163.0
183.0
171.0
161.0
159.0
191.0
177.0
196.0
189.0
173.0
145.0
132.0
144.0
142.0
177.0
190.0
192.0
162.0
169.0
181.0
193.0
190.0
186.0
187.0
167.0
164.0
159.0
131.0
138.0
134.0
151.0
184.0
181.0
199.0
221.0
202.0
257.0
224.0
233.0
229.0
188.0
199.0
183.0
178.0
190.0
207.0
194.0
203.0
190.0
214.0
214.0
194.0
204.0
192.0
166.0
167.0
143.0
158.0
158.0
127.0
156.0
149.0
160.0
174.0
177.0
190.0
199.0
184.0
174.0
161.0
164.0
175.0
170.0
140.0
171.0
154.0
160.0
136.0
157.0
208.0
190.0
234.0
223.0
198.0
201.0
188.0
185.0
237.0
246.0
242.0
232.0
196.0
233.0
224.0
225.0
240.0
211.0
199.0
180.0
130.0
183.0
219.0
261.0
282.0
278.0
296.0
320.0
277.0
274.0
234.0
200.0
187.0
145.0
163.0
148.0
125.0
192.0
209.0
242.0
284.0
287.0
280.0
280.0
258.0
238.0
216.0
172.0
171.0
158.0
166.0
217.0
241.0
279.0
272.0
263.0
280.0
246.0
271.0
261.0
247.0
257.0
231.0
195.0
196.0
208.0
212.0
253.0
272.0
260.0
239.0
238.0
238.0
197.0
171.0
150.0
137.0
146.0
144.0
152.0
161.0
149.0
160.0
159.0
152.0
179.0
140.0
140.0
157.0
138.0
180.0
188.0
213.0
216.0
204.0
191.0
182.0
174.0
182.0
197.0
222.0
239.0
223.0
218.0
191.0
165.0
169.0
213.0
203.0
199.0
194.0
208.0
212.0
213.0
230.0
256.0
242.0
265.0
228.0
215.0
224.0
219.0
229.0
224.0
197.0
211.0
197.0
181.0
182.0
211.0
227.0
211.0
183.0
191.0
191.0
185.0
187.0
182.0
205.0
215.0
182.0
195.0
201.0
203.0
183.0
163.0
157.0
162.0
173.0
197.0
181.0
149.0
169.0
174.0
177.0
195.0
161.0
164.0
154.0
169.0
184.0
163.0
182.0
176.0
161.0
177.0
172.0
180.0
178.0
173.0
187.0
182.0
177.0
193.0
193.0
190.0
193.0
157.0
149.0
150.0
145.0
177.0
154.0
157.0
145.0
133.0
136.0
138.0
142.0
147.0
127.0
103.0
131.0
100.0
142.0
134.0
133.0
136.0
130.0
154.0
167.0
147.0
177.0
190.0
168.0
177.0
159.0
150.0
139.0
143.0
154.0
149.0
145.0
148.0
147.0
142.0
134.0
126.0
121.0
126.0
124.0
116.0
117.0
118.0
136.0
136.0
144.0
151.0
111.0
127.0
111.0
126.0
134.0
102.0
138.0
120.0
117.0
133.0
136.0
140.0
158.0
143.0
156.0
137.0
162.0
168.0
151.0
165.0
180.0
177.0
170.0
157.0
125.0
175.0
129.0
137.0
143.0
133.0
161.0
166.0
156.0
171.0
179.0
173.0
211.0
209.0
247.0
245.0
208.0
191.0
174.0
166.0
174.0
163.0
177.0
181.0
158.0
155.0
181.0
164.0
156.0
131.0
132.0
148.0
162.0
179.0
163.0
137.0
155.0
136.0
152.0
162.0
123.0
149.0
137.0
136.0
143.0
110.0
92.0
94.0
64.0
70.0
72.0
69.0
70.0
45.0
56.0
62.0
78.0
106.0
129.0
138.0
164.0
140.0
159.0
152.0
137.0
174.0
144.0
153.0
154.0
137.0
140.0
159.0
163.0
157.0
163.0
164.0
194.0
196.0
191.0
224.0
222.0
240.0
208.0
199.0
221.0
233.0
259.0
280.0
300.0
309.0
323.0
323.0
340.0
326.0
338.0
344.0
349.0
376.0
397.0
389.0
386.0
386.0
404.0
426.0
431.0
444.0
426.0
449.0
478.0
476.0
497.0
472.0
495.0
482.0
477.0
495.0
504.0
492.0
475.0
491.0
471.0
498.0
488.0
514.0
508.0
514.0
496.0
488.0
507.0
510.0
503.0
525.0
548.0
524.0
527.0
495.0
493.0
526.0
520.0
524.0
518.0
496.0
516.0
513.0
482.0
508.0
476.0
497.0
486.0
474.0
487.0
511.0
495.0
463.0
451.0
467.0
487.0
473.0
522.0
519.0
534.0
534.0
534.0
536.0
525.0
475.0
496.0
499.0
499.0
535.0
521.0
535.0
496.0
448.0
469.0
476.0
461.0
488.0
499.0
475.0
499.0
467.0
466.0
468.0
482.0
514.0
507.0
489.0
469.0
484.0
479.0
464.0
449.0
454.0
426.0
438.0
445.0
447.0
458.0
469.0
449.0
439.0
425.0
425.0
445.0
437.0
456.0
449.0
448.0
441.0
436.0
436.0
459.0
449.0
444.0
430.0
392.0
387.0
394.0
371.0
383.0
378.0
408.0
414.0
395.0
386.0
368.0
393.0
382.0
362.0
337.0
336.0
344.0
363.0
337.0
324.0
329.0
295.0
340.0
310.0
317.0
329.0
305.0
296.0
287.0
260.0
282.0
302.0
279.0
290.0
258.0
249.0
232.0
213.0
232.0
228.0
224.0
249.0
222.0
216.0
191.0
169.0
169.0
193.0
208.0
205.0
195.0
185.0
176.0
147.0
153.0
169.0
167.0
176.0
165.0
155.0
134.0
150.0
152.0
140.0
136.0
133.0
132.0
144.0
120.0
118.0
106.0
129.0
103.0
115.0
68.0
56.0
75.0
60.0
90.0
54.0
24.0
53.0
53.0
48.0
42.0
8.0
20.0
22.0
4.0
1.0
-2.0
-37.0
-56.0
-59.0
-71.0
-100.0
-97.0
-80.0
-71.0
-78.0
-65.0
-106.0
-114.0
-108.0
-109.0
-101.0
-123.0
-162.0
-194.0
-223.0
-235.0
-220.0
-206.0
-171.0
-174.0
-151.0
-152.0
-180.0
-167.0
-197.0
-245.0
-269.0
-294.0
-300.0
-293.0
-294.0
-278.0
-267.0
-311.0
-312.0
-326.0
-300.0
-295.0
-299.0
-297.0
-311.0
-318.0
-328.0
-336.0
-351.0
-342.0
-370.0
-383.0
-382.0
-399.0
-350.0
-363.0
-365.0
-359.0
-360.0
-356.0
-392.0
-429.0
-429.0
-414.0
-427.0
-427.0
-435.0
-429.0
-432.0
-424.0
-407.0
-421.0
-390.0
-366.0
-390.0
-380.0
-380.0
-395.0
-381.0
-385.0
-411.0
-435.0
-463.0
-452.0
-454.0
-435.0
-423.0
-427.0
-443.0
-430.0
-437.0
-420.0
-421.0
-428.0
-428.0
-451.0
-465.0
-439.0
-454.0
-432.0
-410.0
-395.0
-384.0
-389.0
-415.0
-403.0
-402.0
-389.0
-392.0
-417.0
-421.0
-414.0
-420.0
-420.0
-397.0
-379.0
-379.0
-411.0
-427.0
-445.0
-444.0
-442.0
-438.0
-425.0
-397.0
-383.0
-333.0
-343.0
-318.0
-301.0
-313.0
-287.0
-300.0
-304.0
-296.0
-332.0
-343.0
-337.0
-378.0
-355.0
-376.0
-381.0
-386.0
-409.0
-413.0
-410.0
-427.0
-380.0
-400.0
-414.0
-413.0
-409.0
-389.0
-389.0
-367.0
-361.0
-371.0
-395.0
-346.0
-382.0
-359.0
-355.0
-373.0
-345.0
-356.0
-383.0
-378.0
-419.0
-411.0
-399.0
-407.0
-393.0
-428.0
-478.0
-458.0
-465.0
-454.0
-421.0
-455.0
-448.0
-446.0
-458.0
-437.0
-435.0
-425.0
-430.0
-448.0
-425.0
-447.0
-416.0
-430.0
-440.0
-421.0
-404.0
-425.0
-415.0
-438.0
-423.0
-422.0
-454.0
-475.0
-482.0
-480.0
-436.0
-473.0
-485.0
-483.0
-456.0
-441.0
-445.0
-438.0
-394.0
-385.0
-375.0
-384.0
-372.0
-386.0
-425.0
-458.0
-476.0
-459.0
-461.0
-438.0
-416.0
-403.0
-379.0
-375.0
-357.0
-320.0
-339.0
-370.0
-406.0
-449.0
-479.0
-486.0
-472.0
-440.0
-469.0
-450.0
-440.0
-432.0
-408.0
-421.0
-363.0
-383.0
-409.0
-435.0
-483.0
-483.0
-507.0
-510.0
-503.0
-508.0
-497.0
-468.0
-472.0
-451.0
-419.0
-441.0
-426.0
-445.0
-463.0
-464.0
-474.0
-488.0
-458.0
-457.0
-442.0
-429.0
-437.0
-426.0
-419.0
-438.0
-436.0
-440.0
-417.0
-422.0
-400.0
-364.0
-382.0
-372.0
-363.0
-375.0
-341.0
-337.0
-320.0
-312.0
-318.0
-333.0
-356.0
-384.0
-388.0
-405.0
-405.0
-404.0
-402.0
-361.0
-350.0
-344.0
-327.0
-317.0
-288.0
-260.0
-265.0
-266.0
-281.0
-295.0
-251.0
-267.0
-290.0
-266.0
-249.0
-254.0
-255.0
-271.0
-258.0
-252.0
-252.0
-246.0
-259.0
-261.0
-286.0
-305.0
-291.0
-286.0
-274.0
-278.0
-285.0
-271.0
-275.0
-252.0
-265.0
-289.0
-300.0
-262.0
-269.0
-287.0
-262.0
-265.0
-241.0
-240.0
-250.0
-237.0
-253.0
-247.0
-251.0
-265.0
-257.0
-241.0
-225.0
-220.0
-228.0
-232.0
-229.0
-257.0
-242.0
-230.0
-208.0
-214.0
-227.0
-234.0
-242.0
-241.0
-238.0
-257.0
-281.0
-278.0
-248.0
-249.0
-235.0
-239.0
-237.0
-242.0
-254.0
-229.0
-238.0
-221.0
-206.0
-206.0
-213.0
-237.0
-253.0
-239.0
-271.0
-251.0
-231.0
-220.0
-199.0
-206.0
-195.0
-189.0
-209.0
-187.0
-195.0
-174.0
-147.0
-117.0
-74.0
-40.0
-51.0
-37.0
-20.0
-11.0
1.0
-7.0
-20.0
-42.0
-73.0
-71.0
-77.0
-120.0
-134.0
-154.0
-165.0
-185.0
-201.0
-208.0
-188.0
-217.0
-217.0
-253.0
-265.0
-252.0
-266.0
-243.0
-231.0
-253.0
-243.0
-254.0
-261.0
-253.0
-253.0
-232.0
-251.0
-270.0
-238.0
-268.0
-284.0
-269.0
-265.0
-274.0
-268.0
-295.0
-243.0
-257.0
-266.0
-258.0
-278.0
-265.0
-260.0
-246.0
-231.0
-246.0
-221.0
-217.0
-226.0
-211.0
-190.0
-204.0
-188.0
-200.0
-196.0
-169.0
-173.0
-190.0
-190.0
-198.0
-172.0
-166.0
-129.0
-134.0
-119.0
-133.0
-114.0
-110.0
-117.0
-145.0
-148.0
-152.0
-127.0
-137.0
-137.0
-144.0
-116.0
-120.0
-119.0
-100.0
-83.0
-37.0
-33.0
-29.0
-44.0
-88.0
-112.0
-118.0
-134.0
-101.0
-82.0
-83.0
-82.0
-100.0
-99.0
-44.0
-48.0
-41.0
-47.0
-52.0
-59.0
-54.0
-79.0
-75.0
-93.0
-79.0
-93.0
-92.0
-102.0
-105.0
-63.0
-62.0
-48.0
-49.0
-51.0
-72.0
-59.0
-58.0
-60.0
-58.0
-68.0
-54.0
-48.0
-87.0
-39.0
-51.0
-13.0
1.0
-23.0
-24.0
-20.0
-10.0
-13.0
1.0
9.0
42.0
2.0
-33.0
-52.0
-58.0
-60.0
-52.0
-58.0
-48.0
-70.0
-40.0
-23.0
-4.0
43.0
46.0
61.0
89.0
68.0
78.0
71.0
50.0
50.0
60.0
73.0
55.0
26.0
33.0
69.0
71.0
93.0
86.0
93.0
105.0
75.0
67.0
33.0
-1.0
11.0
56.0
48.0
83.0
84.0
80.0
84.0
95.0
39.0
45.0
22.0
-22.0
-77.0
-107.0
-134.0
-158.0
-108.0
-33.0
11.0
70.0
105.0
106.0
99.0
92.0
83.0
61.0
63.0
57.0
21.0
55.0
49.0
15.0
29.0
53.0
100.0
148.0
146.0
154.0
150.0
145.0
152.0
145.0
167.0
127.0
73.0
50.0
64.0
75.0
81.0
103.0
118.0
137.0
119.0
156.0
156.0
138.0
120.0
142.0
138.0
173.0
184.0
194.0
195.0
171.0
184.0
158.0
162.0
125.0
105.0
129.0
146.0
175.0
211.0
215.0
218.0
246.0
232.0
238.0
227.0
223.0
231.0
203.0
208.0
209.0
199.0
191.0
202.0
174.0
166.0
172.0
191.0
223.0
211.0
250.0
276.0
296.0
307.0
300.0
304.0
306.0
307.0
309.0
292.0
264.0
282.0
267.0
293.0
275.0
257.0
244.0
268.0
257.0
270.0
251.0
247.0
269.0
240.0
259.0
270.0
243.0
265.0
253.0
242.0
228.0
193.0
207.0
228.0
232.0
243.0
232.0
259.0
270.0
280.0
278.0
281.0
265.0
269.0
269.0
249.0
249.0
226.0
246.0
243.0
209.0
215.0
202.0
207.0
201.0
194.0
218.0
212.0
238.0
235.0
232.0
244.0
257.0
252.0
253.0
262.0
224.0
274.0
225.0
220.0
219.0
186.0
181.0
173.0
161.0
177.0
198.0
190.0
164.0
177.0
168.0
195.0
179.0
185.0
155.0
180.0
165.0
184.0
174.0
194.0
210.0
233.0
208.0
204.0
207.0
218.0
229.0
211.0
188.0
206.0
191.0
196.0
201.0
201.0
229.0
205.0
220.0
222.0
206.0
223.0
281.0
282.0
309.0
308.0
305.0
308.0
321.0
341.0
339.0
315.0
333.0
329.0
319.0
324.0
312.0
308.0
315.0
312.0
322.0
303.0
290.0
291.0
253.0
220.0
183.0
144.0
139.0
148.0
147.0
167.0
139.0
142.0
169.0
189.0
231.0
231.0
238.0
256.0
240.0
247.0
296.0
262.0
261.0
274.0
280.0
290.0
275.0
258.0
238.0
207.0
217.0
191.0
167.0
214.0
177.0
199.0
225.0
218.0
232.0
230.0
244.0
247.0
229.0
253.0
235.0
208.0
218.0
233.0
237.0
254.0
231.0
241.0
231.0
203.0
215.0
225.0
228.0
222.0
189.0
194.0
197.0
155.0
162.0
163.0
180.0
181.0
158.0
152.0
142.0
143.0
157.0
162.0
169.0
204.0
200.0
187.0
216.0
208.0
231.0
236.0
238.0
230.0
218.0
207.0
220.0
200.0
196.0
206.0
199.0
199.0
182.0
192.0
177.0
154.0
137.0
155.0
137.0
145.0
156.0
149.0
155.0
150.0
174.0
186.0
238.0
220.0
237.0
231.0
217.0
206.0
197.0
194.0
162.0
191.0
170.0
177.0
191.0
171.0
183.0
197.0
218.0
212.0
211.0
191.0
222.0
215.0
240.0
245.0
256.0
281.0
259.0
257.0
271.0
257.0
243.0
258.0
243.0
249.0
224.0
229.0
244.0
230.0
223.0
198.0
173.0
169.0
156.0
161.0
169.0
186.0
203.0
196.0
203.0
220.0
202.0
196.0
223.0
223.0
200.0
205.0
187.0
215.0
202.0
188.0
194.0
178.0
169.0
174.0
155.0
181.0
183.0
195.0
220.0
199.0
181.0
179.0
168.0
200.0
202.0
228.0
229.0
229.0
248.0
253.0
248.0
240.0
228.0
216.0
206.0
178.0
159.0
191.0
173.0
204.0
197.0
200.0
195.0
196.0
199.0
174.0
181.0
186.0
197.0
225.0
223.0
198.0
212.0
219.0
203.0
212.0
232.0
196.0
183.0
179.0
172.0
149.0
134.0
152.0
150.0
149.0
170.0
150.0
152.0
153.0
150.0
161.0
155.0
162.0
166.0
147.0
149.0
143.0
147.0
164.0
164.0
163.0
172.0
155.0
173.0
170.0
176.0
173.0
140.0
177.0
183.0
186.0
188.0
176.0
151.0
184.0
153.0
170.0
169.0
175.0
178.0
171.0
158.0
191.0
188.0
184.0
177.0
169.0
182.0
167.0
168.0
177.0
178.0
173.0
195.0
188.0
228.0
222.0
226.0
250.0
242.0
245.0
258.0
226.0
231.0
229.0
206.0
241.0
221.0
227.0
233.0
235.0
244.0
232.0
229.0
241.0
258.0
263.0
277.0
278.0
278.0
294.0
299.0
326.0
308.0
309.0
312.0
303.0
297.0
307.0
286.0
291.0
281.0
276.0
302.0
290.0
309.0
340.0
339.0
345.0
319.0
320.0
332.0
305.0
316.0
306.0
319.0
313.0
287.0
281.0
292.0
298.0
333.0
365.0
347.0
343.0
305.0
313.0
323.0
324.0
359.0
355.0
330.0
347.0
322.0
325.0
343.0
336.0
350.0
333.0
320.0
312.0
280.0
252.0
290.0
264.0
287.0
290.0
306.0
326.0
332.0
327.0
331.0
300.0
322.0
288.0
262.0
284.0
308.0
316.0
334.0
322.0
331.0
340.0
334.0
364.0
363.0
360.0
371.0
357.0
315.0
323.0
304.0
305.0
279.0
244.0
241.0
235.0
233.0
231.0
257.0
288.0
252.0
277.0
286.0
281.0
291.0
290.0
288.0
280.0
222.0
231.0
232.0
206.0
218.0
214.0
212.0
209.0
206.0
228.0
231.0
232.0
250.0
242.0
256.0
251.0
238.0
260.0
257.0
253.0
236.0
210.0
200.0
189.0
213.0
221.0
220.0
197.0
218.0
229.0
225.0
249.0
247.0
254.0
258.0
246.0
257.0
242.0
236.0
260.0
260.0
261.0
277.0
271.0
291.0
290.0
317.0
329.0
334.0
315.0
313.0
305.0
332.0
338.0
336.0
332.0
309.0
296.0
339.0
307.0
327.0
313.0
334.0
359.0
347.0
357.0
366.0
347.0
376.0
371.0
352.0
388.0
348.0
336.0
343.0
329.0
347.0
362.0
374.0
363.0
383.0
360.0
360.0
342.0
346.0
346.0
350.0
376.0
381.0
382.0
372.0
403.0
396.0
395.0
379.0
370.0
345.0
345.0
336.0
296.0
333.0
367.0
374.0
363.0
373.0
402.0
388.0
382.0
376.0
365.0
336.0
361.0
350.0
351.0
357.0
331.0
341.0
332.0
335.0
351.0
335.0
365.0
362.0
360.0
345.0
351.0
323.0
315.0
306.0
344.0
341.0
316.0
351.0
346.0
334.0
334.0
310.0
310.0
319.0
301.0
331.0
326.0
336.0
307.0
268.0
267.0
266.0
262.0
273.0
265.0
265.0
238.0
258.0
268.0
284.0
263.0
289.0
291.0
296.0
307.0
275.0
272.0
281.0
279.0
285.0
304.0
279.0
305.0
285.0
256.0
256.0
246.0
241.0
271.0
267.0
277.0
253.0
246.0
252.0
225.0
237.0
218.0
203.0
227.0
225.0
229.0
226.0
218.0
222.0
199.0
197.0
188.0
182.0
173.0
197.0
181.0
185.0
180.0
186.0
194.0
188.0
175.0
188.0
181.0
182.0
176.0
187.0
189.0
185.0
145.0
182.0
181.0
192.0
172.0
152.0
144.0
127.0
126.0
107.0
119.0
133.0
133.0
144.0
168.0
155.0
127.0
110.0
114.0
118.0
127.0
126.0
121.0
103.0
108.0
133.0
106.0
154.0
136.0
135.0
143.0
148.0
182.0
197.0
186.0
216.0
234.0
237.0
320.0
305.0
321.0
329.0
316.0
320.0
287.0
283.0
274.0
250.0
258.0
233.0
204.0
194.0
180.0
173.0
168.0
145.0
103.0
73.0
53.0
74.0
64.0
41.0
20.0
-13.0
-41.0
-22.0
-42.0
-49.0
-49.0
-91.0
-91.0
-114.0
-105.0
-97.0
-126.0
-125.0
-112.0
-129.0
-109.0
-104.0
-107.0
-83.0
-93.0
-101.0
-62.0
-31.0
-5.0
50.0
91.0
81.0
56.0
43.0
34.0
42.0
46.0
37.0
31.0
23.0
7.0
-2.0
-13.0
-32.0
-37.0
-60.0
-62.0
-72.0
-72.0
-59.0
-51.0
-71.0
-79.0
-72.0
-77.0
-59.0
-71.0
-44.0
-45.0
-61.0
-74.0
-73.0
-82.0
-92.0
-133.0
-128.0
-124.0
-107.0
-96.0
-101.0
-81.0
-77.0
-118.0
-126.0
-145.0
-172.0
-187.0
-205.0
-176.0
-184.0
-179.0
-166.0
-153.0
-136.0
-121.0
-124.0
-135.0
-128.0
-165.0
-185.0
-222.0
-240.0
-251.0
-281.0
-253.0
-234.0
-234.0
-176.0
-145.0
-125.0
-105.0
-108.0
-117.0
-138.0
-158.0
-161.0
-226.0
-247.0
-289.0
-310.0
-307.0
-330.0
-318.0
-294.0
-313.0
-309.0
-314.0
-361.0
-362.0
-360.0
-381.0
-351.0
-406.0
-419.0
-406.0
-445.0
-445.0
-443.0
-445.0
-437.0
-427.0
-409.0
-407.0
-392.0
-380.0
-370.0
-380.0
-393.0
-418.0
-421.0
-421.0
-434.0
-422.0
-402.0
-405.0
-381.0
-386.0
-397.0
-398.0
-417.0
-412.0
-371.0
-386.0
-357.0
-364.0
-336.0
-335.0
-344.0
-323.0
-276.0
-288.0
-286.0
-296.0
-310.0
-330.0
-351.0
-325.0
-334.0
-333.0
-326.0
-348.0
-347.0
-336.0
-325.0
-306.0
-294.0
-302.0
-271.0
-279.0
-241.0
-233.0
-256.0
-266.0
-268.0
-288.0
-285.0
-286.0
-304.0
-286.0
-291.0
-282.0
-291.0
-301.0
-295.0
-297.0
-291.0
-284.0
-277.0
-266.0
-290.0
-276.0
-251.0
-254.0
-264.0
-234.0
-260.0
-234.0
-221.0
-221.0
-201.0
-201.0
-172.0
-186.0
-181.0
-180.0
-199.0
-211.0
-211.0
-219.0
-222.0
-197.0
-203.0
-179.0
-188.0
-173.0
-164.0
-165.0
-197.0
-149.0
-161.0
-136.0
-141.0
-153.0
-125.0
-142.0
-106.0
-82.0
-95.0
-79.0
-69.0
-87.0
-72.0
-72.0
-65.0
-44.0
-67.0
-55.0
-26.0
-34.0
-24.0
-13.0
-21.0
-10.0
-3.0
-5.0
9.0
1.0
5.0
8.0
23.0
17.0
14.0
12.0
-3.0
13.0
33.0
48.0
54.0
65.0
63.0
98.0
121.0
109.0
156.0
197.0
249.0
297.0
319.0
379.0
398.0
375.0
368.0
345.0
332.0
306.0
262.0
267.0
255.0
225.0
216.0
191.0
181.0
185.0
179.0
211.0
233.0
213.0
215.0
185.0
188.0
205.0
196.0
228.0
214.0
174.0
211.0
201.0
195.0
208.0
188.0
229.0
207.0
217.0
217.0
215.0
211.0
205.0
182.0
168.0
171.0
177.0
184.0
167.0
159.0
199.0
178.0
196.0
238.0
218.0
250.0
232.0
225.0
239.0
197.0
185.0
214.0
197.0
215.0
203.0
192.0
193.0
188.0
221.0
190.0
183.0
179.0
151.0
144.0
161.0
160.0
148.0
184.0
176.0
177.0
185.0
174.0
157.0
149.0
120.0
133.0
118.0
115.0
116.0
129.0
136.0
97.0
142.0
131.0
119.0
131.0
114.0
108.0
128.0
103.0
118.0
106.0
98.0
107.0
102.0
116.0
137.0
163.0
141.0
131.0
113.0
136.0
153.0
131.0
147.0
113.0
143.0
139.0
128.0
131.0
120.0
114.0
116.0
121.0
127.0
140.0
131.0
143.0
146.0
151.0
155.0
156.0
163.0
149.0
129.0
128.0
98.0
78.0
90.0
59.0
63.0
84.0
82.0
76.0
69.0
61.0
89.0
72.0
95.0
88.0
71.0
79.0
50.0
61.0
74.0
68.0
61.0
67.0
51.0
46.0
46.0
78.0
88.0
82.0
60.0
43.0
8.0
24.0
32.0
35.0
61.0
31.0
17.0
28.0
13.0
24.0
21.0
12.0
27.0
27.0
28.0
40.0
47.0
61.0
64.0
72.0
86.0
69.0
49.0
34.0
-13.0
-7.0
-17.0
-15.0
-13.0
-18.0
-18.0
18.0
8.0
15.0
-21.0
-36.0
-21.0
-8.0
-8.0
-27.0
-16.0
-12.0
-6.0
7.0
2.0
-7.0
-26.0
-8.0
-39.0
-39.0
-59.0
-50.0
-21.0
-33.0
-42.0
-74.0
-83.0
-95.0
-99.0
-96.0
-99.0
-98.0
-112.0
-67.0
-95.0
-112.0
-121.0
-106.0
-91.0
-138.0
-143.0
-155.0
-126.0
-121.0
-126.0
-134.0
-115.0
-136.0
-147.0
-150.0
-163.0
-152.0
-169.0
-190.0
-185.0
-195.0
-181.0
-183.0
-194.0
-169.0
-176.0
-188.0
-179.0
-186.0
-180.0
-182.0
-188.0
-179.0
-171.0
-161.0
-149.0
-175.0
-209.0
-211.0
-197.0
-193.0
-187.0
-176.0
-166.0
-175.0
-180.0
-176.0
-208.0
-202.0
-199.0
-205.0
-181.0
-201.0
-173.0
-184.0
-205.0
-183.0
-197.0
-192.0
-199.0
-231.0
-216.0
-208.0
-206.0
-216.0
-203.0
-219.0
-227.0
-225.0
-237.0
-230.0
-230.0
-230.0
-234.0
-231.0
-207.0
-228.0
-226.0
-227.0
-230.0
-215.0
-224.0
-241.0
-234.0
-262.0
-264.0
-274.0
-298.0
-261.0
-265.0
-259.0
-257.0
-215.0
-211.0
-213.0
-218.0
-212.0
-246.0
-267.0
-267.0
-276.0
-237.0
-234.0
-232.0
-223.0
-182.0
-197.0
-180.0
-212.0
-224.0
-240.0
-249.0
-250.0
-233.0
-239.0
-240.0
-262.0
-248.0
-233.0
-231.0
-209.0
-225.0
-213.0
-142.0
-150.0
-157.0
-200.0
-206.0
-183.0
-189.0
-216.0
-221.0
-196.0
-168.0
-167.0
-171.0
-140.0
-156.0
-167.0
-167.0
-213.0
-192.0
-199.0
-196.0
-171.0
-154.0
-167.0
-147.0
-159.0
-162.0
-135.0
-139.0
-131.0
-152.0
-159.0
-152.0
-185.0
-180.0
-199.0
-193.0
-193.0
-209.0
-206.0
-214.0
-231.0
-200.0
-213.0
-226.0
-207.0
-218.0
-220.0
-234.0
-231.0
-205.0
-190.0
-208.0
-214.0
-225.0
-235.0
-262.0
-303.0
-289.0
-261.0
-272.0
-263.0
-268.0
-263.0
-247.0
-246.0
-222.0
-205.0
-252.0
-260.0
-258.0
-262.0
-247.0
-260.0
-231.0
-223.0
-240.0
-258.0
-277.0
-286.0
-286.0
-308.0
-288.0
-282.0
-268.0
-224.0
-235.0
-231.0
-225.0
-239.0
-225.0
-212.0
-235.0
-233.0
-232.0
-211.0
-214.0
-209.0
-195.0
-202.0
-214.0
-193.0
-185.0
-193.0
-180.0
-195.0
-156.0
-146.0
-186.0
-176.0
-188.0
-183.0
-178.0
-172.0
-135.0
-138.0
-164.0
-132.0
-113.0
-128.0
-161.0
-174.0
-159.0
-171.0
-184.0
-172.0
-195.0
-215.0
-216.0
-215.0
-196.0
-187.0
-173.0
-158.0
-134.0
-140.0
-129.0
-115.0
-91.0
-96.0
-100.0
-98.0
-123.0
-145.0
-136.0
-150.0
-159.0
-140.0
-121.0
-109.0
-102.0
-115.0
-108.0
-137.0
-145.0
-138.0
-133.0
-138.0
-124.0
-126.0
-143.0
-166.0
-170.0
-171.0
-183.0
-157.0
-145.0
-114.0
-89.0
-87.0
-101.0
-123.0
-158.0
-147.0
-150.0
-140.0
-125.0
-133.0
-140.0
-164.0
-178.0
-165.0
-157.0
-150.0
-143.0
-145.0
-130.0
-126.0
-96.0
-54.0
-69.0
-90.0
-80.0
-109.0
-115.0
-122.0
-150.0
-89.0
-79.0
-64.0
-73.0
-91.0
-82.0
-64.0
-71.0
-66.0
-81.0
-102.0
-67.0
-78.0
-86.0
-93.0
-107.0
-84.0
-82.0
-95.0
-93.0
-93.0
-96.0
-82.0
-85.0
-70.0
-73.0
-69.0
-68.0
-83.0
-104.0
-102.0
-128.0
-131.0
-128.0
-117.0
-88.0
-92.0
-91.0
-108.0
-108.0
-103.0
-91.0
-86.0
-86.0
-91.0
-121.0
-129.0
-123.0
-90.0
-88.0
-99.0
-103.0
-118.0
-83.0
-73.0
-93.0
-68.0
-96.0
-96.0
-79.0
-78.0
-52.0
-51.0
-69.0
-52.0
-71.0
-77.0
-77.0
-79.0
-89.0
-76.0
-73.0
-55.0
-55.0
-49.0
-54.0
-72.0
-74.0
-74.0
-77.0
-63.0
-80.0
-82.0
-88.0
-87.0
-59.0
-41.0
-21.0
-1.0
-1.0
2.0
1.0
4.0
37.0
72.0
78.0
135.0
115.0
77.0
120.0
79.0
86.0
126.0
136.0
161.0
164.0
178.0
204.0
211.0
257.0
284.0
266.0
275.0
268.0
300.0
348.0
365.0
409.0
418.0
425.0
463.0
455.0
498.0
495.0
498.0
540.0
512.0
515.0
495.0
533.0
530.0
531.0
502.0
521.0
527.0
518.0
513.0
564.0
558.0
564.0
563.0
564.0
561.0
557.0
555.0
558.0
559.0
563.0
558.0
561.0
540.0
567.0
560.0
558.0
554.0
560.0
544.0
529.0
568.0
561.0
564.0
561.0
562.0
562.0
560.0
562.0
561.0
555.0
547.0
543.0
550.0
563.0
561.0
560.0
552.0
541.0
562.0
557.0
554.0
545.0
561.0
561.0
562.0
560.0
558.0
555.0
563.0
562.0
558.0
551.0
563.0
559.0
560.0
553.0
564.0
561.0
545.0
524.0
521.0
511.0
542.0
520.0
542.0
558.0
563.0
562.0
562.0
536.0
562.0
524.0
516.0
520.0
475.0
495.0
489.0
469.0
442.0
438.0
428.0
457.0
427.0
445.0
435.0
419.0
436.0
444.0
407.0
416.0
380.0
401.0
411.0
430.0
427.0
413.0
394.0
390.0
384.0
393.0
340.0
332.0
323.0
318.0
307.0
298.0
275.0
271.0
285.0
260.0
246.0
244.0
261.0
283.0
257.0
257.0
245.0
243.0
251.0
238.0
219.0
199.0
200.0
232.0
218.0
214.0
213.0
193.0
187.0
150.0
112.0
124.0
120.0
117.0
148.0
121.0
113.0
161.0
121.0
107.0
72.0
34.0
20.0
1.0
10.0
33.0
17.0
-3.0
-26.0
-68.0
-96.0
-124.0
-70.0
-51.0
-45.0
-28.0
-62.0
-99.0
-124.0
-144.0
-166.0
-149.0
-156.0
-164.0
-191.0
-233.0
-213.0
-244.0
-246.0
-208.0
-223.0
-202.0
-189.0
-221.0
-240.0
-272.0
-296.0
-317.0
-328.0
-314.0
-312.0
-319.0
-261.0
-250.0
-252.0
-285.0
-349.0
-364.0
-366.0
-382.0
-362.0
-374.0
-358.0
-362.0
-346.0
-332.0
-328.0
-341.0
-357.0
-366.0
-395.0
-411.0
-436.0
-446.0
-438.0
-463.0
-472.0
-472.0
-455.0
-456.0
-466.0
-461.0
-446.0
-435.0
-414.0
-454.0
-475.0
-484.0
-480.0
-468.0
-462.0
-467.0
-459.0
-457.0
-466.0
-446.0
-455.0
-442.0
-457.0
-448.0
-460.0
-463.0
-457.0
-468.0
-484.0
-480.0
-465.0
-489.0
-484.0
-491.0
-489.0
-496.0
-492.0
-482.0
-479.0
-499.0
-473.0
-493.0
-492.0
-466.0
-479.0
-458.0
-448.0
-434.0
-437.0
-450.0
-454.0
-439.0
-465.0
-450.0
-476.0
-478.0
-472.0
-465.0
-477.0
-458.0
-460.0
-465.0
-445.0
-465.0
-454.0
-486.0
-481.0
-480.0
-483.0
-460.0
-473.0
-476.0
-439.0
-456.0
-464.0
-452.0
-436.0
-411.0
-436.0
-443.0
-441.0
-445.0
-466.0
-470.0
-503.0
-491.0
-479.0
-472.0
-455.0
-463.0
-450.0
-434.0
-436.0
-439.0
-451.0
-454.0
-459.0
-498.0
-478.0
-448.0
-458.0
-450.0
-469.0
-456.0
-462.0
-465.0
-459.0
-439.0
-442.0
-444.0
-420.0
-442.0
-451.0
-473.0
-483.0
-457.0
-438.0
-441.0
-463.0
-460.0
-450.0
-423.0
-423.0
-411.0
-407.0
-378.0
-403.0
-427.0
-412.0
-391.0
-386.0
-364.0
-357.0
-346.0
-351.0
-344.0
-356.0
-399.0
-402.0
-392.0
-414.0
-432.0
-439.0
-457.0
-461.0
-480.0
-494.0
-489.0
-507.0
-464.0
-466.0
-480.0
-488.0
-498.0
-494.0
-498.0
-507.0
-507.0
-478.0
-506.0
-479.0
-474.0
-479.0
-464.0
-484.0
-458.0
-464.0
-471.0
-455.0
-474.0
-480.0
-452.0
-468.0
-457.0
-456.0
-464.0
-464.0
-479.0
-465.0
-471.0
-474.0
-451.0
-433.0
-445.0
-457.0
-480.0
-479.0
-493.0
-499.0
-465.0
-478.0
-484.0
-466.0
-467.0
-451.0
-432.0
-428.0
-418.0
-417.0
-429.0
-440.0
-463.0
-452.0
-442.0
-461.0
-450.0
-442.0
-451.0
-421.0
-445.0
-404.0
-419.0
-423.0
-429.0
-430.0
-441.0
-458.0
-439.0
-448.0
-441.0
-457.0
-441.0
-444.0
-433.0
-439.0
-429.0
-420.0
-398.0
-419.0
-394.0
-401.0
-388.0
-405.0
-426.0
-416.0
-412.0
-401.0
-381.0
-382.0
-412.0
-399.0
-395.0
-392.0
-378.0
-401.0
-390.0
-408.0
-409.0
-401.0
-430.0
-419.0
-413.0
-420.0
-426.0
-414.0
-412.0
-397.0
-406.0
-411.0
-416.0
-419.0
-382.0
-381.0
-366.0
-373.0
-393.0
-384.0
-383.0
-391.0
-384.0
-373.0
-398.0
-398.0
-418.0
-421.0
-404.0
-412.0
-390.0
-408.0
-413.0
-406.0
-392.0
-360.0
-368.0
-375.0
-382.0
-383.0
-374.0
-375.0
-378.0
-381.0
-376.0
-354.0
-337.0
-341.0
-358.0
-369.0
-391.0
-394.0
-381.0
-392.0
-389.0
-400.0
-375.0
-360.0
-362.0
-365.0
-358.0
-360.0
-356.0
-354.0
-350.0
-343.0
-324.0
-315.0
-296.0
-315.0
-305.0
-311.0
-323.0
-347.0
-369.0
-365.0
-370.0
-377.0
-351.0
-376.0
-388.0
-370.0
-369.0
-363.0
-357.0
-368.0
-367.0
-389.0
-369.0
-350.0
-330.0
-309.0
-320.0
-326.0
-292.0
-284.0
-305.0
-293.0
-342.0
-329.0
-321.0
-317.0
-297.0
-301.0
-312.0
-315.0
-303.0
-297.0
-272.0
-274.0
-280.0
-263.0
-264.0
-248.0
-262.0
-253.0
-230.0
-243.0
-229.0
-223.0
-196.0
-174.0
-194.0
-200.0
-193.0
-218.0
-202.0
-234.0
-195.0
-194.0
-229.0
-221.0
-209.0
-216.0
-178.0
-159.0
-166.0
-162.0
-162.0
-183.0
-148.0
-165.0
-141.0
-107.0
-90.0
-91.0
-98.0
-99.0
-73.0
-90.0
-83.0
-108.0
-114.0
-97.0
-89.0
-89.0
-79.0
-88.0
-77.0
-72.0
-91.0
-87.0
-89.0
-87.0
-62.0
-73.0
-60.0
-91.0
-113.0
-66.0
-54.0
-25.0
-26.0
-60.0
-52.0
-54.0
-69.0
-19.0
-40.0
-41.0
-30.0
-46.0
-7.0
-7.0
-24.0
-13.0
-36.0
-29.0
-29.0
-34.0
4.0
-7.0
18.0
30.0
1.0
4.0
4.0
2.0
34.0
69.0
56.0
71.0
41.0
42.0
66.0
40.0
76.0
67.0
65.0
53.0
37.0
24.0
31.0
45.0
44.0
71.0
63.0
55.0
32.0
29.0
48.0
55.0
50.0
80.0
87.0
126.0
114.0
94.0
85.0
24.0
37.0
24.0
53.0
102.0
95.0
93.0
77.0
70.0
68.0
87.0
85.0
96.0
87.0
86.0
95.0
88.0
63.0
72.0
80.0
97.0
101.0
134.0
158.0
134.0
196.0
189.0
174.0
163.0
126.0
95.0
108.0
106.0
105.0
88.0
106.0
120.0
146.0
178.0
225.0
224.0
229.0
229.0
233.0
231.0
235.0
221.0
225.0
241.0
277.0
292.0
300.0
359.0
398.0
420.0
419.0
411.0
429.0
392.0
419.0
454.0
460.0
473.0
474.0
452.0
456.0
479.0
498.0
513.0
525.0
512.0
567.0
539.0
529.0
512.0
507.0
547.0
516.0
532.0
541.0
531.0
568.0
553.0
548.0
541.0
535.0
554.0
557.0
562.0
568.0
565.0
564.0
555.0
535.0
539.0
536.0
530.0
544.0
551.0
564.0
561.0
547.0
561.0
566.0
565.0
567.0
567.0
559.0
541.0
565.0
563.0
558.0
563.0
557.0
543.0
525.0
548.0
564.0
564.0
565.0
564.0
565.0
565.0
565.0
564.0
564.0
564.0
565.0
556.0
567.0
524.0
517.0
551.0
561.0
563.0
564.0
565.0
565.0
567.0
564.0
550.0
539.0
557.0
526.0
545.0
555.0
550.0
543.0
553.0
555.0
563.0
561.0
553.0
563.0
552.0
558.0
557.0
536.0
557.0
543.0
532.0
563.0
556.0
559.0
559.0
546.0
549.0
563.0
558.0
561.0
553.0
541.0
533.0
505.0
495.0
506.0
512.0
519.0
497.0
458.0
498.0
508.0
527.0
545.0
549.0
549.0
523.0
494.0
518.0
472.0
473.0
468.0
442.0
435.0
424.0
396.0
450.0
423.0
428.0
447.0
446.0
492.0
488.0
510.0
526.0
498.0
518.0
522.0
487.0
499.0
518.0
482.0
450.0
484.0
470.0
469.0
454.0
469.0
472.0
432.0
417.0
383.0
414.0
381.0
367.0
324.0
289.0
267.0
267.0
241.0
256.0
289.0
290.0
318.0
316.0
310.0
326.0
275.0
278.0
243.0
239.0
240.0
221.0
218.0
233.0
201.0
216.0
199.0
181.0
203.0
222.0
194.0
210.0
190.0
186.0
166.0
148.0
136.0
131.0
125.0
120.0
112.0
133.0
137.0
126.0
124.0
99.0
66.0
53.0
40.0
27.0
-14.0
-28.0
-62.0
-96.0
-96.0
-79.0
-110.0
-111.0
-136.0
-184.0
-133.0
-146.0
-165.0
-187.0
-200.0
-195.0
-211.0
-199.0
-211.0
-257.0
-278.0
-287.0
-308.0
-298.0
-287.0
-351.0
-383.0
-442.0
-437.0
-425.0
-443.0
-447.0
-418.0
-449.0
-445.0
-482.0
-488.0
-480.0
-479.0
-459.0
-435.0
-450.0
-447.0
-454.0
-465.0
-465.0
-484.0
-466.0
-466.0
-481.0
-457.0
-462.0
-478.0
-478.0
-475.0
-477.0
-491.0
-491.0
-485.0
-452.0
-484.0
-465.0
-491.0
-488.0
-492.0
-480.0
-488.0
-454.0
-459.0
-447.0
-470.0
-487.0
-484.0
-492.0
-465.0
-490.0
-491.0
-468.0
-479.0
-483.0
-459.0
-477.0
-483.0
-491.0
-478.0
-485.0
-483.0
-492.0
-504.0
-503.0
-488.0
-505.0
-495.0
-476.0
-491.0
-492.0
-494.0
-501.0
-464.0
-467.0
-485.0
-493.0
-498.0
-466.0
-473.0
-488.0
-477.0
-491.0
-494.0
-488.0
-496.0
-489.0
-481.0
-486.0
-479.0
-477.0
-479.0
-472.0
-457.0
-442.0
-462.0
-473.0
-480.0
-498.0
-485.0
-461.0
-482.0
-437.0
-459.0
-465.0
-457.0
-492.0
-501.0
-491.0
-473.0
-460.0
-473.0
-473.0
-449.0
-457.0
-451.0
-437.0
-456.0
-447.0
-430.0
-451.0
-441.0
-457.0
-466.0
-462.0
-487.0
-488.0
-468.0
-480.0
-446.0
-464.0
-467.0
-475.0
-470.0
-476.0
-468.0
-475.0
-445.0
-466.0
-484.0
-479.0
-482.0
-485.0
-475.0
-468.0
-472.0
-477.0
-481.0
-472.0
-463.0
-454.0
-480.0
-491.0
-487.0
-503.0
-496.0
-482.0
-494.0
-458.0
-450.0
-451.0
-421.0
-432.0
-451.0
-463.0
-475.0
-449.0
-426.0
-431.0
-410.0
-403.0
-384.0
-393.0
-407.0
-436.0
-433.0
-422.0
-420.0
-451.0
-444.0
-459.0
-438.0
-433.0
-435.0
-446.0
-448.0
-425.0
-426.0
-418.0
-458.0
-440.0
-464.0
-463.0
-437.0
-441.0
-447.0
-454.0
-470.0
-465.0
-466.0
-463.0
-458.0
-462.0
-443.0
-421.0
-452.0
-458.0
-439.0
-458.0
-426.0
-446.0
-440.0
-444.0
-473.0
-472.0
-458.0
-476.0
-437.0
-429.0
-413.0
-388.0
-404.0
-405.0
-431.0
-432.0
-407.0
-422.0
-380.0
-380.0
-375.0
-369.0
-391.0
-389.0
-410.0
-432.0
-436.0
-429.0
-440.0
-408.0
-402.0
-429.0
-392.0
-401.0
-419.0
-381.0
-403.0
-372.0
-378.0
-383.0
-375.0
-408.0
-428.0
-384.0
-394.0
-387.0
-375.0
-382.0
-373.0
-407.0
-419.0
-413.0
-430.0
-420.0
-397.0
-392.0
-356.0
-356.0
-363.0
-361.0
-376.0
-373.0
-389.0
-389.0
-376.0
-378.0
-374.0
-374.0
-374.0
-343.0
-331.0
-339.0
-314.0
-310.0
-324.0
-307.0
-309.0
-313.0
-343.0
-342.0
-337.0
-340.0
-326.0
-326.0
-347.0
-352.0
-328.0
-347.0
-317.0
-324.0
-317.0
-298.0
-290.0
-255.0
-261.0
-298.0
-282.0
-300.0
-307.0
-297.0
-294.0
-281.0
-281.0
-300.0
-290.0
-320.0
-312.0
-289.0
-293.0
-252.0
-220.0
-248.0
-219.0
-227.0
-236.0
-215.0
-222.0
-226.0
-215.0
-230.0
-190.0
-225.0
-203.0
-179.0
-190.0
-177.0
-159.0
-172.0
-167.0
-158.0
-135.0
-137.0
-174.0
-195.0
-205.0
-220.0
-206.0
-226.0
-201.0
-160.0
-156.0
-138.0
-140.0
-149.0
-144.0
-152.0
-181.0
-153.0
-175.0
-152.0
-166.0
-192.0
-202.0
-213.0
-213.0
-213.0
-191.0
-161.0
-142.0
-146.0
-144.0
-145.0
-146.0
-143.0
-175.0
-149.0
-142.0
-90.0
-43.0
-57.0
-24.0
-45.0
-37.0
-24.0
12.0
23.0
49.0
83.0
106.0
134.0
124.0
138.0
119.0
121.0
154.0
139.0
118.0
97.0
59.0
58.0
51.0
62.0
47.0
38.0
63.0
79.0
46.0
52.0
32.0
41.0
56.0
36.0
18.0
6.0
-18.0
7.0
21.0
12.0
25.0
3.0
11.0
41.0
46.0
61.0
68.0
64.0
55.0
22.0
32.0
60.0
8.0
37.0
15.0
6.0
34.0
32.0
52.0
67.0
79.0
71.0
89.0
80.0
70.0
69.0
69.0
97.0
119.0
139.0
125.0
120.0
155.0
158.0
152.0
155.0
171.0
170.0
173.0
146.0
155.0
160.0
156.0
178.0
154.0
172.0
166.0
161.0
192.0
200.0
175.0
165.0
168.0
174.0
180.0
180.0
162.0
162.0
152.0
143.0
115.0
132.0
134.0
124.0
145.0
173.0
175.0
215.0
168.0
158.0
193.0
186.0
162.0
139.0
159.0
167.0
135.0
133.0
135.0
128.0
147.0
134.0
159.0
144.0
126.0
92.0
99.0
100.0
79.0
99.0
91.0
107.0
101.0
129.0
127.0
131.0
140.0
145.0
133.0
121.0
102.0
118.0
105.0
105.0
153.0
133.0
150.0
136.0
129.0
153.0
142.0
138.0
150.0
157.0
156.0
157.0
152.0
172.0
173.0
171.0
173.0
161.0
163.0
169.0
150.0
146.0
197.0
174.0
185.0
176.0
176.0
169.0
166.0
173.0
211.0
200.0
218.0
207.0
195.0
200.0
213.0
199.0
221.0
201.0
223.0
216.0
221.0
222.0
200.0
195.0
211.0
222.0
243.0
238.0
226.0
250.0
253.0
290.0
275.0
273.0
284.0
275.0
252.0
250.0
257.0
232.0
221.0
223.0
242.0
232.0
248.0
263.0
266.0
261.0
267.0
244.0
251.0
239.0
229.0
251.0
219.0
242.0
256.0
266.0
271.0
265.0
287.0
314.0
340.0
347.0
343.0
344.0
334.0
312.0
284.0
294.0
262.0
307.0
290.0
275.0
267.0
248.0
231.0
274.0
250.0
262.0
271.0
279.0
336.0
357.0
329.0
306.0
278.0
290.0
295.0
323.0
313.0
304.0
297.0
314.0
303.0
305.0
317.0
305.0
301.0
295.0
295.0
294.0
253.0
239.0
272.0
282.0
302.0
302.0
308.0
284.0
257.0
280.0
294.0
323.0
329.0
316.0
309.0
309.0
302.0
314.0
328.0
306.0
283.0
276.0
281.0
302.0
284.0
295.0
271.0
243.0
251.0
205.0
209.0
263.0
264.0
274.0
279.0
296.0
299.0
294.0
295.0
343.0
369.0
379.0
392.0
394.0
395.0
378.0
388.0
374.0
365.0
341.0
306.0
268.0
287.0
282.0
277.0
268.0
249.0
265.0
237.0
215.0
227.0
217.0
220.0
227.0
252.0
214.0
180.0
144.0
149.0
163.0
188.0
178.0
165.0
172.0
166.0
127.0
152.0
157.0
159.0
181.0
166.0
180.0
167.0
156.0
129.0
135.0
147.0
147.0
152.0
185.0
171.0
148.0
188.0
143.0
146.0
152.0
146.0
184.0
186.0
174.0
183.0
191.0
173.0
199.0
178.0
190.0
186.0
200.0
238.0
227.0
246.0
260.0
242.0
260.0
258.0
235.0
228.0
220.0
240.0
254.0
228.0
217.0
240.0
220.0
245.0
217.0
213.0
244.0
224.0
223.0
197.0
202.0
220.0
196.0
204.0
206.0
200.0
231.0
263.0
279.0
254.0
271.0
258.0
277.0
262.0
282.0
286.0
292.0
300.0
286.0
296.0
345.0
309.0
306.0
309.0
307.0
306.0
323.0
319.0
329.0
317.0
341.0
346.0
338.0
312.0
323.0
328.0
334.0
339.0
310.0
325.0
331.0
340.0
358.0
361.0
386.0
384.0
399.0
413.0
436.0
442.0
429.0
421.0
425.0
408.0
428.0
430.0
412.0
454.0
436.0
455.0
456.0
459.0
497.0
505.0
470.0
469.0
488.0
444.0
464.0
422.0
441.0
467.0
499.0
517.0
517.0
521.0
541.0
508.0
519.0
508.0
480.0
468.0
432.0
448.0
468.0
458.0
491.0
496.0
469.0
484.0
488.0
478.0
494.0
504.0
543.0
549.0
533.0
519.0
529.0
520.0
525.0
516.0
532.0
495.0
498.0
505.0
460.0
474.0
478.0
477.0
499.0
472.0
482.0
526.0
535.0
527.0
540.0
511.0
524.0
530.0
543.0
545.0
549.0
539.0
550.0
487.0
497.0
495.0
486.0
507.0
492.0
495.0
525.0
513.0
527.0
542.0
527.0
548.0
521.0
510.0
492.0
473.0
482.0
446.0
420.0
472.0
510.0
504.0
492.0
489.0
486.0
480.0
477.0
472.0
464.0
458.0
492.0
487.0
507.0
496.0
463.0
449.0
450.0
460.0
452.0
460.0
461.0
481.0
482.0
460.0
450.0
420.0
433.0
418.0
438.0
449.0
466.0
492.0
513.0
506.0
511.0
475.0
512.0
486.0
467.0
449.0
406.0
410.0
404.0
370.0
401.0
403.0
433.0
428.0
436.0
442.0
478.0
499.0
523.0
501.0
455.0
467.0
463.0
425.0
431.0
371.0
372.0
385.0
422.0
450.0
413.0
399.0
380.0
381.0
397.0
391.0
363.0
349.0
333.0
333.0
337.0
299.0
324.0
339.0
355.0
375.0
367.0
344.0
339.0
330.0
332.0
335.0
358.0
361.0
334.0
320.0
339.0
352.0
346.0
298.0
324.0
343.0
342.0
316.0
300.0
259.0
276.0
271.0
260.0
278.0
255.0
254.0
235.0
193.0
168.0
173.0
153.0
171.0
169.0
152.0
137.0
143.0
142.0
155.0
125.0
172.0
159.0
137.0
144.0
100.0
107.0
93.0
82.0
69.0
59.0
23.0
34.0
16.0
22.0
35.0
7.0
-6.0
-25.0
-24.0
-34.0
-34.0
-43.0
-52.0
-68.0
-70.0
-88.0
-110.0
-125.0
-143.0
-144.0
-160.0
-200.0
-195.0
-217.0
-234.0
-222.0
-232.0
-237.0
-219.0
-232.0
-246.0
-278.0
-281.0
-274.0
-293.0
-313.0
-304.0
-316.0
-351.0
-376.0
-381.0
-392.0
-375.0
-353.0
-365.0
-396.0
-402.0
-414.0
-411.0
-428.0
-460.0
-454.0
-454.0
-439.0
-438.0
-443.0
-418.0
-397.0
-412.0
-409.0
-415.0
-427.0
-446.0
-468.0
-436.0
-449.0
-476.0
-483.0
-478.0
-503.0
-493.0
-483.0
-449.0
-455.0
-469.0
-468.0
-476.0
-474.0
-439.0
-459.0
-452.0
-444.0
-443.0
-446.0
-467.0
-482.0
-450.0
-458.0
-461.0
-455.0
-474.0
-455.0
-479.0
-474.0
-450.0
-455.0
-438.0
-450.0
-462.0
-437.0
-463.0
-467.0
-452.0
-469.0
-478.0
-477.0
-492.0
-483.0
-457.0
-460.0
-454.0
-462.0
-461.0
-467.0
-479.0
-483.0
-465.0
-459.0
-452.0
-481.0
-471.0
-466.0
-489.0
-492.0
-491.0
-472.0
-433.0
-453.0
-429.0
-440.0
-446.0
-458.0
-463.0
-476.0
-440.0
-462.0
-450.0
-454.0
-464.0
-450.0
-459.0
-439.0
-423.0
-436.0
-427.0
-448.0
-469.0
-468.0
-459.0
-448.0
-450.0
-463.0
-460.0
-452.0
-445.0
-429.0
-391.0
-415.0
-406.0
-423.0
-412.0
-402.0
-428.0
-449.0
-451.0
-457.0
-416.0
-428.0
-431.0
-429.0
-454.0
-408.0
-408.0
-412.0
-393.0
-400.0
-389.0
-369.0
-381.0
-385.0
-400.0
-421.0
-430.0
-418.0
-411.0
-384.0
-401.0
-391.0
-401.0
-403.0
-384.0
-391.0
-384.0
-367.0
-354.0
-320.0
-313.0
-330.0
-378.0
-385.0
-392.0
-371.0
-373.0
-356.0
-354.0
-356.0
-375.0
-395.0
-398.0
-388.0
-393.0
-369.0
-379.0
-375.0
-365.0
-384.0
-416.0
-417.0
-436.0
-425.0
-428.0
-439.0
-399.0
-394.0
-409.0
-386.0
-365.0
-367.0
-340.0
-336.0
-320.0
-314.0
-342.0
-358.0
-352.0
-340.0
-362.0
-356.0
-325.0
-318.0
-304.0
-300.0
-301.0
-328.0
-349.0
-353.0
-356.0
-356.0
-347.0
-299.0
-316.0
-300.0
-310.0
-338.0
-371.0
-334.0
-302.0
-278.0
-288.0
-282.0
-320.0
-303.0
-286.0
-284.0
-283.0
-297.0
-305.0
-305.0
-298.0
-309.0
-303.0
-306.0
-301.0
-293.0
-284.0
-277.0
-286.0
-300.0
-307.0
-331.0
-318.0
-323.0
-359.0
-319.0
-315.0
-313.0
-278.0
-278.0
-294.0
-271.0
-306.0
-291.0
-284.0
-259.0
-247.0
-265.0
-267.0
-274.0
-259.0
-251.0
-247.0
-259.0
-247.0
-248.0
-246.0
-219.0
-232.0
-228.0
-229.0
-236.0
-216.0
-213.0
-224.0
-183.0
-212.0
-227.0
-226.0
-222.0
-237.0
-229.0
-215.0
-201.0
-198.0
-183.0
-197.0
-214.0
-204.0
-201.0
-187.0
-197.0
-205.0
-205.0
-212.0
-194.0
-181.0
-178.0
-175.0
-169.0
-176.0
-142.0
-142.0
-166.0
-141.0
-159.0
-164.0
-173.0
-205.0
-201.0
-235.0
-222.0
-218.0
-218.0
-213.0
-195.0
-180.0
-173.0
-154.0
-144.0
-134.0
-134.0
-108.0
-81.0
-67.0
-69.0
-88.0
-119.0
-86.0
-83.0
-47.0
-11.0
-36.0
-29.0
-17.0
-23.0
-27.0
-31.0
-56.0
-49.0
-67.0
-37.0
-26.0
-18.0
42.0
30.0
16.0
-5.0
-12.0
13.0
-15.0
-18.0
12.0
-40.0
-44.0
-33.0
-35.0
-10.0
0.0
-11.0
-18.0
-4.0
14.0
6.0
26.0
44.0
-1.0
-32.0
-14.0
-6.0
-7.0
3.0
18.0
43.0
55.0
39.0
48.0
47.0
72.0
62.0
26.0
47.0
49.0
43.0
40.0
70.0
80.0
61.0
40.0
64.0
77.0
55.0
54.0
81.0
63.0
71.0
51.0
61.0
50.0
59.0
90.0
82.0
92.0
119.0
122.0
154.0
183.0
170.0
230.0
240.0
288.0
341.0
336.0
346.0
351.0
315.0
319.0
286.0
280.0
253.0
252.0
229.0
207.0
180.0
181.0
175.0
187.0
197.0
159.0
176.0
168.0
160.0
147.0
157.0
139.0
107.0
100.0
134.0
132.0
115.0
108.0
108.0
114.0
124.0
124.0
142.0
150.0
149.0
165.0
141.0
148.0
140.0
131.0
140.0
111.0
115.0
130.0
136.0
159.0
163.0
156.0
182.0
174.0
174.0
186.0
170.0
196.0
173.0
167.0
168.0
140.0
146.0
155.0
148.0
151.0
147.0
140.0
139.0
138.0
129.0
138.0
138.0
178.0
139.0
169.0
163.0
186.0
198.0
228.0
228.0
241.0
230.0
171.0
180.0
150.0
157.0
165.0
163.0
185.0
188.0
183.0
177.0
178.0
170.0
186.0
156.0
163.0
204.0
208.0
201.0
189.0
192.0
201.0
214.0
199.0
195.0
193.0
197.0
185.0
197.0
203.0
188.0
168.0
163.0
155.0
181.0
190.0
171.0
190.0
199.0
184.0
187.0
184.0
211.0
226.0
187.0
188.0
169.0
159.0
155.0
127.0
157.0
118.0
117.0
136.0
128.0
129.0
136.0
142.0
157.0
138.0
131.0
149.0
148.0
154.0
149.0
144.0
160.0
159.0
166.0
165.0
125.0
155.0
160.0
167.0
160.0
153.0
150.0
153.0
135.0
147.0
156.0
120.0
124.0
114.0
105.0
99.0
72.0
120.0
117.0
116.0
137.0
120.0
110.0
140.0
106.0
132.0
115.0
137.0
120.0
120.0
139.0
157.0
157.0
139.0
143.0
124.0
153.0
136.0
142.0
165.0
164.0
142.0
158.0
144.0
133.0
142.0
129.0
142.0
129.0
130.0
139.0
109.0
139.0
133.0
147.0
159.0
144.0
163.0
177.0
190.0
195.0
186.0
177.0
208.0
184.0
170.0
177.0
171.0
173.0
172.0
171.0
202.0
192.0
201.0
203.0
187.0
218.0
217.0
208.0
228.0
230.0
219.0
199.0
199.0
199.0
183.0
188.0
240.0
214.0
228.0
243.0
265.0
247.0
227.0
200.0
218.0
228.0
227.0
199.0
202.0
218.0
215.0
233.0
235.0
219.0
225.0
218.0
227.0
237.0
189.0
178.0
173.0
168.0
199.0
219.0
200.0
181.0
151.0
147.0
161.0
150.0
148.0
156.0
153.0
194.0
192.0
178.0
148.0
123.0
129.0
120.0
99.0
114.0
103.0
129.0
159.0
175.0
161.0
187.0
168.0
206.0
176.0
168.0
156.0
121.0
125.0
119.0
143.0
146.0
134.0
116.0
144.0
133.0
152.0
147.0
148.0
134.0
157.0
168.0
202.0
198.0
191.0
185.0
173.0
174.0
144.0
150.0
162.0
139.0
160.0
187.0
204.0
222.0
214.0
212.0
214.0
206.0
235.0
236.0
229.0
230.0
192.0
176.0
173.0
162.0
164.0
144.0
168.0
205.0
208.0
194.0
184.0
195.0
215.0
232.0
206.0
228.0
211.0
211.0
197.0
192.0
210.0
210.0
208.0
193.0
203.0
211.0
206.0
224.0
248.0
249.0
236.0
253.0
247.0
260.0
289.0
262.0
279.0
263.0
218.0
205.0
175.0
162.0
181.0
149.0
199.0
204.0
249.0
276.0
253.0
266.0
256.0
217.0
243.0
239.0
204.0
231.0
215.0
194.0
180.0
159.0
155.0
144.0
180.0
202.0
204.0
196.0
206.0
213.0
233.0
279.0
244.0
286.0
243.0
224.0
209.0
201.0
206.0
195.0
192.0
193.0
197.0
202.0
220.0
213.0
219.0
233.0
219.0
249.0
224.0
227.0
225.0
205.0
205.0
199.0
195.0
217.0
214.0
214.0
224.0
232.0
210.0
185.0
145.0
157.0
152.0
146.0
159.0
157.0
173.0
160.0
137.0
157.0
199.0
220.0
231.0
191.0
217.0
206.0
193.0
213.0
180.0
163.0
140.0
115.0
123.0
119.0
128.0
148.0
166.0
176.0
193.0
184.0
199.0
176.0
171.0
177.0
190.0
185.0
183.0
145.0
129.0
162.0
159.0
172.0
164.0
148.0
142.0
124.0
115.0
119.0
120.0
124.0
99.0
107.0
115.0
76.0
78.0
73.0
130.0
150.0
164.0
147.0
155.0
144.0
163.0
168.0
142.0
149.0
148.0
156.0
187.0
172.0
185.0
202.0
192.0
195.0
204.0
215.0
220.0
214.0
191.0
204.0
176.0
201.0
181.0
177.0
173.0
148.0
143.0
155.0
140.0
166.0
144.0
169.0
196.0
200.0
195.0
199.0
204.0
211.0
199.0
166.0
169.0
169.0
153.0
138.0
144.0
142.0
136.0
160.0
191.0
181.0
198.0
217.0
203.0
258.0
238.0
213.0
232.0
197.0
205.0
239.0
232.0
241.0
228.0
230.0
244.0
237.0
233.0
231.0
259.0
267.0
262.0
223.0
219.0
172.0
210.0
224.0
209.0
209.0
206.0
224.0
248.0
234.0
252.0
249.0
233.0
245.0
216.0
217.0
241.0
260.0
282.0
315.0
290.0
308.0
260.0
251.0
253.0
217.0
199.0
187.0
178.0
173.0
173.0
207.0
198.0
182.0
200.0
206.0
202.0
222.0
209.0
213.0
212.0
176.0
197.0
188.0
166.0
196.0
196.0
191.0
198.0
164.0
144.0
159.0
153.0
168.0
166.0
152.0
142.0
116.0
110.0
108.0
98.0
151.0
139.0
167.0
174.0
159.0
163.0
162.0
142.0
186.0
185.0
177.0
178.0
167.0
174.0
167.0
153.0
198.0
188.0
195.0
208.0
204.0
214.0
225.0
208.0
239.0
210.0
211.0
208.0
194.0
197.0
182.0
161.0
144.0
125.0
163.0
174.0
144.0
181.0
165.0
169.0
162.0
162.0
172.0
176.0
158.0
180.0
191.0
194.0
198.0
193.0
196.0
229.0
201.0
195.0
171.0
118.0
169.0
156.0
155.0
178.0
194.0
203.0
205.0
195.0
212.0
190.0
171.0
183.0
166.0
192.0
209.0
204.0
230.0
244.0
252.0
264.0
248.0
238.0
215.0
197.0
209.0
213.0
212.0
227.0
238.0
232.0
229.0
233.0
233.0
196.0
194.0
192.0
177.0
197.0
228.0
229.0
239.0
250.0
276.0
308.0
282.0
252.0
222.0
204.0
218.0
216.0
223.0
232.0
211.0
197.0
174.0
172.0
180.0
174.0
163.0
170.0
169.0
171.0
195.0
185.0
169.0
176.0
188.0
222.0
212.0
220.0
228.0
210.0
203.0
188.0
199.0
201.0
204.0
204.0
208.0
202.0
220.0
188.0
195.0
198.0
187.0
169.0
167.0
126.0
148.0
135.0
148.0
151.0
129.0
149.0
173.0
168.0
181.0
158.0
130.0
145.0
124.0
113.0
96.0
79.0
100.0
92.0
87.0
90.0
70.0
86.0
98.0
108.0
147.0
134.0
118.0
91.0
73.0
88.0
103.0
96.0
101.0
116.0
136.0
139.0
136.0
148.0
154.0
148.0
163.0
155.0
171.0
175.0
168.0
173.0
174.0
176.0
169.0
165.0
148.0
152.0
138.0
126.0
145.0
107.0
102.0
89.0
83.0
89.0
96.0
97.0
92.0
58.0
76.0
65.0
72.0
70.0
79.0
93.0
96.0
127.0
130.0
114.0
139.0
144.0
147.0
166.0
159.0
144.0
161.0
140.0
142.0
176.0
158.0
153.0
162.0
168.0
176.0
135.0
148.0
154.0
150.0
131.0
107.0
74.0
111.0
98.0
122.0
137.0
118.0
150.0
155.0
157.0
180.0
170.0
174.0
165.0
143.0
135.0
131.0
133.0
191.0
183.0
168.0
150.0
140.0
121.0
133.0
138.0
174.0
139.0
139.0
130.0
122.0
148.0
111.0
107.0
124.0
91.0
90.0
113.0
109.0
118.0
111.0
102.0
112.0
132.0
133.0
143.0
116.0
120.0
117.0
106.0
104.0
85.0
106.0
114.0
132.0
133.0
145.0
167.0
169.0
144.0
135.0
130.0
128.0
130.0
139.0
108.0
105.0
79.0
80.0
70.0
64.0
84.0
103.0
102.0
134.0
145.0
126.0
99.0
76.0
79.0
75.0
69.0
81.0
48.0
33.0
16.0
3.0
56.0
58.0
68.0
82.0
76.0
92.0
75.0
65.0
62.0
76.0
103.0
106.0
82.0
76.0
74.0
66.0
83.0
125.0
133.0
158.0
146.0
158.0
152.0
111.0
115.0
89.0
82.0
105.0
94.0
80.0
87.0
69.0
48.0
69.0
64.0
108.0
131.0
164.0
194.0
178.0
189.0
162.0
139.0
139.0
106.0
111.0
99.0
68.0
92.0
89.0
70.0
48.0
12.0
21.0
41.0
25.0
34.0
26.0
-11.0
1.0
-7.0
-13.0
3.0
8.0
33.0
32.0
68.0
92.0
101.0
105.0
80.0
57.0
48.0
39.0
52.0
76.0
47.0
60.0
87.0
84.0
108.0
113.0
124.0
165.0
140.0
144.0
131.0
113.0
128.0
147.0
121.0
157.0
151.0
128.0
114.0
117.0
121.0
131.0
127.0
124.0
117.0
142.0
168.0
168.0
163.0
115.0
76.0
79.0
84.0
90.0
95.0
85.0
114.0
134.0
98.0
138.0
135.0
129.0
112.0
87.0
106.0
101.0
129.0
129.0
108.0
118.0
115.0
111.0
106.0
99.0
120.0
113.0
97.0
91.0
72.0
67.0
72.0
84.0
103.0
101.0
96.0
86.0
90.0
83.0
72.0
70.0
62.0
77.0
73.0
68.0
83.0
75.0
77.0
81.0
54.0
93.0
55.0
58.0
52.0
33.0
53.0
76.0
60.0
88.0
76.0
77.0
78.0
99.0
106.0
84.0
87.0
96.0
87.0
110.0
72.0
37.0
39.0
64.0
36.0
45.0
41.0
42.0
67.0
90.0
115.0
102.0
110.0
122.0
122.0
132.0
136.0
137.0
125.0
121.0
112.0
129.0
116.0
139.0
159.0
127.0
128.0
150.0
148.0
142.0
140.0
140.0
142.0
115.0
130.0
141.0
89.0
112.0
94.0
103.0
104.0
85.0
99.0
100.0
114.0
119.0
104.0
112.0
103.0
139.0
135.0
117.0
126.0
112.0
81.0
76.0
105.0
96.0
103.0
103.0
108.0
106.0
70.0
97.0
89.0
95.0
93.0
108.0
118.0
111.0
91.0
92.0
117.0
110.0
124.0
118.0
101.0
122.0
97.0
93.0
113.0
101.0
123.0
112.0
146.0
166.0
152.0
122.0
159.0
163.0
179.0
178.0
180.0
193.0
169.0
146.0
142.0
128.0
126.0
169.0
152.0
176.0
178.0
196.0
190.0
162.0
199.0
173.0
178.0
198.0
172.0
151.0
125.0
105.0
136.0
172.0
203.0
238.0
197.0
133.0
112.0
95.0
145.0
157.0
130.0
147.0
161.0
150.0
156.0
129.0
110.0
96.0
101.0
118.0
112.0
121.0
100.0
67.0
84.0
86.0
90.0
101.0
87.0
92.0
107.0
102.0
115.0
135.0
142.0
135.0
125.0
99.0
102.0
100.0
103.0
114.0
112.0
136.0
135.0
148.0
139.0
133.0
119.0
125.0
95.0
115.0
131.0
155.0
156.0
153.0
152.0
172.0
133.0
129.0
98.0
83.0
69.0
92.0
125.0
153.0
156.0
155.0
139.0
123.0
117.0
106.0
126.0
116.0
135.0
144.0
150.0
162.0
205.0
158.0
139.0
137.0
132.0
128.0
128.0
138.0
135.0
148.0
160.0
159.0
151.0
143.0
113.0
105.0
111.0
96.0
114.0
130.0
142.0
167.0
167.0
162.0
170.0
148.0
139.0
138.0
146.0
166.0
162.0
180.0
167.0
137.0
137.0
137.0
120.0
144.0
101.0
114.0
110.0
100.0
125.0
128.0
133.0
131.0
139.0
143.0
163.0
152.0
184.0
184.0
157.0
168.0
162.0
160.0
176.0
182.0
224.0
197.0
180.0
184.0
177.0
173.0
170.0
205.0
211.0
213.0
218.0
220.0
207.0
217.0
232.0
227.0
231.0
219.0
209.0
188.0
170.0
179.0
178.0
174.0
211.0
180.0
162.0
165.0
145.0
166.0
157.0
145.0
152.0
136.0
155.0
138.0
129.0
134.0
138.0
120.0
130.0
134.0
125.0
155.0
145.0
123.0
117.0
108.0
108.0
133.0
142.0
175.0
165.0
165.0
129.0
108.0
112.0
124.0
126.0
118.0
112.0
97.0
117.0
110.0
122.0
115.0
111.0
89.0
59.0
79.0
105.0
101.0
118.0
118.0
109.0
87.0
54.0
51.0
68.0
78.0
79.0
88.0
97.0
125.0
67.0
55.0
59.0
71.0
90.0
58.0
58.0
76.0
50.0
74.0
70.0
50.0
39.0
72.0
73.0
82.0
94.0
102.0
105.0
90.0
97.0
81.0
41.0
72.0
59.0
55.0
54.0
55.0
67.0
64.0
79.0
91.0
91.0
64.0
59.0
48.0
53.0
64.0
43.0
59.0
71.0
89.0
83.0
65.0
83.0
76.0
50.0
68.0
63.0
59.0
56.0
66.0
74.0
62.0
58.0
64.0
52.0
61.0
79.0
39.0
37.0
34.0
31.0
41.0
46.0
45.0
26.0
26.0
56.0
35.0
30.0
39.0
10.0
21.0
22.0
35.0
68.0
59.0
32.0
22.0
12.0
29.0
47.0
45.0
45.0
21.0
37.0
27.0
1.0
-21.0
-18.0
-4.0
6.0
39.0
31.0
46.0
34.0
27.0
35.0
25.0
25.0
3.0
16.0
32.0
35.0
57.0
51.0
26.0
17.0
26.0
16.0
5.0
31.0
21.0
34.0
40.0
31.0
22.0
22.0
29.0
21.0
80.0
74.0
64.0
62.0
41.0
20.0
14.0
16.0
12.0
49.0
41.0
48.0
43.0
15.0
2.0
-36.0
-16.0
2.0
-17.0
18.0
-17.0
-20.0
-16.0
-11.0
-1.0
14.0
17.0
36.0
34.0
21.0
76.0
49.0
53.0
51.0
48.0
36.0
10.0
29.0
36.0
4.0
22.0
27.0
17.0
43.0
25.0
20.0
32.0
22.0
6.0
36.0
8.0
25.0
17.0
5.0
-3.0
-16.0
-12.0
8.0
15.0
19.0
34.0
40.0
78.0
78.0
67.0
65.0
57.0
67.0
46.0
44.0
72.0
56.0
40.0
45.0
35.0
58.0
13.0
-2.0
18.0
20.0
27.0
24.0
-6.0
1.0
-27.0
-11.0
11.0
-1.0
-11.0
-4.0
-22.0
-11.0
-24.0
-39.0
-3.0
-31.0
-42.0
-44.0
-47.0
-36.0
-23.0
-13.0
10.0
-12.0
23.0
14.0
-9.0
-24.0
-37.0
-52.0
-43.0
-50.0
-75.0
-82.0
-80.0
-28.0
-41.0
-30.0
-25.0
-36.0
-22.0
-35.0
-39.0
-8.0
-50.0
-22.0
-15.0
-48.0
-38.0
-20.0
-22.0
-10.0
-2.0
-22.0
-21.0
-34.0
-25.0
10.0
4.0
3.0
-17.0
-30.0
3.0
5.0
1.0
3.0
-37.0
-40.0
-53.0
-34.0
-42.0
-35.0
-13.0
7.0
-11.0
-14.0
-27.0
-19.0
2.0
22.0
51.0
37.0
39.0
53.0
49.0
54.0
57.0
45.0
47.0
20.0
15.0
41.0
44.0
36.0
18.0
12.0
21.0
25.0
45.0
45.0
48.0
49.0
73.0
92.0
92.0
85.0
128.0
162.0
155.0
96.0
58.0
31.0
58.0
93.0
106.0
132.0
114.0
131.0
125.0
103.0
97.0
96.0
83.0
115.0
124.0
102.0
139.0
118.0
133.0
105.0
97.0
106.0
102.0
92.0
50.0
13.0
-11.0
-1.0
-21.0
-25.0
4.0
2.0
23.0
8.0
59.0
50.0
34.0
44.0
31.0
35.0
45.0
58.0
35.0
82.0
77.0
112.0
117.0
127.0
156.0
156.0
177.0
171.0
174.0
164.0
146.0
143.0
140.0
110.0
118.0
105.0
71.0
49.0
34.0
20.0
27.0
36.0
25.0
21.0
-7.0
-25.0
-43.0
-65.0
-49.0
-56.0
-43.0
-67.0
-110.0
-89.0
-78.0
-61.0
-43.0
-53.0
-62.0
-89.0
-109.0
-109.0
-82.0
-93.0
-97.0
-117.0
-119.0
-114.0
-144.0
-111.0
-102.0
-104.0
-110.0
-120.0
-125.0
-127.0
-152.0
-149.0
-162.0
-156.0
-118.0
-140.0
-105.0
-90.0
-89.0
-74.0
-72.0
-64.0
-55.0
-80.0
-83.0
-60.0
-87.0
-88.0
-85.0
-83.0
-72.0
-64.0
-55.0
-45.0
-21.0
-19.0
-26.0
-22.0
22.0
-1.0
3.0
10.0
-13.0
-28.0
-33.0
-32.0
-44.0
-49.0
-45.0
-16.0
-32.0
-30.0
0.0
-4.0
15.0
18.0
44.0
51.0
14.0
64.0
56.0
48.0
54.0
41.0
56.0
72.0
51.0
60.0
68.0
100.0
142.0
109.0
113.0
108.0
103.0
137.0
109.0
137.0
136.0
97.0
87.0
83.0
93.0
108.0
105.0
125.0
160.0
167.0
181.0
197.0
186.0
199.0
234.0
268.0
309.0
334.0
346.0
335.0
308.0
316.0
272.0
258.0
250.0
223.0
260.0
273.0
213.0
227.0
193.0
190.0
186.0
147.0
133.0
129.0
120.0
53.0
79.0
93.0
119.0
178.0
177.0
177.0
201.0
189.0
146.0
155.0
135.0
91.0
105.0
109.0
95.0
118.0
115.0
99.0
104.0
82.0
112.0
111.0
124.0
156.0
137.0
135.0
142.0
86.0
98.0
71.0
80.0
103.0
107.0
117.0
126.0
121.0
142.0
137.0
167.0
153.0
149.0
133.0
169.0
180.0
194.0
160.0
171.0
171.0
135.0
147.0
193.0
154.0
161.0
154.0
169.0
178.0
185.0
176.0
157.0
162.0
183.0
192.0
167.0
175.0
130.0
185.0
225.0
169.0
183.0
185.0
199.0
204.0
209.0
202.0
178.0
177.0
162.0
149.0
168.0
161.0
154.0
162.0
174.0
192.0
200.0
204.0
190.0
214.0
201.0
187.0
168.0
158.0
152.0
184.0
161.0
188.0
165.0
162.0
165.0
129.0
147.0
171.0
166.0
191.0
185.0
178.0
200.0
233.0
230.0
231.0
188.0
216.0
205.0
192.0
211.0
225.0
227.0
250.0
231.0
237.0
215.0
186.0
190.0
197.0
200.0
195.0
159.0
186.0
192.0
198.0
213.0
198.0
208.0
187.0
158.0
145.0
148.0
148.0
113.0
99.0
115.0
94.0
107.0
114.0
101.0
76.0
71.0
48.0
72.0
83.0
96.0
109.0
139.0
110.0
136.0
112.0
104.0
100.0
92.0
134.0
118.0
91.0
112.0
64.0
64.0
45.0
45.0
46.0
33.0
49.0
64.0
41.0
63.0
69.0
63.0
49.0
31.0
12.0
25.0
-18.0
-18.0
-10.0
-18.0
-1.0
-4.0
4.0
19.0
-7.0
12.0
34.0
19.0
13.0
3.0
-12.0
-32.0
-51.0
-45.0
-54.0
-32.0
-49.0
-61.0
-75.0
-47.0
-37.0
-39.0
-57.0
-44.0
-30.0
-61.0
-43.0
-35.0
-68.0
-88.0
-45.0
-56.0
-61.0
-77.0
-72.0
-45.0
-44.0
-64.0
-54.0
-82.0
-85.0
-90.0
-78.0
-42.0
-22.0
-23.0
-17.0
-75.0
-23.0
-33.0
-56.0
-72.0
-125.0
-110.0
-79.0
-99.0
-107.0
-130.0
-122.0
-114.0
-134.0
-114.0
-118.0
-130.0
-90.0
-76.0
-88.0
-40.0
-73.0
-62.0
-49.0
-57.0
-49.0
-76.0
-56.0
-53.0
-84.0
-101.0
-121.0
-168.0
-171.0
-153.0
-125.0
-111.0
-142.0
-137.0
-100.0
-115.0
-126.0
-118.0
-137.0
-117.0
-117.0
-112.0
-110.0
-120.0
-94.0
-90.0
-112.0
-63.0
-73.0
-82.0
-101.0
-126.0
-140.0
-133.0
-152.0
-169.0
-186.0
-154.0
-129.0
-117.0
-140.0
-144.0
-128.0
-104.0
-120.0
-143.0
-165.0
-147.0
-149.0
-143.0
-136.0
-128.0
-147.0
-142.0
-146.0
-103.0
-110.0
-118.0
-109.0
-100.0
-134.0
-150.0
-154.0
-169.0
-166.0
-163.0
-181.0
-189.0
-212.0
-220.0
-192.0
-155.0
-124.0
-143.0
-172.0
-150.0
-156.0
-140.0
-143.0
-166.0
-155.0
-155.0
-138.0
-157.0
-180.0
-193.0
-172.0
-171.0
-168.0
-165.0
-182.0
-171.0
-197.0
-209.0
-222.0
-258.0
-239.0
-266.0
-281.0
-290.0
-318.0
-294.0
-310.0
-273.0
-253.0
-222.0
-212.0
-212.0
-218.0
-196.0
-202.0
-183.0
-156.0
-183.0
-186.0
-185.0
-187.0
-165.0
-177.0
-194.0
-152.0
-156.0
-168.0
-148.0
-164.0
-160.0
-138.0
-173.0
-176.0
-194.0
-212.0
-204.0
-219.0
-215.0
-218.0
-235.0
-204.0
-198.0
-201.0
-195.0
-197.0
-200.0
-150.0
-155.0
-178.0
-201.0
-209.0
-229.0
-234.0
-232.0
-247.0
-263.0
-224.0
-231.0
-229.0
-202.0
-204.0
-192.0
-180.0
-205.0
-183.0
-197.0
-204.0
-195.0
-189.0
-185.0
-183.0
-178.0
-160.0
-158.0
-187.0
-185.0
-175.0
-176.0
-175.0
-162.0
-148.0
-169.0
-185.0
-165.0
-193.0
-145.0
-160.0
-151.0
-146.0
-155.0
-142.0
-150.0
-165.0
-154.0
-160.0
-176.0
-140.0
-144.0
-135.0
-134.0
-139.0
-157.0
-174.0
-187.0
-204.0
-188.0
-196.0
-200.0
-200.0
-196.0
-209.0
-193.0
-207.0
-231.0
-214.0
-177.0
-187.0
-141.0
-136.0
-149.0
-165.0
-164.0
-178.0
-168.0
-168.0
-154.0
-164.0
-161.0
-165.0
-175.0
-142.0
-123.0
-140.0
-135.0
-146.0
-159.0
-140.0
-154.0
-125.0
-110.0
-120.0
-113.0
-134.0
-124.0
-110.0
-103.0
-99.0
-114.0
-141.0
-135.0
-149.0
-152.0
-139.0
-146.0
-145.0
-115.0
-102.0
-106.0
-130.0
-146.0
-153.0
-168.0
-165.0
-179.0
-158.0
-149.0
-155.0
-180.0
-176.0
-159.0
-166.0
-165.0
-178.0
-160.0
-131.0
-158.0
-131.0
-137.0
-149.0
-147.0
-156.0
-156.0
-190.0
-211.0
-192.0
-198.0
-171.0
-171.0
-197.0
-164.0
-164.0
-166.0
-157.0
-193.0
-206.0
-184.0
-197.0
-178.0
-181.0
-156.0
-155.0
-167.0
-144.0
-138.0
-153.0
-158.0
-145.0
-167.0
-145.0
-155.0
-149.0
-145.0
-157.0
-124.0
-107.0
-80.0
-64.0
-51.0
-62.0
-46.0
-70.0
-109.0
-135.0
-165.0
-144.0
-134.0
-83.0
-63.0
-56.0
-27.0
-20.0
-34.0
-33.0
-84.0
-95.0
-108.0
-106.0
-79.0
-52.0
-25.0
7.0
-10.0
-1.0
6.0
4.0
29.0
29.0
44.0
38.0
43.0
26.0
21.0
-17.0
-18.0
-16.0
-7.0
3.0
-2.0
26.0
40.0
34.0
70.0
53.0
21.0
30.0
24.0
32.0
40.0
29.0
-7.0
-37.0
-66.0
-59.0
-54.0
-61.0
-43.0
-6.0
3.0
12.0
-2.0
6.0
-47.0
-41.0
-54.0
-48.0
-30.0
0.0
25.0
46.0
27.0
42.0
39.0
35.0
56.0
33.0
21.0
15.0
15.0
7.0
32.0
29.0
30.0
29.0
46.0
79.0
63.0
12.0
-17.0
-22.0
-8.0
-20.0
18.0
32.0
19.0
20.0
30.0
15.0
42.0
26.0
19.0
6.0
18.0
27.0
23.0
22.0
23.0
15.0
8.0
26.0
10.0
24.0
56.0
67.0
73.0
41.0
22.0
8.0
-10.0
-11.0
-3.0
-20.0
13.0
17.0
18.0
45.0
13.0
27.0
21.0
-8.0
21.0
17.0
-7.0
-10.0
16.0
-3.0
-6.0
-12.0
-16.0
-60.0
-37.0
-20.0
-41.0
-29.0
5.0
40.0
73.0
41.0
41.0
25.0
-6.0
-6.0
1.0
-20.0
-7.0
-8.0
-29.0
18.0
32.0
41.0
38.0
22.0
-5.0
-52.0
-29.0
-1.0
-26.0
-30.0
-18.0
-35.0
-65.0
-83.0
-73.0
-25.0
-27.0
-16.0
-2.0
-11.0
6.0
-7.0
-22.0
-32.0
-45.0
-32.0
-34.0
-25.0
-24.0
-53.0
-73.0
-63.0
-44.0
-32.0
-4.0
20.0
30.0
4.0
-16.0
32.0
30.0
44.0
15.0
-5.0
-8.0
8.0
13.0
25.0
10.0
27.0
45.0
39.0
34.0
31.0
51.0
36.0
28.0
29.0
33.0
25.0
18.0
15.0
21.0
55.0
1.0
34.0
45.0
26.0
26.0
29.0
-214.0
-308.0
-303.0
-287.0
-262.0
-265.0
-250.0
-244.0
-256.0
-249.0
-254.0
-256.0
-235.0
-233.0
-214.0
-202.0
-201.0
-194.0
-197.0
-181.0
-173.0
-178.0
-185.0
-242.0
-202.0
-184.0
-194.0
-194.0
-191.0
-206.0
-166.0
-146.0
-154.0
-142.0
-131.0
-127.0
-112.0
-112.0
-100.0
-97.0
-91.0
-59.0
-116.0
-118.0
-122.0
-163.0
-159.0
-172.0
-166.0
-168.0
-155.0
-145.0
-101.0
-123.0
-106.0
-104.0
-112.0
-62.0
-97.0
-98.0
-92.0
-99.0
-62.0
-77.0
-100.0
-100.0
-106.0
-84.0
-92.0
-101.0
-103.0
-99.0
-99.0
-89.0
-30.0
-30.0
-4.0
-4.0
-10.0
-32.0
-38.0
-27.0
-44.0
-34.0
-41.0
-34.0
-21.0
-48.0
-78.0
-53.0
-85.0
-33.0
-20.0
-8.0
12.0
-6.0
-7.0
1.0
6.0
-11.0
-6.0
-3.0
-2.0
11.0
-12.0
37.0
0.0
-3.0
-2.0
0.0
9.0
-5.0
-16.0
-36.0
-49.0
-37.0
-23.0
-37.0
-23.0
-18.0
-6.0
10.0
13.0
20.0
52.0
91.0
84.0
81.0
62.0
64.0
63.0
39.0
13.0
44.0
67.0
19.0
13.0
49.0
63.0
77.0
46.0
33.0
43.0
24.0
17.0
-4.0
6.0
15.0
2.0
2.0
23.0
34.0
10.0
10.0
2.0
11.0
38.0
49.0
62.0
47.0
41.0
46.0
20.0
54.0
59.0
28.0
34.0
38.0
15.0
55.0
36.0
27.0
50.0
33.0
30.0
30.0
22.0
40.0
-8.0
8.0
33.0
23.0
35.0
30.0
18.0
20.0
-11.0
11.0
-13.0
-1.0
5.0
-3.0
13.0
-22.0
16.0
1.0
18.0
6.0
53.0
30.0
32.0
54.0
42.0
68.0
80.0
60.0
57.0
46.0
45.0
61.0
52.0
49.0
67.0
49.0
102.0
97.0
116.0
164.0
166.0
168.0
186.0
177.0
214.0
231.0
246.0
267.0
253.0
233.0
229.0
203.0
205.0
188.0
173.0
182.0
111.0
115.0
105.0
89.0
95.0
71.0
58.0
78.0
52.0
61.0
49.0
21.0
35.0
25.0
4.0
15.0
26.0
50.0
29.0
32.0
48.0
50.0
54.0
50.0
35.0
39.0
28.0
19.0
45.0
37.0
9.0
20.0
7.0
15.0
17.0
