4 0.102851
5 0.117014
7 0.159420
9 0.216889
11 0.282023
13 0.350098
16 0.448688
20 0.559718
23 0.623670
28 0.699695
33 0.749589
38 0.783501
45 0.815046
52 0.835517
60 0.850706
69 0.861150
79 0.867403
91 0.870323
104 0.870300
119 0.868151
135 0.864405
154 0.858720
174 0.851679
198 0.842220
223 0.831264
252 0.817379
285 0.800632
321 0.781579
362 0.758997
407 0.733287
457 0.703743
513 0.668788
575 0.627412
645 0.578446
723 0.526220
809 0.476682
905 0.433675
1011 0.397817
1130 0.368794
1261 0.347479
1407 0.332604
1570 0.320980
1750 0.312219
