4 0.744684
5 0.747870
7 0.772858
9 0.800243
11 0.820989
13 0.836204
16 0.852630
20 0.867676
23 0.876001
28 0.886563
33 0.894302
38 0.899734
45 0.904023
52 0.905735
60 0.905943
69 0.905010
79 0.903251
91 0.900474
104 0.896902
119 0.892466
135 0.887872
154 0.882870
174 0.877631
198 0.870200
223 0.860282
252 0.846165
285 0.828237
321 0.808239
362 0.785818
407 0.761736
457 0.736227
513 0.710152
575 0.684927
645 0.661709
723 0.642223
809 0.628253
905 0.620600
1011 0.619799
1130 0.626807
1261 0.641456
1407 0.661851
1570 0.685520
