4 0.079604
5 0.109139
7 0.191252
9 0.302112
11 0.419394
13 0.522353
16 0.639286
20 0.736918
23 0.782339
28 0.828866
33 0.855200
38 0.870597
45 0.882092
52 0.887055
60 0.888280
69 0.886472
79 0.882229
91 0.875455
104 0.867039
119 0.856560
135 0.844953
154 0.831389
174 0.817820
198 0.802529
223 0.787306
252 0.770059
285 0.750676
321 0.729562
362 0.705886
407 0.681113
457 0.655858
513 0.631027
575 0.608188
645 0.586690
723 0.564885
809 0.540764
905 0.513126
1011 0.485548
1130 0.459995
1261 0.437570
1407 0.419739
1570 0.407340
1750 0.399087
