4 0.119409
5 0.118914
7 0.134576
9 0.191075
11 0.278878
13 0.379830
16 0.521454
20 0.662326
23 0.734596
28 0.811606
33 0.856199
38 0.883440
45 0.906277
52 0.919734
60 0.929025
69 0.935140
79 0.938754
91 0.940280
104 0.939625
119 0.936864
135 0.932299
154 0.925341
174 0.916757
198 0.905297
223 0.892618
252 0.877606
285 0.860559
321 0.842315
362 0.822546
407 0.802564
457 0.783002
513 0.764897
575 0.749255
645 0.736388
723 0.727242
809 0.722259
905 0.721123
1011 0.723509
1130 0.729841
1261 0.739777
1407 0.751726
1570 0.764090
