4 0.488645
5 0.485589
7 0.484213
9 0.500780
11 0.531440
13 0.562728
16 0.601519
20 0.641244
23 0.664375
28 0.692386
33 0.709944
38 0.719954
45 0.725381
52 0.724349
60 0.718634
69 0.709747
79 0.699493
91 0.687741
104 0.675408
119 0.661286
135 0.647058
154 0.631675
174 0.616715
198 0.600575
223 0.584928
252 0.567937
285 0.550015
321 0.531838
362 0.511594
407 0.490273
457 0.468534
513 0.446019
575 0.422072
645 0.395548
723 0.367051
809 0.335893
905 0.300834
1011 0.264526
1130 0.231037
1261 0.203545
1407 0.181414
1570 0.163829
1750 0.152881
