4 0.639743
5 0.575788
7 0.480237
9 0.445249
11 0.431703
13 0.427198
16 0.434335
20 0.451146
23 0.464224
28 0.482936
33 0.498270
38 0.511174
45 0.526276
52 0.538613
60 0.549828
69 0.559641
79 0.568001
91 0.575828
104 0.582980
119 0.590259
135 0.596302
154 0.600802
174 0.602452
198 0.601104
223 0.597795
252 0.593187
285 0.587714
321 0.581116
362 0.572841
407 0.564303
457 0.555086
513 0.545482
575 0.537236
645 0.531690
723 0.528060
809 0.523111
905 0.518338
1011 0.516194
1130 0.516454
1261 0.515700
1407 0.510818
1570 0.497420
