4 0.499489
5 0.510979
7 0.560518
9 0.624032
11 0.686266
13 0.740836
16 0.805661
20 0.865192
23 0.894633
28 0.924929
33 0.942422
38 0.953807
45 0.964243
52 0.971054
60 0.976422
69 0.980614
79 0.983858
91 0.986529
104 0.988490
119 0.990009
135 0.991068
154 0.991819
174 0.992172
198 0.992133
223 0.991651
252 0.990679
285 0.989350
321 0.988097
362 0.987109
407 0.986029
457 0.984529
513 0.983008
575 0.981574
645 0.979839
723 0.978265
809 0.976708
905 0.975424
1011 0.974482
1130 0.973914
1261 0.973594
1407 0.973422
1570 0.973288
1750 0.973256
