4 0.734718
5 0.741045
7 0.759481
9 0.787743
11 0.818065
13 0.843970
16 0.873365
20 0.900048
23 0.914043
28 0.930423
33 0.941305
38 0.948585
45 0.954748
52 0.957931
60 0.959517
69 0.959877
79 0.959228
91 0.957557
104 0.955139
119 0.951994
135 0.948584
154 0.944707
174 0.940980
198 0.936919
223 0.933001
252 0.928786
285 0.924341
321 0.919514
362 0.913679
407 0.906997
457 0.899711
513 0.892027
575 0.884336
645 0.877079
723 0.870430
809 0.864377
905 0.858742
1011 0.853433
1130 0.847716
1261 0.840484
1407 0.831635
1570 0.822101
