4 0.574626
5 0.580872
7 0.601619
9 0.628025
11 0.653718
13 0.676568
16 0.707511
20 0.746109
23 0.772333
28 0.808310
33 0.834378
38 0.852916
45 0.870813
52 0.882332
60 0.890467
69 0.896025
79 0.899524
91 0.901674
104 0.902714
119 0.903143
135 0.903281
154 0.903564
174 0.904590
198 0.907362
223 0.911765
252 0.917454
285 0.922683
321 0.925858
362 0.927276
407 0.928085
457 0.928520
513 0.927880
575 0.926685
645 0.925856
723 0.924739
809 0.923756
905 0.923208
1011 0.923330
1130 0.923812
1261 0.924614
1407 0.926085
1570 0.928537
1750 0.931918
