4 0.730729
5 0.750369
7 0.772986
9 0.785608
11 0.793931
13 0.799864
16 0.804929
20 0.804878
23 0.801239
28 0.793286
33 0.787796
38 0.785600
45 0.785150
52 0.785779
60 0.787121
69 0.788705
79 0.790039
91 0.790480
104 0.789680
119 0.787744
135 0.785149
154 0.781734
174 0.778301
198 0.774999
223 0.772905
252 0.772210
285 0.772764
321 0.773687
362 0.774888
407 0.776386
457 0.778363
513 0.781269
575 0.785117
645 0.789670
723 0.794118
809 0.797809
905 0.800692
1011 0.803219
1130 0.805973
1261 0.809032
1407 0.812254
1570 0.815426
1750 0.818870
