4 0.858445
5 0.834511
7 0.789501
9 0.769762
11 0.764574
13 0.766964
16 0.777735
20 0.795106
23 0.807632
28 0.824606
33 0.837248
38 0.846668
45 0.855537
52 0.860970
60 0.864223
69 0.865437
79 0.864842
91 0.862552
104 0.858874
119 0.853520
135 0.846958
154 0.838783
174 0.830650
198 0.822118
223 0.814501
252 0.806738
285 0.798519
321 0.789404
362 0.778179
407 0.764764
457 0.748973
513 0.730544
575 0.709418
645 0.684558
723 0.657817
809 0.632979
905 0.612118
1011 0.595588
1130 0.583296
1261 0.576168
1407 0.576101
1570 0.586067
1750 0.606454
