4 0.603137
5 0.614529
7 0.648882
9 0.684543
11 0.714170
13 0.738045
16 0.765394
20 0.790366
23 0.803332
28 0.817756
33 0.826201
38 0.830778
45 0.833073
52 0.832428
60 0.829534
69 0.824592
79 0.817859
91 0.809407
104 0.801030
119 0.792643
135 0.784969
154 0.777064
174 0.769478
198 0.760653
223 0.751589
252 0.741328
285 0.730384
321 0.719574
362 0.708194
407 0.696627
457 0.685261
513 0.674615
575 0.665102
645 0.656589
723 0.649799
809 0.644318
905 0.639977
1011 0.637255
1130 0.635881
1261 0.638303
1407 0.644459
1570 0.650165
