4 0.695589
5 0.704294
7 0.729473
9 0.754788
11 0.775779
13 0.792755
16 0.812431
20 0.831054
23 0.841119
28 0.852816
33 0.860210
38 0.864736
45 0.867840
52 0.868429
60 0.867135
69 0.864115
79 0.859744
91 0.854047
104 0.847977
119 0.841461
135 0.835284
154 0.828982
174 0.823228
198 0.816908
223 0.810750
252 0.804050
285 0.797015
321 0.790017
362 0.782714
407 0.775658
457 0.769106
513 0.763087
575 0.757691
645 0.752655
723 0.748437
809 0.744765
905 0.741154
1011 0.736268
1130 0.731248
1261 0.727789
1407 0.723942
1570 0.718543
1750 0.711002
