4 0.336754
5 0.386377
7 0.489235
9 0.579053
11 0.646109
13 0.695764
16 0.748652
20 0.795505
23 0.820584
28 0.850439
33 0.870384
38 0.884220
45 0.897032
52 0.904987
60 0.910372
69 0.913531
79 0.914874
91 0.914676
104 0.913030
119 0.909790
135 0.905541
154 0.900043
174 0.893664
198 0.884828
223 0.873889
252 0.858749
285 0.838533
321 0.814018
362 0.785529
407 0.756201
457 0.727279
513 0.699867
575 0.676506
645 0.658720
723 0.645816
809 0.636612
905 0.630767
1011 0.626333
1130 0.621683
1261 0.616990
1407 0.612174
1570 0.608885
