4 0.576146
5 0.582141
7 0.590904
9 0.600323
11 0.610831
13 0.621498
16 0.637117
20 0.656556
23 0.668917
28 0.683974
33 0.694377
38 0.702951
45 0.712985
52 0.720407
60 0.726202
69 0.730716
79 0.734632
91 0.738426
104 0.741679
119 0.744626
135 0.747020
154 0.748684
174 0.748784
198 0.746785
223 0.742744
252 0.736422
285 0.728124
321 0.718522
362 0.707387
407 0.695086
457 0.681328
513 0.666229
575 0.650675
645 0.635493
723 0.621858
809 0.610351
905 0.600981
1011 0.593204
1130 0.585727
1261 0.578061
1407 0.568928
1570 0.557411
