4 0.626143
5 0.667580
7 0.742800
9 0.798532
11 0.836070
13 0.861751
16 0.888353
20 0.912157
23 0.924454
28 0.937846
33 0.945938
38 0.951088
45 0.955315
52 0.957493
60 0.958534
69 0.958580
79 0.957840
91 0.956354
104 0.954371
119 0.951918
135 0.949267
154 0.946144
174 0.942877
198 0.939001
223 0.935141
252 0.931035
285 0.926955
321 0.923025
362 0.918863
407 0.914585
457 0.910284
513 0.906355
575 0.903284
645 0.901030
723 0.899138
809 0.897024
905 0.894762
1011 0.892729
1130 0.890687
1261 0.888769
1407 0.886802
1570 0.884149
1750 0.880748
