4 0.632400
5 0.673236
7 0.747623
9 0.802937
11 0.840077
13 0.865365
16 0.891495
20 0.914728
23 0.926682
28 0.939780
33 0.947856
38 0.953105
45 0.957537
52 0.959918
60 0.961148
69 0.961344
79 0.960721
91 0.959355
104 0.957498
119 0.955115
135 0.952464
154 0.949298
174 0.945971
198 0.942025
223 0.938087
252 0.933892
285 0.929721
321 0.925686
362 0.921319
407 0.916716
457 0.911992
513 0.907503
575 0.903638
645 0.900476
723 0.897535
809 0.894257
905 0.890815
1011 0.887431
1130 0.884210
1261 0.881523
1407 0.878953
1570 0.875767
