4 0.679014
5 0.676878
7 0.685941
9 0.702597
11 0.721205
13 0.740574
16 0.770889
20 0.810597
23 0.836176
28 0.867301
33 0.887371
38 0.900925
45 0.913184
52 0.920524
60 0.925373
69 0.928160
79 0.929435
91 0.929692
104 0.929323
119 0.928896
135 0.928961
154 0.930054
174 0.932468
198 0.936688
223 0.941748
252 0.947207
285 0.951891
321 0.955218
362 0.957809
407 0.960260
457 0.962636
513 0.964786
575 0.966879
645 0.968855
723 0.970481
809 0.971679
905 0.972371
1011 0.972652
1130 0.972416
1261 0.971461
1407 0.969499
1570 0.966156
1750 0.961445
