4 0.541355
5 0.558527
7 0.593007
9 0.628606
11 0.662246
13 0.688612
16 0.713184
20 0.729348
23 0.736576
28 0.748516
33 0.760326
38 0.769487
45 0.778837
52 0.784475
60 0.787104
69 0.786770
79 0.783293
91 0.776250
104 0.766443
119 0.753482
135 0.738276
154 0.718977
174 0.698160
198 0.673691
223 0.649716
252 0.624309
285 0.598576
321 0.574165
362 0.550826
407 0.530173
457 0.512981
513 0.499423
575 0.489657
645 0.483775
723 0.483042
809 0.488046
905 0.495325
1011 0.502775
1130 0.508048
1261 0.507317
1407 0.498716
1570 0.481839
1750 0.457353
