4 0.989941
5 0.984475
7 0.968052
9 0.948834
11 0.927120
13 0.903855
16 0.873097
20 0.844091
23 0.833413
28 0.831276
33 0.839945
38 0.852626
45 0.870332
52 0.884936
60 0.897507
69 0.907341
79 0.914397
91 0.919352
104 0.922021
119 0.923191
135 0.923136
154 0.922054
174 0.920163
198 0.917414
223 0.914383
252 0.910812
285 0.906980
321 0.903224
362 0.899425
407 0.895786
457 0.891790
513 0.887201
575 0.882041
645 0.875852
723 0.868440
809 0.859995
905 0.851219
1011 0.842822
1130 0.833862
1261 0.823097
1407 0.810954
1570 0.797858
