4 0.543135
5 0.531624
7 0.523779
9 0.525791
11 0.531681
13 0.538603
16 0.549053
20 0.565051
23 0.580597
28 0.610959
33 0.637650
38 0.657517
45 0.678976
52 0.694180
60 0.704593
69 0.710006
79 0.710320
91 0.706294
104 0.699552
119 0.691660
135 0.684514
154 0.677512
174 0.671225
198 0.664726
223 0.658179
252 0.650904
285 0.644152
321 0.638794
362 0.634645
407 0.631197
457 0.626878
513 0.621313
575 0.614736
645 0.608417
723 0.602654
809 0.594332
905 0.581808
1011 0.567264
1130 0.553558
1261 0.542524
1407 0.534024
1570 0.524321
1750 0.512597
