4 0.537486
5 0.569329
7 0.624001
9 0.667058
11 0.699538
13 0.724171
16 0.751506
20 0.778538
23 0.795008
28 0.816806
33 0.832267
38 0.843335
45 0.854389
52 0.861308
60 0.865473
69 0.866588
79 0.864791
91 0.860061
104 0.852839
119 0.842437
135 0.829607
154 0.812978
174 0.794337
198 0.771187
223 0.746970
252 0.719232
285 0.688490
321 0.655963
362 0.619992
407 0.582043
457 0.542270
513 0.501513
575 0.462321
645 0.425896
723 0.393590
809 0.366325
905 0.345253
1011 0.331996
1130 0.326565
1261 0.330072
1407 0.342349
1570 0.361461
1750 0.384802
