4 0.569569
5 0.591647
7 0.624111
9 0.649630
11 0.670385
13 0.687730
16 0.709931
20 0.735491
23 0.752329
28 0.776719
33 0.796819
38 0.812943
45 0.829997
52 0.842463
60 0.853272
69 0.862769
79 0.871194
91 0.879257
104 0.886374
119 0.893369
135 0.899981
154 0.906946
174 0.913336
198 0.919782
223 0.925096
252 0.929730
285 0.933532
321 0.936394
362 0.938603
407 0.940241
457 0.941222
513 0.941411
575 0.940872
645 0.940053
723 0.939871
809 0.940725
905 0.942395
1011 0.944321
1130 0.945946
1261 0.946904
1407 0.946945
1570 0.945834
