4 0.250357
5 0.288504
7 0.376622
9 0.473866
11 0.563843
13 0.635636
16 0.712748
20 0.777950
23 0.809261
28 0.841742
33 0.859899
38 0.870089
45 0.876481
52 0.877093
60 0.873685
69 0.867302
79 0.859121
91 0.849010
104 0.838192
119 0.826026
135 0.813410
154 0.798720
174 0.783069
198 0.763383
223 0.741752
252 0.716012
285 0.687222
321 0.658132
362 0.629365
407 0.602768
457 0.577000
513 0.550254
575 0.521410
645 0.490299
723 0.457698
809 0.423486
905 0.388316
1011 0.356208
1130 0.331484
1261 0.317398
1407 0.311805
1570 0.310505
1750 0.314564
