4 0.473288
5 0.474277
7 0.487004
9 0.502374
11 0.516607
13 0.529005
16 0.544800
20 0.564326
23 0.580442
28 0.612037
33 0.645228
38 0.675335
45 0.710639
52 0.737220
60 0.759404
69 0.776434
79 0.788335
91 0.795566
104 0.797872
119 0.796357
135 0.792080
154 0.785505
174 0.778508
198 0.771318
223 0.765762
252 0.761792
285 0.759825
321 0.759502
362 0.759701
407 0.759436
457 0.758758
513 0.758425
575 0.759534
645 0.762385
723 0.765909
809 0.768747
905 0.769859
1011 0.768370
1130 0.764146
1261 0.756595
1407 0.744466
1570 0.726810
1750 0.704760
