4 0.886376
5 0.855438
7 0.785097
9 0.729672
11 0.684362
13 0.646840
16 0.609901
20 0.586496
23 0.582520
28 0.589357
33 0.603979
38 0.620524
45 0.642864
52 0.663149
60 0.682827
69 0.700057
79 0.714452
91 0.727032
104 0.736772
119 0.744492
135 0.750070
154 0.754614
174 0.757840
198 0.759599
223 0.758538
252 0.754197
285 0.746312
321 0.734536
362 0.718955
407 0.701937
457 0.683789
513 0.664606
575 0.645372
645 0.626742
723 0.608781
809 0.592699
905 0.579054
1011 0.568486
1130 0.562082
1261 0.559124
1407 0.557254
1570 0.555320
1750 0.552640
