4 0.767871
5 0.805440
7 0.857046
9 0.888271
11 0.908020
13 0.921328
16 0.934778
20 0.946197
23 0.951889
28 0.958126
33 0.961961
38 0.964368
45 0.966253
52 0.967105
60 0.967385
69 0.967147
79 0.966372
91 0.964919
104 0.962894
119 0.960144
135 0.956830
154 0.952491
174 0.947509
198 0.941099
223 0.934183
252 0.926224
285 0.917589
321 0.908756
362 0.899361
407 0.889638
457 0.879304
513 0.867823
575 0.854798
645 0.840570
723 0.825494
809 0.810093
905 0.794436
1011 0.778789
1130 0.763440
1261 0.750603
1407 0.742464
1570 0.739352
1750 0.738868
