4 0.697004
5 0.748942
7 0.817278
9 0.856973
11 0.881322
13 0.897299
16 0.912943
20 0.925655
23 0.931801
28 0.938410
33 0.942390
38 0.944847
45 0.946708
52 0.947442
60 0.947473
69 0.946823
79 0.945423
91 0.943003
104 0.939716
119 0.935317
135 0.930076
154 0.923270
174 0.915503
198 0.905529
223 0.894698
252 0.882039
285 0.867986
321 0.853350
362 0.837700
407 0.821552
457 0.804639
513 0.786348
575 0.766302
645 0.745208
723 0.723435
809 0.701599
905 0.679839
1011 0.658744
1130 0.639620
1261 0.626542
1407 0.622323
1570 0.625478
1750 0.631211
