4 0.568870
5 0.571966
7 0.599247
9 0.633599
11 0.662236
13 0.684425
16 0.710347
20 0.739143
23 0.758341
28 0.783189
33 0.799661
38 0.810957
45 0.819977
52 0.823444
60 0.823315
69 0.819882
79 0.813642
91 0.803909
104 0.791440
119 0.775450
135 0.757268
154 0.734947
174 0.711612
198 0.685127
223 0.660107
252 0.634156
285 0.608436
321 0.585140
362 0.565150
407 0.551752
457 0.545918
513 0.549330
575 0.561985
645 0.581570
723 0.603544
809 0.623960
905 0.642114
1011 0.657069
1130 0.668413
1261 0.675724
1407 0.679252
1570 0.679203
