4 0.413679
5 0.460447
7 0.536726
9 0.592146
11 0.631903
13 0.661374
16 0.694334
20 0.728460
23 0.750597
28 0.781816
33 0.805419
38 0.822714
45 0.839734
52 0.850500
60 0.857478
69 0.860852
79 0.861126
91 0.858723
104 0.854282
119 0.847649
135 0.839289
154 0.827930
174 0.814310
198 0.795692
223 0.774453
252 0.749143
285 0.721242
321 0.692876
362 0.663391
407 0.634800
457 0.608598
513 0.585536
575 0.566427
645 0.552405
723 0.544321
809 0.541810
905 0.544506
1011 0.551659
1130 0.561980
1261 0.574234
1407 0.588905
1570 0.607268
1750 0.627382
