4 0.524652
5 0.525616
7 0.545840
9 0.575874
11 0.606788
13 0.633621
16 0.663446
20 0.686733
23 0.694707
28 0.696259
33 0.691475
38 0.685597
45 0.677056
52 0.668015
60 0.657144
69 0.644499
79 0.630899
91 0.615429
104 0.599630
119 0.582657
135 0.566431
154 0.549850
174 0.534926
198 0.518996
223 0.503211
252 0.485585
285 0.466802
321 0.447571
362 0.427496
407 0.409846
457 0.396329
513 0.387807
575 0.384442
645 0.385193
723 0.389012
809 0.395931
905 0.406089
1011 0.418056
1130 0.430173
1261 0.439706
1407 0.446004
1570 0.450928
