4 0.477724
5 0.480009
7 0.510526
9 0.556229
11 0.601159
13 0.636311
16 0.669113
20 0.690622
23 0.700866
28 0.721559
33 0.750353
38 0.779058
45 0.813247
52 0.841657
60 0.866214
69 0.885513
79 0.899881
91 0.910447
104 0.916621
119 0.919356
135 0.918633
154 0.914191
174 0.906806
198 0.896840
223 0.887968
252 0.880955
285 0.875574
321 0.871356
362 0.869264
407 0.869471
457 0.871022
513 0.874193
575 0.878951
645 0.885501
723 0.893516
809 0.902149
905 0.910668
1011 0.918335
1130 0.924848
1261 0.929784
1407 0.933444
1570 0.936213
