4 0.890126
5 0.891369
7 0.896471
9 0.903230
11 0.910708
13 0.918547
16 0.930325
20 0.944549
23 0.953241
28 0.963918
33 0.971120
38 0.976123
45 0.980799
52 0.983797
60 0.986001
69 0.987566
79 0.988622
91 0.989260
104 0.989386
119 0.988965
135 0.987950
154 0.986045
174 0.983256
198 0.979089
223 0.974336
252 0.968695
285 0.961851
321 0.953868
362 0.945048
407 0.935922
457 0.926224
513 0.916294
575 0.906445
645 0.896709
723 0.887741
809 0.880580
905 0.874972
1011 0.869646
1130 0.863956
1261 0.858571
1407 0.853819
1570 0.850381
