4 0.131007
5 0.125770
7 0.126059
9 0.132738
11 0.146553
13 0.168848
16 0.217106
20 0.304451
23 0.379415
28 0.491480
33 0.571181
38 0.629926
45 0.689342
52 0.728126
60 0.758200
69 0.779610
79 0.793704
91 0.801793
104 0.804373
119 0.803461
135 0.800558
154 0.795526
174 0.788333
198 0.778015
223 0.766921
252 0.753529
285 0.736951
321 0.716543
362 0.691222
407 0.662782
457 0.630614
513 0.593406
575 0.552919
645 0.510639
723 0.468793
809 0.425330
905 0.382241
1011 0.344532
1130 0.314167
1261 0.292798
1407 0.279320
1570 0.270797
