4 0.386993
5 0.401250
7 0.426994
9 0.441270
11 0.449444
13 0.456483
16 0.466349
20 0.477536
23 0.483800
28 0.491089
33 0.496277
38 0.499491
45 0.499967
52 0.496128
60 0.488514
69 0.478126
79 0.465466
91 0.449071
104 0.430393
119 0.409431
135 0.388302
154 0.364380
174 0.340595
198 0.315021
223 0.292560
252 0.271804
285 0.253821
321 0.239040
362 0.226643
407 0.217121
457 0.209076
513 0.203488
575 0.199939
645 0.198444
723 0.198942
809 0.201425
905 0.206176
1011 0.213637
1130 0.225030
1261 0.239096
1407 0.254085
1570 0.266553
