4 0.218853
5 0.257295
7 0.324362
9 0.371747
11 0.401921
13 0.421800
16 0.441154
20 0.457021
23 0.464607
28 0.471725
33 0.474525
38 0.474270
45 0.469883
52 0.462154
60 0.450731
69 0.435878
79 0.417626
91 0.394229
104 0.369176
119 0.343234
135 0.319553
154 0.295224
174 0.272480
198 0.248219
223 0.226183
252 0.204330
285 0.183746
321 0.165891
362 0.150200
407 0.136169
457 0.121773
513 0.106659
575 0.091865
645 0.078431
723 0.066513
809 0.056012
905 0.047232
1011 0.040974
1130 0.038080
1261 0.038169
1407 0.040349
1570 0.043022
