4 0.461986
5 0.478702
7 0.507286
9 0.529625
11 0.547192
13 0.561680
16 0.580708
20 0.605303
23 0.624181
28 0.654522
33 0.679837
38 0.699392
45 0.720048
52 0.734320
60 0.744905
69 0.752447
79 0.757332
91 0.760517
104 0.762268
119 0.763553
135 0.765000
154 0.767102
174 0.769477
198 0.772092
223 0.774112
252 0.775000
285 0.774073
321 0.771357
362 0.766916
407 0.761249
457 0.754341
513 0.746093
575 0.736716
645 0.725885
723 0.714451
809 0.702820
905 0.691144
1011 0.680346
1130 0.671349
1261 0.665456
1407 0.662265
1570 0.660671
1750 0.661217
