4 0.356424
5 0.424991
7 0.554952
9 0.657461
11 0.727611
13 0.771448
16 0.806928
20 0.825404
23 0.829123
28 0.830272
33 0.832869
38 0.836629
45 0.841510
52 0.846217
60 0.850286
69 0.853031
79 0.854522
91 0.854817
104 0.854052
119 0.852278
135 0.849783
154 0.846200
174 0.841547
198 0.834546
223 0.825846
252 0.814906
285 0.802753
321 0.790840
362 0.778922
407 0.767282
457 0.755695
513 0.744110
575 0.732086
645 0.718777
723 0.704408
809 0.689139
905 0.672982
1011 0.657756
1130 0.643496
1261 0.631022
1407 0.621496
1570 0.615500
1750 0.613635
