4 0.274612
5 0.293790
7 0.344355
9 0.403352
11 0.460942
13 0.512325
16 0.579382
20 0.654211
23 0.698630
28 0.754378
33 0.792202
38 0.818158
45 0.842220
52 0.857671
60 0.869340
69 0.877973
79 0.884114
91 0.888403
104 0.890634
119 0.891284
135 0.890613
154 0.888766
174 0.885986
198 0.881655
223 0.876086
252 0.868510
285 0.859023
321 0.848333
362 0.836055
407 0.822237
457 0.805459
513 0.784418
575 0.757954
645 0.725522
723 0.689330
809 0.651460
905 0.612571
1011 0.575021
1130 0.539143
1261 0.507576
1407 0.480798
1570 0.459192
